date_time,OpenPrice,HighPrice,LowPrice,CLosePrice,Volume,ChgVolume,OpenInterest,ChgOI,Turnover,ChgTurnover,AskVolume1,BidVolume1,TradingTime
20181019 20:59,2966,2966,2966,2966,0,0.0,0,0.0,0,0.0,0,1,2018-10-19 20:59:00
20181019 21:00,2966,2966,2966,2966,0,0.0,0,0.0,0,0.0,10,10,2018-10-19 21:00:00
20181019 21:10,2966,2966,2966,2966,0,0.0,0,0.0,0,0.0,5,5,2018-10-19 21:10:00
20181019 21:20,2966,2966,2966,2966,0,0.0,0,0.0,0,0.0,6,9,2018-10-19 21:20:00
20181019 21:22,2966,2966,2966,2966,0,0.0,0,0.0,0,0.0,5,8,2018-10-19 21:22:00
20181019 21:30,2966,2966,2966,2966,0,0.0,0,0.0,0,0.0,8,5,2018-10-19 21:30:00
20181019 21:32,2966,2966,2966,2966,0,0.0,0,0.0,0,0.0,5,8,2018-10-19 21:32:00
20181019 21:40,2966,2966,2966,2966,0,0.0,0,0.0,0,0.0,8,5,2018-10-19 21:40:00
20181019 21:42,2966,2966,2966,2966,0,0.0,0,0.0,0,0.0,5,8,2018-10-19 21:42:00
20181019 21:50,2966,2966,2966,2966,0,0.0,0,0.0,0,0.0,8,5,2018-10-19 21:50:00
20181019 21:52,2966,2966,2966,2966,0,0.0,0,0.0,0,0.0,5,8,2018-10-19 21:52:00
20181019 21:56,2966,2966,2966,2966,0,0.0,0,0.0,0,0.0,8,5,2018-10-19 21:56:00
20181019 22:02,2966,2966,2966,2966,0,0.0,0,0.0,0,0.0,5,8,2018-10-19 22:02:00
20181019 22:06,2966,2966,2966,2966,0,0.0,0,0.0,0,0.0,8,5,2018-10-19 22:06:00
20181019 22:12,2966,2966,2966,2966,0,0.0,0,0.0,0,0.0,5,8,2018-10-19 22:12:00
20181019 22:16,2966,2966,2966,2966,0,0.0,0,0.0,0,0.0,8,5,2018-10-19 22:16:00
20181019 22:22,2966,2966,2966,2966,0,0.0,0,0.0,0,0.0,5,8,2018-10-19 22:22:00
20181019 22:26,2966,2966,2966,2966,0,0.0,0,0.0,0,0.0,8,5,2018-10-19 22:26:00
20181019 22:32,2966,2966,2966,2966,0,0.0,0,0.0,0,0.0,5,8,2018-10-19 22:32:00
20181019 22:36,2966,2966,2966,2966,0,0.0,0,0.0,0,0.0,4,1,2018-10-19 22:36:00
20181019 22:37,2966,2966,2966,2966,0,0.0,0,0.0,0,0.0,25,22,2018-10-19 22:37:00
20181019 22:43,2966,2966,2966,2966,0,0.0,0,0.0,0,0.0,5,4,2018-10-19 22:43:00
20181019 22:44,2966,2966,2966,2966,0,0.0,0,0.0,0,0.0,4,4,2018-10-19 22:44:00
20181019 22:46,2966,2966,2966,2966,0,0.0,0,0.0,0,0.0,5,4,2018-10-19 22:46:00
20181019 22:47,2966,2966,2966,2966,0,0.0,0,0.0,0,0.0,17,17,2018-10-19 22:47:00
20181019 22:50,2966,2966,2966,2966,0,0.0,0,0.0,0,0.0,8,5,2018-10-19 22:50:00
20181019 22:57,2966,2966,2966,2966,0,0.0,0,0.0,0,0.0,5,8,2018-10-19 22:57:00
20181019 22:59,2966,2966,2966,2966,0,0.0,0,0.0,0,0.0,5,8,2018-10-19 22:59:00
20181019 23:00,2966,2966,2966,2966,0,0.0,0,0.0,0,0.0,8,5,2018-10-19 23:00:00
20181019 23:02,2966,2966,2966,2966,0,0.0,0,0.0,0,0.0,4,5,2018-10-19 23:02:00
20181019 23:03,2966,2966,2966,2966,0,0.0,0,0.0,0,0.0,4,4,2018-10-19 23:03:00
20181019 23:04,2966,2966,2966,2966,0,0.0,0,0.0,0,0.0,12,10,2018-10-19 23:04:00
20181019 23:06,2966,2966,2966,2966,0,0.0,0,0.0,0,0.0,8,5,2018-10-19 23:06:00
20181019 23:07,2966,2966,2966,2966,0,0.0,0,0.0,0,0.0,5,4,2018-10-19 23:07:00
20181019 23:08,2966,2966,2966,2966,0,0.0,0,0.0,0,0.0,5,5,2018-10-19 23:08:00
20181019 23:09,2966,2966,2966,2966,0,0.0,0,0.0,0,0.0,5,10,2018-10-19 23:09:00
20181019 23:11,2966,2966,2966,2966,0,0.0,0,0.0,0,0.0,5,5,2018-10-19 23:11:00
20181019 23:16,2966,2966,2966,2966,0,0.0,0,0.0,0,0.0,10,5,2018-10-19 23:16:00
20181019 23:17,2966,2966,2966,2966,0,0.0,0,0.0,0,0.0,5,5,2018-10-19 23:17:00
20181019 23:19,2966,2966,2966,2966,0,0.0,0,0.0,0,0.0,5,10,2018-10-19 23:19:00
20181019 23:22,2966,2966,2966,2966,0,0.0,0,0.0,0,0.0,5,5,2018-10-19 23:22:00
20181019 23:26,2966,2966,2966,2966,0,0.0,0,0.0,0,0.0,10,5,2018-10-19 23:26:00
20181019 23:27,2966,2966,2966,2966,0,0.0,0,0.0,0,0.0,5,5,2018-10-19 23:27:00
20181019 23:29,2966,2966,2966,2966,0,0.0,0,0.0,0,0.0,15,20,2018-10-19 23:29:00
20181022 09:00,2966,2966,2966,2966,0,0.0,0,0.0,0,0.0,38,47,2018-10-22 09:00:00
20181022 09:02,2966,2966,2966,2966,0,0.0,0,0.0,0,0.0,9,8,2018-10-22 09:02:00
20181022 09:05,2966,2966,2966,2966,0,0.0,0,0.0,0,0.0,8,5,2018-10-22 09:05:00
20181022 09:10,2966,2966,2966,2966,0,0.0,0,0.0,0,0.0,15,16,2018-10-22 09:10:00
20181022 09:11,2966,2966,2966,2966,0,0.0,0,0.0,0,0.0,4,4,2018-10-22 09:11:00
20181022 09:15,2966,2966,2966,2966,0,0.0,0,0.0,0,0.0,8,5,2018-10-22 09:15:00
20181022 09:17,2966,2966,2966,2966,0,0.0,0,0.0,0,0.0,12,10,2018-10-22 09:17:00
20181022 09:21,2966,2966,2966,2966,0,0.0,0,0.0,0,0.0,10,12,2018-10-22 09:21:00
20181022 09:22,2966,2966,2966,2966,0,0.0,0,0.0,0,0.0,9,12,2018-10-22 09:22:00
20181022 09:23,2966,2966,2966,2966,0,0.0,0,0.0,0,0.0,4,5,2018-10-22 09:23:00
20181022 09:24,2966,2966,2966,2966,0,0.0,0,0.0,0,0.0,4,4,2018-10-22 09:24:00
20181022 09:25,2966,2966,2966,2966,0,0.0,0,0.0,0,0.0,5,4,2018-10-22 09:25:00
20181022 09:26,2966,2966,2966,2966,0,0.0,0,0.0,0,0.0,4,4,2018-10-22 09:26:00
20181022 09:27,2966,2966,2966,2966,0,0.0,0,0.0,0,0.0,16,14,2018-10-22 09:27:00
20181022 09:28,2966,2966,2966,2966,0,0.0,0,0.0,0,0.0,24,19,2018-10-22 09:28:00
20181022 09:30,2966,2966,2966,2966,0,0.0,0,0.0,0,0.0,8,9,2018-10-22 09:30:00
20181022 09:32,2966,2966,2966,2966,0,0.0,0,0.0,0,0.0,9,15,2018-10-22 09:32:00
20181022 09:36,2966,2966,2966,2966,0,0.0,0,0.0,0,0.0,8,5,2018-10-22 09:36:00
20181022 09:41,2966,2966,2966,2966,0,0.0,0,0.0,0,0.0,23,24,2018-10-22 09:41:00
20181022 09:42,2966,2966,2966,2966,0,0.0,0,0.0,0,0.0,18,16,2018-10-22 09:42:00
20181022 09:43,2966,2966,2966,2966,0,0.0,0,0.0,0,0.0,9,8,2018-10-22 09:43:00
20181022 09:46,2966,2966,2966,2966,0,0.0,0,0.0,0,0.0,8,5,2018-10-22 09:46:00
20181022 09:49,2966,2966,2966,2966,0,0.0,0,0.0,0,0.0,8,5,2018-10-22 09:49:00
20181022 09:50,2966,2966,2966,2966,0,0.0,0,0.0,0,0.0,10,16,2018-10-22 09:50:00
20181022 09:59,2966,2966,2966,2966,0,0.0,0,0.0,0,0.0,4,1,2018-10-22 09:59:00
20181022 10:00,2966,2966,2966,2966,0,0.0,0,0.0,0,0.0,9,12,2018-10-22 10:00:00
20181022 10:01,2966,2966,2966,2966,0,0.0,0,0.0,0,0.0,16,14,2018-10-22 10:01:00
20181022 10:04,2966,2966,2966,2966,0,0.0,0,0.0,0,0.0,4,5,2018-10-22 10:04:00
20181022 10:06,2966,2966,2966,2966,0,0.0,0,0.0,0,0.0,16,18,2018-10-22 10:06:00
20181022 10:07,2966,2966,2966,2966,0,0.0,0,0.0,0,0.0,8,5,2018-10-22 10:07:00
20181022 10:10,2966,2966,2966,2966,0,0.0,0,0.0,0,0.0,5,8,2018-10-22 10:10:00
20181022 10:11,2966,2966,2966,2966,0,0.0,0,0.0,0,0.0,10,12,2018-10-22 10:11:00
20181022 10:12,2966,2966,2966,2966,0,0.0,0,0.0,0,0.0,4,4,2018-10-22 10:12:00
20181022 10:13,2966,2966,2966,2966,0,0.0,0,0.0,0,0.0,5,8,2018-10-22 10:13:00
20181022 10:14,2966,2966,2966,2966,0,0.0,0,0.0,0,0.0,1,1,2018-10-22 10:14:00
20181022 10:30,2966,2966,2966,2966,0,0.0,0,0.0,0,0.0,4,4,2018-10-22 10:30:00
20181022 10:31,2966,2966,2966,2966,0,0.0,0,0.0,0,0.0,5,8,2018-10-22 10:31:00
20181022 10:33,2966,2966,2966,2966,0,0.0,0,0.0,0,0.0,4,5,2018-10-22 10:33:00
20181022 10:34,2966,2966,2966,2966,0,0.0,0,0.0,0,0.0,12,9,2018-10-22 10:34:00
20181022 10:35,2966,2966,2966,2966,0,0.0,0,0.0,0,0.0,8,5,2018-10-22 10:35:00
20181022 10:41,2966,2966,2966,2966,0,0.0,0,0.0,0,0.0,5,8,2018-10-22 10:41:00
20181022 10:42,2966,2966,2966,2966,0,0.0,0,0.0,0,0.0,5,8,2018-10-22 10:42:00
20181022 10:43,2966,2966,2966,2966,0,0.0,0,0.0,0,0.0,8,5,2018-10-22 10:43:00
20181022 10:51,2966,2966,2966,2966,0,0.0,0,0.0,0,0.0,4,5,2018-10-22 10:51:00
20181022 10:52,2966,2966,2966,2966,0,0.0,0,0.0,0,0.0,18,23,2018-10-22 10:52:00
20181022 10:56,2966,2966,2966,2966,0,0.0,0,0.0,0,0.0,4,5,2018-10-22 10:56:00
20181022 11:02,2966,2966,2966,2966,0,0.0,0,0.0,0,0.0,26,27,2018-10-22 11:02:00
20181022 11:07,2966,2966,2966,2966,0,0.0,0,0.0,0,0.0,5,5,2018-10-22 11:07:00
20181022 11:12,2966,2966,2966,2966,0,0.0,0,0.0,0,0.0,15,13,2018-10-22 11:12:00
20181022 11:16,2966,2966,2966,2966,0,0.0,0,0.0,0,0.0,4,5,2018-10-22 11:16:00
20181022 11:17,2966,2966,2966,2966,0,0.0,0,0.0,0,0.0,5,5,2018-10-22 11:17:00
20181022 11:22,2966,2966,2966,2966,0,0.0,0,0.0,0,0.0,11,9,2018-10-22 11:22:00
20181022 11:23,2966,2966,2966,2966,0,0.0,0,0.0,0,0.0,4,4,2018-10-22 11:23:00
20181022 11:29,2966,2966,2966,2966,0,0.0,0,0.0,0,0.0,4,4,2018-10-22 11:29:00
20181022 13:30,2966,2966,2966,2966,0,0.0,0,0.0,0,0.0,12,9,2018-10-22 13:30:00
20181022 13:34,2966,2966,2966,2966,0,0.0,0,0.0,0,0.0,20,15,2018-10-22 13:34:00
20181022 13:35,2966,2966,2966,2966,0,0.0,0,0.0,0,0.0,8,9,2018-10-22 13:35:00
20181022 13:40,2966,2966,2966,2966,0,0.0,0,0.0,0,0.0,5,8,2018-10-22 13:40:00
20181022 13:41,2966,2966,2966,2966,0,0.0,0,0.0,0,0.0,10,12,2018-10-22 13:41:00
20181022 13:42,2966,2966,2966,2966,0,0.0,0,0.0,0,0.0,4,4,2018-10-22 13:42:00
20181022 13:44,2966,2966,2966,2966,0,0.0,0,0.0,0,0.0,8,5,2018-10-22 13:44:00
20181022 13:51,2966,2966,2966,2966,0,0.0,0,0.0,0,0.0,5,8,2018-10-22 13:51:00
20181022 13:52,2966,2966,2966,2966,0,0.0,0,0.0,0,0.0,5,8,2018-10-22 13:52:00
20181022 13:54,2966,2966,2966,2966,0,0.0,0,0.0,0,0.0,8,5,2018-10-22 13:54:00
20181022 13:59,2966,2966,2966,2966,0,0.0,0,0.0,0,0.0,9,10,2018-10-22 13:59:00
20181022 14:00,2966,2966,2966,2966,0,0.0,0,0.0,0,0.0,4,5,2018-10-22 14:00:00
20181022 14:04,2966,2966,2966,2966,0,0.0,0,0.0,0,0.0,8,5,2018-10-22 14:04:00
20181022 14:10,2966,2966,2966,2966,0,0.0,0,0.0,0,0.0,4,4,2018-10-22 14:10:00
20181022 14:14,2966,2966,2966,2966,0,0.0,0,0.0,0,0.0,8,5,2018-10-22 14:14:00
20181022 14:20,2966,2966,2966,2966,0,0.0,0,0.0,0,0.0,5,8,2018-10-22 14:20:00
20181022 14:24,2966,2966,2966,2966,0,0.0,0,0.0,0,0.0,8,5,2018-10-22 14:24:00
20181022 14:30,2966,2966,2966,2966,0,0.0,0,0.0,0,0.0,5,8,2018-10-22 14:30:00
20181022 14:32,2966,2966,2966,2966,0,0.0,0,0.0,0,0.0,18,16,2018-10-22 14:32:00
20181022 14:34,2966,2966,2966,2966,0,0.0,0,0.0,0,0.0,8,5,2018-10-22 14:34:00
20181022 14:40,2966,2966,2966,2966,0,0.0,0,0.0,0,0.0,5,8,2018-10-22 14:40:00
20181022 14:43,2966,2966,2966,2966,0,0.0,0,0.0,0,0.0,4,4,2018-10-22 14:43:00
20181022 14:44,2966,2966,2966,2966,0,0.0,0,0.0,0,0.0,8,5,2018-10-22 14:44:00
20181022 14:53,2966,2966,2966,2966,0,0.0,0,0.0,0,0.0,5,8,2018-10-22 14:53:00
20181022 14:54,2966,2966,2966,2966,0,0.0,0,0.0,0,0.0,8,5,2018-10-22 14:54:00
20181022 14:59,2966,2966,2966,2966,0,0.0,0,0.0,0,0.0,1,4,2018-10-22 14:59:00
20181022 15:00,2966,2966,2966,2966,0,0.0,0,0.0,0,0.0,1,4,2018-10-22 15:00:00
20181022 21:00,2966,2966,2966,2966,0,0.0,0,0.0,0,0.0,10,10,2018-10-22 21:00:00
20181022 21:05,2966,2966,2966,2966,0,0.0,0,0.0,0,0.0,14,17,2018-10-22 21:05:00
20181022 21:07,2966,2966,2966,2966,0,0.0,0,0.0,0,0.0,13,13,2018-10-22 21:07:00
20181022 21:09,2966,2966,2966,2966,0,0.0,0,0.0,0,0.0,12,10,2018-10-22 21:09:00
20181022 21:13,2966,2966,2966,2966,0,0.0,0,0.0,0,0.0,4,5,2018-10-22 21:13:00
20181022 21:14,2966,2966,2966,2966,0,0.0,0,0.0,0,0.0,8,5,2018-10-22 21:14:00
20181022 21:17,2966,2966,2966,2966,0,0.0,0,0.0,0,0.0,5,8,2018-10-22 21:17:00
20181022 21:22,2966,2966,2966,2966,0,0.0,0,0.0,0,0.0,13,13,2018-10-22 21:22:00
20181022 21:25,2966,2966,2966,2966,0,0.0,0,0.0,0,0.0,40,40,2018-10-22 21:25:00
20181022 21:26,2966,2966,2966,2966,0,0.0,0,0.0,0,0.0,38,40,2018-10-22 21:26:00
20181022 21:27,2966,2966,2966,2966,0,0.0,0,0.0,0,0.0,8,10,2018-10-22 21:27:00
20181022 21:29,2966,2966,2966,2966,0,0.0,0,0.0,0,0.0,10,8,2018-10-22 21:29:00
20181022 21:33,2966,2966,2966,2966,0,0.0,0,0.0,0,0.0,10,8,2018-10-22 21:33:00
20181022 21:35,2966,2966,2966,2966,0,0.0,0,0.0,0,0.0,10,8,2018-10-22 21:35:00
20181022 21:36,2966,2966,2966,2966,0,0.0,0,0.0,0,0.0,10,8,2018-10-22 21:36:00
20181022 21:37,2966,2966,2966,2966,0,0.0,0,0.0,0,0.0,32,40,2018-10-22 21:37:00
20181022 21:40,2966,2966,2966,2966,0,0.0,0,0.0,0,0.0,16,20,2018-10-22 21:40:00
20181022 21:41,2966,2966,2966,2966,0,0.0,0,0.0,0,0.0,8,5,2018-10-22 21:41:00
20181022 21:46,2966,2966,2966,2966,0,0.0,0,0.0,0,0.0,40,32,2018-10-22 21:46:00
20181022 21:47,2966,2966,2966,2966,0,0.0,0,0.0,0,0.0,10,8,2018-10-22 21:47:00
20181022 21:51,2966,2966,2966,2966,0,0.0,0,0.0,0,0.0,20,24,2018-10-22 21:51:00
20181022 21:52,2966,2966,2966,2966,0,0.0,0,0.0,0,0.0,18,18,2018-10-22 21:52:00
20181022 21:54,2966,2966,2966,2966,0,0.0,0,0.0,0,0.0,4,4,2018-10-22 21:54:00
20181022 21:57,2966,2966,2966,2966,0,0.0,0,0.0,0,0.0,4,4,2018-10-22 21:57:00
20181022 22:00,2966,2966,2966,2966,0,0.0,0,0.0,0,0.0,4,4,2018-10-22 22:00:00
20181022 22:04,2966,2966,2966,2966,0,0.0,0,0.0,0,0.0,16,18,2018-10-22 22:04:00
20181022 22:05,2966,2966,2966,2966,0,0.0,0,0.0,0,0.0,16,18,2018-10-22 22:05:00
20181022 22:10,2966,2966,2966,2966,0,0.0,0,0.0,0,0.0,24,20,2018-10-22 22:10:00
20181022 22:11,2966,2966,2966,2966,0,0.0,0,0.0,0,0.0,8,8,2018-10-22 22:11:00
20181022 22:16,2966,2966,2966,2966,0,0.0,0,0.0,0,0.0,4,4,2018-10-22 22:16:00
20181022 22:21,2966,2966,2966,2966,0,0.0,0,0.0,0,0.0,32,29,2018-10-22 22:21:00
20181022 22:22,2966,2966,2966,2966,0,0.0,0,0.0,0,0.0,9,10,2018-10-22 22:22:00
20181022 22:24,2966,2966,2966,2966,0,0.0,0,0.0,0,0.0,10,10,2018-10-22 22:24:00
20181022 22:26,2966,2966,2966,2966,0,0.0,0,0.0,0,0.0,8,5,2018-10-22 22:26:00
20181022 22:34,2966,2966,2966,2966,0,0.0,0,0.0,0,0.0,30,24,2018-10-22 22:34:00
20181022 22:35,2966,2966,2966,2966,0,0.0,0,0.0,0,0.0,20,16,2018-10-22 22:35:00
20181022 22:36,2966,2966,2966,2966,0,0.0,0,0.0,0,0.0,18,13,2018-10-22 22:36:00
20181022 22:38,2966,2966,2966,2966,0,0.0,0,0.0,0,0.0,8,5,2018-10-22 22:38:00
20181022 22:40,2966,2966,2966,2966,0,0.0,0,0.0,0,0.0,9,10,2018-10-22 22:40:00
20181022 22:46,2966,2966,2966,2966,0,0.0,0,0.0,0,0.0,5,10,2018-10-22 22:46:00
20181022 22:47,2966,2966,2966,2966,0,0.0,0,0.0,0,0.0,5,5,2018-10-22 22:47:00
20181022 22:48,2966,2966,2966,2966,0,0.0,0,0.0,0,0.0,15,10,2018-10-22 22:48:00
20181022 22:49,2966,2966,2966,2966,0,0.0,0,0.0,0,0.0,20,10,2018-10-22 22:49:00
20181022 22:54,2966,2966,2966,2966,0,0.0,0,0.0,0,0.0,5,5,2018-10-22 22:54:00
20181022 22:56,2966,2966,2966,2966,0,0.0,0,0.0,0,0.0,5,10,2018-10-22 22:56:00
20181022 23:00,2966,2966,2966,2966,0,0.0,0,0.0,0,0.0,8,5,2018-10-22 23:00:00
20181022 23:06,2966,2966,2966,2966,0,0.0,0,0.0,0,0.0,5,8,2018-10-22 23:06:00
20181022 23:07,2966,2966,2966,2966,0,0.0,0,0.0,0,0.0,9,10,2018-10-22 23:07:00
20181022 23:10,2966,2966,2966,2966,0,0.0,0,0.0,0,0.0,10,5,2018-10-22 23:10:00
20181022 23:16,2966,2966,2966,2966,0,0.0,0,0.0,0,0.0,5,8,2018-10-22 23:16:00
20181022 23:20,2966,2966,2966,2966,0,0.0,0,0.0,0,0.0,8,5,2018-10-22 23:20:00
20181022 23:26,2966,2966,2966,2966,0,0.0,0,0.0,0,0.0,6,8,2018-10-22 23:26:00
20181022 23:29,2966,2966,2966,2966,0,0.0,0,0.0,0,0.0,1,1,2018-10-22 23:29:00
20181023 09:00,2966,2966,2966,2966,0,0.0,0,0.0,0,0.0,8,8,2018-10-23 09:00:00
20181023 09:02,2966,2966,2966,2966,0,0.0,0,0.0,0,0.0,9,13,2018-10-23 09:02:00
20181023 09:05,2966,2966,2966,2966,0,0.0,0,0.0,0,0.0,8,9,2018-10-23 09:05:00
20181023 09:06,2966,2966,2966,2966,0,0.0,0,0.0,0,0.0,8,5,2018-10-23 09:06:00
20181023 09:12,2966,2966,2966,2966,0,0.0,0,0.0,0,0.0,5,8,2018-10-23 09:12:00
20181023 09:16,2966,2966,2966,2966,0,0.0,0,0.0,0,0.0,8,5,2018-10-23 09:16:00
20181023 09:18,2966,2966,2966,2966,0,0.0,0,0.0,0,0.0,4,5,2018-10-23 09:18:00
20181023 09:22,2966,2966,2966,2966,0,0.0,0,0.0,0,0.0,5,10,2018-10-23 09:22:00
20181023 09:26,2966,2966,2966,2966,0,0.0,0,0.0,0,0.0,8,5,2018-10-23 09:26:00
20181023 09:30,2966,2966,2966,2966,0,0.0,0,0.0,0,0.0,8,5,2018-10-23 09:30:00
20181023 09:32,2966,2966,2966,2966,0,0.0,0,0.0,0,0.0,5,8,2018-10-23 09:32:00
20181023 09:40,2966,2966,2966,2966,0,0.0,0,0.0,0,0.0,8,5,2018-10-23 09:40:00
20181023 09:42,2966,2966,2966,2966,0,0.0,0,0.0,0,0.0,5,8,2018-10-23 09:42:00
20181023 09:46,2966,2966,2966,2966,0,0.0,0,0.0,0,0.0,8,5,2018-10-23 09:46:00
20181023 09:51,2966,2966,2966,2966,0,0.0,0,0.0,0,0.0,5,4,2018-10-23 09:51:00
20181023 09:52,2966,2966,2966,2966,0,0.0,0,0.0,0,0.0,10,16,2018-10-23 09:52:00
20181023 09:56,2966,2966,2966,2966,0,0.0,0,0.0,0,0.0,8,5,2018-10-23 09:56:00
20181023 10:03,2966,2966,2966,2966,0,0.0,0,0.0,0,0.0,5,8,2018-10-23 10:03:00
20181023 10:04,2966,2966,2966,2966,0,0.0,0,0.0,0,0.0,4,4,2018-10-23 10:04:00
20181023 10:10,2966,2966,2966,2966,0,0.0,0,0.0,0,0.0,5,8,2018-10-23 10:10:00
20181023 10:14,2966,2966,2966,2966,0,0.0,0,0.0,0,0.0,1,1,2018-10-23 10:14:00
20181023 10:30,2966,2966,2966,2966,0,0.0,0,0.0,0,0.0,4,4,2018-10-23 10:30:00
20181023 10:37,2966,2966,2966,2966,0,0.0,0,0.0,0,0.0,4,4,2018-10-23 10:37:00
20181023 10:40,2966,2966,2966,2966,0,0.0,0,0.0,0,0.0,8,5,2018-10-23 10:40:00
20181023 10:47,2966,2966,2966,2966,0,0.0,0,0.0,0,0.0,5,8,2018-10-23 10:47:00
20181023 10:50,2966,2966,2966,2966,0,0.0,0,0.0,0,0.0,8,5,2018-10-23 10:50:00
20181023 10:57,2966,2966,2966,2966,0,0.0,0,0.0,0,0.0,10,12,2018-10-23 10:57:00
20181023 11:00,2966,2966,2966,2966,0,0.0,0,0.0,0,0.0,8,5,2018-10-23 11:00:00
20181023 11:07,2966,2966,2966,2966,0,0.0,0,0.0,0,0.0,5,8,2018-10-23 11:07:00
20181023 11:10,2966,2966,2966,2966,0,0.0,0,0.0,0,0.0,8,5,2018-10-23 11:10:00
20181023 11:17,2966,2966,2966,2966,0,0.0,0,0.0,0,0.0,5,8,2018-10-23 11:17:00
20181023 11:20,2966,2966,2966,2966,0,0.0,0,0.0,0,0.0,8,5,2018-10-23 11:20:00
20181023 11:27,2966,2966,2966,2966,0,0.0,0,0.0,0,0.0,5,8,2018-10-23 11:27:00
20181023 11:29,2966,2966,2966,2966,0,0.0,0,0.0,0,0.0,1,1,2018-10-23 11:29:00
20181023 13:30,2966,2966,2966,2966,0,0.0,0,0.0,0,0.0,8,5,2018-10-23 13:30:00
20181023 13:31,2966,2966,2966,2966,0,0.0,0,0.0,0,0.0,4,4,2018-10-23 13:31:00
20181023 13:38,2966,2966,2966,2966,0,0.0,0,0.0,0,0.0,1,4,2018-10-23 13:38:00
20181023 13:40,2966,2966,2966,2966,0,0.0,0,0.0,0,0.0,2,5,2018-10-23 13:40:00
20181023 13:41,2966,2966,2966,2966,0,0.0,0,0.0,0,0.0,4,4,2018-10-23 13:41:00
20181023 13:50,2966,2966,2966,2966,0,0.0,0,0.0,0,0.0,8,5,2018-10-23 13:50:00
20181023 13:51,2966,2966,2966,2966,0,0.0,0,0.0,0,0.0,13,13,2018-10-23 13:51:00
20181023 13:52,2966,2966,2966,2966,0,0.0,0,0.0,0,0.0,9,8,2018-10-23 13:52:00
20181023 13:53,2966,2966,2966,2966,0,0.0,0,0.0,0,0.0,5,4,2018-10-23 13:53:00
20181023 13:54,2966,2966,2966,2966,0,0.0,0,0.0,0,0.0,4,4,2018-10-23 13:54:00
20181023 13:58,2966,2966,2966,2966,0,0.0,0,0.0,0,0.0,8,5,2018-10-23 13:58:00
20181023 14:01,2966,2966,2966,2966,0,0.0,0,0.0,0,0.0,11,12,2018-10-23 14:01:00
20181023 14:04,2966,2966,2966,2966,0,0.0,0,0.0,0,0.0,1,4,2018-10-23 14:04:00
20181023 14:08,2966,2966,2966,2966,0,0.0,0,0.0,0,0.0,2,5,2018-10-23 14:08:00
20181023 14:11,2966,2966,2966,2966,0,0.0,0,0.0,0,0.0,4,4,2018-10-23 14:11:00
20181023 14:12,2966,2966,2966,2966,0,0.0,0,0.0,0,0.0,5,8,2018-10-23 14:12:00
20181023 14:17,2966,2966,2966,2966,0,0.0,0,0.0,0,0.0,6,8,2018-10-23 14:17:00
20181023 14:18,2966,2966,2966,2966,0,0.0,0,0.0,0,0.0,12,9,2018-10-23 14:18:00
20181023 14:20,2966,2966,2966,2966,0,0.0,0,0.0,0,0.0,1,4,2018-10-23 14:20:00
20181023 14:21,2966,2966,2966,2966,0,0.0,0,0.0,0,0.0,4,4,2018-10-23 14:21:00
20181023 14:29,2966,2966,2966,2966,0,0.0,0,0.0,0,0.0,8,5,2018-10-23 14:29:00
20181023 14:30,2966,2966,2966,2966,0,0.0,0,0.0,0,0.0,5,4,2018-10-23 14:30:00
20181023 14:31,2966,2966,2966,2966,0,0.0,0,0.0,0,0.0,12,16,2018-10-23 14:31:00
20181023 14:32,2966,2966,2966,2966,0,0.0,0,0.0,0,0.0,10,9,2018-10-23 14:32:00
20181023 14:33,2966,2966,2966,2966,0,0.0,0,0.0,0,0.0,4,4,2018-10-23 14:33:00
20181023 14:34,2966,2966,2966,2966,0,0.0,0,0.0,0,0.0,9,10,2018-10-23 14:34:00
20181023 14:35,2966,2966,2966,2966,0,0.0,0,0.0,0,0.0,4,5,2018-10-23 14:35:00
20181023 14:38,2966,2966,2966,2966,0,0.0,0,0.0,0,0.0,8,5,2018-10-23 14:38:00
20181023 14:41,2966,2966,2966,2966,0,0.0,0,0.0,0,0.0,5,8,2018-10-23 14:41:00
20181023 14:48,2966,2966,2966,2966,0,0.0,0,0.0,0,0.0,8,5,2018-10-23 14:48:00
20181023 14:51,2966,2966,2966,2966,0,0.0,0,0.0,0,0.0,5,8,2018-10-23 14:51:00
20181023 14:56,2966,2966,2966,2966,0,0.0,0,0.0,0,0.0,4,4,2018-10-23 14:56:00
20181023 14:58,2966,2966,2966,2966,0,0.0,0,0.0,0,0.0,5,4,2018-10-23 14:58:00
20181023 14:59,2966,2966,2966,2966,0,0.0,0,0.0,0,0.0,1,1,2018-10-23 14:59:00
20181023 15:00,2966,2966,2966,2966,0,0.0,0,0.0,0,0.0,1,1,2018-10-23 15:00:00
20181023 21:00,2966,2966,2966,2966,0,0.0,0,0.0,0,0.0,108,109,2018-10-23 21:00:00
20181023 21:01,2966,2966,2966,2966,0,0.0,0,0.0,0,0.0,36,42,2018-10-23 21:01:00
20181023 21:02,2966,2966,2966,2966,0,0.0,0,0.0,0,0.0,8,10,2018-10-23 21:02:00
20181023 21:03,2966,2966,2966,2966,0,0.0,0,0.0,0,0.0,4,4,2018-10-23 21:03:00
20181023 21:11,2966,2966,2966,2966,0,0.0,0,0.0,0,0.0,36,34,2018-10-23 21:11:00
20181023 21:21,2966,2966,2966,2966,0,0.0,0,0.0,0,0.0,17,17,2018-10-23 21:21:00
20181023 21:23,2966,2966,2966,2966,0,0.0,0,0.0,0,0.0,5,8,2018-10-23 21:23:00
20181023 21:24,2966,2966,2966,2966,0,0.0,0,0.0,0,0.0,4,4,2018-10-23 21:24:00
20181023 21:32,2966,2966,2966,2966,0,0.0,0,0.0,0,0.0,4,4,2018-10-23 21:32:00
20181023 21:33,2966,2966,2966,2966,0,0.0,0,0.0,0,0.0,10,12,2018-10-23 21:33:00
20181023 21:35,2966,2966,2966,2966,0,0.0,0,0.0,0,0.0,5,8,2018-10-23 21:35:00
20181023 21:42,2966,2966,2966,2966,0,0.0,0,0.0,0,0.0,12,14,2018-10-23 21:42:00
20181023 21:45,2966,2966,2966,2966,0,0.0,0,0.0,0,0.0,13,16,2018-10-23 21:45:00
20181023 21:46,2966,2966,2966,2966,0,0.0,0,0.0,0,0.0,5,8,2018-10-23 21:46:00
20181023 21:49,2966,2966,2966,2966,0,0.0,0,0.0,0,0.0,9,10,2018-10-23 21:49:00
20181023 21:52,2966,2966,2966,2966,0,0.0,0,0.0,0,0.0,10,5,2018-10-23 21:52:00
20181023 21:53,2966,2966,2966,2966,0,0.0,0,0.0,0,0.0,60,48,2018-10-23 21:53:00
20181023 21:55,2966,2966,2966,2966,0,0.0,0,0.0,0,0.0,10,8,2018-10-23 21:55:00
20181023 21:58,2966,2966,2966,2966,0,0.0,0,0.0,0,0.0,5,4,2018-10-23 21:58:00
20181023 21:59,2966,2966,2966,2966,0,0.0,0,0.0,0,0.0,4,4,2018-10-23 21:59:00
20181023 22:03,2966,2966,2966,2966,0,0.0,0,0.0,0,0.0,8,5,2018-10-23 22:03:00
20181023 22:04,2966,2966,2966,2966,0,0.0,0,0.0,0,0.0,69,68,2018-10-23 22:04:00
20181023 22:09,2966,2966,2966,2966,0,0.0,0,0.0,0,0.0,5,8,2018-10-23 22:09:00
20181023 22:10,2966,2966,2966,2966,0,0.0,0,0.0,0,0.0,9,8,2018-10-23 22:10:00
20181023 22:12,2966,2966,2966,2966,0,0.0,0,0.0,0,0.0,16,12,2018-10-23 22:12:00
20181023 22:14,2966,2966,2966,2966,0,0.0,0,0.0,0,0.0,18,10,2018-10-23 22:14:00
20181023 22:24,2966,2966,2966,2966,0,0.0,0,0.0,0,0.0,24,23,2018-10-23 22:24:00
20181023 22:25,2966,2966,2966,2966,0,0.0,0,0.0,0,0.0,9,10,2018-10-23 22:25:00
20181023 22:28,2966,2966,2966,2966,0,0.0,0,0.0,0,0.0,10,9,2018-10-23 22:28:00
20181023 22:32,2966,2966,2966,2966,0,0.0,0,0.0,0,0.0,9,10,2018-10-23 22:32:00
20181023 22:34,2966,2966,2966,2966,0,0.0,0,0.0,0,0.0,13,15,2018-10-23 22:34:00
20181023 22:36,2966,2966,2966,2966,0,0.0,0,0.0,0,0.0,9,10,2018-10-23 22:36:00
20181023 22:37,2966,2966,2966,2966,0,0.0,0,0.0,0,0.0,10,5,2018-10-23 22:37:00
20181023 22:39,2966,2966,2966,2966,0,0.0,0,0.0,0,0.0,5,5,2018-10-23 22:39:00
20181023 22:44,2966,2966,2966,2966,0,0.0,0,0.0,0,0.0,1,5,2018-10-23 22:44:00
20181023 22:45,2966,2966,2966,2966,0,0.0,0,0.0,0,0.0,4,5,2018-10-23 22:45:00
20181023 22:46,2966,2966,2966,2966,0,0.0,0,0.0,0,0.0,5,5,2018-10-23 22:46:00
20181023 22:47,2966,2966,2966,2966,0,0.0,0,0.0,0,0.0,15,10,2018-10-23 22:47:00
20181023 22:54,2966,2966,2966,2966,0,0.0,0,0.0,0,0.0,5,10,2018-10-23 22:54:00
20181023 22:56,2966,2966,2966,2966,0,0.0,0,0.0,0,0.0,5,5,2018-10-23 22:56:00
20181023 22:57,2966,2966,2966,2966,0,0.0,0,0.0,0,0.0,15,10,2018-10-23 22:57:00
20181023 23:04,2966,2966,2966,2966,0,0.0,0,0.0,0,0.0,1,5,2018-10-23 23:04:00
20181023 23:05,2966,2966,2966,2966,0,0.0,0,0.0,0,0.0,6,10,2018-10-23 23:05:00
20181023 23:07,2966,2966,2966,2966,0,0.0,0,0.0,0,0.0,10,5,2018-10-23 23:07:00
20181023 23:08,2966,2966,2966,2966,0,0.0,0,0.0,0,0.0,5,5,2018-10-23 23:08:00
20181023 23:09,2966,2966,2966,2966,0,0.0,0,0.0,0,0.0,6,10,2018-10-23 23:09:00
20181023 23:12,2966,2966,2966,2966,0,0.0,0,0.0,0,0.0,13,13,2018-10-23 23:12:00
20181023 23:14,2966,2966,2966,2966,0,0.0,0,0.0,0,0.0,18,32,2018-10-23 23:14:00
20181023 23:15,2966,2966,2966,2966,0,0.0,0,0.0,0,0.0,4,10,2018-10-23 23:15:00
20181023 23:18,2966,2966,2966,2966,0,0.0,0,0.0,0,0.0,4,11,2018-10-23 23:18:00
20181023 23:19,2966,2966,2966,2966,0,0.0,0,0.0,0,0.0,2,5,2018-10-23 23:19:00
20181023 23:20,2966,2966,2966,2966,0,0.0,0,0.0,0,0.0,2,6,2018-10-23 23:20:00
20181023 23:21,2966,2966,2966,2966,0,0.0,0,0.0,0,0.0,2,4,2018-10-23 23:21:00
20181023 23:23,2966,2966,2966,2966,0,0.0,0,0.0,0,0.0,2,5,2018-10-23 23:23:00
20181023 23:25,2966,2966,2966,2966,0,0.0,0,0.0,0,0.0,9,15,2018-10-23 23:25:00
20181023 23:27,2966,2966,2966,2966,0,0.0,0,0.0,0,0.0,11,10,2018-10-23 23:27:00
20181023 23:28,2966,2966,2966,2966,0,0.0,0,0.0,0,0.0,31,40,2018-10-23 23:28:00
20181023 23:29,2966,2966,2966,2966,0,0.0,0,0.0,0,0.0,30,29,2018-10-23 23:29:00
20181024 09:00,2966,2966,2966,2966,0,0.0,0,0.0,0,0.0,41,57,2018-10-24 09:00:00
20181024 09:01,2966,2966,2966,2966,0,0.0,0,0.0,0,0.0,20,44,2018-10-24 09:01:00
20181024 09:02,2966,2966,2966,2966,0,0.0,0,0.0,0,0.0,15,16,2018-10-24 09:02:00
20181024 09:04,2966,2966,2966,2966,0,0.0,0,0.0,0,0.0,16,20,2018-10-24 09:04:00
20181024 09:05,2966,2966,2966,2966,0,0.0,0,0.0,0,0.0,10,12,2018-10-24 09:05:00
20181024 09:08,2966,2966,2966,2966,0,0.0,0,0.0,0,0.0,1,4,2018-10-24 09:08:00
20181024 09:09,2966,2966,2966,2966,0,0.0,0,0.0,0,0.0,4,4,2018-10-24 09:09:00
20181024 09:10,2966,2966,2966,2966,0,0.0,0,0.0,0,0.0,8,5,2018-10-24 09:10:00
20181024 09:11,2966,2966,2966,2966,0,0.0,0,0.0,0,0.0,20,19,2018-10-24 09:11:00
20181024 09:13,2966,2966,2966,2966,0,0.0,0,0.0,0,0.0,8,9,2018-10-24 09:13:00
20181024 09:14,2966,2966,2966,2966,0,0.0,0,0.0,0,0.0,12,14,2018-10-24 09:14:00
20181024 09:15,2966,2966,2966,2966,0,0.0,0,0.0,0,0.0,12,15,2018-10-24 09:15:00
20181024 09:16,2966,2966,2966,2966,0,0.0,0,0.0,0,0.0,5,16,2018-10-24 09:16:00
20181024 09:17,2966,2966,2966,2966,0,0.0,0,0.0,0,0.0,30,54,2018-10-24 09:17:00
20181024 09:18,2966,2966,2966,2966,0,0.0,0,0.0,0,0.0,8,5,2018-10-24 09:18:00
20181024 09:19,2966,2966,2966,2966,0,0.0,0,0.0,0,0.0,7,14,2018-10-24 09:19:00
20181024 09:20,2966,2966,2966,2966,0,0.0,0,0.0,0,0.0,10,12,2018-10-24 09:20:00
20181024 09:24,2966,2966,2966,2966,0,0.0,0,0.0,0,0.0,24,20,2018-10-24 09:24:00
20181024 09:25,2966,2966,2966,2966,0,0.0,0,0.0,0,0.0,7,12,2018-10-24 09:25:00
20181024 09:26,2966,2966,2966,2966,0,0.0,0,0.0,0,0.0,9,8,2018-10-24 09:26:00
20181024 09:27,2966,2966,2966,2966,0,0.0,0,0.0,0,0.0,9,8,2018-10-24 09:27:00
20181024 09:29,2966,2966,2966,2966,0,0.0,0,0.0,0,0.0,8,5,2018-10-24 09:29:00
20181024 09:35,2966,2966,2966,2966,0,0.0,0,0.0,0,0.0,8,23,2018-10-24 09:35:00
20181024 09:37,2966,2966,2966,2966,0,0.0,0,0.0,0,0.0,4,18,2018-10-24 09:37:00
20181024 09:42,2966,2966,2966,2966,0,0.0,0,0.0,0,0.0,6,16,2018-10-24 09:42:00
20181024 09:43,2966,2966,2966,2966,0,0.0,0,0.0,0,0.0,12,32,2018-10-24 09:43:00
20181024 09:44,2966,2966,2966,2966,0,0.0,0,0.0,0,0.0,5,12,2018-10-24 09:44:00
20181024 09:45,2966,2966,2966,2966,0,0.0,0,0.0,0,0.0,7,20,2018-10-24 09:45:00
20181024 09:47,2966,2966,2966,2966,0,0.0,0,0.0,0,0.0,6,9,2018-10-24 09:47:00
20181024 09:48,2966,2966,2966,2966,0,0.0,0,0.0,0,0.0,4,16,2018-10-24 09:48:00
20181024 09:49,2966,2966,2966,2966,0,0.0,0,0.0,0,0.0,3,8,2018-10-24 09:49:00
20181024 09:50,2966,2966,2966,2966,0,0.0,0,0.0,0,0.0,2,4,2018-10-24 09:50:00
20181024 09:51,2966,2966,2966,2966,0,0.0,0,0.0,0,0.0,3,8,2018-10-24 09:51:00
20181024 09:52,2966,2966,2966,2966,0,0.0,0,0.0,0,0.0,4,12,2018-10-24 09:52:00
20181024 09:53,2966,2966,2966,2966,0,0.0,0,0.0,0,0.0,1,4,2018-10-24 09:53:00
20181024 09:54,2966,2966,2966,2966,0,0.0,0,0.0,0,0.0,2,4,2018-10-24 09:54:00
20181024 09:55,2966,2966,2966,2966,0,0.0,0,0.0,0,0.0,6,16,2018-10-24 09:55:00
20181024 09:56,2966,2966,2966,2966,0,0.0,0,0.0,0,0.0,2,9,2018-10-24 09:56:00
20181024 09:57,2966,2966,2966,2966,0,0.0,0,0.0,0,0.0,5,14,2018-10-24 09:57:00
20181024 09:58,2966,2966,2966,2966,0,0.0,0,0.0,0,0.0,3,8,2018-10-24 09:58:00
20181024 09:59,2966,2966,2966,2966,0,0.0,0,0.0,0,0.0,6,16,2018-10-24 09:59:00
20181024 10:00,2966,2966,2966,2966,0,0.0,0,0.0,0,0.0,3,8,2018-10-24 10:00:00
20181024 10:01,2966,2966,2966,2966,0,0.0,0,0.0,0,0.0,9,24,2018-10-24 10:01:00
20181024 10:02,2966,2966,2966,2966,0,0.0,0,0.0,0,0.0,1,4,2018-10-24 10:02:00
20181024 10:03,2966,2966,2966,2966,0,0.0,0,0.0,0,0.0,2,9,2018-10-24 10:03:00
20181024 10:04,2966,2966,2966,2966,0,0.0,0,0.0,0,0.0,2,9,2018-10-24 10:04:00
20181024 10:06,2966,2966,2966,2966,0,0.0,0,0.0,0,0.0,2,4,2018-10-24 10:06:00
20181024 10:08,2966,2966,2966,2966,0,0.0,0,0.0,0,0.0,4,5,2018-10-24 10:08:00
20181024 10:09,2966,2966,2966,2966,0,0.0,0,0.0,0,0.0,1,4,2018-10-24 10:09:00
20181024 10:11,2966,2966,2966,2966,0,0.0,0,0.0,0,0.0,3,8,2018-10-24 10:11:00
20181024 10:13,2966,2966,2966,2966,0,0.0,0,0.0,0,0.0,1,5,2018-10-24 10:13:00
20181024 10:14,2966,2966,2966,2966,0,0.0,0,0.0,0,0.0,3,6,2018-10-24 10:14:00
20181024 10:30,2966,2966,2966,2966,0,0.0,0,0.0,0,0.0,7,16,2018-10-24 10:30:00
20181024 10:31,2966,2966,2966,2966,0,0.0,0,0.0,0,0.0,2,9,2018-10-24 10:31:00
20181024 10:34,2966,2966,2966,2966,0,0.0,0,0.0,0,0.0,5,16,2018-10-24 10:34:00
20181024 10:35,2966,2966,2966,2966,0,0.0,0,0.0,0,0.0,7,20,2018-10-24 10:35:00
20181024 10:36,2966,2966,2966,2966,0,0.0,0,0.0,0,0.0,7,20,2018-10-24 10:36:00
20181024 10:37,2966,2966,2966,2966,0,0.0,0,0.0,0,0.0,5,20,2018-10-24 10:37:00
20181024 10:38,2966,2966,2966,2966,0,0.0,0,0.0,0,0.0,3,12,2018-10-24 10:38:00
20181024 10:39,2966,2966,2966,2966,0,0.0,0,0.0,0,0.0,4,16,2018-10-24 10:39:00
20181024 10:40,2966,2966,2966,2966,0,0.0,0,0.0,0,0.0,4,16,2018-10-24 10:40:00
20181024 10:41,2966,2966,2966,2966,0,0.0,0,0.0,0,0.0,7,25,2018-10-24 10:41:00
20181024 10:42,2966,2966,2966,2966,0,0.0,0,0.0,0,0.0,6,24,2018-10-24 10:42:00
20181024 10:43,2966,2966,2966,2966,0,0.0,0,0.0,0,0.0,3,12,2018-10-24 10:43:00
20181024 10:44,2966,2966,2966,2966,0,0.0,0,0.0,0,0.0,11,44,2018-10-24 10:44:00
20181024 10:45,2966,2966,2966,2966,0,0.0,0,0.0,0,0.0,7,28,2018-10-24 10:45:00
20181024 10:46,2966,2966,2966,2966,0,0.0,0,0.0,0,0.0,9,36,2018-10-24 10:46:00
20181024 10:47,2966,2966,2966,2966,0,0.0,0,0.0,0,0.0,9,24,2018-10-24 10:47:00
20181024 10:48,2966,2966,2966,2966,0,0.0,0,0.0,0,0.0,4,12,2018-10-24 10:48:00
20181024 10:49,2966,2966,2966,2966,0,0.0,0,0.0,0,0.0,6,24,2018-10-24 10:49:00
20181024 10:50,2966,2966,2966,2966,0,0.0,0,0.0,0,0.0,5,20,2018-10-24 10:50:00
20181024 10:51,2966,2966,2966,2966,0,0.0,0,0.0,0,0.0,7,25,2018-10-24 10:51:00
20181024 10:52,2966,2966,2966,2966,0,0.0,0,0.0,0,0.0,9,36,2018-10-24 10:52:00
20181024 10:53,2966,2966,2966,2966,0,0.0,0,0.0,0,0.0,4,16,2018-10-24 10:53:00
20181024 10:54,2966,2966,2966,2966,0,0.0,0,0.0,0,0.0,6,20,2018-10-24 10:54:00
20181024 10:55,2966,2966,2966,2966,0,0.0,0,0.0,0,0.0,7,28,2018-10-24 10:55:00
20181024 10:56,2966,2966,2966,2966,0,0.0,0,0.0,0,0.0,3,12,2018-10-24 10:56:00
20181024 10:57,2966,2966,2966,2966,0,0.0,0,0.0,0,0.0,7,28,2018-10-24 10:57:00
20181024 10:58,2966,2966,2966,2966,0,0.0,0,0.0,0,0.0,10,33,2018-10-24 10:58:00
20181024 10:59,2966,2966,2966,2966,0,0.0,0,0.0,0,0.0,3,9,2018-10-24 10:59:00
20181024 11:00,2966,2966,2966,2966,0,0.0,0,0.0,0,0.0,3,13,2018-10-24 11:00:00
20181024 11:01,2966,2966,2966,2966,0,0.0,0,0.0,0,0.0,3,10,2018-10-24 11:01:00
20181024 11:04,2966,2966,2966,2966,0,0.0,0,0.0,0,0.0,4,16,2018-10-24 11:04:00
20181024 11:05,2966,2966,2966,2966,0,0.0,0,0.0,0,0.0,3,14,2018-10-24 11:05:00
20181024 11:06,2966,2966,2966,2966,0,0.0,0,0.0,0,0.0,2,8,2018-10-24 11:06:00
20181024 11:07,2966,2966,2966,2966,0,0.0,0,0.0,0,0.0,11,45,2018-10-24 11:07:00
20181024 11:08,2966,2966,2966,2966,0,0.0,0,0.0,0,0.0,12,50,2018-10-24 11:08:00
20181024 11:09,2966,2966,2966,2966,0,0.0,0,0.0,0,0.0,6,26,2018-10-24 11:09:00
20181024 11:10,2966,2966,2966,2966,0,0.0,0,0.0,0,0.0,4,18,2018-10-24 11:10:00
20181024 11:11,2966,2966,2966,2966,0,0.0,0,0.0,0,0.0,4,16,2018-10-24 11:11:00
20181024 11:12,2966,2966,2966,2966,0,0.0,0,0.0,0,0.0,1,4,2018-10-24 11:12:00
20181024 11:13,2966,2966,2966,2966,0,0.0,0,0.0,0,0.0,6,26,2018-10-24 11:13:00
20181024 11:14,2966,2966,2966,2966,0,0.0,0,0.0,0,0.0,1,5,2018-10-24 11:14:00
20181024 11:15,2966,2966,2966,2966,0,0.0,0,0.0,0,0.0,7,22,2018-10-24 11:15:00
20181024 11:16,2966,2966,2966,2966,0,0.0,0,0.0,0,0.0,3,10,2018-10-24 11:16:00
20181024 11:18,2966,2966,2966,2966,0,0.0,0,0.0,0,0.0,1,4,2018-10-24 11:18:00
20181024 11:19,2966,2966,2966,2966,0,0.0,0,0.0,0,0.0,7,20,2018-10-24 11:19:00
20181024 11:20,2966,2966,2966,2966,0,0.0,0,0.0,0,0.0,9,28,2018-10-24 11:20:00
20181024 11:21,2966,2966,2966,2966,0,0.0,0,0.0,0,0.0,3,8,2018-10-24 11:21:00
20181024 11:22,2966,2966,2966,2966,0,0.0,0,0.0,0,0.0,8,24,2018-10-24 11:22:00
20181024 11:23,2966,2966,2966,2966,0,0.0,0,0.0,0,0.0,2,4,2018-10-24 11:23:00
20181024 11:24,2966,2966,2966,2966,0,0.0,0,0.0,0,0.0,7,28,2018-10-24 11:24:00
20181024 11:25,2966,2966,2966,2966,0,0.0,0,0.0,0,0.0,2,9,2018-10-24 11:25:00
20181024 11:26,2966,2966,2966,2966,0,0.0,0,0.0,0,0.0,2,5,2018-10-24 11:26:00
20181024 11:27,2966,2966,2966,2966,0,0.0,0,0.0,0,0.0,3,12,2018-10-24 11:27:00
20181024 11:29,2966,2966,2966,2966,0,0.0,0,0.0,0,0.0,4,4,2018-10-24 11:29:00
20181024 13:30,2966,2966,2966,2966,0,0.0,0,0.0,0,0.0,19,60,2018-10-24 13:30:00
20181024 13:31,2966,2966,2966,2966,0,0.0,0,0.0,0,0.0,3,12,2018-10-24 13:31:00
20181024 13:32,2966,2966,2966,2966,0,0.0,0,0.0,0,0.0,11,49,2018-10-24 13:32:00
20181024 13:33,2966,2966,2966,2966,0,0.0,0,0.0,0,0.0,14,59,2018-10-24 13:33:00
20181024 13:34,2966,2966,2966,2966,0,0.0,0,0.0,0,0.0,16,64,2018-10-24 13:34:00
20181024 13:35,2966,2966,2966,2966,0,0.0,0,0.0,0,0.0,4,16,2018-10-24 13:35:00
20181024 13:36,2966,2966,2966,2966,0,0.0,0,0.0,0,0.0,10,36,2018-10-24 13:36:00
20181024 13:37,2966,2966,2966,2966,0,0.0,0,0.0,0,0.0,18,52,2018-10-24 13:37:00
20181024 13:38,2966,2966,2966,2966,0,0.0,0,0.0,0,0.0,4,12,2018-10-24 13:38:00
20181024 13:39,2966,2966,2966,2966,0,0.0,0,0.0,0,0.0,5,12,2018-10-24 13:39:00
20181024 13:40,2966,2966,2966,2966,0,0.0,0,0.0,0,0.0,7,20,2018-10-24 13:40:00
20181024 13:41,2966,2966,2966,2966,0,0.0,0,0.0,0,0.0,6,20,2018-10-24 13:41:00
20181024 13:42,2966,2966,2966,2966,0,0.0,0,0.0,0,0.0,1,4,2018-10-24 13:42:00
20181024 13:43,2966,2966,2966,2966,0,0.0,0,0.0,0,0.0,2,5,2018-10-24 13:43:00
20181024 13:44,2966,2966,2966,2966,0,0.0,0,0.0,0,0.0,1,4,2018-10-24 13:44:00
20181024 13:46,2966,2966,2966,2966,0,0.0,0,0.0,0,0.0,5,19,2018-10-24 13:46:00
20181024 13:47,2966,2966,2966,2966,0,0.0,0,0.0,0,0.0,4,14,2018-10-24 13:47:00
20181024 13:48,2966,2966,2966,2966,0,0.0,0,0.0,0,0.0,2,8,2018-10-24 13:48:00
20181024 13:49,2966,2966,2966,2966,0,0.0,0,0.0,0,0.0,1,4,2018-10-24 13:49:00
20181024 13:50,2966,2966,2966,2966,0,0.0,0,0.0,0,0.0,1,4,2018-10-24 13:50:00
20181024 13:53,2966,2966,2966,2966,0,0.0,0,0.0,0,0.0,5,20,2018-10-24 13:53:00
20181024 13:54,2966,2966,2966,2966,0,0.0,0,0.0,0,0.0,1,4,2018-10-24 13:54:00
20181024 13:55,2966,2966,2966,2966,0,0.0,0,0.0,0,0.0,2,8,2018-10-24 13:55:00
20181024 13:56,2966,2966,2966,2966,0,0.0,0,0.0,0,0.0,1,4,2018-10-24 13:56:00
20181024 13:57,2966,2966,2966,2966,0,0.0,0,0.0,0,0.0,2,5,2018-10-24 13:57:00
20181024 14:01,2966,2966,2966,2966,0,0.0,0,0.0,0,0.0,1,4,2018-10-24 14:01:00
20181024 14:06,2966,2966,2966,2966,0,0.0,0,0.0,0,0.0,2,8,2018-10-24 14:06:00
20181024 14:07,2966,2966,2966,2966,0,0.0,0,0.0,0,0.0,2,5,2018-10-24 14:07:00
20181024 14:10,2966,2966,2966,2966,0,0.0,0,0.0,0,0.0,2,8,2018-10-24 14:10:00
20181024 14:16,2966,2966,2966,2966,0,0.0,0,0.0,0,0.0,3,12,2018-10-24 14:16:00
20181024 14:17,2966,2966,2966,2966,0,0.0,0,0.0,0,0.0,3,10,2018-10-24 14:17:00
20181024 14:21,2966,2966,2966,2966,0,0.0,0,0.0,0,0.0,5,22,2018-10-24 14:21:00
20181024 14:22,2966,2966,2966,2966,0,0.0,0,0.0,0,0.0,1,4,2018-10-24 14:22:00
20181024 14:26,2966,2966,2966,2966,0,0.0,0,0.0,0,0.0,1,4,2018-10-24 14:26:00
20181024 14:27,2966,2966,2966,2966,0,0.0,0,0.0,0,0.0,2,9,2018-10-24 14:27:00
20181024 14:28,2966,2966,2966,2966,0,0.0,0,0.0,0,0.0,4,18,2018-10-24 14:28:00
20181024 14:29,2966,2966,2966,2966,0,0.0,0,0.0,0,0.0,3,9,2018-10-24 14:29:00
20181024 14:33,2966,2966,2966,2966,0,0.0,0,0.0,0,0.0,12,52,2018-10-24 14:33:00
20181024 14:34,2966,2966,2966,2966,0,0.0,0,0.0,0,0.0,1,4,2018-10-24 14:34:00
20181024 14:36,2966,2966,2966,2966,0,0.0,0,0.0,0,0.0,1,4,2018-10-24 14:36:00
20181024 14:38,2966,2966,2966,2966,0,0.0,0,0.0,0,0.0,1,4,2018-10-24 14:38:00
20181024 14:39,2966,2966,2966,2966,0,0.0,0,0.0,0,0.0,2,8,2018-10-24 14:39:00
20181024 14:40,2966,2966,2966,2966,0,0.0,0,0.0,0,0.0,1,4,2018-10-24 14:40:00
20181024 14:41,2966,2966,2966,2966,0,0.0,0,0.0,0,0.0,1,4,2018-10-24 14:41:00
20181024 14:42,2966,2966,2966,2966,0,0.0,0,0.0,0,0.0,3,12,2018-10-24 14:42:00
20181024 14:43,2966,2966,2966,2966,0,0.0,0,0.0,0,0.0,4,13,2018-10-24 14:43:00
20181024 14:44,2966,2966,2966,2966,0,0.0,0,0.0,0,0.0,5,22,2018-10-24 14:44:00
20181024 14:45,2966,2966,2966,2966,0,0.0,0,0.0,0,0.0,2,8,2018-10-24 14:45:00
20181024 14:46,2966,2966,2966,2966,0,0.0,0,0.0,0,0.0,7,25,2018-10-24 14:46:00
20181024 14:47,2966,2966,2966,2966,0,0.0,0,0.0,0,0.0,2,8,2018-10-24 14:47:00
20181024 14:48,2966,2966,2966,2966,0,0.0,0,0.0,0,0.0,4,7,2018-10-24 14:48:00
20181024 14:49,2966,2966,2966,2966,0,0.0,0,0.0,0,0.0,4,17,2018-10-24 14:49:00
20181024 14:50,2966,2966,2966,2966,0,0.0,0,0.0,0,0.0,2,8,2018-10-24 14:50:00
20181024 14:54,2966,2966,2966,2966,0,0.0,0,0.0,0,0.0,1,4,2018-10-24 14:54:00
20181024 14:55,2966,2966,2966,2966,0,0.0,0,0.0,0,0.0,3,12,2018-10-24 14:55:00
20181024 14:57,2966,2966,2966,2966,0,0.0,0,0.0,0,0.0,3,12,2018-10-24 14:57:00
20181024 14:58,2966,2966,2966,2966,0,0.0,0,0.0,0,0.0,5,22,2018-10-24 14:58:00
20181024 14:59,2966,2966,2966,2966,0,0.0,0,0.0,0,0.0,11,27,2018-10-24 14:59:00
20181024 15:00,2966,2966,2966,2966,0,0.0,0,0.0,0,0.0,1,1,2018-10-24 15:00:00
20181024 21:00,2952,2952,2952,2952,0,0.0,0,0.0,0,0.0,102,97,2018-10-24 21:00:00
20181024 21:01,2952,2952,2952,2952,0,0.0,0,0.0,0,0.0,15,19,2018-10-24 21:01:00
20181024 21:02,2952,2952,2952,2952,0,0.0,0,0.0,0,0.0,7,30,2018-10-24 21:02:00
20181024 21:03,2952,2952,2952,2952,0,0.0,0,0.0,0,0.0,5,9,2018-10-24 21:03:00
20181024 21:06,2952,2952,2952,2952,0,0.0,0,0.0,0,0.0,3,8,2018-10-24 21:06:00
20181024 21:07,2952,2952,2952,2952,0,0.0,0,0.0,0,0.0,2,8,2018-10-24 21:07:00
20181024 21:08,2952,2952,2952,2952,0,0.0,0,0.0,0,0.0,2,8,2018-10-24 21:08:00
20181024 21:09,2952,2952,2952,2952,0,0.0,0,0.0,0,0.0,1,4,2018-10-24 21:09:00
20181024 21:13,2952,2952,2952,2952,0,0.0,0,0.0,0,0.0,6,21,2018-10-24 21:13:00
20181024 21:23,2952,2952,2952,2952,0,0.0,0,0.0,0,0.0,3,9,2018-10-24 21:23:00
20181024 21:24,2952,2952,2952,2952,0,0.0,0,0.0,0,0.0,1,4,2018-10-24 21:24:00
20181024 21:25,2952,2952,2952,2952,0,0.0,0,0.0,0,0.0,3,9,2018-10-24 21:25:00
20181024 21:27,2952,2952,2952,2952,0,0.0,0,0.0,0,0.0,1,4,2018-10-24 21:27:00
20181024 21:29,2952,2952,2952,2952,0,0.0,0,0.0,0,0.0,2,8,2018-10-24 21:29:00
20181024 21:30,2952,2952,2952,2952,0,0.0,0,0.0,0,0.0,6,19,2018-10-24 21:30:00
20181024 21:32,2952,2952,2952,2952,0,0.0,0,0.0,0,0.0,7,13,2018-10-24 21:32:00
20181024 21:33,2952,2952,2952,2952,0,0.0,0,0.0,0,0.0,2,8,2018-10-24 21:33:00
20181024 21:34,2952,2952,2952,2952,0,0.0,0,0.0,0,0.0,2,9,2018-10-24 21:34:00
20181024 21:35,2952,2952,2952,2952,0,0.0,0,0.0,0,0.0,4,13,2018-10-24 21:35:00
20181024 21:36,2952,2952,2952,2952,0,0.0,0,0.0,0,0.0,1,4,2018-10-24 21:36:00
20181024 21:37,2952,2952,2952,2952,0,0.0,0,0.0,0,0.0,2,5,2018-10-24 21:37:00
20181024 21:38,2952,2952,2952,2952,0,0.0,0,0.0,0,0.0,5,12,2018-10-24 21:38:00
20181024 21:40,2952,2952,2952,2952,0,0.0,0,0.0,0,0.0,1,4,2018-10-24 21:40:00
20181024 21:41,2952,2952,2952,2952,0,0.0,0,0.0,0,0.0,3,12,2018-10-24 21:41:00
20181024 21:42,2952,2952,2952,2952,0,0.0,0,0.0,0,0.0,2,8,2018-10-24 21:42:00
20181024 21:43,2952,2952,2952,2952,0,0.0,0,0.0,0,0.0,1,4,2018-10-24 21:43:00
20181024 21:44,2952,2952,2952,2952,0,0.0,0,0.0,0,0.0,1,4,2018-10-24 21:44:00
20181024 21:47,2952,2952,2952,2952,0,0.0,0,0.0,0,0.0,5,9,2018-10-24 21:47:00
20181024 21:51,2952,2952,2952,2952,0,0.0,0,0.0,0,0.0,1,4,2018-10-24 21:51:00
20181024 21:52,2952,2952,2952,2952,0,0.0,0,0.0,0,0.0,3,8,2018-10-24 21:52:00
20181024 21:53,2952,2952,2952,2952,0,0.0,0,0.0,0,0.0,2,9,2018-10-24 21:53:00
20181024 21:57,2952,2952,2952,2952,0,0.0,0,0.0,0,0.0,3,9,2018-10-24 21:57:00
20181024 22:01,2952,2952,2952,2952,0,0.0,0,0.0,0,0.0,2,8,2018-10-24 22:01:00
20181024 22:02,2952,2952,2952,2952,0,0.0,0,0.0,0,0.0,4,16,2018-10-24 22:02:00
20181024 22:03,2952,2952,2952,2952,0,0.0,0,0.0,0,0.0,1,4,2018-10-24 22:03:00
20181024 22:04,2952,2952,2952,2952,0,0.0,0,0.0,0,0.0,2,9,2018-10-24 22:04:00
20181024 22:05,2952,2952,2952,2952,0,0.0,0,0.0,0,0.0,1,4,2018-10-24 22:05:00
20181024 22:07,2952,2952,2952,2952,0,0.0,0,0.0,0,0.0,2,5,2018-10-24 22:07:00
20181024 22:08,2952,2952,2952,2952,0,0.0,0,0.0,0,0.0,1,4,2018-10-24 22:08:00
20181024 22:09,2952,2952,2952,2952,0,0.0,0,0.0,0,0.0,1,4,2018-10-24 22:09:00
20181024 22:10,2952,2952,2952,2952,0,0.0,0,0.0,0,0.0,3,14,2018-10-24 22:10:00
20181024 22:11,2952,2952,2952,2952,0,0.0,0,0.0,0,0.0,1,5,2018-10-24 22:11:00
20181024 22:12,2952,2952,2952,2952,0,0.0,0,0.0,0,0.0,6,23,2018-10-24 22:12:00
20181024 22:14,2952,2952,2952,2952,0,0.0,0,0.0,0,0.0,1,4,2018-10-24 22:14:00
20181024 22:16,2952,2952,2952,2952,0,0.0,0,0.0,0,0.0,2,8,2018-10-24 22:16:00
20181024 22:18,2952,2952,2952,2952,0,0.0,0,0.0,0,0.0,1,4,2018-10-24 22:18:00
20181024 22:20,2952,2952,2952,2952,0,0.0,0,0.0,0,0.0,1,4,2018-10-24 22:20:00
20181024 22:21,2952,2952,2952,2952,0,0.0,0,0.0,0,0.0,2,8,2018-10-24 22:21:00
20181024 22:22,2952,2952,2952,2952,0,0.0,0,0.0,0,0.0,2,5,2018-10-24 22:22:00
20181024 22:23,2952,2952,2952,2952,0,0.0,0,0.0,0,0.0,1,4,2018-10-24 22:23:00
20181024 22:24,2952,2952,2952,2952,0,0.0,0,0.0,0,0.0,2,8,2018-10-24 22:24:00
20181024 22:31,2952,2952,2952,2952,0,0.0,0,0.0,0,0.0,2,8,2018-10-24 22:31:00
20181024 22:32,2952,2952,2952,2952,0,0.0,0,0.0,0,0.0,3,9,2018-10-24 22:32:00
20181024 22:33,2952,2952,2952,2952,0,0.0,0,0.0,0,0.0,1,4,2018-10-24 22:33:00
20181024 22:34,2952,2952,2952,2952,0,0.0,0,0.0,0,0.0,1,4,2018-10-24 22:34:00
20181024 22:35,2952,2952,2952,2952,0,0.0,0,0.0,0,0.0,3,12,2018-10-24 22:35:00
20181024 22:36,2952,2952,2952,2952,0,0.0,0,0.0,0,0.0,1,4,2018-10-24 22:36:00
20181024 22:37,2952,2952,2952,2952,0,0.0,0,0.0,0,0.0,1,4,2018-10-24 22:37:00
20181024 22:38,2952,2952,2952,2952,0,0.0,0,0.0,0,0.0,1,4,2018-10-24 22:38:00
20181024 22:39,2952,2952,2952,2952,0,0.0,0,0.0,0,0.0,1,4,2018-10-24 22:39:00
20181024 22:41,2952,2952,2952,2952,0,0.0,0,0.0,0,0.0,1,4,2018-10-24 22:41:00
20181024 22:42,2952,2952,2952,2952,0,0.0,0,0.0,0,0.0,2,5,2018-10-24 22:42:00
20181024 22:52,2952,2952,2952,2952,0,0.0,0,0.0,0,0.0,2,5,2018-10-24 22:52:00
20181024 23:00,2952,2952,2952,2952,0,0.0,0,0.0,0,0.0,3,12,2018-10-24 23:00:00
20181024 23:02,2952,2952,2952,2952,0,0.0,0,0.0,0,0.0,1,1,2018-10-24 23:02:00
20181024 23:03,2952,2952,2952,2952,0,0.0,0,0.0,0,0.0,3,12,2018-10-24 23:03:00
20181024 23:07,2952,2952,2952,2952,0,0.0,0,0.0,0,0.0,1,4,2018-10-24 23:07:00
20181024 23:13,2952,2952,2952,2952,0,0.0,0,0.0,0,0.0,2,5,2018-10-24 23:13:00
20181024 23:17,2952,2952,2952,2952,0,0.0,0,0.0,0,0.0,2,9,2018-10-24 23:17:00
20181024 23:18,2952,2952,2952,2952,0,0.0,0,0.0,0,0.0,3,9,2018-10-24 23:18:00
20181024 23:20,2952,2952,2952,2952,0,0.0,0,0.0,0,0.0,1,4,2018-10-24 23:20:00
20181024 23:27,2952,2952,2952,2952,0,0.0,0,0.0,0,0.0,1,4,2018-10-24 23:27:00
20181024 23:28,2952,2952,2952,2952,0,0.0,0,0.0,0,0.0,3,9,2018-10-24 23:28:00
20181024 23:29,2952,2952,2952,2952,0,0.0,0,0.0,0,0.0,3,3,2018-10-24 23:29:00
20181025 09:00,2952,2952,2952,2952,0,0.0,0,0.0,0,0.0,8,17,2018-10-25 09:00:00
20181025 09:01,2952,2952,2952,2952,0,0.0,0,0.0,0,0.0,5,20,2018-10-25 09:01:00
20181025 09:02,2952,2952,2952,2952,0,0.0,0,0.0,0,0.0,2,8,2018-10-25 09:02:00
20181025 09:03,2952,2952,2952,2952,0,0.0,0,0.0,0,0.0,2,8,2018-10-25 09:03:00
20181025 09:04,2952,2952,2952,2952,0,0.0,0,0.0,0,0.0,5,20,2018-10-25 09:04:00
20181025 09:05,2952,2952,2952,2952,0,0.0,0,0.0,0,0.0,1,4,2018-10-25 09:05:00
20181025 09:06,2952,2952,2952,2952,0,0.0,0,0.0,0,0.0,1,4,2018-10-25 09:06:00
20181025 09:09,2952,2952,2952,2952,0,0.0,0,0.0,0,0.0,6,21,2018-10-25 09:09:00
20181025 09:10,2952,2952,2952,2952,0,0.0,0,0.0,0,0.0,2,8,2018-10-25 09:10:00
20181025 09:12,2952,2952,2952,2952,0,0.0,0,0.0,0,0.0,3,13,2018-10-25 09:12:00
20181025 09:15,2952,2952,2952,2952,0,0.0,0,0.0,0,0.0,2,8,2018-10-25 09:15:00
20181025 09:18,2952,2952,2952,2952,0,0.0,0,0.0,0,0.0,2,8,2018-10-25 09:18:00
20181025 09:19,2952,2952,2952,2952,0,0.0,0,0.0,0,0.0,4,13,2018-10-25 09:19:00
20181025 09:20,2952,2952,2952,2952,0,0.0,0,0.0,0,0.0,2,9,2018-10-25 09:20:00
20181025 09:21,2952,2952,2952,2952,0,0.0,0,0.0,0,0.0,1,4,2018-10-25 09:21:00
20181025 09:22,2952,2952,2952,2952,0,0.0,0,0.0,0,0.0,1,4,2018-10-25 09:22:00
20181025 09:23,2952,2952,2952,2952,0,0.0,0,0.0,0,0.0,3,12,2018-10-25 09:23:00
20181025 09:24,2952,2952,2952,2952,0,0.0,0,0.0,0,0.0,10,37,2018-10-25 09:24:00
20181025 09:25,2952,2952,2952,2952,0,0.0,0,0.0,0,0.0,2,8,2018-10-25 09:25:00
20181025 09:29,2952,2952,2952,2952,0,0.0,0,0.0,0,0.0,2,8,2018-10-25 09:29:00
20181025 09:31,2952,2952,2952,2952,0,0.0,0,0.0,0,0.0,1,4,2018-10-25 09:31:00
20181025 09:32,2952,2952,2952,2952,0,0.0,0,0.0,0,0.0,1,4,2018-10-25 09:32:00
20181025 09:33,2952,2952,2952,2952,0,0.0,0,0.0,0,0.0,1,4,2018-10-25 09:33:00
20181025 09:34,2952,2952,2952,2952,0,0.0,0,0.0,0,0.0,2,5,2018-10-25 09:34:00
20181025 09:35,2952,2952,2952,2952,0,0.0,0,0.0,0,0.0,2,8,2018-10-25 09:35:00
20181025 09:36,2952,2952,2952,2952,0,0.0,0,0.0,0,0.0,3,12,2018-10-25 09:36:00
20181025 09:37,2952,2952,2952,2952,0,0.0,0,0.0,0,0.0,1,4,2018-10-25 09:37:00
20181025 09:38,2952,2952,2952,2952,0,0.0,0,0.0,0,0.0,1,4,2018-10-25 09:38:00
20181025 09:39,2952,2952,2952,2952,0,0.0,0,0.0,0,0.0,1,4,2018-10-25 09:39:00
20181025 09:41,2952,2952,2952,2952,0,0.0,0,0.0,0,0.0,1,4,2018-10-25 09:41:00
20181025 09:42,2952,2952,2952,2952,0,0.0,0,0.0,0,0.0,2,8,2018-10-25 09:42:00
20181025 09:43,2952,2952,2952,2952,0,0.0,0,0.0,0,0.0,2,8,2018-10-25 09:43:00
20181025 09:45,2952,2952,2952,2952,0,0.0,0,0.0,0,0.0,2,5,2018-10-25 09:45:00
20181025 09:47,2952,2952,2952,2952,0,0.0,0,0.0,0,0.0,1,4,2018-10-25 09:47:00
20181025 09:48,2952,2952,2952,2952,0,0.0,0,0.0,0,0.0,1,4,2018-10-25 09:48:00
20181025 09:53,2952,2952,2952,2952,0,0.0,0,0.0,0,0.0,2,8,2018-10-25 09:53:00
20181025 09:55,2952,2952,2952,2952,0,0.0,0,0.0,0,0.0,2,5,2018-10-25 09:55:00
20181025 09:57,2952,2952,2952,2952,0,0.0,0,0.0,0,0.0,2,8,2018-10-25 09:57:00
20181025 09:58,2952,2952,2952,2952,0,0.0,0,0.0,0,0.0,2,8,2018-10-25 09:58:00
20181025 10:02,2952,2952,2952,2952,0,0.0,0,0.0,0,0.0,1,4,2018-10-25 10:02:00
20181025 10:03,2952,2952,2952,2952,0,0.0,0,0.0,0,0.0,1,4,2018-10-25 10:03:00
20181025 10:04,2952,2952,2952,2952,0,0.0,0,0.0,0,0.0,1,4,2018-10-25 10:04:00
20181025 10:05,2952,2952,2952,2952,0,0.0,0,0.0,0,0.0,10,37,2018-10-25 10:05:00
20181025 10:06,2952,2952,2952,2952,0,0.0,0,0.0,0,0.0,9,39,2018-10-25 10:06:00
20181025 10:07,2952,2952,2952,2952,0,0.0,0,0.0,0,0.0,2,8,2018-10-25 10:07:00
20181025 10:09,2952,2952,2952,2952,0,0.0,0,0.0,0,0.0,1,4,2018-10-25 10:09:00
20181025 10:10,2952,2952,2952,2952,0,0.0,0,0.0,0,0.0,1,4,2018-10-25 10:10:00
20181025 10:11,2952,2952,2952,2952,0,0.0,0,0.0,0,0.0,1,4,2018-10-25 10:11:00
20181025 10:14,2952,2952,2952,2952,0,0.0,0,0.0,0,0.0,3,3,2018-10-25 10:14:00
20181025 10:30,2952,2952,2952,2952,0,0.0,0,0.0,0,0.0,2,5,2018-10-25 10:30:00
20181025 10:32,2952,2952,2952,2952,0,0.0,0,0.0,0,0.0,3,12,2018-10-25 10:32:00
20181025 10:33,2952,2952,2952,2952,0,0.0,0,0.0,0,0.0,1,4,2018-10-25 10:33:00
20181025 10:34,2952,2952,2952,2952,0,0.0,0,0.0,0,0.0,2,8,2018-10-25 10:34:00
20181025 10:35,2952,2952,2952,2952,0,0.0,0,0.0,0,0.0,2,9,2018-10-25 10:35:00
20181025 10:36,2952,2952,2952,2952,0,0.0,0,0.0,0,0.0,3,10,2018-10-25 10:36:00
20181025 10:37,2952,2952,2952,2952,0,0.0,0,0.0,0,0.0,5,27,2018-10-25 10:37:00
20181025 10:38,2952,2952,2952,2952,0,0.0,0,0.0,0,0.0,4,18,2018-10-25 10:38:00
20181025 10:39,2952,2952,2952,2952,0,0.0,0,0.0,0,0.0,4,18,2018-10-25 10:39:00
20181025 10:41,2952,2952,2952,2952,0,0.0,0,0.0,0,0.0,1,4,2018-10-25 10:41:00
20181025 10:45,2952,2952,2952,2952,0,0.0,0,0.0,0,0.0,2,8,2018-10-25 10:45:00
20181025 10:47,2952,2952,2952,2952,0,0.0,0,0.0,0,0.0,1,4,2018-10-25 10:47:00
20181025 10:49,2952,2952,2952,2952,0,0.0,0,0.0,0,0.0,3,9,2018-10-25 10:49:00
20181025 10:50,2952,2952,2952,2952,0,0.0,0,0.0,0,0.0,1,5,2018-10-25 10:50:00
20181025 10:51,2952,2952,2952,2952,0,0.0,0,0.0,0,0.0,1,4,2018-10-25 10:51:00
20181025 10:56,2952,2952,2952,2952,0,0.0,0,0.0,0,0.0,2,9,2018-10-25 10:56:00
20181025 10:57,2952,2952,2952,2952,0,0.0,0,0.0,0,0.0,1,4,2018-10-25 10:57:00
20181025 10:59,2952,2952,2952,2952,0,0.0,0,0.0,0,0.0,2,5,2018-10-25 10:59:00
20181025 11:00,2952,2952,2952,2952,0,0.0,0,0.0,0,0.0,1,4,2018-10-25 11:00:00
20181025 11:02,2952,2952,2952,2952,0,0.0,0,0.0,0,0.0,1,4,2018-10-25 11:02:00
20181025 11:03,2952,2952,2952,2952,0,0.0,0,0.0,0,0.0,1,4,2018-10-25 11:03:00
20181025 11:04,2952,2952,2952,2952,0,0.0,0,0.0,0,0.0,1,4,2018-10-25 11:04:00
20181025 11:07,2952,2952,2952,2952,0,0.0,0,0.0,0,0.0,2,8,2018-10-25 11:07:00
20181025 11:09,2952,2952,2952,2952,0,0.0,0,0.0,0,0.0,5,18,2018-10-25 11:09:00
20181025 11:10,2952,2952,2952,2952,0,0.0,0,0.0,0,0.0,6,26,2018-10-25 11:10:00
20181025 11:13,2952,2952,2952,2952,0,0.0,0,0.0,0,0.0,5,14,2018-10-25 11:13:00
20181025 11:14,2952,2952,2952,2952,0,0.0,0,0.0,0,0.0,3,12,2018-10-25 11:14:00
20181025 11:15,2952,2952,2952,2952,0,0.0,0,0.0,0,0.0,1,4,2018-10-25 11:15:00
20181025 11:16,2952,2952,2952,2952,0,0.0,0,0.0,0,0.0,2,8,2018-10-25 11:16:00
20181025 11:17,2952,2952,2952,2952,0,0.0,0,0.0,0,0.0,1,4,2018-10-25 11:17:00
20181025 11:18,2952,2952,2952,2952,0,0.0,0,0.0,0,0.0,1,4,2018-10-25 11:18:00
20181025 11:19,2952,2952,2952,2952,0,0.0,0,0.0,0,0.0,1,4,2018-10-25 11:19:00
20181025 11:20,2952,2952,2952,2952,0,0.0,0,0.0,0,0.0,3,12,2018-10-25 11:20:00
20181025 11:21,2952,2952,2952,2952,0,0.0,0,0.0,0,0.0,4,16,2018-10-25 11:21:00
20181025 11:22,2952,2952,2952,2952,0,0.0,0,0.0,0,0.0,2,8,2018-10-25 11:22:00
20181025 11:23,2952,2952,2952,2952,0,0.0,0,0.0,0,0.0,6,20,2018-10-25 11:23:00
20181025 11:24,2952,2952,2952,2952,0,0.0,0,0.0,0,0.0,2,8,2018-10-25 11:24:00
20181025 11:25,2952,2952,2952,2952,0,0.0,0,0.0,0,0.0,3,12,2018-10-25 11:25:00
20181025 11:29,2952,2952,2952,2952,0,0.0,0,0.0,0,0.0,2,5,2018-10-25 11:29:00
20181025 13:30,2952,2952,2952,2952,0,0.0,0,0.0,0,0.0,7,23,2018-10-25 13:30:00
20181025 13:31,2952,2952,2952,2952,0,0.0,0,0.0,0,0.0,1,4,2018-10-25 13:31:00
20181025 13:37,2952,2952,2952,2952,0,0.0,0,0.0,0,0.0,1,4,2018-10-25 13:37:00
20181025 13:38,2952,2952,2952,2952,0,0.0,0,0.0,0,0.0,5,17,2018-10-25 13:38:00
20181025 13:39,2952,2952,2952,2952,0,0.0,0,0.0,0,0.0,4,16,2018-10-25 13:39:00
20181025 13:40,2952,2952,2952,2952,0,0.0,0,0.0,0,0.0,1,4,2018-10-25 13:40:00
20181025 13:41,2952,2952,2952,2952,0,0.0,0,0.0,0,0.0,1,4,2018-10-25 13:41:00
20181025 13:50,2952,2952,2952,2952,0,0.0,0,0.0,0,0.0,4,10,2018-10-25 13:50:00
20181025 13:51,2952,2952,2952,2952,0,0.0,0,0.0,0,0.0,4,17,2018-10-25 13:51:00
20181025 13:53,2952,2952,2952,2952,0,0.0,0,0.0,0,0.0,2,8,2018-10-25 13:53:00
20181025 13:54,2952,2952,2952,2952,0,0.0,0,0.0,0,0.0,1,4,2018-10-25 13:54:00
20181025 13:55,2952,2952,2952,2952,0,0.0,0,0.0,0,0.0,4,16,2018-10-25 13:55:00
20181025 13:57,2952,2952,2952,2952,0,0.0,0,0.0,0,0.0,1,4,2018-10-25 13:57:00
20181025 14:00,2952,2952,2952,2952,0,0.0,0,0.0,0,0.0,2,5,2018-10-25 14:00:00
20181025 14:01,2952,2952,2952,2952,0,0.0,0,0.0,0,0.0,2,9,2018-10-25 14:01:00
20181025 14:02,2952,2952,2952,2952,0,0.0,0,0.0,0,0.0,2,8,2018-10-25 14:02:00
20181025 14:03,2952,2952,2952,2952,0,0.0,0,0.0,0,0.0,1,5,2018-10-25 14:03:00
20181025 14:07,2952,2952,2952,2952,0,0.0,0,0.0,0,0.0,2,5,2018-10-25 14:07:00
20181025 14:10,2952,2952,2952,2952,0,0.0,0,0.0,0,0.0,1,4,2018-10-25 14:10:00
20181025 14:15,2952,2952,2952,2952,0,0.0,0,0.0,0,0.0,1,4,2018-10-25 14:15:00
20181025 14:17,2952,2952,2952,2952,0,0.0,0,0.0,0,0.0,2,2,2018-10-25 14:17:00
20181025 14:18,2952,2952,2952,2952,0,0.0,0,0.0,0,0.0,2,2,2018-10-25 14:18:00
20181025 14:19,2952,2952,2952,2952,0,0.0,0,0.0,0,0.0,13,12,2018-10-25 14:19:00
20181025 14:20,2952,2952,2952,2952,0,0.0,0,0.0,0,0.0,12,3,2018-10-25 14:20:00
20181025 14:22,2952,2952,2952,2952,0,0.0,0,0.0,0,0.0,4,1,2018-10-25 14:22:00
20181025 14:24,2952,2952,2952,2952,0,0.0,0,0.0,0,0.0,9,3,2018-10-25 14:24:00
20181025 14:26,2952,2952,2952,2952,0,0.0,0,0.0,0,0.0,5,1,2018-10-25 14:26:00
20181025 14:27,2952,2952,2952,2952,0,0.0,0,0.0,0,0.0,8,2,2018-10-25 14:27:00
20181025 14:29,2952,2952,2952,2952,0,0.0,0,0.0,0,0.0,1,1,2018-10-25 14:29:00
20181025 14:30,2952,2952,2952,2952,0,0.0,0,0.0,0,0.0,13,4,2018-10-25 14:30:00
20181025 14:31,2952,2952,2952,2952,0,0.0,0,0.0,0,0.0,52,40,2018-10-25 14:31:00
20181025 14:32,2952,2952,2952,2952,0,0.0,0,0.0,0,0.0,43,14,2018-10-25 14:32:00
20181025 14:33,2952,2952,2952,2952,0,0.0,0,0.0,0,0.0,11,4,2018-10-25 14:33:00
20181025 14:34,2952,2952,2952,2952,0,0.0,0,0.0,0,0.0,4,1,2018-10-25 14:34:00
20181025 14:35,2952,2952,2952,2952,0,0.0,0,0.0,0,0.0,8,2,2018-10-25 14:35:00
20181025 14:36,2952,2952,2952,2952,0,0.0,0,0.0,0,0.0,8,2,2018-10-25 14:36:00
20181025 14:37,2952,2952,2952,2952,0,0.0,0,0.0,0,0.0,4,1,2018-10-25 14:37:00
20181025 14:38,2952,2952,2952,2952,0,0.0,0,0.0,0,0.0,16,7,2018-10-25 14:38:00
20181025 14:39,2952,2952,2952,2952,0,0.0,0,0.0,0,0.0,5,2,2018-10-25 14:39:00
20181025 14:40,2952,2952,2952,2952,0,0.0,0,0.0,0,0.0,4,7,2018-10-25 14:40:00
20181025 14:41,2952,2952,2952,2952,0,0.0,0,0.0,0,0.0,3,12,2018-10-25 14:41:00
20181025 14:42,2952,2952,2952,2952,0,0.0,0,0.0,0,0.0,1,4,2018-10-25 14:42:00
20181025 14:45,2952,2952,2952,2952,0,0.0,0,0.0,0,0.0,2,5,2018-10-25 14:45:00
20181025 14:46,2952,2952,2952,2952,0,0.0,0,0.0,0,0.0,4,16,2018-10-25 14:46:00
20181025 14:47,2952,2952,2952,2952,0,0.0,0,0.0,0,0.0,3,9,2018-10-25 14:47:00
20181025 14:48,2952,2952,2952,2952,0,0.0,0,0.0,0,0.0,17,17,2018-10-25 14:48:00
20181025 14:49,2952,2952,2952,2952,0,0.0,0,0.0,0,0.0,18,21,2018-10-25 14:49:00
20181025 14:50,2952,2952,2952,2952,0,0.0,0,0.0,0,0.0,2,2,2018-10-25 14:50:00
20181025 14:51,2952,2952,2952,2952,0,0.0,0,0.0,0,0.0,2,6,2018-10-25 14:51:00
20181025 14:52,2952,2952,2952,2952,0,0.0,0,0.0,0,0.0,5,8,2018-10-25 14:52:00
20181025 14:53,2952,2952,2952,2952,0,0.0,0,0.0,0,0.0,1,4,2018-10-25 14:53:00
20181025 14:54,2952,2952,2952,2952,0,0.0,0,0.0,0,0.0,11,17,2018-10-25 14:54:00
20181025 14:55,2952,2952,2952,2952,0,0.0,0,0.0,0,0.0,4,4,2018-10-25 14:55:00
20181025 14:56,2952,2952,2952,2952,0,0.0,0,0.0,0,0.0,8,5,2018-10-25 14:56:00
20181025 14:59,2952,2952,2952,2952,0,0.0,0,0.0,0,0.0,6,5,2018-10-25 14:59:00
20181025 15:00,2952,2952,2952,2952,0,0.0,0,0.0,0,0.0,1,1,2018-10-25 15:00:00
20181025 21:00,2857,2857,2857,2857,0,0.0,0,0.0,0,0.0,82,84,2018-10-25 21:00:00
20181025 21:01,2857,2857,2857,2857,0,0.0,0,0.0,0,0.0,116,46,2018-10-25 21:01:00
20181025 21:02,2857,2857,2857,2857,0,0.0,0,0.0,0,0.0,76,24,2018-10-25 21:02:00
20181025 21:03,2857,2857,2857,2857,0,0.0,0,0.0,0,0.0,33,11,2018-10-25 21:03:00
20181025 21:04,2857,2857,2857,2857,0,0.0,0,0.0,0,0.0,4,1,2018-10-25 21:04:00
20181025 21:05,2857,2857,2857,2857,0,0.0,0,0.0,0,0.0,8,2,2018-10-25 21:05:00
20181025 21:07,2857,2857,2857,2857,0,0.0,0,0.0,0,0.0,4,1,2018-10-25 21:07:00
20181025 21:08,2857,2857,2857,2857,0,0.0,0,0.0,0,0.0,4,1,2018-10-25 21:08:00
20181025 21:09,2857,2857,2857,2857,0,0.0,0,0.0,0,0.0,8,2,2018-10-25 21:09:00
20181025 21:10,2857,2857,2857,2857,0,0.0,0,0.0,0,0.0,4,1,2018-10-25 21:10:00
20181025 21:11,2857,2857,2857,2857,0,0.0,0,0.0,0,0.0,5,2,2018-10-25 21:11:00
20181025 21:15,2857,2857,2857,2857,0,0.0,0,0.0,0,0.0,4,1,2018-10-25 21:15:00
20181025 21:18,2857,2857,2857,2857,0,0.0,0,0.0,0,0.0,4,1,2018-10-25 21:18:00
20181025 21:19,2857,2857,2857,2857,0,0.0,0,0.0,0,0.0,4,1,2018-10-25 21:19:00
20181025 21:21,2857,2857,2857,2857,0,0.0,0,0.0,0,0.0,5,2,2018-10-25 21:21:00
20181025 21:22,2857,2857,2857,2857,0,0.0,0,0.0,0,0.0,4,1,2018-10-25 21:22:00
20181025 21:23,2857,2857,2857,2857,0,0.0,0,0.0,0,0.0,4,1,2018-10-25 21:23:00
20181025 21:24,2857,2857,2857,2857,0,0.0,0,0.0,0,0.0,8,2,2018-10-25 21:24:00
20181025 21:25,2857,2857,2857,2857,0,0.0,0,0.0,0,0.0,9,3,2018-10-25 21:25:00
20181025 21:26,2857,2857,2857,2857,0,0.0,0,0.0,0,0.0,18,4,2018-10-25 21:26:00
20181025 21:27,2857,2857,2857,2857,0,0.0,0,0.0,0,0.0,14,4,2018-10-25 21:27:00
20181025 21:28,2857,2857,2857,2857,0,0.0,0,0.0,0,0.0,9,3,2018-10-25 21:28:00
20181025 21:29,2857,2857,2857,2857,0,0.0,0,0.0,0,0.0,4,1,2018-10-25 21:29:00
20181025 21:30,2857,2857,2857,2857,0,0.0,0,0.0,0,0.0,4,1,2018-10-25 21:30:00
20181025 21:31,2857,2857,2857,2857,0,0.0,0,0.0,0,0.0,8,2,2018-10-25 21:31:00
20181025 21:32,2857,2857,2857,2857,0,0.0,0,0.0,0,0.0,8,2,2018-10-25 21:32:00
20181025 21:33,2857,2857,2857,2857,0,0.0,0,0.0,0,0.0,16,4,2018-10-25 21:33:00
20181025 21:34,2857,2857,2857,2857,0,0.0,0,0.0,0,0.0,4,1,2018-10-25 21:34:00
20181025 21:35,2857,2857,2857,2857,0,0.0,0,0.0,0,0.0,4,1,2018-10-25 21:35:00
20181025 21:38,2857,2857,2857,2857,0,0.0,0,0.0,0,0.0,9,3,2018-10-25 21:38:00
20181025 21:41,2857,2857,2857,2857,0,0.0,0,0.0,0,0.0,8,2,2018-10-25 21:41:00
20181025 21:42,2857,2857,2857,2857,0,0.0,0,0.0,0,0.0,12,3,2018-10-25 21:42:00
20181025 21:43,2857,2857,2857,2857,0,0.0,0,0.0,0,0.0,9,3,2018-10-25 21:43:00
20181025 21:44,2857,2857,2857,2857,0,0.0,0,0.0,0,0.0,12,3,2018-10-25 21:44:00
20181025 21:45,2857,2857,2857,2857,0,0.0,0,0.0,0,0.0,4,1,2018-10-25 21:45:00
20181025 21:46,2857,2857,2857,2857,0,0.0,0,0.0,0,0.0,12,3,2018-10-25 21:46:00
20181025 21:48,2857,2857,2857,2857,0,0.0,0,0.0,0,0.0,4,1,2018-10-25 21:48:00
20181025 21:50,2857,2857,2857,2857,0,0.0,0,0.0,0,0.0,24,6,2018-10-25 21:50:00
20181025 21:53,2857,2857,2857,2857,0,0.0,0,0.0,0,0.0,9,3,2018-10-25 21:53:00
20181025 21:58,2857,2857,2857,2857,0,0.0,0,0.0,0,0.0,8,2,2018-10-25 21:58:00
20181025 21:59,2857,2857,2857,2857,0,0.0,0,0.0,0,0.0,12,3,2018-10-25 21:59:00
20181025 22:00,2857,2857,2857,2857,0,0.0,0,0.0,0,0.0,4,1,2018-10-25 22:00:00
20181025 22:01,2857,2857,2857,2857,0,0.0,0,0.0,0,0.0,14,4,2018-10-25 22:01:00
20181025 22:02,2857,2857,2857,2857,0,0.0,0,0.0,0,0.0,8,2,2018-10-25 22:02:00
20181025 22:05,2857,2857,2857,2857,0,0.0,0,0.0,0,0.0,8,2,2018-10-25 22:05:00
20181025 22:09,2857,2857,2857,2857,0,0.0,0,0.0,0,0.0,12,3,2018-10-25 22:09:00
20181025 22:10,2857,2857,2857,2857,0,0.0,0,0.0,0,0.0,4,1,2018-10-25 22:10:00
20181025 22:11,2857,2857,2857,2857,0,0.0,0,0.0,0,0.0,5,2,2018-10-25 22:11:00
20181025 22:14,2857,2857,2857,2857,0,0.0,0,0.0,0,0.0,8,2,2018-10-25 22:14:00
20181025 22:15,2857,2857,2857,2857,0,0.0,0,0.0,0,0.0,8,2,2018-10-25 22:15:00
20181025 22:16,2857,2857,2857,2857,0,0.0,0,0.0,0,0.0,4,1,2018-10-25 22:16:00
20181025 22:17,2857,2857,2857,2857,0,0.0,0,0.0,0,0.0,16,4,2018-10-25 22:17:00
20181025 22:18,2857,2857,2857,2857,0,0.0,0,0.0,0,0.0,12,3,2018-10-25 22:18:00
20181025 22:19,2857,2857,2857,2857,0,0.0,0,0.0,0,0.0,4,1,2018-10-25 22:19:00
20181025 22:21,2857,2857,2857,2857,0,0.0,0,0.0,0,0.0,5,2,2018-10-25 22:21:00
20181025 22:23,2857,2857,2857,2857,0,0.0,0,0.0,0,0.0,4,1,2018-10-25 22:23:00
20181025 22:24,2857,2857,2857,2857,0,0.0,0,0.0,0,0.0,17,4,2018-10-25 22:24:00
20181025 22:25,2857,2857,2857,2857,0,0.0,0,0.0,0,0.0,16,4,2018-10-25 22:25:00
20181025 22:26,2857,2857,2857,2857,0,0.0,0,0.0,0,0.0,8,2,2018-10-25 22:26:00
20181025 22:29,2857,2857,2857,2857,0,0.0,0,0.0,0,0.0,16,4,2018-10-25 22:29:00
20181025 22:30,2857,2857,2857,2857,0,0.0,0,0.0,0,0.0,9,3,2018-10-25 22:30:00
20181025 22:34,2857,2857,2857,2857,0,0.0,0,0.0,0,0.0,4,1,2018-10-25 22:34:00
20181025 22:35,2857,2857,2857,2857,0,0.0,0,0.0,0,0.0,4,1,2018-10-25 22:35:00
20181025 22:36,2857,2857,2857,2857,0,0.0,0,0.0,0,0.0,20,5,2018-10-25 22:36:00
20181025 22:37,2857,2857,2857,2857,0,0.0,0,0.0,0,0.0,26,7,2018-10-25 22:37:00
20181025 22:38,2857,2857,2857,2857,0,0.0,0,0.0,0,0.0,16,4,2018-10-25 22:38:00
20181025 22:39,2857,2857,2857,2857,0,0.0,0,0.0,0,0.0,4,1,2018-10-25 22:39:00
20181025 22:40,2857,2857,2857,2857,0,0.0,0,0.0,0,0.0,12,3,2018-10-25 22:40:00
20181025 22:41,2857,2857,2857,2857,0,0.0,0,0.0,0,0.0,4,1,2018-10-25 22:41:00
20181025 22:42,2857,2857,2857,2857,0,0.0,0,0.0,0,0.0,8,2,2018-10-25 22:42:00
20181025 22:47,2857,2857,2857,2857,0,0.0,0,0.0,0,0.0,5,2,2018-10-25 22:47:00
20181025 22:50,2857,2857,2857,2857,0,0.0,0,0.0,0,0.0,12,3,2018-10-25 22:50:00
20181025 22:51,2857,2857,2857,2857,0,0.0,0,0.0,0,0.0,17,5,2018-10-25 22:51:00
20181025 22:52,2857,2857,2857,2857,0,0.0,0,0.0,0,0.0,48,12,2018-10-25 22:52:00
20181025 22:53,2857,2857,2857,2857,0,0.0,0,0.0,0,0.0,24,6,2018-10-25 22:53:00
20181025 22:55,2857,2857,2857,2857,0,0.0,0,0.0,0,0.0,12,3,2018-10-25 22:55:00
20181025 22:56,2857,2857,2857,2857,0,0.0,0,0.0,0,0.0,4,1,2018-10-25 22:56:00
20181025 22:57,2857,2857,2857,2857,0,0.0,0,0.0,0,0.0,4,1,2018-10-25 22:57:00
20181025 22:59,2857,2857,2857,2857,0,0.0,0,0.0,0,0.0,8,2,2018-10-25 22:59:00
20181025 23:01,2857,2857,2857,2857,0,0.0,0,0.0,0,0.0,5,2,2018-10-25 23:01:00
20181025 23:05,2857,2857,2857,2857,0,0.0,0,0.0,0,0.0,4,1,2018-10-25 23:05:00
20181025 23:10,2857,2857,2857,2857,0,0.0,0,0.0,0,0.0,4,1,2018-10-25 23:10:00
20181025 23:11,2857,2857,2857,2857,0,0.0,0,0.0,0,0.0,5,2,2018-10-25 23:11:00
20181025 23:21,2857,2857,2857,2857,0,0.0,0,0.0,0,0.0,5,2,2018-10-25 23:21:00
20181025 23:29,2857,2857,2857,2857,0,0.0,0,0.0,0,0.0,1,1,2018-10-25 23:29:00
20181026 09:00,2857,2857,2857,2857,0,0.0,0,0.0,0,0.0,4,1,2018-10-26 09:00:00
20181026 09:02,2857,2857,2857,2857,0,0.0,0,0.0,0,0.0,8,2,2018-10-26 09:02:00
20181026 09:07,2857,2857,2857,2857,0,0.0,0,0.0,0,0.0,8,2,2018-10-26 09:07:00
20181026 09:08,2857,2857,2857,2857,0,0.0,0,0.0,0,0.0,4,1,2018-10-26 09:08:00
20181026 09:10,2857,2857,2857,2857,0,0.0,0,0.0,0,0.0,9,3,2018-10-26 09:10:00
20181026 09:11,2857,2857,2857,2857,0,0.0,0,0.0,0,0.0,8,2,2018-10-26 09:11:00
20181026 09:12,2857,2857,2857,2857,0,0.0,0,0.0,0,0.0,8,2,2018-10-26 09:12:00
20181026 09:13,2857,2857,2857,2857,0,0.0,0,0.0,0,0.0,8,2,2018-10-26 09:13:00
20181026 09:14,2857,2857,2857,2857,0,0.0,0,0.0,0,0.0,16,4,2018-10-26 09:14:00
20181026 09:16,2857,2857,2857,2857,0,0.0,0,0.0,0,0.0,12,3,2018-10-26 09:16:00
20181026 09:17,2857,2857,2857,2857,0,0.0,0,0.0,0,0.0,16,4,2018-10-26 09:17:00
20181026 09:20,2857,2857,2857,2857,0,0.0,0,0.0,0,0.0,14,4,2018-10-26 09:20:00
20181026 09:22,2857,2857,2857,2857,0,0.0,0,0.0,0,0.0,8,2,2018-10-26 09:22:00
20181026 09:26,2857,2857,2857,2857,0,0.0,0,0.0,0,0.0,4,1,2018-10-26 09:26:00
20181026 09:29,2857,2857,2857,2857,0,0.0,0,0.0,0,0.0,8,2,2018-10-26 09:29:00
20181026 09:32,2857,2857,2857,2857,0,0.0,0,0.0,0,0.0,5,2,2018-10-26 09:32:00
20181026 09:36,2857,2857,2857,2857,0,0.0,0,0.0,0,0.0,8,2,2018-10-26 09:36:00
20181026 09:38,2857,2857,2857,2857,0,0.0,0,0.0,0,0.0,5,1,2018-10-26 09:38:00
20181026 09:39,2857,2857,2857,2857,0,0.0,0,0.0,0,0.0,5,1,2018-10-26 09:39:00
20181026 09:40,2857,2857,2857,2857,0,0.0,0,0.0,0,0.0,25,6,2018-10-26 09:40:00
20181026 09:41,2857,2857,2857,2857,0,0.0,0,0.0,0,0.0,25,6,2018-10-26 09:41:00
20181026 09:42,2857,2857,2857,2857,0,0.0,0,0.0,0,0.0,8,2,2018-10-26 09:42:00
20181026 09:44,2857,2857,2857,2857,0,0.0,0,0.0,0,0.0,8,2,2018-10-26 09:44:00
20181026 09:45,2857,2857,2857,2857,0,0.0,0,0.0,0,0.0,4,1,2018-10-26 09:45:00
20181026 09:46,2857,2857,2857,2857,0,0.0,0,0.0,0,0.0,4,1,2018-10-26 09:46:00
20181026 09:50,2857,2857,2857,2857,0,0.0,0,0.0,0,0.0,5,2,2018-10-26 09:50:00
20181026 09:51,2857,2857,2857,2857,0,0.0,0,0.0,0,0.0,8,2,2018-10-26 09:51:00
20181026 09:52,2857,2857,2857,2857,0,0.0,0,0.0,0,0.0,4,1,2018-10-26 09:52:00
20181026 09:53,2857,2857,2857,2857,0,0.0,0,0.0,0,0.0,4,1,2018-10-26 09:53:00
20181026 09:55,2857,2857,2857,2857,0,0.0,0,0.0,0,0.0,4,1,2018-10-26 09:55:00
20181026 09:57,2857,2857,2857,2857,0,0.0,0,0.0,0,0.0,5,2,2018-10-26 09:57:00
20181026 09:58,2857,2857,2857,2857,0,0.0,0,0.0,0,0.0,4,1,2018-10-26 09:58:00
20181026 10:01,2857,2857,2857,2857,0,0.0,0,0.0,0,0.0,4,1,2018-10-26 10:01:00
20181026 10:02,2857,2857,2857,2857,0,0.0,0,0.0,0,0.0,9,3,2018-10-26 10:02:00
20181026 10:03,2857,2857,2857,2857,0,0.0,0,0.0,0,0.0,4,1,2018-10-26 10:03:00
20181026 10:06,2857,2857,2857,2857,0,0.0,0,0.0,0,0.0,4,1,2018-10-26 10:06:00
20181026 10:09,2857,2857,2857,2857,0,0.0,0,0.0,0,0.0,4,1,2018-10-26 10:09:00
20181026 10:12,2857,2857,2857,2857,0,0.0,0,0.0,0,0.0,5,2,2018-10-26 10:12:00
20181026 10:14,2857,2857,2857,2857,0,0.0,0,0.0,0,0.0,1,1,2018-10-26 10:14:00
20181026 10:30,2857,2857,2857,2857,0,0.0,0,0.0,0,0.0,4,1,2018-10-26 10:30:00
20181026 10:32,2857,2857,2857,2857,0,0.0,0,0.0,0,0.0,4,1,2018-10-26 10:32:00
20181026 10:33,2857,2857,2857,2857,0,0.0,0,0.0,0,0.0,4,1,2018-10-26 10:33:00
20181026 10:34,2857,2857,2857,2857,0,0.0,0,0.0,0,0.0,32,8,2018-10-26 10:34:00
20181026 10:35,2857,2857,2857,2857,0,0.0,0,0.0,0,0.0,4,1,2018-10-26 10:35:00
20181026 10:39,2857,2857,2857,2857,0,0.0,0,0.0,0,0.0,24,6,2018-10-26 10:39:00
20181026 10:40,2857,2857,2857,2857,0,0.0,0,0.0,0,0.0,22,6,2018-10-26 10:40:00
20181026 10:41,2857,2857,2857,2857,0,0.0,0,0.0,0,0.0,12,3,2018-10-26 10:41:00
20181026 10:42,2857,2857,2857,2857,0,0.0,0,0.0,0,0.0,30,7,2018-10-26 10:42:00
20181026 10:43,2857,2857,2857,2857,0,0.0,0,0.0,0,0.0,12,3,2018-10-26 10:43:00
20181026 10:44,2857,2857,2857,2857,0,0.0,0,0.0,0,0.0,8,2,2018-10-26 10:44:00
20181026 10:45,2857,2857,2857,2857,0,0.0,0,0.0,0,0.0,17,4,2018-10-26 10:45:00
20181026 10:47,2857,2857,2857,2857,0,0.0,0,0.0,0,0.0,17,4,2018-10-26 10:47:00
20181026 10:48,2857,2857,2857,2857,0,0.0,0,0.0,0,0.0,9,2,2018-10-26 10:48:00
20181026 10:49,2857,2857,2857,2857,0,0.0,0,0.0,0,0.0,24,6,2018-10-26 10:49:00
20181026 10:50,2857,2857,2857,2857,0,0.0,0,0.0,0,0.0,4,1,2018-10-26 10:50:00
20181026 10:54,2857,2857,2857,2857,0,0.0,0,0.0,0,0.0,4,1,2018-10-26 10:54:00
20181026 10:55,2857,2857,2857,2857,0,0.0,0,0.0,0,0.0,8,2,2018-10-26 10:55:00
20181026 10:56,2857,2857,2857,2857,0,0.0,0,0.0,0,0.0,8,2,2018-10-26 10:56:00
20181026 10:57,2857,2857,2857,2857,0,0.0,0,0.0,0,0.0,8,2,2018-10-26 10:57:00
20181026 11:00,2857,2857,2857,2857,0,0.0,0,0.0,0,0.0,5,2,2018-10-26 11:00:00
20181026 11:02,2857,2857,2857,2857,0,0.0,0,0.0,0,0.0,4,1,2018-10-26 11:02:00
20181026 11:10,2857,2857,2857,2857,0,0.0,0,0.0,0,0.0,5,2,2018-10-26 11:10:00
20181026 11:13,2857,2857,2857,2857,0,0.0,0,0.0,0,0.0,4,1,2018-10-26 11:13:00
20181026 11:20,2857,2857,2857,2857,0,0.0,0,0.0,0,0.0,5,2,2018-10-26 11:20:00
20181026 11:24,2857,2857,2857,2857,0,0.0,0,0.0,0,0.0,4,1,2018-10-26 11:24:00
20181026 11:26,2857,2857,2857,2857,0,0.0,0,0.0,0,0.0,4,1,2018-10-26 11:26:00
20181026 11:27,2857,2857,2857,2857,0,0.0,0,0.0,0,0.0,4,1,2018-10-26 11:27:00
20181026 11:29,2857,2857,2857,2857,0,0.0,0,0.0,0,0.0,1,1,2018-10-26 11:29:00
20181026 13:30,2857,2857,2857,2857,0,0.0,0,0.0,0,0.0,4,1,2018-10-26 13:30:00
20181026 13:33,2857,2857,2857,2857,0,0.0,0,0.0,0,0.0,4,1,2018-10-26 13:33:00
20181026 13:34,2857,2857,2857,2857,0,0.0,0,0.0,0,0.0,8,2,2018-10-26 13:34:00
20181026 13:35,2857,2857,2857,2857,0,0.0,0,0.0,0,0.0,49,12,2018-10-26 13:35:00
20181026 13:37,2857,2857,2857,2857,0,0.0,0,0.0,0,0.0,17,5,2018-10-26 13:37:00
20181026 13:38,2857,2857,2857,2857,0,0.0,0,0.0,0,0.0,15,3,2018-10-26 13:38:00
20181026 13:39,2857,2857,2857,2857,0,0.0,0,0.0,0,0.0,4,1,2018-10-26 13:39:00
20181026 13:43,2857,2857,2857,2857,0,0.0,0,0.0,0,0.0,16,4,2018-10-26 13:43:00
20181026 13:45,2857,2857,2857,2857,0,0.0,0,0.0,0,0.0,8,2,2018-10-26 13:45:00
20181026 13:48,2857,2857,2857,2857,0,0.0,0,0.0,0,0.0,12,3,2018-10-26 13:48:00
20181026 13:49,2857,2857,2857,2857,0,0.0,0,0.0,0,0.0,5,2,2018-10-26 13:49:00
20181026 13:58,2857,2857,2857,2857,0,0.0,0,0.0,0,0.0,4,1,2018-10-26 13:58:00
20181026 14:00,2857,2857,2857,2857,0,0.0,0,0.0,0,0.0,8,2,2018-10-26 14:00:00
20181026 14:07,2857,2857,2857,2857,0,0.0,0,0.0,0,0.0,8,2,2018-10-26 14:07:00
20181026 14:08,2857,2857,2857,2857,0,0.0,0,0.0,0,0.0,26,8,2018-10-26 14:08:00
20181026 14:18,2857,2857,2857,2857,0,0.0,0,0.0,0,0.0,10,3,2018-10-26 14:18:00
20181026 14:19,2857,2857,2857,2857,0,0.0,0,0.0,0,0.0,4,1,2018-10-26 14:19:00
20181026 14:21,2857,2857,2857,2857,0,0.0,0,0.0,0,0.0,4,1,2018-10-26 14:21:00
20181026 14:22,2857,2857,2857,2857,0,0.0,0,0.0,0,0.0,4,1,2018-10-26 14:22:00
20181026 14:23,2857,2857,2857,2857,0,0.0,0,0.0,0,0.0,4,1,2018-10-26 14:23:00
20181026 14:24,2857,2857,2857,2857,0,0.0,0,0.0,0,0.0,4,1,2018-10-26 14:24:00
20181026 14:28,2857,2857,2857,2857,0,0.0,0,0.0,0,0.0,9,3,2018-10-26 14:28:00
20181026 14:29,2857,2857,2857,2857,0,0.0,0,0.0,0,0.0,4,1,2018-10-26 14:29:00
20181026 14:30,2857,2857,2857,2857,0,0.0,0,0.0,0,0.0,4,1,2018-10-26 14:30:00
20181026 14:31,2857,2857,2857,2857,0,0.0,0,0.0,0,0.0,8,2,2018-10-26 14:31:00
20181026 14:32,2857,2857,2857,2857,0,0.0,0,0.0,0,0.0,10,2,2018-10-26 14:32:00
20181026 14:38,2857,2857,2857,2857,0,0.0,0,0.0,0,0.0,5,2,2018-10-26 14:38:00
20181026 14:39,2857,2857,2857,2857,0,0.0,0,0.0,0,0.0,8,2,2018-10-26 14:39:00
20181026 14:44,2857,2857,2857,2857,0,0.0,0,0.0,0,0.0,4,1,2018-10-26 14:44:00
20181026 14:45,2857,2857,2857,2857,0,0.0,0,0.0,0,0.0,8,2,2018-10-26 14:45:00
20181026 14:46,2857,2857,2857,2857,0,0.0,0,0.0,0,0.0,5,2,2018-10-26 14:46:00
20181026 14:50,2857,2857,2857,2857,0,0.0,0,0.0,0,0.0,17,4,2018-10-26 14:50:00
20181026 14:51,2857,2857,2857,2857,0,0.0,0,0.0,0,0.0,9,2,2018-10-26 14:51:00
20181026 14:55,2857,2857,2857,2857,0,0.0,0,0.0,0,0.0,4,1,2018-10-26 14:55:00
20181026 14:56,2857,2857,2857,2857,0,0.0,0,0.0,0,0.0,17,5,2018-10-26 14:56:00
20181026 14:57,2857,2857,2857,2857,0,0.0,0,0.0,0,0.0,12,3,2018-10-26 14:57:00
20181026 14:59,2857,2857,2857,2857,0,0.0,0,0.0,0,0.0,5,2,2018-10-26 14:59:00
20181026 15:00,2857,2857,2857,2857,0,0.0,0,0.0,0,0.0,1,1,2018-10-26 15:00:00
20181026 21:00,2857,2857,2857,2857,0,0.0,0,0.0,0,0.0,96,96,2018-10-26 21:00:00
20181026 21:01,2857,2857,2857,2857,0,0.0,0,0.0,0,0.0,42,46,2018-10-26 21:01:00
20181026 21:05,2857,2857,2857,2857,0,0.0,0,0.0,0,0.0,23,26,2018-10-26 21:05:00
20181026 21:06,2857,2857,2857,2857,0,0.0,0,0.0,0,0.0,8,5,2018-10-26 21:06:00
20181026 21:08,2857,2857,2857,2857,0,0.0,0,0.0,0,0.0,4,4,2018-10-26 21:08:00
20181026 21:10,2857,2857,2857,2857,0,0.0,0,0.0,0,0.0,16,18,2018-10-26 21:10:00
20181026 21:11,2857,2857,2857,2857,0,0.0,0,0.0,0,0.0,24,27,2018-10-26 21:11:00
20181026 21:12,2857,2857,2857,2857,0,0.0,0,0.0,0,0.0,8,9,2018-10-26 21:12:00
20181026 21:13,2857,2857,2857,2857,0,0.0,0,0.0,0,0.0,16,18,2018-10-26 21:13:00
20181026 21:14,2857,2857,2857,2857,0,0.0,0,0.0,0,0.0,8,9,2018-10-26 21:14:00
20181026 21:15,2857,2857,2857,2857,0,0.0,0,0.0,0,0.0,25,30,2018-10-26 21:15:00
20181026 21:17,2857,2857,2857,2857,0,0.0,0,0.0,0,0.0,20,19,2018-10-26 21:17:00
20181026 21:18,2857,2857,2857,2857,0,0.0,0,0.0,0,0.0,28,32,2018-10-26 21:18:00
20181026 21:19,2857,2857,2857,2857,0,0.0,0,0.0,0,0.0,4,4,2018-10-26 21:19:00
20181026 21:25,2857,2857,2857,2857,0,0.0,0,0.0,0,0.0,17,24,2018-10-26 21:25:00
20181026 21:26,2857,2857,2857,2857,0,0.0,0,0.0,0,0.0,4,4,2018-10-26 21:26:00
20181026 21:27,2857,2857,2857,2857,0,0.0,0,0.0,0,0.0,8,5,2018-10-26 21:27:00
20181026 21:28,2857,2857,2857,2857,0,0.0,0,0.0,0,0.0,8,9,2018-10-26 21:28:00
20181026 21:31,2857,2857,2857,2857,0,0.0,0,0.0,0,0.0,5,8,2018-10-26 21:31:00
20181026 21:37,2857,2857,2857,2857,0,0.0,0,0.0,0,0.0,28,32,2018-10-26 21:37:00
20181026 21:38,2857,2857,2857,2857,0,0.0,0,0.0,0,0.0,16,14,2018-10-26 21:38:00
20181026 21:39,2857,2857,2857,2857,0,0.0,0,0.0,0,0.0,8,9,2018-10-26 21:39:00
20181026 21:40,2857,2857,2857,2857,0,0.0,0,0.0,0,0.0,8,9,2018-10-26 21:40:00
20181026 21:41,2857,2857,2857,2857,0,0.0,0,0.0,0,0.0,5,8,2018-10-26 21:41:00
20181026 21:46,2857,2857,2857,2857,0,0.0,0,0.0,0,0.0,9,8,2018-10-26 21:46:00
20181026 21:47,2857,2857,2857,2857,0,0.0,0,0.0,0,0.0,32,36,2018-10-26 21:47:00
20181026 21:48,2857,2857,2857,2857,0,0.0,0,0.0,0,0.0,25,27,2018-10-26 21:48:00
20181026 21:58,2857,2857,2857,2857,0,0.0,0,0.0,0,0.0,13,13,2018-10-26 21:58:00
20181026 22:00,2857,2857,2857,2857,0,0.0,0,0.0,0,0.0,8,9,2018-10-26 22:00:00
20181026 22:04,2857,2857,2857,2857,0,0.0,0,0.0,0,0.0,40,46,2018-10-26 22:04:00
20181026 22:05,2857,2857,2857,2857,0,0.0,0,0.0,0,0.0,43,39,2018-10-26 22:05:00
20181026 22:06,2857,2857,2857,2857,0,0.0,0,0.0,0,0.0,14,12,2018-10-26 22:06:00
20181026 22:07,2857,2857,2857,2857,0,0.0,0,0.0,0,0.0,9,12,2018-10-26 22:07:00
20181026 22:08,2857,2857,2857,2857,0,0.0,0,0.0,0,0.0,8,5,2018-10-26 22:08:00
20181026 22:09,2857,2857,2857,2857,0,0.0,0,0.0,0,0.0,16,18,2018-10-26 22:09:00
20181026 22:10,2857,2857,2857,2857,0,0.0,0,0.0,0,0.0,8,9,2018-10-26 22:10:00
20181026 22:17,2857,2857,2857,2857,0,0.0,0,0.0,0,0.0,5,8,2018-10-26 22:17:00
20181026 22:18,2857,2857,2857,2857,0,0.0,0,0.0,0,0.0,8,5,2018-10-26 22:18:00
20181026 22:22,2857,2857,2857,2857,0,0.0,0,0.0,0,0.0,4,5,2018-10-26 22:22:00
20181026 22:23,2857,2857,2857,2857,0,0.0,0,0.0,0,0.0,8,5,2018-10-26 22:23:00
20181026 22:27,2857,2857,2857,2857,0,0.0,0,0.0,0,0.0,5,8,2018-10-26 22:27:00
20181026 22:33,2857,2857,2857,2857,0,0.0,0,0.0,0,0.0,8,5,2018-10-26 22:33:00
20181026 22:35,2857,2857,2857,2857,0,0.0,0,0.0,0,0.0,5,8,2018-10-26 22:35:00
20181026 22:40,2857,2857,2857,2857,0,0.0,0,0.0,0,0.0,4,4,2018-10-26 22:40:00
20181026 22:45,2857,2857,2857,2857,0,0.0,0,0.0,0,0.0,6,12,2018-10-26 22:45:00
20181026 22:46,2857,2857,2857,2857,0,0.0,0,0.0,0,0.0,14,16,2018-10-26 22:46:00
20181026 22:50,2857,2857,2857,2857,0,0.0,0,0.0,0,0.0,12,10,2018-10-26 22:50:00
20181026 22:56,2857,2857,2857,2857,0,0.0,0,0.0,0,0.0,17,18,2018-10-26 22:56:00
20181026 22:57,2857,2857,2857,2857,0,0.0,0,0.0,0,0.0,8,5,2018-10-26 22:57:00
20181026 22:58,2857,2857,2857,2857,0,0.0,0,0.0,0,0.0,4,5,2018-10-26 22:58:00
20181026 22:59,2857,2857,2857,2857,0,0.0,0,0.0,0,0.0,12,9,2018-10-26 22:59:00
20181026 23:00,2857,2857,2857,2857,0,0.0,0,0.0,0,0.0,8,2,2018-10-26 23:00:00
20181026 23:01,2857,2857,2857,2857,0,0.0,0,0.0,0,0.0,12,13,2018-10-26 23:01:00
20181026 23:06,2857,2857,2857,2857,0,0.0,0,0.0,0,0.0,13,19,2018-10-26 23:06:00
20181026 23:07,2857,2857,2857,2857,0,0.0,0,0.0,0,0.0,9,5,2018-10-26 23:07:00
20181026 23:10,2857,2857,2857,2857,0,0.0,0,0.0,0,0.0,16,7,2018-10-26 23:10:00
20181026 23:11,2857,2857,2857,2857,0,0.0,0,0.0,0,0.0,8,2,2018-10-26 23:11:00
20181026 23:12,2857,2857,2857,2857,0,0.0,0,0.0,0,0.0,4,1,2018-10-26 23:12:00
20181026 23:13,2857,2857,2857,2857,0,0.0,0,0.0,0,0.0,17,8,2018-10-26 23:13:00
20181026 23:14,2857,2857,2857,2857,0,0.0,0,0.0,0,0.0,4,5,2018-10-26 23:14:00
20181026 23:15,2857,2857,2857,2857,0,0.0,0,0.0,0,0.0,22,22,2018-10-26 23:15:00
20181026 23:16,2857,2857,2857,2857,0,0.0,0,0.0,0,0.0,4,1,2018-10-26 23:16:00
20181026 23:17,2857,2857,2857,2857,0,0.0,0,0.0,0,0.0,4,5,2018-10-26 23:17:00
20181026 23:20,2857,2857,2857,2857,0,0.0,0,0.0,0,0.0,16,4,2018-10-26 23:20:00
20181026 23:23,2857,2857,2857,2857,0,0.0,0,0.0,0,0.0,4,1,2018-10-26 23:23:00
20181026 23:25,2857,2857,2857,2857,0,0.0,0,0.0,0,0.0,9,3,2018-10-26 23:25:00
20181026 23:27,2857,2857,2857,2857,0,0.0,0,0.0,0,0.0,4,5,2018-10-26 23:27:00
20181026 23:28,2857,2857,2857,2857,0,0.0,0,0.0,0,0.0,8,6,2018-10-26 23:28:00
20181026 23:29,2857,2857,2857,2857,0,0.0,0,0.0,0,0.0,3,3,2018-10-26 23:29:00
20181029 09:00,2857,2857,2857,2857,0,0.0,0,0.0,0,0.0,18,8,2018-10-29 09:00:00
20181029 09:02,2857,2857,2857,2857,0,0.0,0,0.0,0,0.0,12,6,2018-10-29 09:02:00
20181029 09:03,2857,2857,2857,2857,0,0.0,0,0.0,0,0.0,8,2,2018-10-29 09:03:00
20181029 09:05,2857,2857,2857,2857,0,0.0,0,0.0,0,0.0,4,1,2018-10-29 09:05:00
20181029 09:07,2857,2857,2857,2857,0,0.0,0,0.0,0,0.0,8,2,2018-10-29 09:07:00
20181029 09:09,2857,2857,2857,2857,0,0.0,0,0.0,0,0.0,4,1,2018-10-29 09:09:00
20181029 09:10,2857,2857,2857,2857,0,0.0,0,0.0,0,0.0,17,4,2018-10-29 09:10:00
20181029 09:11,2857,2857,2857,2857,0,0.0,0,0.0,0,0.0,8,2,2018-10-29 09:11:00
20181029 09:12,2857,2857,2857,2857,0,0.0,0,0.0,0,0.0,5,2,2018-10-29 09:12:00
20181029 09:13,2857,2857,2857,2857,0,0.0,0,0.0,0,0.0,9,2,2018-10-29 09:13:00
20181029 09:14,2857,2857,2857,2857,0,0.0,0,0.0,0,0.0,5,1,2018-10-29 09:14:00
20181029 09:15,2857,2857,2857,2857,0,0.0,0,0.0,0,0.0,29,7,2018-10-29 09:15:00
20181029 09:16,2857,2857,2857,2857,0,0.0,0,0.0,0,0.0,28,7,2018-10-29 09:16:00
20181029 09:17,2857,2857,2857,2857,0,0.0,0,0.0,0,0.0,8,2,2018-10-29 09:17:00
20181029 09:19,2857,2857,2857,2857,0,0.0,0,0.0,0,0.0,12,3,2018-10-29 09:19:00
20181029 09:20,2857,2857,2857,2857,0,0.0,0,0.0,0,0.0,4,1,2018-10-29 09:20:00
20181029 09:21,2857,2857,2857,2857,0,0.0,0,0.0,0,0.0,8,2,2018-10-29 09:21:00
20181029 09:23,2857,2857,2857,2857,0,0.0,0,0.0,0,0.0,13,3,2018-10-29 09:23:00
20181029 09:24,2857,2857,2857,2857,0,0.0,0,0.0,0,0.0,4,1,2018-10-29 09:24:00
20181029 09:25,2857,2857,2857,2857,0,0.0,0,0.0,0,0.0,4,1,2018-10-29 09:25:00
20181029 09:26,2857,2857,2857,2857,0,0.0,0,0.0,0,0.0,5,2,2018-10-29 09:26:00
20181029 09:28,2857,2857,2857,2857,0,0.0,0,0.0,0,0.0,17,4,2018-10-29 09:28:00
20181029 09:31,2857,2857,2857,2857,0,0.0,0,0.0,0,0.0,5,1,2018-10-29 09:31:00
20181029 09:32,2857,2857,2857,2857,0,0.0,0,0.0,0,0.0,18,4,2018-10-29 09:32:00
20181029 09:33,2857,2857,2857,2857,0,0.0,0,0.0,0,0.0,12,3,2018-10-29 09:33:00
20181029 09:34,2857,2857,2857,2857,0,0.0,0,0.0,0,0.0,20,5,2018-10-29 09:34:00
20181029 09:35,2857,2857,2857,2857,0,0.0,0,0.0,0,0.0,14,4,2018-10-29 09:35:00
20181029 09:36,2857,2857,2857,2857,0,0.0,0,0.0,0,0.0,29,8,2018-10-29 09:36:00
20181029 09:37,2857,2857,2857,2857,0,0.0,0,0.0,0,0.0,29,8,2018-10-29 09:37:00
20181029 09:38,2857,2857,2857,2857,0,0.0,0,0.0,0,0.0,16,4,2018-10-29 09:38:00
20181029 09:39,2857,2857,2857,2857,0,0.0,0,0.0,0,0.0,8,2,2018-10-29 09:39:00
20181029 09:40,2857,2857,2857,2857,0,0.0,0,0.0,0,0.0,40,10,2018-10-29 09:40:00
20181029 09:41,2857,2857,2857,2857,0,0.0,0,0.0,0,0.0,12,3,2018-10-29 09:41:00
20181029 09:42,2857,2857,2857,2857,0,0.0,0,0.0,0,0.0,81,23,2018-10-29 09:42:00
20181029 09:43,2857,2857,2857,2857,0,0.0,0,0.0,0,0.0,36,12,2018-10-29 09:43:00
20181029 09:44,2857,2857,2857,2857,0,0.0,0,0.0,0,0.0,32,8,2018-10-29 09:44:00
20181029 09:45,2857,2857,2857,2857,0,0.0,0,0.0,0,0.0,8,2,2018-10-29 09:45:00
20181029 09:46,2857,2857,2857,2857,0,0.0,0,0.0,0,0.0,12,3,2018-10-29 09:46:00
20181029 09:50,2857,2857,2857,2857,0,0.0,0,0.0,0,0.0,4,1,2018-10-29 09:50:00
20181029 09:51,2857,2857,2857,2857,0,0.0,0,0.0,0,0.0,8,2,2018-10-29 09:51:00
20181029 09:52,2857,2857,2857,2857,0,0.0,0,0.0,0,0.0,8,2,2018-10-29 09:52:00
20181029 09:53,2857,2857,2857,2857,0,0.0,0,0.0,0,0.0,17,5,2018-10-29 09:53:00
20181029 09:54,2857,2857,2857,2857,0,0.0,0,0.0,0,0.0,20,5,2018-10-29 09:54:00
20181029 09:55,2857,2857,2857,2857,0,0.0,0,0.0,0,0.0,4,1,2018-10-29 09:55:00
20181029 09:58,2857,2857,2857,2857,0,0.0,0,0.0,0,0.0,4,1,2018-10-29 09:58:00
20181029 09:59,2857,2857,2857,2857,0,0.0,0,0.0,0,0.0,4,1,2018-10-29 09:59:00
20181029 10:00,2857,2857,2857,2857,0,0.0,0,0.0,0,0.0,12,3,2018-10-29 10:00:00
20181029 10:01,2857,2857,2857,2857,0,0.0,0,0.0,0,0.0,98,25,2018-10-29 10:01:00
20181029 10:02,2857,2857,2857,2857,0,0.0,0,0.0,0,0.0,15,6,2018-10-29 10:02:00
20181029 10:03,2857,2857,2857,2857,0,0.0,0,0.0,0,0.0,16,4,2018-10-29 10:03:00
20181029 10:04,2857,2857,2857,2857,0,0.0,0,0.0,0,0.0,32,8,2018-10-29 10:04:00
20181029 10:05,2857,2857,2857,2857,0,0.0,0,0.0,0,0.0,20,10,2018-10-29 10:05:00
20181029 10:06,2857,2857,2857,2857,0,0.0,0,0.0,0,0.0,8,7,2018-10-29 10:06:00
20181029 10:07,2857,2857,2857,2857,0,0.0,0,0.0,0,0.0,24,6,2018-10-29 10:07:00
20181029 10:08,2857,2857,2857,2857,0,0.0,0,0.0,0,0.0,32,8,2018-10-29 10:08:00
20181029 10:09,2857,2857,2857,2857,0,0.0,0,0.0,0,0.0,33,7,2018-10-29 10:09:00
20181029 10:10,2857,2857,2857,2857,0,0.0,0,0.0,0,0.0,24,6,2018-10-29 10:10:00
20181029 10:11,2857,2857,2857,2857,0,0.0,0,0.0,0,0.0,24,6,2018-10-29 10:11:00
20181029 10:12,2857,2857,2857,2857,0,0.0,0,0.0,0,0.0,8,2,2018-10-29 10:12:00
20181029 10:13,2857,2857,2857,2857,0,0.0,0,0.0,0,0.0,8,2,2018-10-29 10:13:00
20181029 10:14,2857,2857,2857,2857,0,0.0,0,0.0,0,0.0,21,6,2018-10-29 10:14:00
20181029 10:30,2857,2857,2857,2857,0,0.0,0,0.0,0,0.0,62,17,2018-10-29 10:30:00
20181029 10:31,2857,2857,2857,2857,0,0.0,0,0.0,0,0.0,20,5,2018-10-29 10:31:00
20181029 10:32,2857,2857,2857,2857,0,0.0,0,0.0,0,0.0,33,9,2018-10-29 10:32:00
20181029 10:33,2857,2857,2857,2857,0,0.0,0,0.0,0,0.0,12,3,2018-10-29 10:33:00
20181029 10:34,2857,2857,2857,2857,0,0.0,0,0.0,0,0.0,12,3,2018-10-29 10:34:00
20181029 10:35,2857,2857,2857,2857,0,0.0,0,0.0,0,0.0,4,1,2018-10-29 10:35:00
20181029 10:36,2857,2857,2857,2857,0,0.0,0,0.0,0,0.0,20,5,2018-10-29 10:36:00
20181029 10:37,2857,2857,2857,2857,0,0.0,0,0.0,0,0.0,4,1,2018-10-29 10:37:00
20181029 10:38,2857,2857,2857,2857,0,0.0,0,0.0,0,0.0,4,1,2018-10-29 10:38:00
20181029 10:39,2857,2857,2857,2857,0,0.0,0,0.0,0,0.0,12,3,2018-10-29 10:39:00
20181029 10:40,2857,2857,2857,2857,0,0.0,0,0.0,0,0.0,12,3,2018-10-29 10:40:00
20181029 10:41,2857,2857,2857,2857,0,0.0,0,0.0,0,0.0,24,6,2018-10-29 10:41:00
20181029 10:42,2857,2857,2857,2857,0,0.0,0,0.0,0,0.0,5,2,2018-10-29 10:42:00
20181029 10:44,2857,2857,2857,2857,0,0.0,0,0.0,0,0.0,12,3,2018-10-29 10:44:00
20181029 10:45,2857,2857,2857,2857,0,0.0,0,0.0,0,0.0,29,8,2018-10-29 10:45:00
20181029 10:46,2857,2857,2857,2857,0,0.0,0,0.0,0,0.0,29,8,2018-10-29 10:46:00
20181029 10:47,2857,2857,2857,2857,0,0.0,0,0.0,0,0.0,4,1,2018-10-29 10:47:00
20181029 10:48,2857,2857,2857,2857,0,0.0,0,0.0,0,0.0,16,4,2018-10-29 10:48:00
20181029 10:51,2857,2857,2857,2857,0,0.0,0,0.0,0,0.0,4,1,2018-10-29 10:51:00
20181029 10:52,2857,2857,2857,2857,0,0.0,0,0.0,0,0.0,4,1,2018-10-29 10:52:00
20181029 10:53,2857,2857,2857,2857,0,0.0,0,0.0,0,0.0,8,2,2018-10-29 10:53:00
20181029 10:54,2857,2857,2857,2857,0,0.0,0,0.0,0,0.0,12,3,2018-10-29 10:54:00
20181029 10:55,2857,2857,2857,2857,0,0.0,0,0.0,0,0.0,8,2,2018-10-29 10:55:00
20181029 10:56,2857,2857,2857,2857,0,0.0,0,0.0,0,0.0,9,3,2018-10-29 10:56:00
20181029 10:57,2857,2857,2857,2857,0,0.0,0,0.0,0,0.0,17,4,2018-10-29 10:57:00
20181029 10:58,2857,2857,2857,2857,0,0.0,0,0.0,0,0.0,13,3,2018-10-29 10:58:00
20181029 10:59,2857,2857,2857,2857,0,0.0,0,0.0,0,0.0,23,5,2018-10-29 10:59:00
20181029 11:00,2857,2857,2857,2857,0,0.0,0,0.0,0,0.0,17,4,2018-10-29 11:00:00
20181029 11:01,2857,2857,2857,2857,0,0.0,0,0.0,0,0.0,8,2,2018-10-29 11:01:00
20181029 11:02,2857,2857,2857,2857,0,0.0,0,0.0,0,0.0,17,4,2018-10-29 11:02:00
20181029 11:03,2857,2857,2857,2857,0,0.0,0,0.0,0,0.0,13,3,2018-10-29 11:03:00
20181029 11:04,2857,2857,2857,2857,0,0.0,0,0.0,0,0.0,20,5,2018-10-29 11:04:00
20181029 11:05,2857,2857,2857,2857,0,0.0,0,0.0,0,0.0,28,7,2018-10-29 11:05:00
20181029 11:06,2857,2857,2857,2857,0,0.0,0,0.0,0,0.0,52,13,2018-10-29 11:06:00
20181029 11:07,2857,2857,2857,2857,0,0.0,0,0.0,0,0.0,38,9,2018-10-29 11:07:00
20181029 11:08,2857,2857,2857,2857,0,0.0,0,0.0,0,0.0,16,4,2018-10-29 11:08:00
20181029 11:09,2857,2857,2857,2857,0,0.0,0,0.0,0,0.0,20,5,2018-10-29 11:09:00
20181029 11:10,2857,2857,2857,2857,0,0.0,0,0.0,0,0.0,8,2,2018-10-29 11:10:00
20181029 11:11,2857,2857,2857,2857,0,0.0,0,0.0,0,0.0,20,5,2018-10-29 11:11:00
20181029 11:13,2857,2857,2857,2857,0,0.0,0,0.0,0,0.0,16,4,2018-10-29 11:13:00
20181029 11:15,2857,2857,2857,2857,0,0.0,0,0.0,0,0.0,8,2,2018-10-29 11:15:00
20181029 11:16,2857,2857,2857,2857,0,0.0,0,0.0,0,0.0,8,2,2018-10-29 11:16:00
20181029 11:17,2857,2857,2857,2857,0,0.0,0,0.0,0,0.0,13,4,2018-10-29 11:17:00
20181029 11:18,2857,2857,2857,2857,0,0.0,0,0.0,0,0.0,13,4,2018-10-29 11:18:00
20181029 11:19,2857,2857,2857,2857,0,0.0,0,0.0,0,0.0,8,2,2018-10-29 11:19:00
20181029 11:20,2857,2857,2857,2857,0,0.0,0,0.0,0,0.0,8,2,2018-10-29 11:20:00
20181029 11:21,2857,2857,2857,2857,0,0.0,0,0.0,0,0.0,4,1,2018-10-29 11:21:00
20181029 11:22,2857,2857,2857,2857,0,0.0,0,0.0,0,0.0,8,2,2018-10-29 11:22:00
20181029 11:23,2857,2857,2857,2857,0,0.0,0,0.0,0,0.0,8,2,2018-10-29 11:23:00
20181029 11:24,2857,2857,2857,2857,0,0.0,0,0.0,0,0.0,4,1,2018-10-29 11:24:00
20181029 11:26,2857,2857,2857,2857,0,0.0,0,0.0,0,0.0,16,4,2018-10-29 11:26:00
20181029 11:29,2857,2857,2857,2857,0,0.0,0,0.0,0,0.0,2,2,2018-10-29 11:29:00
20181029 13:30,2857,2857,2857,2857,0,0.0,0,0.0,0,0.0,8,2,2018-10-29 13:30:00
20181029 13:31,2857,2857,2857,2857,0,0.0,0,0.0,0,0.0,20,5,2018-10-29 13:31:00
20181029 13:34,2857,2857,2857,2857,0,0.0,0,0.0,0,0.0,12,3,2018-10-29 13:34:00
20181029 13:37,2857,2857,2857,2857,0,0.0,0,0.0,0,0.0,16,4,2018-10-29 13:37:00
20181029 13:38,2857,2857,2857,2857,0,0.0,0,0.0,0,0.0,13,3,2018-10-29 13:38:00
20181029 13:39,2857,2857,2857,2857,0,0.0,0,0.0,0,0.0,32,8,2018-10-29 13:39:00
20181029 13:40,2857,2857,2857,2857,0,0.0,0,0.0,0,0.0,4,1,2018-10-29 13:40:00
20181029 13:42,2857,2857,2857,2857,0,0.0,0,0.0,0,0.0,36,8,2018-10-29 13:42:00
20181029 13:43,2857,2857,2857,2857,0,0.0,0,0.0,0,0.0,30,8,2018-10-29 13:43:00
20181029 13:44,2857,2857,2857,2857,0,0.0,0,0.0,0,0.0,20,5,2018-10-29 13:44:00
20181029 13:45,2857,2857,2857,2857,0,0.0,0,0.0,0,0.0,8,2,2018-10-29 13:45:00
20181029 13:46,2857,2857,2857,2857,0,0.0,0,0.0,0,0.0,12,3,2018-10-29 13:46:00
20181029 13:48,2857,2857,2857,2857,0,0.0,0,0.0,0,0.0,24,6,2018-10-29 13:48:00
20181029 13:49,2857,2857,2857,2857,0,0.0,0,0.0,0,0.0,8,2,2018-10-29 13:49:00
20181029 13:50,2857,2857,2857,2857,0,0.0,0,0.0,0,0.0,4,1,2018-10-29 13:50:00
20181029 13:51,2857,2857,2857,2857,0,0.0,0,0.0,0,0.0,12,3,2018-10-29 13:51:00
20181029 13:53,2857,2857,2857,2857,0,0.0,0,0.0,0,0.0,13,4,2018-10-29 13:53:00
20181029 13:54,2857,2857,2857,2857,0,0.0,0,0.0,0,0.0,4,1,2018-10-29 13:54:00
20181029 13:55,2857,2857,2857,2857,0,0.0,0,0.0,0,0.0,9,2,2018-10-29 13:55:00
20181029 13:57,2857,2857,2857,2857,0,0.0,0,0.0,0,0.0,8,2,2018-10-29 13:57:00
20181029 14:00,2857,2857,2857,2857,0,0.0,0,0.0,0,0.0,15,3,2018-10-29 14:00:00
20181029 14:01,2857,2857,2857,2857,0,0.0,0,0.0,0,0.0,5,1,2018-10-29 14:01:00
20181029 14:02,2857,2857,2857,2857,0,0.0,0,0.0,0,0.0,5,1,2018-10-29 14:02:00
20181029 14:03,2857,2857,2857,2857,0,0.0,0,0.0,0,0.0,32,8,2018-10-29 14:03:00
20181029 14:04,2857,2857,2857,2857,0,0.0,0,0.0,0,0.0,8,2,2018-10-29 14:04:00
20181029 14:06,2857,2857,2857,2857,0,0.0,0,0.0,0,0.0,20,5,2018-10-29 14:06:00
20181029 14:07,2857,2857,2857,2857,0,0.0,0,0.0,0,0.0,8,2,2018-10-29 14:07:00
20181029 14:08,2857,2857,2857,2857,0,0.0,0,0.0,0,0.0,12,3,2018-10-29 14:08:00
20181029 14:11,2857,2857,2857,2857,0,0.0,0,0.0,0,0.0,28,7,2018-10-29 14:11:00
20181029 14:12,2857,2857,2857,2857,0,0.0,0,0.0,0,0.0,12,3,2018-10-29 14:12:00
20181029 14:13,2857,2857,2857,2857,0,0.0,0,0.0,0,0.0,9,3,2018-10-29 14:13:00
20181029 14:14,2857,2857,2857,2857,0,0.0,0,0.0,0,0.0,4,1,2018-10-29 14:14:00
20181029 14:17,2857,2857,2857,2857,0,0.0,0,0.0,0,0.0,4,1,2018-10-29 14:17:00
20181029 14:18,2857,2857,2857,2857,0,0.0,0,0.0,0,0.0,4,1,2018-10-29 14:18:00
20181029 14:19,2857,2857,2857,2857,0,0.0,0,0.0,0,0.0,4,1,2018-10-29 14:19:00
20181029 14:21,2857,2857,2857,2857,0,0.0,0,0.0,0,0.0,8,2,2018-10-29 14:21:00
20181029 14:22,2857,2857,2857,2857,0,0.0,0,0.0,0,0.0,8,2,2018-10-29 14:22:00
20181029 14:23,2857,2857,2857,2857,0,0.0,0,0.0,0,0.0,20,5,2018-10-29 14:23:00
20181029 14:24,2857,2857,2857,2857,0,0.0,0,0.0,0,0.0,4,1,2018-10-29 14:24:00
20181029 14:25,2857,2857,2857,2857,0,0.0,0,0.0,0,0.0,8,2,2018-10-29 14:25:00
20181029 14:26,2857,2857,2857,2857,0,0.0,0,0.0,0,0.0,12,3,2018-10-29 14:26:00
20181029 14:27,2857,2857,2857,2857,0,0.0,0,0.0,0,0.0,8,2,2018-10-29 14:27:00
20181029 14:28,2857,2857,2857,2857,0,0.0,0,0.0,0,0.0,4,1,2018-10-29 14:28:00
20181029 14:29,2857,2857,2857,2857,0,0.0,0,0.0,0,0.0,5,2,2018-10-29 14:29:00
20181029 14:30,2857,2857,2857,2857,0,0.0,0,0.0,0,0.0,4,1,2018-10-29 14:30:00
20181029 14:31,2857,2857,2857,2857,0,0.0,0,0.0,0,0.0,8,2,2018-10-29 14:31:00
20181029 14:37,2857,2857,2857,2857,0,0.0,0,0.0,0,0.0,8,2,2018-10-29 14:37:00
20181029 14:39,2857,2857,2857,2857,0,0.0,0,0.0,0,0.0,9,3,2018-10-29 14:39:00
20181029 14:40,2857,2857,2857,2857,0,0.0,0,0.0,0,0.0,8,2,2018-10-29 14:40:00
20181029 14:41,2857,2857,2857,2857,0,0.0,0,0.0,0,0.0,5,2,2018-10-29 14:41:00
20181029 14:43,2857,2857,2857,2857,0,0.0,0,0.0,0,0.0,8,2,2018-10-29 14:43:00
20181029 14:45,2857,2857,2857,2857,0,0.0,0,0.0,0,0.0,4,1,2018-10-29 14:45:00
20181029 14:46,2857,2857,2857,2857,0,0.0,0,0.0,0,0.0,8,2,2018-10-29 14:46:00
20181029 14:47,2857,2857,2857,2857,0,0.0,0,0.0,0,0.0,8,2,2018-10-29 14:47:00
20181029 14:49,2857,2857,2857,2857,0,0.0,0,0.0,0,0.0,8,2,2018-10-29 14:49:00
20181029 14:50,2857,2857,2857,2857,0,0.0,0,0.0,0,0.0,8,2,2018-10-29 14:50:00
20181029 14:51,2857,2857,2857,2857,0,0.0,0,0.0,0,0.0,8,2,2018-10-29 14:51:00
20181029 14:52,2857,2857,2857,2857,0,0.0,0,0.0,0,0.0,8,2,2018-10-29 14:52:00
20181029 14:53,2857,2857,2857,2857,0,0.0,0,0.0,0,0.0,8,2,2018-10-29 14:53:00
20181029 14:55,2857,2857,2857,2857,0,0.0,0,0.0,0,0.0,12,3,2018-10-29 14:55:00
20181029 14:56,2857,2857,2857,2857,0,0.0,0,0.0,0,0.0,4,1,2018-10-29 14:56:00
20181029 14:57,2857,2857,2857,2857,0,0.0,0,0.0,0,0.0,4,1,2018-10-29 14:57:00
20181029 14:59,2857,2857,2857,2857,0,0.0,0,0.0,0,0.0,39,12,2018-10-29 14:59:00
20181029 15:00,2857,2857,2857,2857,0,0.0,0,0.0,0,0.0,1,1,2018-10-29 15:00:00
20181029 21:00,2801,2801,2801,2801,0,0.0,0,0.0,0,0.0,105,82,2018-10-29 21:00:00
20181029 21:01,2801,2801,2801,2801,0,0.0,0,0.0,0,0.0,164,46,2018-10-29 21:01:00
20181029 21:02,2801,2801,2801,2801,0,0.0,0,0.0,0,0.0,160,40,2018-10-29 21:02:00
20181029 21:03,2801,2801,2801,2801,0,0.0,0,0.0,0,0.0,88,23,2018-10-29 21:03:00
20181029 21:04,2801,2801,2801,2801,0,0.0,0,0.0,0,0.0,88,27,2018-10-29 21:04:00
20181029 21:05,2801,2801,2801,2801,0,0.0,0,0.0,0,0.0,80,26,2018-10-29 21:05:00
20181029 21:06,2801,2801,2801,2801,0,0.0,0,0.0,0,0.0,92,29,2018-10-29 21:06:00
20181029 21:07,2801,2801,2801,2801,0,0.0,0,0.0,0,0.0,16,5,2018-10-29 21:07:00
20181029 21:08,2801,2801,2801,2801,0,0.0,0,0.0,0,0.0,92,26,2018-10-29 21:08:00
20181029 21:09,2801,2801,2801,2801,0,0.0,0,0.0,0,0.0,84,23,2018-10-29 21:09:00
20181029 21:10,2801,2801,2801,2801,0,0.0,0,0.0,0,0.0,36,13,2018-10-29 21:10:00
20181029 21:11,2801,2801,2801,2801,0,0.0,0,0.0,0,0.0,41,12,2018-10-29 21:11:00
20181029 21:12,2801,2801,2801,2801,0,0.0,0,0.0,0,0.0,39,11,2018-10-29 21:12:00
20181029 21:13,2801,2801,2801,2801,0,0.0,0,0.0,0,0.0,18,5,2018-10-29 21:13:00
20181029 21:14,2801,2801,2801,2801,0,0.0,0,0.0,0,0.0,44,12,2018-10-29 21:14:00
20181029 21:15,2801,2801,2801,2801,0,0.0,0,0.0,0,0.0,60,22,2018-10-29 21:15:00
20181029 21:16,2801,2801,2801,2801,0,0.0,0,0.0,0,0.0,96,29,2018-10-29 21:16:00
20181029 21:17,2801,2801,2801,2801,0,0.0,0,0.0,0,0.0,104,31,2018-10-29 21:17:00
20181029 21:18,2801,2801,2801,2801,0,0.0,0,0.0,0,0.0,12,3,2018-10-29 21:18:00
20181029 21:19,2801,2801,2801,2801,0,0.0,0,0.0,0,0.0,4,1,2018-10-29 21:19:00
20181029 21:20,2801,2801,2801,2801,0,0.0,0,0.0,0,0.0,32,8,2018-10-29 21:20:00
20181029 21:21,2801,2801,2801,2801,0,0.0,0,0.0,0,0.0,12,3,2018-10-29 21:21:00
20181029 21:22,2801,2801,2801,2801,0,0.0,0,0.0,0,0.0,8,2,2018-10-29 21:22:00
20181029 21:23,2801,2801,2801,2801,0,0.0,0,0.0,0,0.0,5,2,2018-10-29 21:23:00
20181029 21:24,2801,2801,2801,2801,0,0.0,0,0.0,0,0.0,17,5,2018-10-29 21:24:00
20181029 21:25,2801,2801,2801,2801,0,0.0,0,0.0,0,0.0,8,2,2018-10-29 21:25:00
20181029 21:26,2801,2801,2801,2801,0,0.0,0,0.0,0,0.0,8,2,2018-10-29 21:26:00
20181029 21:27,2801,2801,2801,2801,0,0.0,0,0.0,0,0.0,24,6,2018-10-29 21:27:00
20181029 21:28,2801,2801,2801,2801,0,0.0,0,0.0,0,0.0,12,3,2018-10-29 21:28:00
20181029 21:32,2801,2801,2801,2801,0,0.0,0,0.0,0,0.0,4,1,2018-10-29 21:32:00
20181029 21:34,2801,2801,2801,2801,0,0.0,0,0.0,0,0.0,5,2,2018-10-29 21:34:00
20181029 21:36,2801,2801,2801,2801,0,0.0,0,0.0,0,0.0,4,1,2018-10-29 21:36:00
20181029 21:37,2801,2801,2801,2801,0,0.0,0,0.0,0,0.0,13,3,2018-10-29 21:37:00
20181029 21:38,2801,2801,2801,2801,0,0.0,0,0.0,0,0.0,13,3,2018-10-29 21:38:00
20181029 21:39,2801,2801,2801,2801,0,0.0,0,0.0,0,0.0,56,19,2018-10-29 21:39:00
20181029 21:40,2801,2801,2801,2801,0,0.0,0,0.0,0,0.0,12,3,2018-10-29 21:40:00
20181029 21:41,2801,2801,2801,2801,0,0.0,0,0.0,0,0.0,4,1,2018-10-29 21:41:00
20181029 21:42,2801,2801,2801,2801,0,0.0,0,0.0,0,0.0,12,3,2018-10-29 21:42:00
20181029 21:43,2801,2801,2801,2801,0,0.0,0,0.0,0,0.0,8,2,2018-10-29 21:43:00
20181029 21:44,2801,2801,2801,2801,0,0.0,0,0.0,0,0.0,33,12,2018-10-29 21:44:00
20181029 21:45,2801,2801,2801,2801,0,0.0,0,0.0,0,0.0,8,2,2018-10-29 21:45:00
20181029 21:48,2801,2801,2801,2801,0,0.0,0,0.0,0,0.0,5,2,2018-10-29 21:48:00
20181029 21:53,2801,2801,2801,2801,0,0.0,0,0.0,0,0.0,4,1,2018-10-29 21:53:00
20181029 21:57,2801,2801,2801,2801,0,0.0,0,0.0,0,0.0,20,7,2018-10-29 21:57:00
20181029 21:58,2801,2801,2801,2801,0,0.0,0,0.0,0,0.0,18,6,2018-10-29 21:58:00
20181029 21:59,2801,2801,2801,2801,0,0.0,0,0.0,0,0.0,17,7,2018-10-29 21:59:00
20181029 22:00,2801,2801,2801,2801,0,0.0,0,0.0,0,0.0,4,1,2018-10-29 22:00:00
20181029 22:01,2801,2801,2801,2801,0,0.0,0,0.0,0,0.0,12,5,2018-10-29 22:01:00
20181029 22:02,2801,2801,2801,2801,0,0.0,0,0.0,0,0.0,16,5,2018-10-29 22:02:00
20181029 22:03,2801,2801,2801,2801,0,0.0,0,0.0,0,0.0,8,2,2018-10-29 22:03:00
20181029 22:04,2801,2801,2801,2801,0,0.0,0,0.0,0,0.0,10,3,2018-10-29 22:04:00
20181029 22:08,2801,2801,2801,2801,0,0.0,0,0.0,0,0.0,4,1,2018-10-29 22:08:00
20181029 22:09,2801,2801,2801,2801,0,0.0,0,0.0,0,0.0,9,3,2018-10-29 22:09:00
20181029 22:10,2801,2801,2801,2801,0,0.0,0,0.0,0,0.0,8,2,2018-10-29 22:10:00
20181029 22:11,2801,2801,2801,2801,0,0.0,0,0.0,0,0.0,4,1,2018-10-29 22:11:00
20181029 22:13,2801,2801,2801,2801,0,0.0,0,0.0,0,0.0,4,1,2018-10-29 22:13:00
20181029 22:14,2801,2801,2801,2801,0,0.0,0,0.0,0,0.0,4,1,2018-10-29 22:14:00
20181029 22:19,2801,2801,2801,2801,0,0.0,0,0.0,0,0.0,5,2,2018-10-29 22:19:00
20181029 22:22,2801,2801,2801,2801,0,0.0,0,0.0,0,0.0,8,2,2018-10-29 22:22:00
20181029 22:23,2801,2801,2801,2801,0,0.0,0,0.0,0,0.0,8,2,2018-10-29 22:23:00
20181029 22:24,2801,2801,2801,2801,0,0.0,0,0.0,0,0.0,16,4,2018-10-29 22:24:00
20181029 22:25,2801,2801,2801,2801,0,0.0,0,0.0,0,0.0,16,4,2018-10-29 22:25:00
20181029 22:29,2801,2801,2801,2801,0,0.0,0,0.0,0,0.0,1,1,2018-10-29 22:29:00
20181029 22:30,2801,2801,2801,2801,0,0.0,0,0.0,0,0.0,4,1,2018-10-29 22:30:00
20181029 22:40,2801,2801,2801,2801,0,0.0,0,0.0,0,0.0,5,2,2018-10-29 22:40:00
20181029 22:43,2801,2801,2801,2801,0,0.0,0,0.0,0,0.0,18,6,2018-10-29 22:43:00
20181029 22:47,2801,2801,2801,2801,0,0.0,0,0.0,0,0.0,4,1,2018-10-29 22:47:00
20181029 22:48,2801,2801,2801,2801,0,0.0,0,0.0,0,0.0,8,2,2018-10-29 22:48:00
20181029 22:52,2801,2801,2801,2801,0,0.0,0,0.0,0,0.0,4,1,2018-10-29 22:52:00
20181029 22:53,2801,2801,2801,2801,0,0.0,0,0.0,0,0.0,9,3,2018-10-29 22:53:00
20181029 23:00,2801,2801,2801,2801,0,0.0,0,0.0,0,0.0,4,1,2018-10-29 23:00:00
20181029 23:03,2801,2801,2801,2801,0,0.0,0,0.0,0,0.0,5,2,2018-10-29 23:03:00
20181029 23:04,2801,2801,2801,2801,0,0.0,0,0.0,0,0.0,4,1,2018-10-29 23:04:00
20181029 23:09,2801,2801,2801,2801,0,0.0,0,0.0,0,0.0,4,1,2018-10-29 23:09:00
20181029 23:13,2801,2801,2801,2801,0,0.0,0,0.0,0,0.0,5,2,2018-10-29 23:13:00
20181029 23:14,2801,2801,2801,2801,0,0.0,0,0.0,0,0.0,5,2,2018-10-29 23:14:00
20181029 23:16,2801,2801,2801,2801,0,0.0,0,0.0,0,0.0,4,1,2018-10-29 23:16:00
20181029 23:19,2801,2801,2801,2801,0,0.0,0,0.0,0,0.0,4,1,2018-10-29 23:19:00
20181029 23:20,2801,2801,2801,2801,0,0.0,0,0.0,0,0.0,4,1,2018-10-29 23:20:00
20181029 23:21,2801,2801,2801,2801,0,0.0,0,0.0,0,0.0,4,1,2018-10-29 23:21:00
20181029 23:22,2801,2801,2801,2801,0,0.0,0,0.0,0,0.0,8,2,2018-10-29 23:22:00
20181029 23:24,2801,2801,2801,2801,0,0.0,0,0.0,0,0.0,5,2,2018-10-29 23:24:00
20181029 23:25,2801,2801,2801,2801,0,0.0,0,0.0,0,0.0,5,2,2018-10-29 23:25:00
20181029 23:26,2801,2801,2801,2801,0,0.0,0,0.0,0,0.0,4,1,2018-10-29 23:26:00
20181029 23:28,2801,2801,2801,2801,0,0.0,0,0.0,0,0.0,4,1,2018-10-29 23:28:00
20181029 23:29,2801,2801,2801,2801,0,0.0,0,0.0,0,0.0,6,3,2018-10-29 23:29:00
20181030 09:00,2801,2801,2801,2801,0,0.0,0,0.0,0,0.0,4,1,2018-10-30 09:00:00
20181030 09:01,2801,2801,2801,2801,0,0.0,0,0.0,0,0.0,5,2,2018-10-30 09:01:00
20181030 09:05,2801,2801,2801,2801,0,0.0,0,0.0,0,0.0,4,1,2018-10-30 09:05:00
20181030 09:06,2801,2801,2801,2801,0,0.0,0,0.0,0,0.0,8,2,2018-10-30 09:06:00
20181030 09:07,2801,2801,2801,2801,0,0.0,0,0.0,0,0.0,4,1,2018-10-30 09:07:00
20181030 09:08,2801,2801,2801,2801,0,0.0,0,0.0,0,0.0,8,3,2018-10-30 09:08:00
20181030 09:09,2801,2801,2801,2801,0,0.0,0,0.0,0,0.0,24,8,2018-10-30 09:09:00
20181030 09:10,2801,2801,2801,2801,0,0.0,0,0.0,0,0.0,44,14,2018-10-30 09:10:00
20181030 09:11,2801,2801,2801,2801,0,0.0,0,0.0,0,0.0,9,3,2018-10-30 09:11:00
20181030 09:12,2801,2801,2801,2801,0,0.0,0,0.0,0,0.0,16,4,2018-10-30 09:12:00
20181030 09:13,2801,2801,2801,2801,0,0.0,0,0.0,0,0.0,4,1,2018-10-30 09:13:00
20181030 09:14,2801,2801,2801,2801,0,0.0,0,0.0,0,0.0,4,1,2018-10-30 09:14:00
20181030 09:16,2801,2801,2801,2801,0,0.0,0,0.0,0,0.0,9,3,2018-10-30 09:16:00
20181030 09:18,2801,2801,2801,2801,0,0.0,0,0.0,0,0.0,13,3,2018-10-30 09:18:00
20181030 09:22,2801,2801,2801,2801,0,0.0,0,0.0,0,0.0,4,1,2018-10-30 09:22:00
20181030 09:25,2801,2801,2801,2801,0,0.0,0,0.0,0,0.0,4,1,2018-10-30 09:25:00
20181030 09:26,2801,2801,2801,2801,0,0.0,0,0.0,0,0.0,17,5,2018-10-30 09:26:00
20181030 09:27,2801,2801,2801,2801,0,0.0,0,0.0,0,0.0,4,1,2018-10-30 09:27:00
20181030 09:28,2801,2801,2801,2801,0,0.0,0,0.0,0,0.0,4,1,2018-10-30 09:28:00
20181030 09:29,2801,2801,2801,2801,0,0.0,0,0.0,0,0.0,4,1,2018-10-30 09:29:00
20181030 09:30,2801,2801,2801,2801,0,0.0,0,0.0,0,0.0,8,2,2018-10-30 09:30:00
20181030 09:31,2801,2801,2801,2801,0,0.0,0,0.0,0,0.0,28,7,2018-10-30 09:31:00
20181030 09:32,2801,2801,2801,2801,0,0.0,0,0.0,0,0.0,9,3,2018-10-30 09:32:00
20181030 09:33,2801,2801,2801,2801,0,0.0,0,0.0,0,0.0,8,2,2018-10-30 09:33:00
20181030 09:34,2801,2801,2801,2801,0,0.0,0,0.0,0,0.0,8,2,2018-10-30 09:34:00
20181030 09:35,2801,2801,2801,2801,0,0.0,0,0.0,0,0.0,8,2,2018-10-30 09:35:00
20181030 09:36,2801,2801,2801,2801,0,0.0,0,0.0,0,0.0,4,1,2018-10-30 09:36:00
20181030 09:37,2801,2801,2787,2787,4,4.0,4,4.0,11148,11148.0,11,6,2018-10-30 09:37:00
20181030 09:39,2787,2787,2787,2787,4,0.0,4,0.0,11148,0.0,6,6,2018-10-30 09:39:00
20181030 09:40,2787,2787,2787,2787,4,0.0,4,0.0,11148,0.0,7,8,2018-10-30 09:40:00
20181030 09:41,2787,2787,2787,2787,4,0.0,4,0.0,11148,0.0,14,14,2018-10-30 09:41:00
20181030 09:42,2761,2761,2761,2761,8,4.0,8,4.0,22192,11044.0,2,8,2018-10-30 09:42:00
20181030 09:43,2761,2761,2761,2761,8,0.0,8,0.0,22192,0.0,2,5,2018-10-30 09:43:00
20181030 09:44,2761,2761,2761,2761,8,0.0,8,0.0,22192,0.0,1,4,2018-10-30 09:44:00
20181030 09:51,2761,2761,2761,2761,8,0.0,8,0.0,22192,0.0,2,2,2018-10-30 09:51:00
20181030 09:53,2761,2761,2761,2761,8,0.0,8,0.0,22192,0.0,1,4,2018-10-30 09:53:00
20181030 09:54,2761,2761,2761,2761,8,0.0,8,0.0,22192,0.0,3,9,2018-10-30 09:54:00
20181030 09:55,2761,2761,2761,2761,8,0.0,8,0.0,22192,0.0,2,5,2018-10-30 09:55:00
20181030 09:56,2761,2761,2761,2761,8,0.0,8,0.0,22192,0.0,1,1,2018-10-30 09:56:00
20181030 09:57,2761,2761,2761,2761,8,0.0,8,0.0,22192,0.0,1,4,2018-10-30 09:57:00
20181030 09:59,2761,2761,2761,2761,8,0.0,8,0.0,22192,0.0,1,1,2018-10-30 09:59:00
20181030 10:04,2761,2761,2761,2761,8,0.0,8,0.0,22192,0.0,3,6,2018-10-30 10:04:00
20181030 10:05,2761,2761,2761,2761,8,0.0,8,0.0,22192,0.0,1,1,2018-10-30 10:05:00
20181030 10:08,2761,2761,2761,2761,8,0.0,8,0.0,22192,0.0,8,18,2018-10-30 10:08:00
20181030 10:09,2761,2761,2761,2761,8,0.0,8,0.0,22192,0.0,5,8,2018-10-30 10:09:00
20181030 10:10,2761,2761,2761,2761,8,0.0,8,0.0,22192,0.0,2,2,2018-10-30 10:10:00
20181030 10:11,2761,2761,2761,2761,8,0.0,8,0.0,22192,0.0,4,6,2018-10-30 10:11:00
20181030 10:13,2761,2761,2761,2761,8,0.0,8,0.0,22192,0.0,4,5,2018-10-30 10:13:00
20181030 10:14,2761,2761,2761,2761,8,0.0,8,0.0,22192,0.0,4,7,2018-10-30 10:14:00
20181030 10:30,2761,2761,2761,2761,8,0.0,8,0.0,22192,0.0,3,9,2018-10-30 10:30:00
20181030 10:32,2761,2761,2761,2761,8,0.0,8,0.0,22192,0.0,1,5,2018-10-30 10:32:00
20181030 10:33,2761,2761,2761,2761,8,0.0,8,0.0,22192,0.0,1,4,2018-10-30 10:33:00
20181030 10:35,2761,2761,2761,2761,8,0.0,8,0.0,22192,0.0,1,4,2018-10-30 10:35:00
20181030 10:41,2761,2761,2761,2761,8,0.0,8,0.0,22192,0.0,1,1,2018-10-30 10:41:00
20181030 10:44,2761,2761,2761,2761,8,0.0,8,0.0,22192,0.0,2,1,2018-10-30 10:44:00
20181030 10:45,2761,2761,2761,2761,8,0.0,8,0.0,22192,0.0,2,4,2018-10-30 10:45:00
20181030 10:47,2761,2761,2761,2761,8,0.0,8,0.0,22192,0.0,2,1,2018-10-30 10:47:00
20181030 10:49,2761,2761,2761,2761,8,0.0,8,0.0,22192,0.0,4,5,2018-10-30 10:49:00
20181030 10:50,2761,2761,2761,2761,8,0.0,8,0.0,22192,0.0,1,1,2018-10-30 10:50:00
20181030 10:51,2761,2761,2761,2761,8,0.0,8,0.0,22192,0.0,2,1,2018-10-30 10:51:00
20181030 10:52,2761,2761,2761,2761,8,0.0,8,0.0,22192,0.0,1,1,2018-10-30 10:52:00
20181030 10:56,2761,2761,2761,2761,8,0.0,8,0.0,22192,0.0,1,1,2018-10-30 10:56:00
20181030 10:57,2761,2761,2761,2761,8,0.0,8,0.0,22192,0.0,1,1,2018-10-30 10:57:00
20181030 10:58,2761,2761,2761,2761,8,0.0,8,0.0,22192,0.0,1,1,2018-10-30 10:58:00
20181030 10:59,2761,2761,2761,2761,8,0.0,8,0.0,22192,0.0,2,5,2018-10-30 10:59:00
20181030 11:01,2761,2761,2761,2761,8,0.0,8,0.0,22192,0.0,1,4,2018-10-30 11:01:00
20181030 11:02,2761,2761,2761,2761,8,0.0,8,0.0,22192,0.0,1,4,2018-10-30 11:02:00
20181030 11:03,2761,2761,2761,2761,8,0.0,8,0.0,22192,0.0,1,4,2018-10-30 11:03:00
20181030 11:04,2761,2761,2761,2761,8,0.0,8,0.0,22192,0.0,2,5,2018-10-30 11:04:00
20181030 11:06,2761,2761,2761,2761,8,0.0,8,0.0,22192,0.0,8,23,2018-10-30 11:06:00
20181030 11:07,2761,2761,2761,2761,8,0.0,8,0.0,22192,0.0,6,21,2018-10-30 11:07:00
20181030 11:11,2761,2761,2761,2761,8,0.0,8,0.0,22192,0.0,1,4,2018-10-30 11:11:00
20181030 11:12,2761,2761,2761,2761,8,0.0,8,0.0,22192,0.0,2,4,2018-10-30 11:12:00
20181030 11:14,2761,2761,2761,2761,8,0.0,8,0.0,22192,0.0,1,4,2018-10-30 11:14:00
20181030 11:15,2761,2761,2761,2761,8,0.0,8,0.0,22192,0.0,7,20,2018-10-30 11:15:00
20181030 11:16,2761,2761,2761,2761,8,0.0,8,0.0,22192,0.0,1,4,2018-10-30 11:16:00
20181030 11:17,2761,2761,2761,2761,8,0.0,8,0.0,22192,0.0,7,18,2018-10-30 11:17:00
20181030 11:18,2761,2761,2761,2761,8,0.0,8,0.0,22192,0.0,1,4,2018-10-30 11:18:00
20181030 11:23,2761,2761,2761,2761,8,0.0,8,0.0,22192,0.0,1,4,2018-10-30 11:23:00
20181030 11:27,2761,2761,2761,2761,8,0.0,8,0.0,22192,0.0,2,5,2018-10-30 11:27:00
20181030 11:29,2761,2761,2761,2761,8,0.0,8,0.0,22192,0.0,3,3,2018-10-30 11:29:00
20181030 13:30,2761,2761,2761,2761,8,0.0,8,0.0,22192,0.0,5,21,2018-10-30 13:30:00
20181030 13:31,2761,2761,2761,2761,8,0.0,8,0.0,22192,0.0,1,4,2018-10-30 13:31:00
20181030 13:32,2761,2761,2761,2761,8,0.0,8,0.0,22192,0.0,1,4,2018-10-30 13:32:00
20181030 13:39,2761,2761,2761,2761,8,0.0,8,0.0,22192,0.0,1,4,2018-10-30 13:39:00
20181030 13:40,2761,2761,2761,2761,8,0.0,8,0.0,22192,0.0,4,10,2018-10-30 13:40:00
20181030 13:44,2761,2761,2761,2761,8,0.0,8,0.0,22192,0.0,14,23,2018-10-30 13:44:00
20181030 13:45,2761,2761,2761,2761,8,0.0,8,0.0,22192,0.0,8,13,2018-10-30 13:45:00
20181030 13:46,2761,2761,2761,2761,8,0.0,8,0.0,22192,0.0,4,5,2018-10-30 13:46:00
20181030 13:49,2761,2761,2761,2761,8,0.0,8,0.0,22192,0.0,2,4,2018-10-30 13:49:00
20181030 13:50,2761,2761,2761,2761,8,0.0,8,0.0,22192,0.0,3,8,2018-10-30 13:50:00
20181030 13:53,2761,2761,2761,2761,8,0.0,8,0.0,22192,0.0,1,4,2018-10-30 13:53:00
20181030 13:57,2761,2761,2761,2761,8,0.0,8,0.0,22192,0.0,1,4,2018-10-30 13:57:00
20181030 14:00,2761,2761,2761,2761,8,0.0,8,0.0,22192,0.0,2,5,2018-10-30 14:00:00
20181030 14:01,2761,2761,2761,2761,8,0.0,8,0.0,22192,0.0,2,5,2018-10-30 14:01:00
20181030 14:11,2761,2761,2761,2761,8,0.0,8,0.0,22192,0.0,2,5,2018-10-30 14:11:00
20181030 14:16,2761,2761,2761,2761,8,0.0,8,0.0,22192,0.0,2,8,2018-10-30 14:16:00
20181030 14:17,2761,2761,2761,2761,8,0.0,8,0.0,22192,0.0,5,17,2018-10-30 14:17:00
20181030 14:20,2761,2761,2761,2761,8,0.0,8,0.0,22192,0.0,1,4,2018-10-30 14:20:00
20181030 14:23,2761,2761,2761,2761,8,0.0,8,0.0,22192,0.0,2,8,2018-10-30 14:23:00
20181030 14:24,2761,2761,2761,2761,8,0.0,8,0.0,22192,0.0,1,4,2018-10-30 14:24:00
20181030 14:25,2761,2761,2761,2761,8,0.0,8,0.0,22192,0.0,1,4,2018-10-30 14:25:00
20181030 14:27,2761,2761,2761,2761,8,0.0,8,0.0,22192,0.0,7,25,2018-10-30 14:27:00
20181030 14:28,2761,2761,2761,2761,8,0.0,8,0.0,22192,0.0,1,4,2018-10-30 14:28:00
20181030 14:33,2761,2761,2761,2761,8,0.0,8,0.0,22192,0.0,2,8,2018-10-30 14:33:00
20181030 14:35,2761,2761,2761,2761,8,0.0,8,0.0,22192,0.0,1,4,2018-10-30 14:35:00
20181030 14:36,2761,2761,2761,2761,8,0.0,8,0.0,22192,0.0,4,13,2018-10-30 14:36:00
20181030 14:37,2761,2761,2761,2761,8,0.0,8,0.0,22192,0.0,1,4,2018-10-30 14:37:00
20181030 14:39,2761,2761,2761,2761,8,0.0,8,0.0,22192,0.0,2,8,2018-10-30 14:39:00
20181030 14:41,2761,2761,2761,2761,8,0.0,8,0.0,22192,0.0,2,8,2018-10-30 14:41:00
20181030 14:42,2761,2761,2761,2761,8,0.0,8,0.0,22192,0.0,2,8,2018-10-30 14:42:00
20181030 14:43,2761,2761,2761,2761,8,0.0,8,0.0,22192,0.0,1,4,2018-10-30 14:43:00
20181030 14:44,2761,2761,2761,2761,8,0.0,8,0.0,22192,0.0,2,8,2018-10-30 14:44:00
20181030 14:46,2761,2761,2761,2761,8,0.0,8,0.0,22192,0.0,2,5,2018-10-30 14:46:00
20181030 14:47,2761,2761,2761,2761,8,0.0,8,0.0,22192,0.0,3,12,2018-10-30 14:47:00
20181030 14:48,2761,2761,2761,2761,8,0.0,8,0.0,22192,0.0,2,8,2018-10-30 14:48:00
20181030 14:49,2761,2761,2761,2761,8,0.0,8,0.0,22192,0.0,2,8,2018-10-30 14:49:00
20181030 14:52,2761,2761,2761,2761,8,0.0,8,0.0,22192,0.0,2,8,2018-10-30 14:52:00
20181030 14:54,2761,2761,2761,2761,8,0.0,8,0.0,22192,0.0,2,8,2018-10-30 14:54:00
20181030 14:56,2761,2761,2761,2761,8,0.0,8,0.0,22192,0.0,4,13,2018-10-30 14:56:00
20181030 14:57,2761,2761,2761,2761,8,0.0,8,0.0,22192,0.0,13,43,2018-10-30 14:57:00
20181030 14:58,2761,2761,2761,2761,8,0.0,8,0.0,22192,0.0,7,13,2018-10-30 14:58:00
20181030 14:59,2761,2761,2761,2761,8,0.0,8,0.0,22192,0.0,10,29,2018-10-30 14:59:00
20181030 21:00,2761,2761,2761,2761,0,0.0,8,0.0,0,0.0,53,63,2018-10-30 21:00:00
20181030 21:01,2761,2761,2761,2761,0,0.0,8,0.0,0,0.0,6,25,2018-10-30 21:01:00
20181030 21:03,2761,2761,2761,2761,0,0.0,8,0.0,0,0.0,13,41,2018-10-30 21:03:00
20181030 21:04,2761,2761,2761,2761,0,0.0,8,0.0,0,0.0,8,12,2018-10-30 21:04:00
20181030 21:05,2761,2761,2761,2761,0,0.0,8,0.0,0,0.0,3,3,2018-10-30 21:05:00
20181030 21:06,2761,2761,2761,2761,0,0.0,8,0.0,0,0.0,6,27,2018-10-30 21:06:00
20181030 21:07,2761,2761,2761,2761,0,0.0,8,0.0,0,0.0,4,17,2018-10-30 21:07:00
20181030 21:08,2761,2761,2761,2761,0,0.0,8,0.0,0,0.0,2,8,2018-10-30 21:08:00
20181030 21:09,2761,2761,2761,2761,0,0.0,8,0.0,0,0.0,1,4,2018-10-30 21:09:00
20181030 21:11,2761,2761,2761,2761,0,0.0,8,0.0,0,0.0,3,12,2018-10-30 21:11:00
20181030 21:13,2761,2761,2761,2761,0,0.0,8,0.0,0,0.0,2,4,2018-10-30 21:13:00
20181030 21:15,2761,2761,2761,2761,0,0.0,8,0.0,0,0.0,8,12,2018-10-30 21:15:00
20181030 21:16,2761,2761,2761,2761,0,0.0,8,0.0,0,0.0,1,4,2018-10-30 21:16:00
20181030 21:17,2761,2761,2761,2761,0,0.0,8,0.0,0,0.0,13,19,2018-10-30 21:17:00
20181030 21:18,2761,2761,2761,2761,0,0.0,8,0.0,0,0.0,20,13,2018-10-30 21:18:00
20181030 21:19,2761,2761,2761,2761,0,0.0,8,0.0,0,0.0,22,17,2018-10-30 21:19:00
20181030 21:20,2761,2761,2761,2761,0,0.0,8,0.0,0,0.0,26,32,2018-10-30 21:20:00
20181030 21:21,2761,2761,2761,2761,0,0.0,8,0.0,0,0.0,5,3,2018-10-30 21:21:00
20181030 21:22,2761,2761,2761,2761,0,0.0,8,0.0,0,0.0,31,19,2018-10-30 21:22:00
20181030 21:23,2761,2761,2761,2761,0,0.0,8,0.0,0,0.0,43,27,2018-10-30 21:23:00
20181030 21:24,2761,2761,2761,2761,0,0.0,8,0.0,0,0.0,3,2,2018-10-30 21:24:00
20181030 21:25,2761,2761,2761,2761,0,0.0,8,0.0,0,0.0,4,3,2018-10-30 21:25:00
20181030 21:26,2761,2761,2761,2761,0,0.0,8,0.0,0,0.0,1,1,2018-10-30 21:26:00
20181030 21:27,2761,2761,2761,2761,0,0.0,8,0.0,0,0.0,1,1,2018-10-30 21:27:00
20181030 21:28,2761,2761,2761,2761,0,0.0,8,0.0,0,0.0,4,3,2018-10-30 21:28:00
20181030 21:29,2761,2761,2761,2761,0,0.0,8,0.0,0,0.0,2,2,2018-10-30 21:29:00
20181030 21:30,2761,2761,2761,2761,0,0.0,8,0.0,0,0.0,1,1,2018-10-30 21:30:00
20181030 21:31,2761,2761,2761,2761,0,0.0,8,0.0,0,0.0,2,1,2018-10-30 21:31:00
20181030 21:33,2761,2761,2761,2761,0,0.0,8,0.0,0,0.0,3,2,2018-10-30 21:33:00
20181030 21:34,2761,2761,2761,2761,0,0.0,8,0.0,0,0.0,3,2,2018-10-30 21:34:00
20181030 21:35,2761,2761,2761,2761,0,0.0,8,0.0,0,0.0,18,30,2018-10-30 21:35:00
20181030 21:36,2761,2761,2761,2761,0,0.0,8,0.0,0,0.0,16,15,2018-10-30 21:36:00
20181030 21:37,2761,2761,2761,2761,0,0.0,8,0.0,0,0.0,15,11,2018-10-30 21:37:00
20181030 21:38,2761,2761,2761,2761,0,0.0,8,0.0,0,0.0,7,9,2018-10-30 21:38:00
20181030 21:39,2761,2761,2761,2761,0,0.0,8,0.0,0,0.0,8,14,2018-10-30 21:39:00
20181030 21:40,2761,2761,2761,2761,0,0.0,8,0.0,0,0.0,8,12,2018-10-30 21:40:00
20181030 21:41,2761,2761,2761,2761,0,0.0,8,0.0,0,0.0,4,8,2018-10-30 21:41:00
20181030 21:42,2761,2761,2761,2761,0,0.0,8,0.0,0,0.0,14,9,2018-10-30 21:42:00
20181030 21:43,2761,2761,2761,2761,0,0.0,8,0.0,0,0.0,9,4,2018-10-30 21:43:00
20181030 21:44,2761,2761,2761,2761,0,0.0,8,0.0,0,0.0,8,4,2018-10-30 21:44:00
20181030 21:45,2761,2761,2761,2761,0,0.0,8,0.0,0,0.0,12,10,2018-10-30 21:45:00
20181030 21:46,2761,2761,2761,2761,0,0.0,8,0.0,0,0.0,7,5,2018-10-30 21:46:00
20181030 21:47,2761,2761,2761,2761,0,0.0,8,0.0,0,0.0,6,5,2018-10-30 21:47:00
20181030 21:48,2761,2761,2761,2761,0,0.0,8,0.0,0,0.0,12,15,2018-10-30 21:48:00
20181030 21:49,2761,2761,2761,2761,0,0.0,8,0.0,0,0.0,12,21,2018-10-30 21:49:00
20181030 21:50,2761,2761,2761,2761,0,0.0,8,0.0,0,0.0,12,9,2018-10-30 21:50:00
20181030 21:51,2761,2761,2761,2761,0,0.0,8,0.0,0,0.0,8,6,2018-10-30 21:51:00
20181030 21:52,2761,2761,2761,2761,0,0.0,8,0.0,0,0.0,9,13,2018-10-30 21:52:00
20181030 21:53,2761,2761,2761,2761,0,0.0,8,0.0,0,0.0,3,5,2018-10-30 21:53:00
20181030 21:54,2761,2761,2761,2761,0,0.0,8,0.0,0,0.0,9,19,2018-10-30 21:54:00
20181030 21:55,2761,2761,2761,2761,0,0.0,8,0.0,0,0.0,9,6,2018-10-30 21:55:00
20181030 21:57,2761,2761,2761,2761,0,0.0,8,0.0,0,0.0,12,11,2018-10-30 21:57:00
20181030 21:58,2761,2761,2761,2761,0,0.0,8,0.0,0,0.0,21,31,2018-10-30 21:58:00
20181030 21:59,2761,2761,2761,2761,0,0.0,8,0.0,0,0.0,3,8,2018-10-30 21:59:00
20181030 22:00,2761,2761,2761,2761,0,0.0,8,0.0,0,0.0,4,10,2018-10-30 22:00:00
20181030 22:01,2761,2761,2761,2761,0,0.0,8,0.0,0,0.0,4,9,2018-10-30 22:01:00
20181030 22:02,2761,2761,2761,2761,0,0.0,8,0.0,0,0.0,4,12,2018-10-30 22:02:00
20181030 22:03,2761,2761,2761,2761,0,0.0,8,0.0,0,0.0,4,20,2018-10-30 22:03:00
20181030 22:04,2761,2761,2761,2761,0,0.0,8,0.0,0,0.0,4,16,2018-10-30 22:04:00
20181030 22:07,2761,2761,2761,2761,0,0.0,8,0.0,0,0.0,2,4,2018-10-30 22:07:00
20181030 22:08,2761,2761,2761,2761,0,0.0,8,0.0,0,0.0,3,8,2018-10-30 22:08:00
20181030 22:09,2761,2761,2761,2761,0,0.0,8,0.0,0,0.0,1,4,2018-10-30 22:09:00
20181030 22:10,2761,2761,2761,2761,0,0.0,8,0.0,0,0.0,4,12,2018-10-30 22:10:00
20181030 22:11,2761,2761,2761,2761,0,0.0,8,0.0,0,0.0,5,17,2018-10-30 22:11:00
20181030 22:12,2761,2761,2761,2761,0,0.0,8,0.0,0,0.0,2,9,2018-10-30 22:12:00
20181030 22:13,2761,2761,2761,2761,0,0.0,8,0.0,0,0.0,4,21,2018-10-30 22:13:00
20181030 22:14,2761,2761,2761,2761,0,0.0,8,0.0,0,0.0,21,63,2018-10-30 22:14:00
20181030 22:15,2761,2761,2761,2761,0,0.0,8,0.0,0,0.0,6,17,2018-10-30 22:15:00
20181030 22:16,2761,2761,2761,2761,0,0.0,8,0.0,0,0.0,3,8,2018-10-30 22:16:00
20181030 22:17,2761,2761,2761,2761,0,0.0,8,0.0,0,0.0,6,16,2018-10-30 22:17:00
20181030 22:18,2761,2761,2761,2761,0,0.0,8,0.0,0,0.0,11,24,2018-10-30 22:18:00
20181030 22:20,2761,2761,2761,2761,0,0.0,8,0.0,0,0.0,8,20,2018-10-30 22:20:00
20181030 22:24,2761,2761,2761,2761,0,0.0,8,0.0,0,0.0,1,4,2018-10-30 22:24:00
20181030 22:25,2761,2761,2761,2761,0,0.0,8,0.0,0,0.0,7,15,2018-10-30 22:25:00
20181030 22:26,2761,2761,2761,2761,0,0.0,8,0.0,0,0.0,2,4,2018-10-30 22:26:00
20181030 22:27,2761,2761,2761,2761,0,0.0,8,0.0,0,0.0,1,4,2018-10-30 22:27:00
20181030 22:28,2761,2761,2761,2761,0,0.0,8,0.0,0,0.0,2,4,2018-10-30 22:28:00
20181030 22:30,2761,2761,2761,2761,0,0.0,8,0.0,0,0.0,8,31,2018-10-30 22:30:00
20181030 22:31,2761,2761,2761,2761,0,0.0,8,0.0,0,0.0,6,13,2018-10-30 22:31:00
20181030 22:32,2761,2761,2761,2761,0,0.0,8,0.0,0,0.0,1,4,2018-10-30 22:32:00
20181030 22:33,2761,2761,2761,2761,0,0.0,8,0.0,0,0.0,4,12,2018-10-30 22:33:00
20181030 22:34,2761,2761,2761,2761,0,0.0,8,0.0,0,0.0,1,5,2018-10-30 22:34:00
20181030 22:35,2761,2761,2761,2761,0,0.0,8,0.0,0,0.0,2,9,2018-10-30 22:35:00
20181030 22:36,2761,2761,2761,2761,0,0.0,8,0.0,0,0.0,15,42,2018-10-30 22:36:00
20181030 22:37,2761,2761,2761,2761,0,0.0,8,0.0,0,0.0,5,13,2018-10-30 22:37:00
20181030 22:38,2761,2761,2761,2761,0,0.0,8,0.0,0,0.0,6,20,2018-10-30 22:38:00
20181030 22:41,2761,2761,2761,2761,0,0.0,8,0.0,0,0.0,6,11,2018-10-30 22:41:00
20181030 22:43,2761,2761,2761,2761,0,0.0,8,0.0,0,0.0,3,4,2018-10-30 22:43:00
20181030 22:44,2761,2761,2761,2761,0,0.0,8,0.0,0,0.0,13,20,2018-10-30 22:44:00
20181030 22:45,2761,2761,2761,2761,0,0.0,8,0.0,0,0.0,3,8,2018-10-30 22:45:00
20181030 22:46,2761,2761,2761,2761,0,0.0,8,0.0,0,0.0,11,23,2018-10-30 22:46:00
20181030 22:47,2761,2761,2761,2761,0,0.0,8,0.0,0,0.0,13,25,2018-10-30 22:47:00
20181030 22:48,2761,2761,2761,2761,0,0.0,8,0.0,0,0.0,27,67,2018-10-30 22:48:00
20181030 22:49,2761,2761,2761,2761,0,0.0,8,0.0,0,0.0,9,15,2018-10-30 22:49:00
20181030 22:53,2761,2761,2761,2761,0,0.0,8,0.0,0,0.0,8,23,2018-10-30 22:53:00
20181030 22:54,2761,2761,2761,2761,0,0.0,8,0.0,0,0.0,19,40,2018-10-30 22:54:00
20181030 22:55,2761,2761,2761,2761,0,0.0,8,0.0,0,0.0,11,26,2018-10-30 22:55:00
20181030 22:56,2761,2761,2761,2761,0,0.0,8,0.0,0,0.0,7,28,2018-10-30 22:56:00
20181030 22:57,2761,2761,2761,2761,0,0.0,8,0.0,0,0.0,5,26,2018-10-30 22:57:00
20181030 22:58,2761,2761,2761,2761,0,0.0,8,0.0,0,0.0,2,11,2018-10-30 22:58:00
20181030 22:59,2761,2761,2761,2761,0,0.0,8,0.0,0,0.0,3,12,2018-10-30 22:59:00
20181030 23:01,2761,2761,2761,2761,0,0.0,8,0.0,0,0.0,31,67,2018-10-30 23:01:00
20181030 23:02,2761,2761,2761,2761,0,0.0,8,0.0,0,0.0,17,26,2018-10-30 23:02:00
20181030 23:03,2761,2761,2761,2761,0,0.0,8,0.0,0,0.0,12,24,2018-10-30 23:03:00
20181030 23:04,2761,2761,2761,2761,0,0.0,8,0.0,0,0.0,14,26,2018-10-30 23:04:00
20181030 23:05,2761,2761,2761,2761,0,0.0,8,0.0,0,0.0,9,7,2018-10-30 23:05:00
20181030 23:06,2761,2761,2761,2761,0,0.0,8,0.0,0,0.0,2,5,2018-10-30 23:06:00
20181030 23:07,2761,2761,2761,2761,0,0.0,8,0.0,0,0.0,6,17,2018-10-30 23:07:00
20181030 23:08,2761,2761,2761,2761,0,0.0,8,0.0,0,0.0,3,9,2018-10-30 23:08:00
20181030 23:09,2761,2761,2761,2761,0,0.0,8,0.0,0,0.0,8,17,2018-10-30 23:09:00
20181030 23:10,2761,2761,2761,2761,0,0.0,8,0.0,0,0.0,6,5,2018-10-30 23:10:00
20181030 23:12,2761,2761,2761,2761,0,0.0,8,0.0,0,0.0,1,4,2018-10-30 23:12:00
20181030 23:13,2761,2761,2761,2761,0,0.0,8,0.0,0,0.0,3,4,2018-10-30 23:13:00
20181030 23:15,2761,2761,2761,2761,0,0.0,8,0.0,0,0.0,3,8,2018-10-30 23:15:00
20181030 23:16,2761,2761,2761,2761,0,0.0,8,0.0,0,0.0,3,4,2018-10-30 23:16:00
20181030 23:17,2761,2761,2761,2761,0,0.0,8,0.0,0,0.0,9,35,2018-10-30 23:17:00
20181030 23:18,2761,2761,2761,2761,0,0.0,8,0.0,0,0.0,3,8,2018-10-30 23:18:00
20181030 23:19,2761,2761,2761,2761,0,0.0,8,0.0,0,0.0,6,12,2018-10-30 23:19:00
20181030 23:20,2761,2761,2761,2761,0,0.0,8,0.0,0,0.0,9,11,2018-10-30 23:20:00
20181030 23:21,2761,2761,2761,2761,0,0.0,8,0.0,0,0.0,3,2,2018-10-30 23:21:00
20181030 23:22,2761,2761,2761,2761,0,0.0,8,0.0,0,0.0,1,4,2018-10-30 23:22:00
20181030 23:23,2761,2761,2761,2761,0,0.0,8,0.0,0,0.0,6,10,2018-10-30 23:23:00
20181030 23:24,2761,2761,2761,2761,0,0.0,8,0.0,0,0.0,1,4,2018-10-30 23:24:00
20181030 23:25,2761,2761,2761,2761,0,0.0,8,0.0,0,0.0,8,24,2018-10-30 23:25:00
20181030 23:26,2761,2761,2761,2761,0,0.0,8,0.0,0,0.0,4,12,2018-10-30 23:26:00
20181030 23:27,2761,2761,2761,2761,0,0.0,8,0.0,0,0.0,6,23,2018-10-30 23:27:00
20181030 23:28,2761,2761,2761,2761,0,0.0,8,0.0,0,0.0,5,16,2018-10-30 23:28:00
20181030 23:29,2761,2761,2761,2761,0,0.0,8,0.0,0,0.0,13,28,2018-10-30 23:29:00
20181031 23:29,2753,2753,2753,2753,10,10.0,18,10.0,27510,27510.0,2,1,2018-10-31 23:29:00
20181101 09:00,2753,2753,2753,2753,10,0.0,18,0.0,27510,0.0,79,215,2018-11-01 09:00:00
20181101 09:01,2753,2753,2753,2753,10,0.0,18,0.0,27510,0.0,44,120,2018-11-01 09:01:00
20181101 09:02,2753,2753,2753,2753,10,0.0,18,0.0,27510,0.0,55,99,2018-11-01 09:02:00
20181101 09:03,2753,2753,2753,2753,10,0.0,18,0.0,27510,0.0,34,125,2018-11-01 09:03:00
20181101 09:04,2753,2753,2753,2753,10,0.0,18,0.0,27510,0.0,58,140,2018-11-01 09:04:00
20181101 09:05,2753,2753,2753,2753,10,0.0,18,0.0,27510,0.0,28,67,2018-11-01 09:05:00
20181101 09:06,2753,2753,2753,2753,10,0.0,18,0.0,27510,0.0,52,98,2018-11-01 09:06:00
20181101 09:07,2753,2753,2753,2753,10,0.0,18,0.0,27510,0.0,48,132,2018-11-01 09:07:00
20181101 09:08,2753,2753,2753,2753,10,0.0,18,0.0,27510,0.0,30,72,2018-11-01 09:08:00
20181101 09:09,2753,2753,2753,2753,10,0.0,18,0.0,27510,0.0,67,83,2018-11-01 09:09:00
20181101 09:10,2753,2753,2753,2753,10,0.0,18,0.0,27510,0.0,63,51,2018-11-01 09:10:00
20181101 09:11,2753,2753,2753,2753,10,0.0,18,0.0,27510,0.0,69,66,2018-11-01 09:11:00
20181101 09:12,2753,2753,2753,2753,10,0.0,18,0.0,27510,0.0,55,40,2018-11-01 09:12:00
20181101 09:13,2753,2753,2753,2753,10,0.0,18,0.0,27510,0.0,17,17,2018-11-01 09:13:00
20181101 09:14,2753,2753,2753,2753,10,0.0,18,0.0,27510,0.0,28,28,2018-11-01 09:14:00
20181101 09:15,2753,2753,2753,2753,10,0.0,18,0.0,27510,0.0,20,20,2018-11-01 09:15:00
20181101 09:16,2753,2753,2753,2753,10,0.0,18,0.0,27510,0.0,22,17,2018-11-01 09:16:00
20181101 09:17,2753,2753,2753,2753,10,0.0,18,0.0,27510,0.0,23,22,2018-11-01 09:17:00
20181101 09:18,2753,2753,2753,2753,10,0.0,18,0.0,27510,0.0,19,19,2018-11-01 09:18:00
20181101 09:19,2753,2753,2753,2753,10,0.0,18,0.0,27510,0.0,35,22,2018-11-01 09:19:00
20181101 09:20,2753,2753,2753,2753,10,0.0,18,0.0,27510,0.0,9,9,2018-11-01 09:20:00
20181101 09:21,2753,2753,2753,2753,10,0.0,18,0.0,27510,0.0,22,11,2018-11-01 09:21:00
20181101 09:22,2753,2753,2753,2753,10,0.0,18,0.0,27510,0.0,13,5,2018-11-01 09:22:00
20181101 09:23,2753,2753,2753,2753,10,0.0,18,0.0,27510,0.0,15,8,2018-11-01 09:23:00
20181101 09:24,2753,2753,2753,2753,10,0.0,18,0.0,27510,0.0,7,3,2018-11-01 09:24:00
20181101 09:25,2753,2753,2753,2753,10,0.0,18,0.0,27510,0.0,22,12,2018-11-01 09:25:00
20181101 09:27,2753,2753,2753,2753,10,0.0,18,0.0,27510,0.0,2,1,2018-11-01 09:27:00
20181101 09:28,2753,2753,2753,2753,10,0.0,18,0.0,27510,0.0,4,2,2018-11-01 09:28:00
20181101 09:29,2753,2753,2753,2753,10,0.0,18,0.0,27510,0.0,8,4,2018-11-01 09:29:00
20181101 09:30,2753,2753,2753,2753,10,0.0,18,0.0,27510,0.0,22,8,2018-11-01 09:30:00
20181101 09:31,2753,2753,2753,2753,10,0.0,18,0.0,27510,0.0,6,4,2018-11-01 09:31:00
20181101 09:32,2753,2753,2753,2753,10,0.0,18,0.0,27510,0.0,34,20,2018-11-01 09:32:00
20181101 09:33,2753,2753,2753,2753,10,0.0,18,0.0,27510,0.0,32,20,2018-11-01 09:33:00
20181101 09:34,2753,2753,2753,2753,10,0.0,18,0.0,27510,0.0,10,4,2018-11-01 09:34:00
20181101 09:35,2753,2753,2753,2753,10,0.0,18,0.0,27510,0.0,2,1,2018-11-01 09:35:00
20181101 09:36,2753,2753,2753,2753,10,0.0,18,0.0,27510,0.0,2,1,2018-11-01 09:36:00
20181101 09:37,2753,2753,2753,2753,10,0.0,18,0.0,27510,0.0,6,3,2018-11-01 09:37:00
20181101 09:38,2753,2753,2753,2753,10,0.0,18,0.0,27510,0.0,4,2,2018-11-01 09:38:00
20181101 09:40,2753,2753,2753,2753,10,0.0,18,0.0,27510,0.0,2,1,2018-11-01 09:40:00
20181101 09:41,2753,2753,2753,2753,10,0.0,18,0.0,27510,0.0,15,7,2018-11-01 09:41:00
20181101 09:42,2753,2753,2753,2753,10,0.0,18,0.0,27510,0.0,80,29,2018-11-01 09:42:00
20181101 09:43,2753,2753,2753,2753,10,0.0,18,0.0,27510,0.0,17,6,2018-11-01 09:43:00
20181101 09:44,2753,2753,2753,2753,10,0.0,18,0.0,27510,0.0,21,11,2018-11-01 09:44:00
20181101 09:45,2753,2753,2753,2753,10,0.0,18,0.0,27510,0.0,15,8,2018-11-01 09:45:00
20181101 09:46,2753,2753,2753,2753,10,0.0,18,0.0,27510,0.0,10,5,2018-11-01 09:46:00
20181101 09:47,2753,2753,2753,2753,10,0.0,18,0.0,27510,0.0,31,14,2018-11-01 09:47:00
20181101 09:48,2753,2753,2753,2753,10,0.0,18,0.0,27510,0.0,40,26,2018-11-01 09:48:00
20181101 09:49,2753,2753,2753,2753,10,0.0,18,0.0,27510,0.0,6,3,2018-11-01 09:49:00
20181101 09:50,2753,2753,2753,2753,10,0.0,18,0.0,27510,0.0,2,1,2018-11-01 09:50:00
20181101 09:52,2753,2753,2753,2753,10,0.0,18,0.0,27510,0.0,2,1,2018-11-01 09:52:00
20181101 09:53,2753,2753,2753,2753,10,0.0,18,0.0,27510,0.0,26,14,2018-11-01 09:53:00
20181101 09:54,2753,2753,2753,2753,10,0.0,18,0.0,27510,0.0,13,8,2018-11-01 09:54:00
20181101 09:55,2753,2753,2753,2753,10,0.0,18,0.0,27510,0.0,2,1,2018-11-01 09:55:00
20181101 09:56,2753,2753,2753,2753,10,0.0,18,0.0,27510,0.0,4,2,2018-11-01 09:56:00
20181101 09:58,2753,2753,2753,2753,10,0.0,18,0.0,27510,0.0,8,4,2018-11-01 09:58:00
20181101 09:59,2753,2753,2753,2753,10,0.0,18,0.0,27510,0.0,30,14,2018-11-01 09:59:00
20181101 10:00,2753,2753,2753,2753,10,0.0,18,0.0,27510,0.0,7,5,2018-11-01 10:00:00
20181101 10:01,2753,2753,2753,2753,10,0.0,18,0.0,27510,0.0,9,4,2018-11-01 10:01:00
20181101 10:02,2753,2753,2753,2753,10,0.0,18,0.0,27510,0.0,4,2,2018-11-01 10:02:00
20181101 10:03,2753,2753,2753,2753,10,0.0,18,0.0,27510,0.0,7,3,2018-11-01 10:03:00
20181101 10:04,2753,2753,2753,2753,10,0.0,18,0.0,27510,0.0,1,1,2018-11-01 10:04:00
20181101 10:05,2753,2753,2753,2753,10,0.0,18,0.0,27510,0.0,14,10,2018-11-01 10:05:00
20181101 10:31,2753,2753,2753,2753,10,0.0,18,0.0,27510,0.0,2,1,2018-11-01 10:31:00
20181101 10:33,2753,2753,2753,2753,10,0.0,18,0.0,27510,0.0,8,3,2018-11-01 10:33:00
20181101 10:34,2753,2753,2753,2753,10,0.0,18,0.0,27510,0.0,10,4,2018-11-01 10:34:00
20181101 10:35,2753,2753,2753,2753,10,0.0,18,0.0,27510,0.0,9,6,2018-11-01 10:35:00
20181101 10:36,2753,2753,2753,2753,10,0.0,18,0.0,27510,0.0,13,6,2018-11-01 10:36:00
20181101 10:37,2753,2753,2753,2753,10,0.0,18,0.0,27510,0.0,24,11,2018-11-01 10:37:00
20181101 10:38,2753,2753,2753,2753,10,0.0,18,0.0,27510,0.0,10,4,2018-11-01 10:38:00
20181101 10:39,2753,2753,2753,2753,10,0.0,18,0.0,27510,0.0,18,10,2018-11-01 10:39:00
20181101 10:40,2753,2753,2753,2753,10,0.0,18,0.0,27510,0.0,9,4,2018-11-01 10:40:00
20181101 10:41,2753,2753,2753,2753,10,0.0,18,0.0,27510,0.0,7,3,2018-11-01 10:41:00
20181101 10:43,2753,2753,2753,2753,10,0.0,18,0.0,27510,0.0,10,4,2018-11-01 10:43:00
20181101 10:44,2753,2753,2753,2753,10,0.0,18,0.0,27510,0.0,26,14,2018-11-01 10:44:00
20181101 10:46,2753,2753,2753,2753,10,0.0,18,0.0,27510,0.0,16,8,2018-11-01 10:46:00
20181101 10:47,2753,2753,2753,2753,10,0.0,18,0.0,27510,0.0,11,6,2018-11-01 10:47:00
20181101 10:48,2753,2753,2753,2753,10,0.0,18,0.0,27510,0.0,19,8,2018-11-01 10:48:00
20181101 10:49,2753,2753,2753,2753,10,0.0,18,0.0,27510,0.0,10,6,2018-11-01 10:49:00
20181101 10:50,2753,2753,2753,2753,10,0.0,18,0.0,27510,0.0,4,2,2018-11-01 10:50:00
20181101 10:51,2753,2753,2753,2753,10,0.0,18,0.0,27510,0.0,6,3,2018-11-01 10:51:00
20181101 10:52,2753,2753,2753,2753,10,0.0,18,0.0,27510,0.0,15,8,2018-11-01 10:52:00
20181101 10:53,2753,2753,2753,2753,10,0.0,18,0.0,27510,0.0,6,2,2018-11-01 10:53:00
20181101 10:54,2753,2753,2753,2753,10,0.0,18,0.0,27510,0.0,18,7,2018-11-01 10:54:00
20181101 10:55,2753,2753,2753,2753,10,0.0,18,0.0,27510,0.0,18,9,2018-11-01 10:55:00
20181101 10:56,2753,2753,2753,2753,10,0.0,18,0.0,27510,0.0,23,14,2018-11-01 10:56:00
20181101 10:57,2753,2753,2753,2753,10,0.0,18,0.0,27510,0.0,12,6,2018-11-01 10:57:00
20181101 10:58,2753,2753,2753,2753,10,0.0,18,0.0,27510,0.0,9,5,2018-11-01 10:58:00
20181101 11:00,2753,2753,2753,2753,10,0.0,18,0.0,27510,0.0,21,9,2018-11-01 11:00:00
20181101 11:01,2753,2753,2753,2753,10,0.0,18,0.0,27510,0.0,13,7,2018-11-01 11:01:00
20181101 11:02,2753,2753,2753,2753,10,0.0,18,0.0,27510,0.0,21,11,2018-11-01 11:02:00
20181101 11:03,2753,2753,2753,2753,10,0.0,18,0.0,27510,0.0,10,5,2018-11-01 11:03:00
20181101 11:04,2753,2753,2753,2753,10,0.0,18,0.0,27510,0.0,6,3,2018-11-01 11:04:00
20181101 11:05,2753,2753,2753,2753,10,0.0,18,0.0,27510,0.0,19,8,2018-11-01 11:05:00
20181101 11:06,2753,2753,2753,2753,10,0.0,18,0.0,27510,0.0,19,8,2018-11-01 11:06:00
20181101 11:07,2753,2753,2753,2753,10,0.0,18,0.0,27510,0.0,18,13,2018-11-01 11:07:00
20181101 11:08,2753,2753,2753,2753,10,0.0,18,0.0,27510,0.0,9,5,2018-11-01 11:08:00
20181101 11:09,2753,2753,2753,2753,10,0.0,18,0.0,27510,0.0,14,7,2018-11-01 11:09:00
20181101 11:10,2753,2753,2753,2753,10,0.0,18,0.0,27510,0.0,23,11,2018-11-01 11:10:00
20181101 11:11,2753,2753,2753,2753,10,0.0,18,0.0,27510,0.0,14,7,2018-11-01 11:11:00
20181101 11:12,2753,2753,2753,2753,10,0.0,18,0.0,27510,0.0,7,3,2018-11-01 11:12:00
20181101 11:14,2753,2753,2753,2753,10,0.0,18,0.0,27510,0.0,16,6,2018-11-01 11:14:00
20181101 11:15,2753,2753,2753,2753,10,0.0,18,0.0,27510,0.0,12,7,2018-11-01 11:15:00
20181101 11:18,2753,2753,2753,2753,10,0.0,18,0.0,27510,0.0,4,2,2018-11-01 11:18:00
20181101 11:19,2753,2753,2753,2753,10,0.0,18,0.0,27510,0.0,34,21,2018-11-01 11:19:00
20181101 11:20,2753,2753,2753,2753,10,0.0,18,0.0,27510,0.0,12,5,2018-11-01 11:20:00
20181101 11:21,2753,2753,2753,2753,10,0.0,18,0.0,27510,0.0,9,5,2018-11-01 11:21:00
20181101 11:22,2753,2753,2753,2753,10,0.0,18,0.0,27510,0.0,37,15,2018-11-01 11:22:00
20181101 11:23,2753,2753,2753,2753,10,0.0,18,0.0,27510,0.0,29,19,2018-11-01 11:23:00
20181101 11:24,2753,2753,2753,2753,10,0.0,18,0.0,27510,0.0,24,15,2018-11-01 11:24:00
20181101 11:25,2753,2753,2753,2753,10,0.0,18,0.0,27510,0.0,19,11,2018-11-01 11:25:00
20181101 11:26,2753,2753,2753,2753,10,0.0,18,0.0,27510,0.0,17,9,2018-11-01 11:26:00
20181101 11:27,2753,2753,2753,2753,10,0.0,18,0.0,27510,0.0,6,3,2018-11-01 11:27:00
20181101 11:28,2753,2753,2753,2753,10,0.0,18,0.0,27510,0.0,21,12,2018-11-01 11:28:00
20181101 13:30,2753,2753,2753,2753,10,0.0,18,0.0,27510,0.0,37,26,2018-11-01 13:30:00
20181101 13:31,2753,2753,2753,2753,10,0.0,18,0.0,27510,0.0,17,17,2018-11-01 13:31:00
20181101 13:32,2753,2753,2753,2753,10,0.0,18,0.0,27510,0.0,17,17,2018-11-01 13:32:00
20181101 13:33,2753,2753,2753,2753,10,0.0,18,0.0,27510,0.0,20,20,2018-11-01 13:33:00
20181101 13:34,2753,2753,2753,2753,10,0.0,18,0.0,27510,0.0,21,21,2018-11-01 13:34:00
20181101 13:35,2753,2753,2753,2753,10,0.0,18,0.0,27510,0.0,18,18,2018-11-01 13:35:00
20181101 13:36,2753,2753,2753,2753,10,0.0,18,0.0,27510,0.0,9,9,2018-11-01 13:36:00
20181101 13:37,2753,2753,2753,2753,10,0.0,18,0.0,27510,0.0,23,23,2018-11-01 13:37:00
20181101 13:38,2753,2753,2753,2753,10,0.0,18,0.0,27510,0.0,19,19,2018-11-01 13:38:00
20181101 13:39,2753,2753,2753,2753,10,0.0,18,0.0,27510,0.0,14,14,2018-11-01 13:39:00
20181101 13:40,2753,2753,2753,2753,10,0.0,18,0.0,27510,0.0,16,16,2018-11-01 13:40:00
20181101 13:41,2753,2753,2753,2753,10,0.0,18,0.0,27510,0.0,11,11,2018-11-01 13:41:00
20181101 13:42,2753,2753,2753,2753,10,0.0,18,0.0,27510,0.0,13,13,2018-11-01 13:42:00
20181101 13:43,2753,2753,2753,2753,10,0.0,18,0.0,27510,0.0,10,10,2018-11-01 13:43:00
20181101 13:44,2753,2753,2753,2753,10,0.0,18,0.0,27510,0.0,17,17,2018-11-01 13:44:00
20181101 13:45,2753,2753,2753,2753,10,0.0,18,0.0,27510,0.0,16,16,2018-11-01 13:45:00
20181101 13:46,2753,2753,2753,2753,10,0.0,18,0.0,27510,0.0,13,13,2018-11-01 13:46:00
20181101 13:47,2753,2753,2753,2753,10,0.0,18,0.0,27510,0.0,9,9,2018-11-01 13:47:00
20181101 13:48,2753,2753,2753,2753,10,0.0,18,0.0,27510,0.0,7,7,2018-11-01 13:48:00
20181101 13:49,2753,2753,2719,2719,12,2.0,20,2.0,32952,5442.0,189,18,2018-11-01 13:49:00
20181101 13:50,2719,2719,2719,2719,12,0.0,20,0.0,32952,0.0,9,4,2018-11-01 13:50:00
20181101 13:53,2719,2719,2719,2719,12,0.0,20,0.0,32952,0.0,4,3,2018-11-01 13:53:00
20181101 13:55,2719,2719,2719,2719,12,0.0,20,0.0,32952,0.0,2,2,2018-11-01 13:55:00
20181101 13:56,2719,2719,2719,2719,12,0.0,20,0.0,32952,0.0,4,2,2018-11-01 13:56:00
20181101 13:58,2719,2719,2719,2719,12,0.0,20,0.0,32952,0.0,4,3,2018-11-01 13:58:00
20181101 13:59,2719,2719,2719,2719,12,0.0,20,0.0,32952,0.0,6,3,2018-11-01 13:59:00
20181101 14:00,2719,2719,2719,2719,12,0.0,20,0.0,32952,0.0,22,10,2018-11-01 14:00:00
20181101 14:02,2719,2719,2719,2719,12,0.0,20,0.0,32952,0.0,18,11,2018-11-01 14:02:00
20181101 14:03,2719,2719,2719,2719,12,0.0,20,0.0,32952,0.0,10,6,2018-11-01 14:03:00
20181101 14:04,2719,2719,2719,2719,12,0.0,20,0.0,32952,0.0,37,35,2018-11-01 14:04:00
20181101 14:05,2719,2719,2719,2719,12,0.0,20,0.0,32952,0.0,19,11,2018-11-01 14:05:00
20181101 14:06,2719,2719,2719,2719,12,0.0,20,0.0,32952,0.0,4,2,2018-11-01 14:06:00
20181101 14:10,2719,2719,2719,2719,12,0.0,20,0.0,32952,0.0,13,5,2018-11-01 14:10:00
20181101 14:11,2719,2719,2719,2719,12,0.0,20,0.0,32952,0.0,20,12,2018-11-01 14:11:00
20181101 14:12,2719,2719,2719,2719,12,0.0,20,0.0,32952,0.0,17,10,2018-11-01 14:12:00
20181101 14:13,2719,2719,2719,2719,12,0.0,20,0.0,32952,0.0,23,11,2018-11-01 14:13:00
20181101 14:14,2719,2719,2719,2719,12,0.0,20,0.0,32952,0.0,16,8,2018-11-01 14:14:00
20181101 14:15,2719,2719,2719,2719,12,0.0,20,0.0,32952,0.0,6,5,2018-11-01 14:15:00
20181101 14:18,2719,2719,2719,2719,12,0.0,20,0.0,32952,0.0,14,8,2018-11-01 14:18:00
20181101 14:19,2719,2719,2719,2719,12,0.0,20,0.0,32952,0.0,16,7,2018-11-01 14:19:00
20181101 14:20,2719,2719,2719,2719,12,0.0,20,0.0,32952,0.0,12,5,2018-11-01 14:20:00
20181101 14:22,2719,2719,2719,2719,12,0.0,20,0.0,32952,0.0,20,13,2018-11-01 14:22:00
20181101 14:23,2719,2719,2719,2719,12,0.0,20,0.0,32952,0.0,15,8,2018-11-01 14:23:00
20181101 14:25,2719,2719,2719,2719,12,0.0,20,0.0,32952,0.0,17,7,2018-11-01 14:25:00
20181101 14:26,2719,2719,2719,2719,12,0.0,20,0.0,32952,0.0,19,11,2018-11-01 14:26:00
20181101 14:28,2719,2719,2719,2719,12,0.0,20,0.0,32952,0.0,2,1,2018-11-01 14:28:00
20181101 14:29,2719,2719,2719,2719,12,0.0,20,0.0,32952,0.0,11,7,2018-11-01 14:29:00
20181101 14:30,2719,2719,2719,2719,12,0.0,20,0.0,32952,0.0,8,3,2018-11-01 14:30:00
20181101 14:31,2719,2719,2719,2719,12,0.0,20,0.0,32952,0.0,6,3,2018-11-01 14:31:00
20181101 14:36,2719,2719,2719,2719,12,0.0,20,0.0,32952,0.0,8,3,2018-11-01 14:36:00
20181101 14:37,2719,2719,2719,2719,12,0.0,20,0.0,32952,0.0,15,6,2018-11-01 14:37:00
20181101 14:38,2719,2719,2719,2719,12,0.0,20,0.0,32952,0.0,20,12,2018-11-01 14:38:00
20181101 14:39,2719,2719,2719,2719,12,0.0,20,0.0,32952,0.0,13,6,2018-11-01 14:39:00
20181101 14:40,2719,2719,2719,2719,12,0.0,20,0.0,32952,0.0,14,7,2018-11-01 14:40:00
20181101 14:41,2719,2719,2719,2719,12,0.0,20,0.0,32952,0.0,17,7,2018-11-01 14:41:00
20181101 14:42,2719,2719,2719,2719,12,0.0,20,0.0,32952,0.0,34,16,2018-11-01 14:42:00
20181101 14:43,2719,2719,2719,2719,12,0.0,20,0.0,32952,0.0,5,2,2018-11-01 14:43:00
20181101 14:45,2719,2719,2719,2719,12,0.0,20,0.0,32952,0.0,8,4,2018-11-01 14:45:00
20181101 14:48,2719,2719,2719,2719,12,0.0,20,0.0,32952,0.0,2,1,2018-11-01 14:48:00
20181101 14:50,2719,2719,2719,2719,12,0.0,20,0.0,32952,0.0,4,2,2018-11-01 14:50:00
20181101 14:51,2719,2719,2719,2719,12,0.0,20,0.0,32952,0.0,6,3,2018-11-01 14:51:00
20181101 14:53,2719,2719,2719,2719,12,0.0,20,0.0,32952,0.0,2,1,2018-11-01 14:53:00
20181101 14:54,2719,2719,2719,2719,12,0.0,20,0.0,32952,0.0,16,8,2018-11-01 14:54:00
20181101 14:55,2719,2719,2719,2719,12,0.0,20,0.0,32952,0.0,4,2,2018-11-01 14:55:00
20181101 14:56,2719,2719,2719,2719,12,0.0,20,0.0,32952,0.0,6,3,2018-11-01 14:56:00
20181101 14:57,2719,2719,2719,2719,12,0.0,20,0.0,32952,0.0,4,2,2018-11-01 14:57:00
20181101 14:58,2719,2719,2719,2719,12,0.0,20,0.0,32952,0.0,4,2,2018-11-01 14:58:00
20181101 14:59,2719,2719,2719,2719,12,0.0,20,0.0,32952,0.0,15,14,2018-11-01 14:59:00
20181101 21:00,2719,2719,2719,2719,0,0.0,20,0.0,0,0.0,26,26,2018-11-01 21:00:00
20181101 21:01,2719,2719,2719,2719,0,0.0,20,0.0,0,0.0,12,5,2018-11-01 21:01:00
20181101 21:02,2719,2719,2719,2719,0,0.0,20,0.0,0,0.0,24,10,2018-11-01 21:02:00
20181101 21:05,2719,2719,2719,2719,0,0.0,20,0.0,0,0.0,24,14,2018-11-01 21:05:00
20181101 21:06,2719,2719,2719,2719,0,0.0,20,0.0,0,0.0,12,9,2018-11-01 21:06:00
20181101 21:09,2719,2719,2719,2719,0,0.0,20,0.0,0,0.0,8,8,2018-11-01 21:09:00
20181101 21:10,2719,2719,2719,2719,0,0.0,20,0.0,0,0.0,24,20,2018-11-01 21:10:00
20181101 21:14,2719,2719,2719,2719,0,0.0,20,0.0,0,0.0,47,32,2018-11-01 21:14:00
20181101 21:15,2719,2719,2719,2719,0,0.0,20,0.0,0,0.0,13,10,2018-11-01 21:15:00
20181101 21:17,2719,2719,2719,2719,0,0.0,20,0.0,0,0.0,48,44,2018-11-01 21:17:00
20181101 21:18,2719,2719,2719,2719,0,0.0,20,0.0,0,0.0,36,27,2018-11-01 21:18:00
20181101 21:20,2719,2719,2719,2719,0,0.0,20,0.0,0,0.0,15,20,2018-11-01 21:20:00
20181101 21:21,2719,2719,2719,2719,0,0.0,20,0.0,0,0.0,2,5,2018-11-01 21:21:00
20181101 21:23,2719,2719,2719,2719,0,0.0,20,0.0,0,0.0,7,8,2018-11-01 21:23:00
20181101 21:26,2719,2719,2719,2719,0,0.0,20,0.0,0,0.0,7,8,2018-11-01 21:26:00
20181101 21:28,2719,2719,2719,2719,0,0.0,20,0.0,0,0.0,7,8,2018-11-01 21:28:00
20181101 21:29,2719,2719,2719,2719,0,0.0,20,0.0,0,0.0,6,4,2018-11-01 21:29:00
20181101 21:31,2719,2719,2719,2719,0,0.0,20,0.0,0,0.0,3,9,2018-11-01 21:31:00
20181101 21:33,2719,2719,2719,2719,0,0.0,20,0.0,0,0.0,6,4,2018-11-01 21:33:00
20181101 21:34,2719,2719,2719,2719,0,0.0,20,0.0,0,0.0,7,8,2018-11-01 21:34:00
20181101 21:35,2719,2719,2719,2719,0,0.0,20,0.0,0,0.0,8,8,2018-11-01 21:35:00
20181101 21:39,2719,2719,2719,2719,0,0.0,20,0.0,0,0.0,13,24,2018-11-01 21:39:00
20181101 21:40,2719,2719,2719,2719,0,0.0,20,0.0,0,0.0,3,8,2018-11-01 21:40:00
20181101 21:41,2719,2719,2719,2719,0,0.0,20,0.0,0,0.0,10,21,2018-11-01 21:41:00
20181101 21:42,2719,2719,2719,2719,0,0.0,20,0.0,0,0.0,1,4,2018-11-01 21:42:00
20181101 21:45,2719,2719,2719,2719,0,0.0,20,0.0,0,0.0,3,8,2018-11-01 21:45:00
20181101 21:46,2719,2719,2719,2719,0,0.0,20,0.0,0,0.0,3,8,2018-11-01 21:46:00
20181101 21:47,2719,2719,2719,2719,0,0.0,20,0.0,0,0.0,6,12,2018-11-01 21:47:00
20181101 21:51,2719,2719,2719,2719,0,0.0,20,0.0,0,0.0,4,5,2018-11-01 21:51:00
20181101 21:53,2719,2719,2719,2719,0,0.0,20,0.0,0,0.0,1,4,2018-11-01 21:53:00
20181101 21:54,2719,2719,2719,2719,0,0.0,20,0.0,0,0.0,3,12,2018-11-01 21:54:00
20181101 21:55,2719,2719,2719,2719,0,0.0,20,0.0,0,0.0,3,10,2018-11-01 21:55:00
20181101 21:56,2719,2719,2719,2719,0,0.0,20,0.0,0,0.0,7,14,2018-11-01 21:56:00
20181101 21:58,2719,2719,2719,2719,0,0.0,20,0.0,0,0.0,7,12,2018-11-01 21:58:00
20181101 22:01,2719,2719,2719,2719,0,0.0,20,0.0,0,0.0,10,13,2018-11-01 22:01:00
20181101 22:02,2719,2719,2719,2719,0,0.0,20,0.0,0,0.0,6,12,2018-11-01 22:02:00
20181101 22:04,2719,2719,2719,2719,0,0.0,20,0.0,0,0.0,5,12,2018-11-01 22:04:00
20181101 22:05,2719,2719,2719,2719,0,0.0,20,0.0,0,0.0,3,8,2018-11-01 22:05:00
20181101 22:06,2719,2719,2719,2719,0,0.0,20,0.0,0,0.0,6,20,2018-11-01 22:06:00
20181101 22:07,2719,2719,2719,2719,0,0.0,20,0.0,0,0.0,4,12,2018-11-01 22:07:00
20181101 22:08,2719,2719,2719,2719,0,0.0,20,0.0,0,0.0,8,16,2018-11-01 22:08:00
20181101 22:09,2719,2719,2719,2719,0,0.0,20,0.0,0,0.0,9,24,2018-11-01 22:09:00
20181101 22:10,2719,2719,2719,2719,0,0.0,20,0.0,0,0.0,2,4,2018-11-01 22:10:00
20181101 22:11,2719,2719,2719,2719,0,0.0,20,0.0,0,0.0,4,5,2018-11-01 22:11:00
20181101 22:12,2719,2719,2719,2719,0,0.0,20,0.0,0,0.0,3,8,2018-11-01 22:12:00
20181101 22:15,2719,2719,2719,2719,0,0.0,20,0.0,0,0.0,7,20,2018-11-01 22:15:00
20181101 22:16,2719,2719,2719,2719,0,0.0,20,0.0,0,0.0,11,16,2018-11-01 22:16:00
20181101 22:17,2719,2719,2719,2719,0,0.0,20,0.0,0,0.0,1,4,2018-11-01 22:17:00
20181101 22:18,2719,2719,2719,2719,0,0.0,20,0.0,0,0.0,2,4,2018-11-01 22:18:00
20181101 22:20,2719,2719,2719,2719,0,0.0,20,0.0,0,0.0,2,4,2018-11-01 22:20:00
20181101 22:21,2719,2719,2719,2719,0,0.0,20,0.0,0,0.0,7,13,2018-11-01 22:21:00
20181101 22:22,2719,2719,2719,2719,0,0.0,20,0.0,0,0.0,3,8,2018-11-01 22:22:00
20181101 22:27,2719,2719,2719,2719,0,0.0,20,0.0,0,0.0,1,4,2018-11-01 22:27:00
20181101 22:28,2719,2719,2719,2719,0,0.0,20,0.0,0,0.0,5,12,2018-11-01 22:28:00
20181101 22:29,2719,2719,2719,2719,0,0.0,20,0.0,0,0.0,9,16,2018-11-01 22:29:00
20181101 22:30,2719,2719,2719,2719,0,0.0,20,0.0,0,0.0,1,4,2018-11-01 22:30:00
20181101 22:31,2719,2719,2719,2719,0,0.0,20,0.0,0,0.0,12,22,2018-11-01 22:31:00
20181101 22:32,2719,2719,2719,2719,0,0.0,20,0.0,0,0.0,5,9,2018-11-01 22:32:00
20181101 22:33,2719,2719,2719,2719,0,0.0,20,0.0,0,0.0,4,12,2018-11-01 22:33:00
20181101 22:35,2719,2719,2719,2719,0,0.0,20,0.0,0,0.0,14,28,2018-11-01 22:35:00
20181101 22:36,2719,2719,2719,2719,0,0.0,20,0.0,0,0.0,12,26,2018-11-01 22:36:00
20181101 22:37,2719,2719,2719,2719,0,0.0,20,0.0,0,0.0,1,4,2018-11-01 22:37:00
20181101 22:38,2719,2719,2719,2719,0,0.0,20,0.0,0,0.0,5,12,2018-11-01 22:38:00
20181101 22:39,2719,2719,2719,2719,0,0.0,20,0.0,0,0.0,7,16,2018-11-01 22:39:00
20181101 22:40,2719,2719,2719,2719,0,0.0,20,0.0,0,0.0,5,12,2018-11-01 22:40:00
20181101 22:41,2719,2719,2719,2719,0,0.0,20,0.0,0,0.0,3,8,2018-11-01 22:41:00
20181101 22:42,2719,2719,2719,2719,0,0.0,20,0.0,0,0.0,8,20,2018-11-01 22:42:00
20181101 22:46,2719,2719,2719,2719,0,0.0,20,0.0,0,0.0,4,5,2018-11-01 22:46:00
20181101 22:47,2719,2719,2719,2719,0,0.0,20,0.0,0,0.0,6,10,2018-11-01 22:47:00
20181101 22:48,2719,2719,2719,2719,0,0.0,20,0.0,0,0.0,8,14,2018-11-01 22:48:00
20181101 22:49,2719,2719,2719,2719,0,0.0,20,0.0,0,0.0,1,4,2018-11-01 22:49:00
20181101 22:50,2719,2719,2719,2719,0,0.0,20,0.0,0,0.0,16,32,2018-11-01 22:50:00
20181101 22:51,2719,2719,2719,2719,0,0.0,20,0.0,0,0.0,12,26,2018-11-01 22:51:00
20181101 22:52,2719,2719,2719,2719,0,0.0,20,0.0,0,0.0,14,31,2018-11-01 22:52:00
20181101 22:53,2719,2719,2719,2719,0,0.0,20,0.0,0,0.0,1,4,2018-11-01 22:53:00
20181101 22:54,2719,2719,2719,2719,0,0.0,20,0.0,0,0.0,3,8,2018-11-01 22:54:00
20181101 22:55,2719,2719,2719,2719,0,0.0,20,0.0,0,0.0,5,12,2018-11-01 22:55:00
20181101 22:56,2719,2719,2719,2719,0,0.0,20,0.0,0,0.0,3,8,2018-11-01 22:56:00
20181101 22:57,2719,2719,2719,2719,0,0.0,20,0.0,0,0.0,2,8,2018-11-01 22:57:00
20181101 22:59,2719,2719,2719,2719,0,0.0,20,0.0,0,0.0,2,4,2018-11-01 22:59:00
20181101 23:00,2719,2719,2719,2719,0,0.0,20,0.0,0,0.0,3,12,2018-11-01 23:00:00
20181101 23:01,2719,2719,2719,2719,0,0.0,20,0.0,0,0.0,4,12,2018-11-01 23:01:00
20181101 23:02,2719,2719,2719,2719,0,0.0,20,0.0,0,0.0,8,17,2018-11-01 23:02:00
20181101 23:03,2719,2719,2719,2719,0,0.0,20,0.0,0,0.0,1,4,2018-11-01 23:03:00
20181101 23:04,2719,2719,2719,2719,0,0.0,20,0.0,0,0.0,4,12,2018-11-01 23:04:00
20181101 23:05,2719,2719,2719,2719,0,0.0,20,0.0,0,0.0,3,12,2018-11-01 23:05:00
20181101 23:06,2719,2719,2719,2719,0,0.0,20,0.0,0,0.0,6,22,2018-11-01 23:06:00
20181101 23:07,2719,2719,2719,2719,0,0.0,20,0.0,0,0.0,1,4,2018-11-01 23:07:00
20181101 23:08,2719,2719,2719,2719,0,0.0,20,0.0,0,0.0,2,4,2018-11-01 23:08:00
20181101 23:10,2719,2719,2719,2719,0,0.0,20,0.0,0,0.0,1,4,2018-11-01 23:10:00
20181101 23:11,2719,2719,2719,2719,0,0.0,20,0.0,0,0.0,3,8,2018-11-01 23:11:00
20181101 23:12,2719,2719,2719,2719,0,0.0,20,0.0,0,0.0,7,10,2018-11-01 23:12:00
20181101 23:13,2719,2719,2719,2719,0,0.0,20,0.0,0,0.0,4,9,2018-11-01 23:13:00
20181101 23:14,2719,2719,2719,2719,0,0.0,20,0.0,0,0.0,4,9,2018-11-01 23:14:00
20181101 23:16,2719,2719,2719,2719,0,0.0,20,0.0,0,0.0,2,8,2018-11-01 23:16:00
20181101 23:17,2719,2719,2719,2719,0,0.0,20,0.0,0,0.0,2,4,2018-11-01 23:17:00
20181101 23:18,2719,2719,2719,2719,0,0.0,20,0.0,0,0.0,2,4,2018-11-01 23:18:00
20181101 23:20,2719,2719,2719,2719,0,0.0,20,0.0,0,0.0,2,8,2018-11-01 23:20:00
20181101 23:21,2719,2719,2719,2719,0,0.0,20,0.0,0,0.0,4,14,2018-11-01 23:21:00
20181101 23:22,2719,2719,2719,2719,0,0.0,20,0.0,0,0.0,7,28,2018-11-01 23:22:00
20181101 23:25,2719,2719,2719,2719,0,0.0,20,0.0,0,0.0,9,26,2018-11-01 23:25:00
20181101 23:26,2719,2719,2719,2719,0,0.0,20,0.0,0,0.0,8,31,2018-11-01 23:26:00
20181101 23:27,2719,2719,2719,2719,0,0.0,20,0.0,0,0.0,3,13,2018-11-01 23:27:00
20181101 23:28,2719,2719,2719,2719,0,0.0,20,0.0,0,0.0,7,21,2018-11-01 23:28:00
20181101 23:29,2719,2719,2719,2719,0,0.0,20,0.0,0,0.0,19,29,2018-11-01 23:29:00
20181102 09:00,2719,2719,2719,2719,0,0.0,20,0.0,0,0.0,40,67,2018-11-02 09:00:00
20181102 09:01,2719,2719,2719,2719,0,0.0,20,0.0,0,0.0,8,31,2018-11-02 09:01:00
20181102 09:02,2719,2719,2719,2719,0,0.0,20,0.0,0,0.0,8,36,2018-11-02 09:02:00
20181102 09:03,2719,2719,2719,2719,0,0.0,20,0.0,0,0.0,2,5,2018-11-02 09:03:00
20181102 09:05,2719,2719,2719,2719,0,0.0,20,0.0,0,0.0,6,4,2018-11-02 09:05:00
20181102 09:06,2719,2719,2719,2719,0,0.0,20,0.0,0,0.0,7,8,2018-11-02 09:06:00
20181102 09:07,2719,2719,2719,2719,0,0.0,20,0.0,0,0.0,1,4,2018-11-02 09:07:00
20181102 09:08,2719,2719,2719,2719,0,0.0,20,0.0,0,0.0,6,4,2018-11-02 09:08:00
20181102 09:09,2719,2719,2719,2719,0,0.0,20,0.0,0,0.0,11,24,2018-11-02 09:09:00
20181102 09:10,2719,2719,2719,2719,0,0.0,20,0.0,0,0.0,2,8,2018-11-02 09:10:00
20181102 09:11,2719,2719,2719,2719,0,0.0,20,0.0,0,0.0,1,4,2018-11-02 09:11:00
20181102 09:12,2719,2719,2719,2719,0,0.0,20,0.0,0,0.0,1,4,2018-11-02 09:12:00
20181102 09:13,2719,2719,2719,2719,0,0.0,20,0.0,0,0.0,6,15,2018-11-02 09:13:00
20181102 09:15,2719,2719,2719,2719,0,0.0,20,0.0,0,0.0,1,4,2018-11-02 09:15:00
20181102 09:16,2719,2719,2719,2719,0,0.0,20,0.0,0,0.0,14,54,2018-11-02 09:16:00
20181102 09:17,2719,2719,2719,2719,0,0.0,20,0.0,0,0.0,1,4,2018-11-02 09:17:00
20181102 09:22,2719,2719,2719,2719,0,0.0,20,0.0,0,0.0,6,28,2018-11-02 09:22:00
20181102 09:23,2719,2719,2719,2719,0,0.0,20,0.0,0,0.0,12,48,2018-11-02 09:23:00
20181102 09:24,2719,2719,2719,2719,0,0.0,20,0.0,0,0.0,8,31,2018-11-02 09:24:00
20181102 09:25,2719,2719,2719,2719,0,0.0,20,0.0,0,0.0,7,27,2018-11-02 09:25:00
20181102 09:26,2719,2719,2719,2719,0,0.0,20,0.0,0,0.0,7,25,2018-11-02 09:26:00
20181102 09:27,2719,2719,2719,2719,0,0.0,20,0.0,0,0.0,9,40,2018-11-02 09:27:00
20181102 09:28,2719,2719,2719,2719,0,0.0,20,0.0,0,0.0,7,31,2018-11-02 09:28:00
20181102 09:29,2719,2719,2719,2719,0,0.0,20,0.0,0,0.0,3,12,2018-11-02 09:29:00
20181102 09:30,2719,2719,2719,2719,0,0.0,20,0.0,0,0.0,3,12,2018-11-02 09:30:00
20181102 09:31,2719,2719,2719,2719,0,0.0,20,0.0,0,0.0,2,8,2018-11-02 09:31:00
20181102 09:32,2719,2719,2719,2719,0,0.0,20,0.0,0,0.0,1,4,2018-11-02 09:32:00
20181102 09:36,2719,2719,2719,2719,0,0.0,20,0.0,0,0.0,3,9,2018-11-02 09:36:00
20181102 09:37,2719,2719,2719,2719,0,0.0,20,0.0,0,0.0,1,4,2018-11-02 09:37:00
20181102 09:38,2719,2719,2719,2719,0,0.0,20,0.0,0,0.0,1,4,2018-11-02 09:38:00
20181102 09:40,2719,2719,2719,2719,0,0.0,20,0.0,0,0.0,1,4,2018-11-02 09:40:00
20181102 09:43,2719,2719,2719,2719,0,0.0,20,0.0,0,0.0,7,8,2018-11-02 09:43:00
20181102 09:44,2719,2719,2719,2719,0,0.0,20,0.0,0,0.0,4,19,2018-11-02 09:44:00
20181102 09:45,2719,2719,2719,2719,0,0.0,20,0.0,0,0.0,2,5,2018-11-02 09:45:00
20181102 09:47,2719,2719,2719,2719,0,0.0,20,0.0,0,0.0,6,4,2018-11-02 09:47:00
20181102 09:48,2719,2719,2719,2719,0,0.0,20,0.0,0,0.0,1,4,2018-11-02 09:48:00
20181102 09:49,2719,2719,2719,2719,0,0.0,20,0.0,0,0.0,3,12,2018-11-02 09:49:00
20181102 09:52,2719,2719,2719,2719,0,0.0,20,0.0,0,0.0,1,4,2018-11-02 09:52:00
20181102 09:53,2719,2719,2719,2719,0,0.0,20,0.0,0,0.0,2,8,2018-11-02 09:53:00
20181102 09:54,2719,2719,2719,2719,0,0.0,20,0.0,0,0.0,1,4,2018-11-02 09:54:00
20181102 09:55,2719,2719,2719,2719,0,0.0,20,0.0,0,0.0,3,6,2018-11-02 09:55:00
20181102 09:56,2719,2719,2719,2719,0,0.0,20,0.0,0,0.0,2,9,2018-11-02 09:56:00
20181102 10:00,2719,2719,2719,2719,0,0.0,20,0.0,0,0.0,1,4,2018-11-02 10:00:00
20181102 10:02,2719,2719,2719,2719,0,0.0,20,0.0,0,0.0,1,4,2018-11-02 10:02:00
20181102 10:05,2719,2719,2719,2719,0,0.0,20,0.0,0,0.0,2,5,2018-11-02 10:05:00
20181102 10:07,2719,2719,2719,2719,0,0.0,20,0.0,0,0.0,1,4,2018-11-02 10:07:00
20181102 10:08,2719,2719,2719,2719,0,0.0,20,0.0,0,0.0,1,4,2018-11-02 10:08:00
20181102 10:10,2719,2719,2719,2719,0,0.0,20,0.0,0,0.0,1,4,2018-11-02 10:10:00
20181102 10:12,2719,2719,2719,2719,0,0.0,20,0.0,0,0.0,6,4,2018-11-02 10:12:00
20181102 10:13,2719,2719,2719,2719,0,0.0,20,0.0,0,0.0,7,8,2018-11-02 10:13:00
20181102 10:14,2719,2719,2719,2719,0,0.0,20,0.0,0,0.0,4,7,2018-11-02 10:14:00
20181102 10:30,2719,2719,2719,2719,0,0.0,20,0.0,0,0.0,2,5,2018-11-02 10:30:00
20181102 10:32,2719,2719,2719,2719,0,0.0,20,0.0,0,0.0,17,28,2018-11-02 10:32:00
20181102 10:33,2719,2719,2719,2719,0,0.0,20,0.0,0,0.0,6,23,2018-11-02 10:33:00
20181102 10:34,2719,2719,2719,2719,0,0.0,20,0.0,0,0.0,3,14,2018-11-02 10:34:00
20181102 10:35,2719,2719,2719,2719,0,0.0,20,0.0,0,0.0,1,4,2018-11-02 10:35:00
20181102 10:36,2719,2719,2719,2719,0,0.0,20,0.0,0,0.0,1,4,2018-11-02 10:36:00
20181102 10:37,2719,2719,2719,2719,0,0.0,20,0.0,0,0.0,1,4,2018-11-02 10:37:00
20181102 10:38,2719,2719,2719,2719,0,0.0,20,0.0,0,0.0,2,9,2018-11-02 10:38:00
20181102 10:41,2719,2719,2719,2719,0,0.0,20,0.0,0,0.0,1,4,2018-11-02 10:41:00
20181102 10:42,2719,2719,2719,2719,0,0.0,20,0.0,0,0.0,7,8,2018-11-02 10:42:00
20181102 10:43,2719,2719,2719,2719,0,0.0,20,0.0,0,0.0,12,5,2018-11-02 10:43:00
20181102 10:44,2719,2719,2719,2719,0,0.0,20,0.0,0,0.0,1,4,2018-11-02 10:44:00
20181102 10:47,2719,2719,2719,2719,0,0.0,20,0.0,0,0.0,20,20,2018-11-02 10:47:00
20181102 10:48,2719,2719,2719,2719,0,0.0,20,0.0,0,0.0,1,4,2018-11-02 10:48:00
20181102 10:49,2719,2719,2719,2719,0,0.0,20,0.0,0,0.0,10,20,2018-11-02 10:49:00
20181102 10:53,2719,2719,2719,2719,0,0.0,20,0.0,0,0.0,3,9,2018-11-02 10:53:00
20181102 10:54,2719,2719,2719,2719,0,0.0,20,0.0,0,0.0,7,8,2018-11-02 10:54:00
20181102 10:55,2719,2719,2719,2719,0,0.0,20,0.0,0,0.0,1,4,2018-11-02 10:55:00
20181102 10:56,2719,2719,2719,2719,0,0.0,20,0.0,0,0.0,7,8,2018-11-02 10:56:00
20181102 10:58,2719,2719,2719,2719,0,0.0,20,0.0,0,0.0,3,10,2018-11-02 10:58:00
20181102 10:59,2719,2719,2719,2719,0,0.0,20,0.0,0,0.0,4,18,2018-11-02 10:59:00
20181102 11:01,2719,2719,2719,2719,0,0.0,20,0.0,0,0.0,1,4,2018-11-02 11:01:00
20181102 11:06,2719,2719,2719,2719,0,0.0,20,0.0,0,0.0,6,4,2018-11-02 11:06:00
20181102 11:07,2719,2719,2719,2719,0,0.0,20,0.0,0,0.0,8,12,2018-11-02 11:07:00
20181102 11:08,2719,2719,2719,2719,0,0.0,20,0.0,0,0.0,9,13,2018-11-02 11:08:00
20181102 11:10,2719,2719,2719,2719,0,0.0,20,0.0,0,0.0,6,4,2018-11-02 11:10:00
20181102 11:11,2719,2719,2719,2719,0,0.0,20,0.0,0,0.0,1,4,2018-11-02 11:11:00
20181102 11:13,2719,2719,2719,2719,0,0.0,20,0.0,0,0.0,3,10,2018-11-02 11:13:00
20181102 11:14,2719,2719,2719,2719,0,0.0,20,0.0,0,0.0,2,5,2018-11-02 11:14:00
20181102 11:15,2719,2719,2719,2719,0,0.0,20,0.0,0,0.0,3,13,2018-11-02 11:15:00
20181102 11:16,2719,2719,2719,2719,0,0.0,20,0.0,0,0.0,7,28,2018-11-02 11:16:00
20181102 11:17,2719,2719,2719,2719,0,0.0,20,0.0,0,0.0,6,4,2018-11-02 11:17:00
20181102 11:18,2719,2719,2719,2719,0,0.0,20,0.0,0,0.0,2,8,2018-11-02 11:18:00
20181102 11:19,2719,2719,2719,2719,0,0.0,20,0.0,0,0.0,7,8,2018-11-02 11:19:00
20181102 11:20,2719,2719,2719,2719,0,0.0,20,0.0,0,0.0,7,8,2018-11-02 11:20:00
20181102 11:22,2719,2719,2719,2719,0,0.0,20,0.0,0,0.0,1,4,2018-11-02 11:22:00
20181102 11:23,2719,2719,2719,2719,0,0.0,20,0.0,0,0.0,3,8,2018-11-02 11:23:00
20181102 11:24,2719,2719,2719,2719,0,0.0,20,0.0,0,0.0,2,4,2018-11-02 11:24:00
20181102 11:25,2719,2719,2719,2719,0,0.0,20,0.0,0,0.0,7,17,2018-11-02 11:25:00
20181102 11:26,2719,2719,2719,2719,0,0.0,20,0.0,0,0.0,5,12,2018-11-02 11:26:00
20181102 11:27,2719,2719,2719,2719,0,0.0,20,0.0,0,0.0,7,13,2018-11-02 11:27:00
20181102 11:28,2719,2719,2719,2719,0,0.0,20,0.0,0,0.0,4,9,2018-11-02 11:28:00
20181102 11:29,2719,2719,2719,2719,0,0.0,20,0.0,0,0.0,2,5,2018-11-02 11:29:00
20181102 13:30,2719,2719,2719,2719,0,0.0,20,0.0,0,0.0,13,19,2018-11-02 13:30:00
20181102 13:31,2719,2719,2719,2719,0,0.0,20,0.0,0,0.0,1,4,2018-11-02 13:31:00
20181102 13:32,2719,2719,2719,2719,0,0.0,20,0.0,0,0.0,6,20,2018-11-02 13:32:00
20181102 13:33,2719,2719,2719,2719,0,0.0,20,0.0,0,0.0,8,14,2018-11-02 13:33:00
20181102 13:34,2719,2719,2719,2719,0,0.0,20,0.0,0,0.0,6,16,2018-11-02 13:34:00
20181102 13:35,2719,2719,2719,2719,0,0.0,20,0.0,0,0.0,6,16,2018-11-02 13:35:00
20181102 13:36,2719,2719,2719,2719,0,0.0,20,0.0,0,0.0,3,12,2018-11-02 13:36:00
20181102 13:37,2719,2719,2719,2719,0,0.0,20,0.0,0,0.0,1,4,2018-11-02 13:37:00
20181102 13:38,2719,2719,2719,2719,0,0.0,20,0.0,0,0.0,3,8,2018-11-02 13:38:00
20181102 13:39,2719,2719,2719,2719,0,0.0,20,0.0,0,0.0,3,8,2018-11-02 13:39:00
20181102 13:40,2719,2719,2719,2719,0,0.0,20,0.0,0,0.0,2,4,2018-11-02 13:40:00
20181102 13:42,2719,2719,2719,2719,0,0.0,20,0.0,0,0.0,1,4,2018-11-02 13:42:00
20181102 13:43,2719,2719,2719,2719,0,0.0,20,0.0,0,0.0,2,5,2018-11-02 13:43:00
20181102 13:44,2719,2719,2719,2719,0,0.0,20,0.0,0,0.0,4,5,2018-11-02 13:44:00
20181102 13:49,2719,2719,2719,2719,0,0.0,20,0.0,0,0.0,1,4,2018-11-02 13:49:00
20181102 13:51,2719,2719,2719,2719,0,0.0,20,0.0,0,0.0,1,4,2018-11-02 13:51:00
20181102 13:54,2719,2719,2719,2719,0,0.0,20,0.0,0,0.0,5,17,2018-11-02 13:54:00
20181102 13:55,2719,2719,2719,2719,0,0.0,20,0.0,0,0.0,5,13,2018-11-02 13:55:00
20181102 13:58,2719,2719,2719,2719,0,0.0,20,0.0,0,0.0,1,4,2018-11-02 13:58:00
20181102 13:59,2719,2719,2719,2719,0,0.0,20,0.0,0,0.0,2,4,2018-11-02 13:59:00
20181102 14:03,2719,2719,2719,2719,0,0.0,20,0.0,0,0.0,1,4,2018-11-02 14:03:00
20181102 14:05,2719,2719,2719,2719,0,0.0,20,0.0,0,0.0,2,5,2018-11-02 14:05:00
20181102 14:07,2719,2719,2719,2719,0,0.0,20,0.0,0,0.0,2,8,2018-11-02 14:07:00
20181102 14:08,2719,2719,2719,2719,0,0.0,20,0.0,0,0.0,5,12,2018-11-02 14:08:00
20181102 14:09,2719,2719,2719,2719,0,0.0,20,0.0,0,0.0,2,5,2018-11-02 14:09:00
20181102 14:10,2719,2719,2719,2719,0,0.0,20,0.0,0,0.0,7,14,2018-11-02 14:10:00
20181102 14:11,2719,2719,2719,2719,0,0.0,20,0.0,0,0.0,2,4,2018-11-02 14:11:00
20181102 14:12,2719,2719,2719,2719,0,0.0,20,0.0,0,0.0,6,16,2018-11-02 14:12:00
20181102 14:13,2719,2719,2719,2719,0,0.0,20,0.0,0,0.0,3,8,2018-11-02 14:13:00
20181102 14:14,2719,2719,2719,2719,0,0.0,20,0.0,0,0.0,4,12,2018-11-02 14:14:00
20181102 14:15,2719,2719,2719,2719,0,0.0,20,0.0,0,0.0,2,4,2018-11-02 14:15:00
20181102 14:18,2719,2719,2719,2719,0,0.0,20,0.0,0,0.0,4,8,2018-11-02 14:18:00
20181102 14:20,2719,2719,2719,2719,0,0.0,20,0.0,0,0.0,3,9,2018-11-02 14:20:00
20181102 14:23,2719,2719,2719,2719,0,0.0,20,0.0,0,0.0,6,9,2018-11-02 14:23:00
20181102 14:27,2719,2719,2719,2719,0,0.0,20,0.0,0,0.0,4,12,2018-11-02 14:27:00
20181102 14:28,2719,2719,2719,2719,0,0.0,20,0.0,0,0.0,5,17,2018-11-02 14:28:00
20181102 14:29,2719,2719,2719,2719,0,0.0,20,0.0,0,0.0,2,8,2018-11-02 14:29:00
20181102 14:30,2719,2719,2719,2719,0,0.0,20,0.0,0,0.0,2,4,2018-11-02 14:30:00
20181102 14:31,2719,2719,2719,2719,0,0.0,20,0.0,0,0.0,4,12,2018-11-02 14:31:00
20181102 14:32,2719,2719,2719,2719,0,0.0,20,0.0,0,0.0,2,4,2018-11-02 14:32:00
20181102 14:34,2719,2719,2719,2719,0,0.0,20,0.0,0,0.0,3,8,2018-11-02 14:34:00
20181102 14:35,2719,2719,2719,2719,0,0.0,20,0.0,0,0.0,1,4,2018-11-02 14:35:00
20181102 14:37,2719,2719,2719,2719,0,0.0,20,0.0,0,0.0,8,22,2018-11-02 14:37:00
20181102 14:38,2719,2719,2719,2719,0,0.0,20,0.0,0,0.0,2,5,2018-11-02 14:38:00
20181102 14:39,2719,2719,2719,2719,0,0.0,20,0.0,0,0.0,4,8,2018-11-02 14:39:00
20181102 14:42,2719,2719,2719,2719,0,0.0,20,0.0,0,0.0,7,16,2018-11-02 14:42:00
20181102 14:44,2719,2719,2719,2719,0,0.0,20,0.0,0,0.0,2,4,2018-11-02 14:44:00
20181102 14:47,2719,2719,2719,2719,0,0.0,20,0.0,0,0.0,1,4,2018-11-02 14:47:00
20181102 14:48,2719,2719,2719,2719,0,0.0,20,0.0,0,0.0,6,9,2018-11-02 14:48:00
20181102 14:49,2719,2719,2719,2719,0,0.0,20,0.0,0,0.0,6,18,2018-11-02 14:49:00
20181102 14:50,2719,2719,2719,2719,0,0.0,20,0.0,0,0.0,3,8,2018-11-02 14:50:00
20181102 14:55,2719,2719,2719,2719,0,0.0,20,0.0,0,0.0,4,12,2018-11-02 14:55:00
20181102 14:56,2719,2719,2719,2719,0,0.0,20,0.0,0,0.0,2,4,2018-11-02 14:56:00
20181102 14:58,2719,2719,2719,2719,0,0.0,20,0.0,0,0.0,1,4,2018-11-02 14:58:00
20181102 14:59,2719,2719,2719,2719,0,0.0,20,0.0,0,0.0,5,10,2018-11-02 14:59:00
20181102 15:00,2719,2719,2719,2719,0,0.0,20,0.0,0,0.0,2,1,2018-11-02 15:00:00
20181102 21:00,2746,2746,2746,2746,0,0.0,20,0.0,0,0.0,20,21,2018-11-02 21:00:00
20181102 21:01,2746,2746,2746,2746,0,0.0,20,0.0,0,0.0,4,10,2018-11-02 21:01:00
20181102 21:02,2746,2746,2746,2746,0,0.0,20,0.0,0,0.0,4,14,2018-11-02 21:02:00
20181102 21:03,2746,2746,2746,2746,0,0.0,20,0.0,0,0.0,2,8,2018-11-02 21:03:00
20181102 21:05,2746,2746,2746,2746,0,0.0,20,0.0,0,0.0,3,12,2018-11-02 21:05:00
20181102 21:06,2746,2746,2746,2746,0,0.0,20,0.0,0,0.0,6,21,2018-11-02 21:06:00
20181102 21:07,2746,2746,2746,2746,0,0.0,20,0.0,0,0.0,9,35,2018-11-02 21:07:00
20181102 21:08,2746,2746,2746,2746,0,0.0,20,0.0,0,0.0,3,12,2018-11-02 21:08:00
20181102 21:09,2746,2746,2746,2746,0,0.0,20,0.0,0,0.0,4,13,2018-11-02 21:09:00
20181102 21:10,2746,2746,2746,2746,0,0.0,20,0.0,0,0.0,3,10,2018-11-02 21:10:00
20181102 21:11,2746,2746,2746,2746,0,0.0,20,0.0,0,0.0,1,4,2018-11-02 21:11:00
20181102 21:12,2746,2746,2746,2746,0,0.0,20,0.0,0,0.0,5,20,2018-11-02 21:12:00
20181102 21:13,2746,2746,2746,2746,0,0.0,20,0.0,0,0.0,1,4,2018-11-02 21:13:00
20181102 21:14,2746,2746,2746,2746,0,0.0,20,0.0,0,0.0,3,12,2018-11-02 21:14:00
20181102 21:15,2746,2746,2746,2746,0,0.0,20,0.0,0,0.0,1,4,2018-11-02 21:15:00
20181102 21:17,2746,2746,2746,2746,0,0.0,20,0.0,0,0.0,5,20,2018-11-02 21:17:00
20181102 21:18,2746,2746,2746,2746,0,0.0,20,0.0,0,0.0,2,8,2018-11-02 21:18:00
20181102 21:20,2746,2746,2746,2746,0,0.0,20,0.0,0,0.0,3,9,2018-11-02 21:20:00
20181102 21:21,2746,2746,2746,2746,0,0.0,20,0.0,0,0.0,1,4,2018-11-02 21:21:00
20181102 21:25,2746,2746,2746,2746,0,0.0,20,0.0,0,0.0,1,4,2018-11-02 21:25:00
20181102 21:26,2746,2746,2746,2746,0,0.0,20,0.0,0,0.0,1,4,2018-11-02 21:26:00
20181102 21:30,2746,2746,2746,2746,0,0.0,20,0.0,0,0.0,3,9,2018-11-02 21:30:00
20181102 21:33,2746,2746,2746,2746,0,0.0,20,0.0,0,0.0,1,4,2018-11-02 21:33:00
20181102 21:35,2746,2746,2746,2746,0,0.0,20,0.0,0,0.0,2,8,2018-11-02 21:35:00
20181102 21:36,2746,2746,2746,2746,0,0.0,20,0.0,0,0.0,2,10,2018-11-02 21:36:00
20181102 21:37,2746,2746,2746,2746,0,0.0,20,0.0,0,0.0,1,4,2018-11-02 21:37:00
20181102 21:38,2746,2746,2746,2746,0,0.0,20,0.0,0,0.0,2,10,2018-11-02 21:38:00
20181102 21:39,2746,2746,2746,2746,0,0.0,20,0.0,0,0.0,1,4,2018-11-02 21:39:00
20181102 21:40,2746,2746,2746,2746,0,0.0,20,0.0,0,0.0,2,5,2018-11-02 21:40:00
20181102 21:43,2746,2746,2746,2746,0,0.0,20,0.0,0,0.0,1,4,2018-11-02 21:43:00
20181102 21:44,2746,2746,2746,2746,0,0.0,20,0.0,0,0.0,1,4,2018-11-02 21:44:00
20181102 21:45,2746,2746,2746,2746,0,0.0,20,0.0,0,0.0,1,4,2018-11-02 21:45:00
20181102 21:48,2746,2746,2746,2746,0,0.0,20,0.0,0,0.0,1,4,2018-11-02 21:48:00
20181102 21:50,2746,2746,2746,2746,0,0.0,20,0.0,0,0.0,2,5,2018-11-02 21:50:00
20181102 21:51,2746,2746,2746,2746,0,0.0,20,0.0,0,0.0,1,4,2018-11-02 21:51:00
20181102 21:52,2746,2746,2746,2746,0,0.0,20,0.0,0,0.0,2,8,2018-11-02 21:52:00
20181102 21:54,2746,2746,2746,2746,0,0.0,20,0.0,0,0.0,2,10,2018-11-02 21:54:00
20181102 21:55,2746,2746,2746,2746,0,0.0,20,0.0,0,0.0,4,14,2018-11-02 21:55:00
20181102 21:56,2746,2746,2746,2746,0,0.0,20,0.0,0,0.0,2,8,2018-11-02 21:56:00
20181102 21:57,2746,2746,2746,2746,0,0.0,20,0.0,0,0.0,1,5,2018-11-02 21:57:00
20181102 21:58,2746,2746,2746,2746,0,0.0,20,0.0,0,0.0,1,5,2018-11-02 21:58:00
20181102 21:59,2746,2746,2746,2746,0,0.0,20,0.0,0,0.0,1,5,2018-11-02 21:59:00
20181102 22:00,2746,2746,2746,2746,0,0.0,20,0.0,0,0.0,2,9,2018-11-02 22:00:00
20181102 22:01,2746,2746,2746,2746,0,0.0,20,0.0,0,0.0,1,4,2018-11-02 22:01:00
20181102 22:05,2746,2746,2746,2746,0,0.0,20,0.0,0,0.0,2,5,2018-11-02 22:05:00
20181102 22:07,2746,2746,2746,2746,0,0.0,20,0.0,0,0.0,1,4,2018-11-02 22:07:00
20181102 22:09,2746,2746,2746,2746,0,0.0,20,0.0,0,0.0,1,4,2018-11-02 22:09:00
20181102 22:10,2746,2746,2746,2746,0,0.0,20,0.0,0,0.0,2,8,2018-11-02 22:10:00
20181102 22:15,2746,2746,2746,2746,0,0.0,20,0.0,0,0.0,2,5,2018-11-02 22:15:00
20181102 22:17,2746,2746,2746,2746,0,0.0,20,0.0,0,0.0,1,5,2018-11-02 22:17:00
20181102 22:19,2746,2746,2746,2746,0,0.0,20,0.0,0,0.0,2,5,2018-11-02 22:19:00
20181102 22:22,2746,2746,2746,2746,0,0.0,20,0.0,0,0.0,2,8,2018-11-02 22:22:00
20181102 22:23,2746,2746,2746,2746,0,0.0,20,0.0,0,0.0,2,5,2018-11-02 22:23:00
20181102 22:25,2746,2746,2746,2746,0,0.0,20,0.0,0,0.0,1,4,2018-11-02 22:25:00
20181102 22:26,2746,2746,2746,2746,0,0.0,20,0.0,0,0.0,1,4,2018-11-02 22:26:00
20181102 22:32,2746,2746,2746,2746,0,0.0,20,0.0,0,0.0,1,4,2018-11-02 22:32:00
20181102 22:33,2746,2746,2746,2746,0,0.0,20,0.0,0,0.0,3,9,2018-11-02 22:33:00
20181102 22:34,2746,2746,2746,2746,0,0.0,20,0.0,0,0.0,7,28,2018-11-02 22:34:00
20181102 22:43,2746,2746,2746,2746,0,0.0,20,0.0,0,0.0,2,5,2018-11-02 22:43:00
20181102 22:45,2746,2746,2746,2746,0,0.0,20,0.0,0,0.0,1,4,2018-11-02 22:45:00
20181102 22:46,2746,2746,2746,2746,0,0.0,20,0.0,0,0.0,1,4,2018-11-02 22:46:00
20181102 22:53,2746,2746,2746,2746,0,0.0,20,0.0,0,0.0,2,5,2018-11-02 22:53:00
20181102 22:54,2746,2746,2746,2746,0,0.0,20,0.0,0,0.0,1,4,2018-11-02 22:54:00
20181102 23:03,2746,2746,2746,2746,0,0.0,20,0.0,0,0.0,4,11,2018-11-02 23:03:00
20181102 23:05,2746,2746,2746,2746,0,0.0,20,0.0,0,0.0,1,4,2018-11-02 23:05:00
20181102 23:11,2746,2746,2746,2746,0,0.0,20,0.0,0,0.0,2,8,2018-11-02 23:11:00
20181102 23:12,2746,2746,2746,2746,0,0.0,20,0.0,0,0.0,5,18,2018-11-02 23:12:00
20181102 23:13,2746,2746,2746,2746,0,0.0,20,0.0,0,0.0,4,16,2018-11-02 23:13:00
20181102 23:14,2746,2746,2746,2746,0,0.0,20,0.0,0,0.0,2,9,2018-11-02 23:14:00
20181102 23:21,2746,2746,2746,2746,0,0.0,20,0.0,0,0.0,4,9,2018-11-02 23:21:00
20181102 23:22,2746,2746,2746,2746,0,0.0,20,0.0,0,0.0,6,10,2018-11-02 23:22:00
20181102 23:25,2746,2746,2746,2746,0,0.0,20,0.0,0,0.0,1,4,2018-11-02 23:25:00
20181102 23:28,2746,2746,2746,2746,0,0.0,20,0.0,0,0.0,1,5,2018-11-02 23:28:00
20181102 23:29,2746,2746,2746,2746,0,0.0,20,0.0,0,0.0,2,5,2018-11-02 23:29:00
20181105 09:00,2746,2746,2746,2746,0,0.0,20,0.0,0,0.0,10,37,2018-11-05 09:00:00
20181105 09:01,2725,2725,2725,2725,2,2.0,18,-2.0,5450,5450.0,2,6,2018-11-05 09:01:00
20181105 09:02,2725,2725,2725,2725,2,0.0,18,0.0,5450,0.0,6,18,2018-11-05 09:02:00
20181105 09:03,2725,2725,2725,2725,2,0.0,18,0.0,5450,0.0,6,21,2018-11-05 09:03:00
20181105 09:04,2725,2725,2725,2725,2,0.0,18,0.0,5450,0.0,8,24,2018-11-05 09:04:00
20181105 09:05,2725,2725,2725,2725,2,0.0,18,0.0,5450,0.0,5,17,2018-11-05 09:05:00
20181105 09:06,2725,2725,2725,2725,2,0.0,18,0.0,5450,0.0,1,3,2018-11-05 09:06:00
20181105 09:07,2725,2725,2725,2725,2,0.0,18,0.0,5450,0.0,3,9,2018-11-05 09:07:00
20181105 09:08,2725,2725,2725,2725,2,0.0,18,0.0,5450,0.0,2,6,2018-11-05 09:08:00
20181105 09:09,2725,2725,2725,2725,2,0.0,18,0.0,5450,0.0,1,3,2018-11-05 09:09:00
20181105 09:10,2725,2725,2725,2725,2,0.0,18,0.0,5450,0.0,4,12,2018-11-05 09:10:00
20181105 09:11,2725,2725,2725,2725,2,0.0,18,0.0,5450,0.0,4,12,2018-11-05 09:11:00
20181105 09:12,2725,2725,2725,2725,2,0.0,18,0.0,5450,0.0,3,9,2018-11-05 09:12:00
20181105 09:14,2725,2725,2725,2725,2,0.0,18,0.0,5450,0.0,1,3,2018-11-05 09:14:00
20181105 09:15,2725,2725,2725,2725,2,0.0,18,0.0,5450,0.0,8,20,2018-11-05 09:15:00
20181105 09:16,2725,2725,2725,2725,2,0.0,18,0.0,5450,0.0,18,48,2018-11-05 09:16:00
20181105 09:17,2725,2725,2725,2725,2,0.0,18,0.0,5450,0.0,2,6,2018-11-05 09:17:00
20181105 09:18,2725,2725,2725,2725,2,0.0,18,0.0,5450,0.0,2,6,2018-11-05 09:18:00
20181105 09:19,2725,2725,2725,2725,2,0.0,18,0.0,5450,0.0,1,3,2018-11-05 09:19:00
20181105 09:20,2725,2725,2725,2725,2,0.0,18,0.0,5450,0.0,5,15,2018-11-05 09:20:00
20181105 09:22,2725,2725,2725,2725,2,0.0,18,0.0,5450,0.0,1,3,2018-11-05 09:22:00
20181105 09:23,2725,2725,2725,2725,2,0.0,18,0.0,5450,0.0,2,6,2018-11-05 09:23:00
20181105 09:25,2725,2725,2725,2725,2,0.0,18,0.0,5450,0.0,1,3,2018-11-05 09:25:00
20181105 09:26,2725,2725,2725,2725,2,0.0,18,0.0,5450,0.0,6,14,2018-11-05 09:26:00
20181105 09:27,2725,2725,2725,2725,2,0.0,18,0.0,5450,0.0,2,6,2018-11-05 09:27:00
20181105 09:28,2725,2725,2725,2725,2,0.0,18,0.0,5450,0.0,2,6,2018-11-05 09:28:00
20181105 09:30,2725,2725,2725,2725,2,0.0,18,0.0,5450,0.0,2,6,2018-11-05 09:30:00
20181105 09:31,2725,2725,2725,2725,2,0.0,18,0.0,5450,0.0,1,3,2018-11-05 09:31:00
20181105 09:32,2725,2725,2725,2725,2,0.0,18,0.0,5450,0.0,2,6,2018-11-05 09:32:00
20181105 09:36,2725,2725,2725,2725,2,0.0,18,0.0,5450,0.0,3,5,2018-11-05 09:36:00
20181105 09:37,2725,2725,2725,2725,2,0.0,18,0.0,5450,0.0,5,15,2018-11-05 09:37:00
20181105 09:38,2725,2725,2725,2725,2,0.0,18,0.0,5450,0.0,3,10,2018-11-05 09:38:00
20181105 09:40,2725,2725,2725,2725,2,0.0,18,0.0,5450,0.0,1,3,2018-11-05 09:40:00
20181105 09:41,2725,2725,2725,2725,2,0.0,18,0.0,5450,0.0,2,6,2018-11-05 09:41:00
20181105 09:42,2725,2725,2725,2725,2,0.0,18,0.0,5450,0.0,1,3,2018-11-05 09:42:00
20181105 09:43,2725,2725,2725,2725,2,0.0,18,0.0,5450,0.0,2,4,2018-11-05 09:43:00
20181105 09:44,2725,2725,2725,2725,2,0.0,18,0.0,5450,0.0,3,9,2018-11-05 09:44:00
20181105 09:47,2725,2725,2725,2725,2,0.0,18,0.0,5450,0.0,2,6,2018-11-05 09:47:00
20181105 09:53,2725,2725,2725,2725,2,0.0,18,0.0,5450,0.0,4,8,2018-11-05 09:53:00
20181105 09:54,2725,2725,2725,2725,2,0.0,18,0.0,5450,0.0,4,12,2018-11-05 09:54:00
20181105 09:59,2725,2725,2725,2725,2,0.0,18,0.0,5450,0.0,2,6,2018-11-05 09:59:00
20181105 10:00,2725,2725,2725,2725,2,0.0,18,0.0,5450,0.0,1,3,2018-11-05 10:00:00
20181105 10:03,2725,2725,2725,2725,2,0.0,18,0.0,5450,0.0,4,8,2018-11-05 10:03:00
20181105 10:04,2725,2725,2725,2725,2,0.0,18,0.0,5450,0.0,1,3,2018-11-05 10:04:00
20181105 10:06,2725,2725,2725,2725,2,0.0,18,0.0,5450,0.0,1,3,2018-11-05 10:06:00
20181105 10:07,2725,2725,2725,2725,2,0.0,18,0.0,5450,0.0,1,3,2018-11-05 10:07:00
20181105 10:13,2725,2725,2725,2725,2,0.0,18,0.0,5450,0.0,8,18,2018-11-05 10:13:00
20181105 10:14,2725,2725,2725,2725,2,0.0,18,0.0,5450,0.0,3,5,2018-11-05 10:14:00
20181105 10:30,2725,2725,2725,2725,2,0.0,18,0.0,5450,0.0,3,12,2018-11-05 10:30:00
20181105 10:31,2725,2725,2725,2725,2,0.0,18,0.0,5450,0.0,2,8,2018-11-05 10:31:00
20181105 10:33,2725,2725,2725,2725,2,0.0,18,0.0,5450,0.0,1,4,2018-11-05 10:33:00
20181105 10:34,2725,2725,2725,2725,2,0.0,18,0.0,5450,0.0,1,4,2018-11-05 10:34:00
20181105 10:36,2725,2725,2725,2725,2,0.0,18,0.0,5450,0.0,1,4,2018-11-05 10:36:00
20181105 10:40,2725,2725,2725,2725,2,0.0,18,0.0,5450,0.0,4,8,2018-11-05 10:40:00
20181105 10:43,2725,2725,2725,2725,2,0.0,18,0.0,5450,0.0,2,4,2018-11-05 10:43:00
20181105 10:45,2725,2725,2725,2725,2,0.0,18,0.0,5450,0.0,1,3,2018-11-05 10:45:00
20181105 10:46,2725,2725,2725,2725,2,0.0,18,0.0,5450,0.0,1,3,2018-11-05 10:46:00
20181105 10:48,2725,2725,2725,2725,2,0.0,18,0.0,5450,0.0,2,6,2018-11-05 10:48:00
20181105 10:50,2725,2725,2725,2725,2,0.0,18,0.0,5450,0.0,1,3,2018-11-05 10:50:00
20181105 10:53,2725,2725,2725,2725,2,0.0,18,0.0,5450,0.0,5,9,2018-11-05 10:53:00
20181105 10:58,2725,2725,2725,2725,2,0.0,18,0.0,5450,0.0,3,7,2018-11-05 10:58:00
20181105 10:59,2725,2725,2725,2725,2,0.0,18,0.0,5450,0.0,1,3,2018-11-05 10:59:00
20181105 11:06,2725,2725,2725,2725,2,0.0,18,0.0,5450,0.0,1,3,2018-11-05 11:06:00
20181105 11:07,2725,2725,2725,2725,2,0.0,18,0.0,5450,0.0,1,3,2018-11-05 11:07:00
20181105 11:08,2725,2725,2725,2725,2,0.0,18,0.0,5450,0.0,3,5,2018-11-05 11:08:00
20181105 11:10,2725,2725,2725,2725,2,0.0,18,0.0,5450,0.0,1,3,2018-11-05 11:10:00
20181105 11:12,2725,2725,2725,2725,2,0.0,18,0.0,5450,0.0,1,3,2018-11-05 11:12:00
20181105 11:14,2725,2725,2725,2725,2,0.0,18,0.0,5450,0.0,2,4,2018-11-05 11:14:00
20181105 11:16,2725,2725,2725,2725,2,0.0,18,0.0,5450,0.0,2,4,2018-11-05 11:16:00
20181105 11:17,2725,2725,2725,2725,2,0.0,18,0.0,5450,0.0,2,6,2018-11-05 11:17:00
20181105 11:25,2725,2725,2725,2725,2,0.0,18,0.0,5450,0.0,1,3,2018-11-05 11:25:00
20181105 11:26,2725,2725,2725,2725,2,0.0,18,0.0,5450,0.0,3,5,2018-11-05 11:26:00
20181105 11:27,2725,2725,2725,2725,2,0.0,18,0.0,5450,0.0,3,7,2018-11-05 11:27:00
20181105 11:28,2725,2725,2725,2725,2,0.0,18,0.0,5450,0.0,1,3,2018-11-05 11:28:00
20181105 11:29,2725,2725,2725,2725,2,0.0,18,0.0,5450,0.0,5,14,2018-11-05 11:29:00
20181105 13:30,2725,2725,2725,2725,2,0.0,18,0.0,5450,0.0,31,77,2018-11-05 13:30:00
20181105 13:31,2725,2725,2725,2725,2,0.0,18,0.0,5450,0.0,30,80,2018-11-05 13:31:00
20181105 13:32,2725,2725,2725,2725,2,0.0,18,0.0,5450,0.0,42,108,2018-11-05 13:32:00
20181105 13:33,2725,2725,2725,2725,2,0.0,18,0.0,5450,0.0,42,112,2018-11-05 13:33:00
20181105 13:34,2725,2725,2725,2725,2,0.0,18,0.0,5450,0.0,26,64,2018-11-05 13:34:00
20181105 13:35,2725,2725,2725,2725,2,0.0,18,0.0,5450,0.0,25,68,2018-11-05 13:35:00
20181105 13:36,2725,2725,2725,2725,2,0.0,18,0.0,5450,0.0,21,56,2018-11-05 13:36:00
20181105 13:37,2725,2725,2725,2725,2,0.0,18,0.0,5450,0.0,21,56,2018-11-05 13:37:00
20181105 13:38,2725,2725,2725,2725,2,0.0,18,0.0,5450,0.0,48,128,2018-11-05 13:38:00
20181105 13:39,2725,2725,2725,2725,2,0.0,18,0.0,5450,0.0,27,60,2018-11-05 13:39:00
20181105 13:40,2725,2725,2725,2725,2,0.0,18,0.0,5450,0.0,30,57,2018-11-05 13:40:00
20181105 13:41,2725,2725,2725,2725,2,0.0,18,0.0,5450,0.0,30,60,2018-11-05 13:41:00
20181105 13:42,2725,2725,2725,2725,2,0.0,18,0.0,5450,0.0,29,54,2018-11-05 13:42:00
20181105 13:43,2725,2725,2725,2725,2,0.0,18,0.0,5450,0.0,15,30,2018-11-05 13:43:00
20181105 13:44,2725,2725,2725,2725,2,0.0,18,0.0,5450,0.0,18,33,2018-11-05 13:44:00
20181105 13:45,2725,2725,2725,2725,2,0.0,18,0.0,5450,0.0,10,18,2018-11-05 13:45:00
20181105 13:46,2725,2725,2725,2725,2,0.0,18,0.0,5450,0.0,36,72,2018-11-05 13:46:00
20181105 13:47,2725,2725,2725,2725,2,0.0,18,0.0,5450,0.0,21,42,2018-11-05 13:47:00
20181105 13:48,2725,2725,2725,2725,2,0.0,18,0.0,5450,0.0,18,33,2018-11-05 13:48:00
20181105 13:49,2725,2725,2725,2725,2,0.0,18,0.0,5450,0.0,47,95,2018-11-05 13:49:00
20181105 13:50,2725,2725,2725,2725,2,0.0,18,0.0,5450,0.0,32,64,2018-11-05 13:50:00
20181105 13:51,2725,2725,2725,2725,2,0.0,18,0.0,5450,0.0,21,42,2018-11-05 13:51:00
20181105 13:52,2725,2725,2725,2725,2,0.0,18,0.0,5450,0.0,10,21,2018-11-05 13:52:00
20181105 13:53,2725,2725,2725,2725,2,0.0,18,0.0,5450,0.0,31,63,2018-11-05 13:53:00
20181105 13:54,2725,2725,2725,2725,2,0.0,18,0.0,5450,0.0,32,67,2018-11-05 13:54:00
20181105 13:55,2725,2725,2725,2725,2,0.0,18,0.0,5450,0.0,8,19,2018-11-05 13:55:00
20181105 13:56,2725,2725,2725,2725,2,0.0,18,0.0,5450,0.0,19,44,2018-11-05 13:56:00
20181105 13:57,2725,2725,2725,2725,2,0.0,18,0.0,5450,0.0,26,52,2018-11-05 13:57:00
20181105 13:58,2725,2725,2725,2725,2,0.0,18,0.0,5450,0.0,39,79,2018-11-05 13:58:00
20181105 13:59,2725,2725,2725,2725,2,0.0,18,0.0,5450,0.0,39,75,2018-11-05 13:59:00
20181105 14:00,2725,2725,2725,2725,2,0.0,18,0.0,5450,0.0,51,102,2018-11-05 14:00:00
20181105 14:01,2725,2725,2725,2725,2,0.0,18,0.0,5450,0.0,9,18,2018-11-05 14:01:00
20181105 14:02,2725,2725,2725,2725,2,0.0,18,0.0,5450,0.0,3,6,2018-11-05 14:02:00
20181105 14:03,2725,2725,2725,2725,2,0.0,18,0.0,5450,0.0,35,66,2018-11-05 14:03:00
20181105 14:04,2725,2725,2725,2725,2,0.0,18,0.0,5450,0.0,6,12,2018-11-05 14:04:00
20181105 14:05,2725,2725,2725,2725,2,0.0,18,0.0,5450,0.0,9,18,2018-11-05 14:05:00
20181105 14:06,2725,2725,2725,2725,2,0.0,18,0.0,5450,0.0,18,36,2018-11-05 14:06:00
20181105 14:07,2725,2725,2725,2725,2,0.0,18,0.0,5450,0.0,10,21,2018-11-05 14:07:00
20181105 14:08,2725,2725,2725,2725,2,0.0,18,0.0,5450,0.0,11,18,2018-11-05 14:08:00
20181105 14:09,2725,2725,2725,2725,2,0.0,18,0.0,5450,0.0,24,45,2018-11-05 14:09:00
20181105 14:10,2725,2725,2725,2725,2,0.0,18,0.0,5450,0.0,45,90,2018-11-05 14:10:00
20181105 14:11,2725,2725,2725,2725,2,0.0,18,0.0,5450,0.0,24,45,2018-11-05 14:11:00
20181105 14:12,2725,2725,2725,2725,2,0.0,18,0.0,5450,0.0,6,12,2018-11-05 14:12:00
20181105 14:13,2725,2725,2725,2725,2,0.0,18,0.0,5450,0.0,9,18,2018-11-05 14:13:00
20181105 14:14,2725,2725,2725,2725,2,0.0,18,0.0,5450,0.0,60,121,2018-11-05 14:14:00
20181105 14:15,2725,2725,2725,2725,2,0.0,18,0.0,5450,0.0,59,114,2018-11-05 14:15:00
20181105 14:16,2725,2725,2725,2725,2,0.0,18,0.0,5450,0.0,7,12,2018-11-05 14:16:00
20181105 14:17,2725,2725,2725,2725,2,0.0,18,0.0,5450,0.0,19,39,2018-11-05 14:17:00
20181105 14:18,2725,2725,2725,2725,2,0.0,18,0.0,5450,0.0,34,72,2018-11-05 14:18:00
20181105 14:19,2725,2725,2725,2725,2,0.0,18,0.0,5450,0.0,38,75,2018-11-05 14:19:00
20181105 14:20,2725,2725,2725,2725,2,0.0,18,0.0,5450,0.0,58,111,2018-11-05 14:20:00
20181105 14:21,2725,2725,2725,2725,2,0.0,18,0.0,5450,0.0,59,114,2018-11-05 14:21:00
20181105 14:22,2725,2725,2725,2725,2,0.0,18,0.0,5450,0.0,43,87,2018-11-05 14:22:00
20181105 14:23,2725,2725,2725,2725,2,0.0,18,0.0,5450,0.0,40,78,2018-11-05 14:23:00
20181105 14:24,2725,2725,2725,2725,2,0.0,18,0.0,5450,0.0,19,38,2018-11-05 14:24:00
20181105 14:25,2725,2725,2725,2725,2,0.0,18,0.0,5450,0.0,12,24,2018-11-05 14:25:00
20181105 14:26,2725,2725,2725,2725,2,0.0,18,0.0,5450,0.0,48,104,2018-11-05 14:26:00
20181105 14:27,2725,2725,2725,2725,2,0.0,18,0.0,5450,0.0,26,53,2018-11-05 14:27:00
20181105 14:28,2725,2725,2725,2725,2,0.0,18,0.0,5450,0.0,3,6,2018-11-05 14:28:00
20181105 14:29,2725,2725,2725,2725,2,0.0,18,0.0,5450,0.0,42,42,2018-11-05 14:29:00
20181105 14:30,2725,2725,2725,2725,2,0.0,18,0.0,5450,0.0,63,72,2018-11-05 14:30:00
20181105 14:31,2725,2725,2725,2725,2,0.0,18,0.0,5450,0.0,7,20,2018-11-05 14:31:00
20181105 14:32,2725,2725,2725,2725,2,0.0,18,0.0,5450,0.0,10,24,2018-11-05 14:32:00
20181105 14:33,2725,2725,2725,2725,2,0.0,18,0.0,5450,0.0,9,24,2018-11-05 14:33:00
20181105 14:34,2725,2725,2725,2725,2,0.0,18,0.0,5450,0.0,14,30,2018-11-05 14:34:00
20181105 14:35,2725,2725,2725,2725,2,0.0,18,0.0,5450,0.0,9,18,2018-11-05 14:35:00
20181105 14:36,2725,2725,2725,2725,2,0.0,18,0.0,5450,0.0,12,24,2018-11-05 14:36:00
20181105 14:37,2725,2725,2725,2725,2,0.0,18,0.0,5450,0.0,21,49,2018-11-05 14:37:00
20181105 14:38,2725,2725,2725,2725,2,0.0,18,0.0,5450,0.0,9,13,2018-11-05 14:38:00
20181105 14:41,2725,2725,2725,2725,2,0.0,18,0.0,5450,0.0,2,3,2018-11-05 14:41:00
20181105 14:42,2725,2725,2725,2725,2,0.0,18,0.0,5450,0.0,3,3,2018-11-05 14:42:00
20181105 14:43,2725,2725,2725,2725,2,0.0,18,0.0,5450,0.0,2,3,2018-11-05 14:43:00
20181105 14:45,2725,2725,2725,2725,2,0.0,18,0.0,5450,0.0,10,13,2018-11-05 14:45:00
20181105 14:47,2725,2725,2725,2725,2,0.0,18,0.0,5450,0.0,3,3,2018-11-05 14:47:00
20181105 14:48,2725,2725,2725,2725,2,0.0,18,0.0,5450,0.0,5,6,2018-11-05 14:48:00
20181105 14:49,2725,2725,2725,2725,2,0.0,18,0.0,5450,0.0,11,15,2018-11-05 14:49:00
20181105 14:50,2725,2725,2725,2725,2,0.0,18,0.0,5450,0.0,3,6,2018-11-05 14:50:00
20181105 14:52,2725,2725,2725,2725,2,0.0,18,0.0,5450,0.0,15,12,2018-11-05 14:52:00
20181105 14:53,2725,2725,2725,2725,2,0.0,18,0.0,5450,0.0,9,6,2018-11-05 14:53:00
20181105 14:55,2725,2725,2725,2725,2,0.0,18,0.0,5450,0.0,143,89,2018-11-05 14:55:00
20181105 14:56,2725,2725,2725,2725,2,0.0,18,0.0,5450,0.0,152,99,2018-11-05 14:56:00
20181105 14:57,2725,2725,2725,2725,2,0.0,18,0.0,5450,0.0,131,84,2018-11-05 14:57:00
20181105 14:58,2725,2725,2725,2725,2,0.0,18,0.0,5450,0.0,71,39,2018-11-05 14:58:00
20181105 14:59,2725,2725,2725,2725,2,0.0,18,0.0,5450,0.0,18,11,2018-11-05 14:59:00
20181105 21:00,2725,2725,2725,2725,0,0.0,18,0.0,0,0.0,103,129,2018-11-05 21:00:00
20181105 21:01,2725,2725,2725,2725,0,0.0,18,0.0,0,0.0,19,11,2018-11-05 21:01:00
20181105 21:02,2725,2725,2725,2725,0,0.0,18,0.0,0,0.0,1,3,2018-11-05 21:02:00
20181105 21:03,2725,2725,2725,2725,0,0.0,18,0.0,0,0.0,1,3,2018-11-05 21:03:00
20181105 21:06,2725,2725,2725,2725,0,0.0,18,0.0,0,0.0,1,3,2018-11-05 21:06:00
20181105 21:11,2725,2725,2725,2725,0,0.0,18,0.0,0,0.0,3,7,2018-11-05 21:11:00
20181105 21:12,2725,2725,2725,2725,0,0.0,18,0.0,0,0.0,2,6,2018-11-05 21:12:00
20181105 21:13,2725,2725,2725,2725,0,0.0,18,0.0,0,0.0,1,3,2018-11-05 21:13:00
20181105 21:16,2725,2725,2725,2725,0,0.0,18,0.0,0,0.0,2,6,2018-11-05 21:16:00
20181105 21:18,2725,2725,2725,2725,0,0.0,18,0.0,0,0.0,1,3,2018-11-05 21:18:00
20181105 21:19,2725,2725,2725,2725,0,0.0,18,0.0,0,0.0,1,3,2018-11-05 21:19:00
20181105 21:20,2725,2725,2725,2725,0,0.0,18,0.0,0,0.0,2,6,2018-11-05 21:20:00
20181105 21:21,2725,2725,2725,2725,0,0.0,18,0.0,0,0.0,1,1,2018-11-05 21:21:00
20181105 21:22,2725,2725,2725,2725,0,0.0,18,0.0,0,0.0,2,6,2018-11-05 21:22:00
20181105 21:23,2725,2725,2725,2725,0,0.0,18,0.0,0,0.0,1,3,2018-11-05 21:23:00
20181105 21:25,2725,2725,2725,2725,0,0.0,18,0.0,0,0.0,1,3,2018-11-05 21:25:00
20181105 21:26,2725,2725,2725,2725,0,0.0,18,0.0,0,0.0,1,3,2018-11-05 21:26:00
20181105 21:27,2725,2725,2725,2725,0,0.0,18,0.0,0,0.0,1,3,2018-11-05 21:27:00
20181105 21:28,2725,2725,2725,2725,0,0.0,18,0.0,0,0.0,3,9,2018-11-05 21:28:00
20181105 21:29,2725,2725,2725,2725,0,0.0,18,0.0,0,0.0,1,3,2018-11-05 21:29:00
20181105 21:32,2725,2725,2725,2725,0,0.0,18,0.0,0,0.0,3,7,2018-11-05 21:32:00
20181105 21:33,2725,2725,2725,2725,0,0.0,18,0.0,0,0.0,1,3,2018-11-05 21:33:00
20181105 21:34,2725,2725,2725,2725,0,0.0,18,0.0,0,0.0,5,15,2018-11-05 21:34:00
20181105 21:41,2725,2725,2725,2725,0,0.0,18,0.0,0,0.0,2,6,2018-11-05 21:41:00
20181105 21:42,2725,2725,2725,2725,0,0.0,18,0.0,0,0.0,1,3,2018-11-05 21:42:00
20181105 21:43,2725,2725,2725,2725,0,0.0,18,0.0,0,0.0,4,12,2018-11-05 21:43:00
20181105 21:44,2725,2725,2725,2725,0,0.0,18,0.0,0,0.0,4,10,2018-11-05 21:44:00
20181105 21:45,2725,2725,2725,2725,0,0.0,18,0.0,0,0.0,2,6,2018-11-05 21:45:00
20181105 21:46,2725,2725,2725,2725,0,0.0,18,0.0,0,0.0,2,7,2018-11-05 21:46:00
20181105 21:47,2725,2725,2725,2725,0,0.0,18,0.0,0,0.0,2,6,2018-11-05 21:47:00
20181105 21:48,2725,2725,2725,2725,0,0.0,18,0.0,0,0.0,4,10,2018-11-05 21:48:00
20181105 21:49,2725,2725,2725,2725,0,0.0,18,0.0,0,0.0,3,10,2018-11-05 21:49:00
20181105 21:50,2725,2725,2725,2725,0,0.0,18,0.0,0,0.0,2,8,2018-11-05 21:50:00
20181105 21:51,2725,2725,2725,2725,0,0.0,18,0.0,0,0.0,5,16,2018-11-05 21:51:00
20181105 21:52,2725,2725,2725,2725,0,0.0,18,0.0,0,0.0,2,6,2018-11-05 21:52:00
20181105 21:53,2725,2725,2725,2725,0,0.0,18,0.0,0,0.0,1,3,2018-11-05 21:53:00
20181105 21:55,2725,2725,2725,2725,0,0.0,18,0.0,0,0.0,3,9,2018-11-05 21:55:00
20181105 21:56,2725,2725,2725,2725,0,0.0,18,0.0,0,0.0,1,3,2018-11-05 21:56:00
20181105 22:01,2725,2725,2725,2725,0,0.0,18,0.0,0,0.0,2,4,2018-11-05 22:01:00
20181105 22:03,2725,2725,2725,2725,0,0.0,18,0.0,0,0.0,1,3,2018-11-05 22:03:00
20181105 22:05,2725,2725,2725,2725,0,0.0,18,0.0,0,0.0,1,3,2018-11-05 22:05:00
20181105 22:07,2725,2725,2725,2725,0,0.0,18,0.0,0,0.0,1,3,2018-11-05 22:07:00
20181105 22:08,2725,2725,2725,2725,0,0.0,18,0.0,0,0.0,2,6,2018-11-05 22:08:00
20181105 22:11,2725,2725,2725,2725,0,0.0,18,0.0,0,0.0,2,4,2018-11-05 22:11:00
20181105 22:13,2725,2725,2725,2725,0,0.0,18,0.0,0,0.0,2,8,2018-11-05 22:13:00
20181105 22:15,2725,2725,2725,2725,0,0.0,18,0.0,0,0.0,1,3,2018-11-05 22:15:00
20181105 22:16,2725,2725,2725,2725,0,0.0,18,0.0,0,0.0,1,4,2018-11-05 22:16:00
20181105 22:17,2725,2725,2725,2725,0,0.0,18,0.0,0,0.0,2,6,2018-11-05 22:17:00
20181105 22:18,2725,2725,2725,2725,0,0.0,18,0.0,0,0.0,1,4,2018-11-05 22:18:00
20181105 22:19,2725,2725,2725,2725,0,0.0,18,0.0,0,0.0,4,15,2018-11-05 22:19:00
20181105 22:20,2725,2725,2725,2725,0,0.0,18,0.0,0,0.0,1,3,2018-11-05 22:20:00
20181105 22:21,2725,2725,2725,2725,0,0.0,18,0.0,0,0.0,10,28,2018-11-05 22:21:00
20181105 22:22,2725,2725,2725,2725,0,0.0,18,0.0,0,0.0,3,9,2018-11-05 22:22:00
20181105 22:23,2725,2725,2725,2725,0,0.0,18,0.0,0,0.0,2,6,2018-11-05 22:23:00
20181105 22:24,2725,2725,2725,2725,0,0.0,18,0.0,0,0.0,3,9,2018-11-05 22:24:00
20181105 22:25,2725,2725,2725,2725,0,0.0,18,0.0,0,0.0,1,3,2018-11-05 22:25:00
20181105 22:26,2725,2725,2725,2725,0,0.0,18,0.0,0,0.0,1,3,2018-11-05 22:26:00
20181105 22:27,2725,2725,2725,2725,0,0.0,18,0.0,0,0.0,3,9,2018-11-05 22:27:00
20181105 22:30,2725,2725,2725,2725,0,0.0,18,0.0,0,0.0,1,3,2018-11-05 22:30:00
20181105 22:31,2725,2725,2725,2725,0,0.0,18,0.0,0,0.0,3,7,2018-11-05 22:31:00
20181105 22:32,2725,2725,2725,2725,0,0.0,18,0.0,0,0.0,1,3,2018-11-05 22:32:00
20181105 22:33,2725,2725,2725,2725,0,0.0,18,0.0,0,0.0,4,12,2018-11-05 22:33:00
20181105 22:35,2725,2725,2725,2725,0,0.0,18,0.0,0,0.0,3,10,2018-11-05 22:35:00
20181105 22:36,2725,2725,2725,2725,0,0.0,18,0.0,0,0.0,1,3,2018-11-05 22:36:00
20181105 22:38,2725,2725,2725,2725,0,0.0,18,0.0,0,0.0,1,3,2018-11-05 22:38:00
20181105 22:39,2725,2725,2725,2725,0,0.0,18,0.0,0,0.0,1,3,2018-11-05 22:39:00
20181105 22:41,2725,2725,2725,2725,0,0.0,18,0.0,0,0.0,2,4,2018-11-05 22:41:00
20181105 22:51,2725,2725,2725,2725,0,0.0,18,0.0,0,0.0,2,4,2018-11-05 22:51:00
20181105 22:53,2725,2725,2725,2725,0,0.0,18,0.0,0,0.0,1,3,2018-11-05 22:53:00
20181105 22:54,2725,2725,2725,2725,0,0.0,18,0.0,0,0.0,3,9,2018-11-05 22:54:00
20181105 22:56,2725,2725,2725,2725,0,0.0,18,0.0,0,0.0,2,6,2018-11-05 22:56:00
20181105 22:57,2725,2725,2725,2725,0,0.0,18,0.0,0,0.0,2,6,2018-11-05 22:57:00
20181105 22:59,2725,2725,2725,2725,0,0.0,18,0.0,0,0.0,1,3,2018-11-05 22:59:00
20181105 23:00,2725,2725,2725,2725,0,0.0,18,0.0,0,0.0,3,9,2018-11-05 23:00:00
20181105 23:01,2725,2725,2725,2725,0,0.0,18,0.0,0,0.0,2,4,2018-11-05 23:01:00
20181105 23:03,2725,2725,2725,2725,0,0.0,18,0.0,0,0.0,1,3,2018-11-05 23:03:00
20181105 23:06,2725,2725,2725,2725,0,0.0,18,0.0,0,0.0,1,3,2018-11-05 23:06:00
20181105 23:07,2725,2725,2725,2725,0,0.0,18,0.0,0,0.0,1,3,2018-11-05 23:07:00
20181105 23:09,2725,2725,2725,2725,0,0.0,18,0.0,0,0.0,2,6,2018-11-05 23:09:00
20181105 23:10,2725,2725,2725,2725,0,0.0,18,0.0,0,0.0,3,9,2018-11-05 23:10:00
20181105 23:11,2725,2725,2725,2725,0,0.0,18,0.0,0,0.0,2,4,2018-11-05 23:11:00
20181105 23:13,2725,2725,2725,2725,0,0.0,18,0.0,0,0.0,1,3,2018-11-05 23:13:00
20181105 23:14,2725,2725,2725,2725,0,0.0,18,0.0,0,0.0,1,3,2018-11-05 23:14:00
20181105 23:17,2725,2725,2725,2725,0,0.0,18,0.0,0,0.0,2,6,2018-11-05 23:17:00
20181105 23:18,2725,2725,2725,2725,0,0.0,18,0.0,0,0.0,2,6,2018-11-05 23:18:00
20181105 23:19,2725,2725,2725,2725,0,0.0,18,0.0,0,0.0,1,3,2018-11-05 23:19:00
20181105 23:20,2725,2725,2725,2725,0,0.0,18,0.0,0,0.0,1,3,2018-11-05 23:20:00
20181105 23:21,2725,2725,2725,2725,0,0.0,18,0.0,0,0.0,4,12,2018-11-05 23:21:00
20181105 23:25,2725,2725,2725,2725,0,0.0,18,0.0,0,0.0,1,3,2018-11-05 23:25:00
20181105 23:26,2725,2725,2725,2725,0,0.0,18,0.0,0,0.0,2,6,2018-11-05 23:26:00
20181105 23:28,2725,2725,2725,2725,0,0.0,18,0.0,0,0.0,5,15,2018-11-05 23:28:00
20181105 23:29,2725,2725,2725,2725,0,0.0,18,0.0,0,0.0,3,5,2018-11-05 23:29:00
20181106 09:00,2725,2725,2725,2725,0,0.0,18,0.0,0,0.0,4,9,2018-11-06 09:00:00
20181106 09:01,2725,2725,2725,2725,0,0.0,18,0.0,0,0.0,16,33,2018-11-06 09:01:00
20181106 09:02,2725,2725,2725,2725,0,0.0,18,0.0,0,0.0,8,15,2018-11-06 09:02:00
20181106 09:03,2725,2725,2725,2725,0,0.0,18,0.0,0,0.0,10,21,2018-11-06 09:03:00
20181106 09:04,2725,2725,2725,2725,0,0.0,18,0.0,0,0.0,2,6,2018-11-06 09:04:00
20181106 09:06,2725,2725,2725,2725,0,0.0,18,0.0,0,0.0,2,7,2018-11-06 09:06:00
20181106 09:07,2725,2725,2725,2725,0,0.0,18,0.0,0,0.0,3,9,2018-11-06 09:07:00
20181106 09:08,2725,2725,2725,2725,0,0.0,18,0.0,0,0.0,7,24,2018-11-06 09:08:00
20181106 09:09,2725,2725,2725,2725,0,0.0,18,0.0,0,0.0,1,3,2018-11-06 09:09:00
20181106 09:10,2725,2725,2725,2725,0,0.0,18,0.0,0,0.0,2,6,2018-11-06 09:10:00
20181106 09:11,2725,2725,2725,2725,0,0.0,18,0.0,0,0.0,4,12,2018-11-06 09:11:00
20181106 09:12,2725,2725,2725,2725,0,0.0,18,0.0,0,0.0,3,6,2018-11-06 09:12:00
20181106 09:13,2725,2725,2725,2725,0,0.0,18,0.0,0,0.0,21,54,2018-11-06 09:13:00
20181106 09:14,2725,2725,2725,2725,0,0.0,18,0.0,0,0.0,14,42,2018-11-06 09:14:00
20181106 09:15,2725,2725,2725,2725,0,0.0,18,0.0,0,0.0,15,45,2018-11-06 09:15:00
20181106 09:16,2725,2725,2725,2725,0,0.0,18,0.0,0,0.0,7,21,2018-11-06 09:16:00
20181106 09:17,2725,2725,2725,2725,0,0.0,18,0.0,0,0.0,7,16,2018-11-06 09:17:00
20181106 09:18,2725,2725,2725,2725,0,0.0,18,0.0,0,0.0,2,7,2018-11-06 09:18:00
20181106 09:19,2725,2725,2725,2725,0,0.0,18,0.0,0,0.0,1,3,2018-11-06 09:19:00
20181106 09:21,2725,2725,2725,2725,0,0.0,18,0.0,0,0.0,1,3,2018-11-06 09:21:00
20181106 09:24,2725,2725,2725,2725,0,0.0,18,0.0,0,0.0,4,12,2018-11-06 09:24:00
20181106 09:25,2725,2725,2725,2725,0,0.0,18,0.0,0,0.0,6,18,2018-11-06 09:25:00
20181106 09:27,2725,2725,2725,2725,0,0.0,18,0.0,0,0.0,3,7,2018-11-06 09:27:00
20181106 09:28,2725,2725,2725,2725,0,0.0,18,0.0,0,0.0,3,9,2018-11-06 09:28:00
20181106 09:30,2725,2725,2725,2725,0,0.0,18,0.0,0,0.0,1,3,2018-11-06 09:30:00
20181106 09:32,2725,2725,2725,2725,0,0.0,18,0.0,0,0.0,1,3,2018-11-06 09:32:00
20181106 09:34,2725,2725,2725,2725,0,0.0,18,0.0,0,0.0,1,3,2018-11-06 09:34:00
20181106 09:37,2725,2725,2725,2725,0,0.0,18,0.0,0,0.0,2,4,2018-11-06 09:37:00
20181106 09:38,2725,2725,2725,2725,0,0.0,18,0.0,0,0.0,23,45,2018-11-06 09:38:00
20181106 09:39,2725,2725,2725,2725,0,0.0,18,0.0,0,0.0,13,19,2018-11-06 09:39:00
20181106 09:40,2725,2725,2725,2725,0,0.0,18,0.0,0,0.0,13,29,2018-11-06 09:40:00
20181106 09:41,2725,2725,2725,2725,0,0.0,18,0.0,0,0.0,16,36,2018-11-06 09:41:00
20181106 09:42,2725,2725,2725,2725,0,0.0,18,0.0,0,0.0,12,24,2018-11-06 09:42:00
20181106 09:43,2725,2725,2725,2725,0,0.0,18,0.0,0,0.0,15,30,2018-11-06 09:43:00
20181106 09:44,2725,2725,2725,2725,0,0.0,18,0.0,0,0.0,29,44,2018-11-06 09:44:00
20181106 09:45,2725,2725,2725,2725,0,0.0,18,0.0,0,0.0,12,14,2018-11-06 09:45:00
20181106 09:46,2725,2725,2725,2725,0,0.0,18,0.0,0,0.0,6,7,2018-11-06 09:46:00
20181106 09:47,2725,2725,2725,2725,0,0.0,18,0.0,0,0.0,17,15,2018-11-06 09:47:00
20181106 09:48,2725,2725,2725,2725,0,0.0,18,0.0,0,0.0,26,30,2018-11-06 09:48:00
20181106 09:49,2725,2725,2725,2725,0,0.0,18,0.0,0,0.0,18,25,2018-11-06 09:49:00
20181106 09:50,2725,2725,2725,2725,0,0.0,18,0.0,0,0.0,7,9,2018-11-06 09:50:00
20181106 09:51,2725,2725,2725,2725,0,0.0,18,0.0,0,0.0,14,30,2018-11-06 09:51:00
20181106 09:52,2725,2725,2725,2725,0,0.0,18,0.0,0,0.0,7,14,2018-11-06 09:52:00
20181106 09:53,2725,2725,2725,2725,0,0.0,18,0.0,0,0.0,5,5,2018-11-06 09:53:00
20181106 09:55,2725,2725,2725,2725,0,0.0,18,0.0,0,0.0,1,2,2018-11-06 09:55:00
20181106 09:56,2725,2725,2725,2725,0,0.0,18,0.0,0,0.0,1,1,2018-11-06 09:56:00
20181106 09:57,2725,2725,2725,2725,0,0.0,18,0.0,0,0.0,5,7,2018-11-06 09:57:00
20181106 09:58,2725,2725,2725,2725,0,0.0,18,0.0,0,0.0,4,6,2018-11-06 09:58:00
20181106 09:59,2725,2725,2725,2725,0,0.0,18,0.0,0,0.0,14,22,2018-11-06 09:59:00
20181106 10:00,2725,2725,2725,2725,0,0.0,18,0.0,0,0.0,4,5,2018-11-06 10:00:00
20181106 10:01,2725,2725,2725,2725,0,0.0,18,0.0,0,0.0,4,5,2018-11-06 10:01:00
20181106 10:02,2725,2725,2725,2725,0,0.0,18,0.0,0,0.0,5,6,2018-11-06 10:02:00
20181106 10:03,2725,2725,2725,2725,0,0.0,18,0.0,0,0.0,16,27,2018-11-06 10:03:00
20181106 10:04,2725,2725,2725,2725,0,0.0,18,0.0,0,0.0,8,8,2018-11-06 10:04:00
20181106 10:05,2725,2725,2725,2725,0,0.0,18,0.0,0,0.0,10,13,2018-11-06 10:05:00
20181106 10:06,2725,2725,2725,2725,0,0.0,18,0.0,0,0.0,7,7,2018-11-06 10:06:00
20181106 10:07,2725,2725,2725,2725,0,0.0,18,0.0,0,0.0,5,5,2018-11-06 10:07:00
20181106 10:08,2725,2725,2725,2725,0,0.0,18,0.0,0,0.0,4,4,2018-11-06 10:08:00
20181106 10:09,2725,2725,2725,2725,0,0.0,18,0.0,0,0.0,5,5,2018-11-06 10:09:00
20181106 10:10,2725,2725,2725,2725,0,0.0,18,0.0,0,0.0,7,7,2018-11-06 10:10:00
20181106 10:12,2725,2725,2725,2725,0,0.0,18,0.0,0,0.0,2,5,2018-11-06 10:12:00
20181106 10:13,2725,2725,2725,2725,0,0.0,18,0.0,0,0.0,5,12,2018-11-06 10:13:00
20181106 10:14,2725,2725,2725,2725,0,0.0,18,0.0,0,0.0,5,11,2018-11-06 10:14:00
20181106 10:30,2725,2725,2725,2725,0,0.0,18,0.0,0,0.0,3,5,2018-11-06 10:30:00
20181106 10:31,2725,2725,2725,2725,0,0.0,18,0.0,0,0.0,2,6,2018-11-06 10:31:00
20181106 10:32,2725,2725,2725,2725,0,0.0,18,0.0,0,0.0,5,10,2018-11-06 10:32:00
20181106 10:33,2725,2725,2725,2725,0,0.0,18,0.0,0,0.0,2,8,2018-11-06 10:33:00
20181106 10:34,2725,2725,2725,2725,0,0.0,18,0.0,0,0.0,1,3,2018-11-06 10:34:00
20181106 10:35,2725,2725,2725,2725,0,0.0,18,0.0,0,0.0,1,3,2018-11-06 10:35:00
20181106 10:36,2725,2725,2725,2725,0,0.0,18,0.0,0,0.0,2,6,2018-11-06 10:36:00
20181106 10:38,2725,2725,2725,2725,0,0.0,18,0.0,0,0.0,2,7,2018-11-06 10:38:00
20181106 10:39,2725,2725,2725,2725,0,0.0,18,0.0,0,0.0,3,10,2018-11-06 10:39:00
20181106 10:42,2725,2725,2725,2725,0,0.0,18,0.0,0,0.0,4,9,2018-11-06 10:42:00
20181106 10:43,2725,2725,2725,2725,0,0.0,18,0.0,0,0.0,3,9,2018-11-06 10:43:00
20181106 10:44,2725,2725,2725,2725,0,0.0,18,0.0,0,0.0,4,10,2018-11-06 10:44:00
20181106 10:45,2725,2725,2725,2725,0,0.0,18,0.0,0,0.0,6,8,2018-11-06 10:45:00
20181106 10:46,2725,2725,2725,2725,0,0.0,18,0.0,0,0.0,7,11,2018-11-06 10:46:00
20181106 10:47,2725,2725,2725,2725,0,0.0,18,0.0,0,0.0,2,2,2018-11-06 10:47:00
20181106 10:48,2725,2725,2725,2725,0,0.0,18,0.0,0,0.0,8,8,2018-11-06 10:48:00
20181106 10:49,2725,2725,2725,2725,0,0.0,18,0.0,0,0.0,6,6,2018-11-06 10:49:00
20181106 10:50,2725,2725,2725,2725,0,0.0,18,0.0,0,0.0,9,9,2018-11-06 10:50:00
20181106 10:51,2725,2725,2725,2725,0,0.0,18,0.0,0,0.0,5,5,2018-11-06 10:51:00
20181106 10:52,2725,2725,2725,2725,0,0.0,18,0.0,0,0.0,12,13,2018-11-06 10:52:00
20181106 10:53,2725,2725,2725,2725,0,0.0,18,0.0,0,0.0,22,24,2018-11-06 10:53:00
20181106 10:54,2725,2725,2725,2725,0,0.0,18,0.0,0,0.0,16,20,2018-11-06 10:54:00
20181106 10:55,2725,2725,2725,2725,0,0.0,18,0.0,0,0.0,15,14,2018-11-06 10:55:00
20181106 10:56,2725,2725,2725,2725,0,0.0,18,0.0,0,0.0,15,19,2018-11-06 10:56:00
20181106 10:57,2725,2725,2725,2725,0,0.0,18,0.0,0,0.0,9,14,2018-11-06 10:57:00
20181106 10:58,2725,2725,2725,2725,0,0.0,18,0.0,0,0.0,9,15,2018-11-06 10:58:00
20181106 10:59,2725,2725,2725,2725,0,0.0,18,0.0,0,0.0,5,5,2018-11-06 10:59:00
20181106 11:00,2725,2725,2725,2725,0,0.0,18,0.0,0,0.0,6,18,2018-11-06 11:00:00
20181106 11:01,2725,2725,2725,2725,0,0.0,18,0.0,0,0.0,6,12,2018-11-06 11:01:00
20181106 11:02,2725,2725,2725,2725,0,0.0,18,0.0,0,0.0,10,10,2018-11-06 11:02:00
20181106 11:03,2725,2725,2725,2725,0,0.0,18,0.0,0,0.0,8,9,2018-11-06 11:03:00
20181106 11:04,2725,2725,2725,2725,0,0.0,18,0.0,0,0.0,23,22,2018-11-06 11:04:00
20181106 11:05,2725,2725,2725,2725,0,0.0,18,0.0,0,0.0,16,20,2018-11-06 11:05:00
20181106 11:06,2725,2725,2725,2725,0,0.0,18,0.0,0,0.0,12,13,2018-11-06 11:06:00
20181106 11:07,2725,2725,2725,2725,0,0.0,18,0.0,0,0.0,27,24,2018-11-06 11:07:00
20181106 11:08,2725,2725,2725,2725,0,0.0,18,0.0,0,0.0,34,37,2018-11-06 11:08:00
20181106 11:09,2725,2725,2725,2725,0,0.0,18,0.0,0,0.0,18,18,2018-11-06 11:09:00
20181106 11:10,2725,2725,2725,2725,0,0.0,18,0.0,0,0.0,19,25,2018-11-06 11:10:00
20181106 11:11,2725,2725,2725,2725,0,0.0,18,0.0,0,0.0,9,19,2018-11-06 11:11:00
20181106 11:12,2725,2725,2725,2725,0,0.0,18,0.0,0,0.0,3,4,2018-11-06 11:12:00
20181106 11:13,2725,2725,2725,2725,0,0.0,18,0.0,0,0.0,4,4,2018-11-06 11:13:00
20181106 11:14,2725,2725,2725,2725,0,0.0,18,0.0,0,0.0,2,2,2018-11-06 11:14:00
20181106 11:15,2725,2725,2725,2725,0,0.0,18,0.0,0,0.0,3,3,2018-11-06 11:15:00
20181106 11:16,2725,2725,2725,2725,0,0.0,18,0.0,0,0.0,3,3,2018-11-06 11:16:00
20181106 11:17,2725,2725,2725,2725,0,0.0,18,0.0,0,0.0,7,10,2018-11-06 11:17:00
20181106 11:18,2725,2725,2725,2725,0,0.0,18,0.0,0,0.0,4,4,2018-11-06 11:18:00
20181106 11:19,2725,2725,2725,2725,0,0.0,18,0.0,0,0.0,3,3,2018-11-06 11:19:00
20181106 11:20,2725,2725,2725,2725,0,0.0,18,0.0,0,0.0,1,1,2018-11-06 11:20:00
20181106 11:21,2725,2725,2725,2725,0,0.0,18,0.0,0,0.0,8,10,2018-11-06 11:21:00
20181106 11:22,2725,2725,2725,2725,0,0.0,18,0.0,0,0.0,3,4,2018-11-06 11:22:00
20181106 11:23,2725,2725,2725,2725,0,0.0,18,0.0,0,0.0,5,7,2018-11-06 11:23:00
20181106 11:24,2725,2725,2725,2725,0,0.0,18,0.0,0,0.0,8,11,2018-11-06 11:24:00
20181106 11:25,2725,2725,2725,2725,0,0.0,18,0.0,0,0.0,7,10,2018-11-06 11:25:00
20181106 11:26,2725,2725,2725,2725,0,0.0,18,0.0,0,0.0,31,27,2018-11-06 11:26:00
20181106 11:27,2725,2725,2725,2725,0,0.0,18,0.0,0,0.0,13,11,2018-11-06 11:27:00
20181106 11:28,2725,2725,2725,2725,0,0.0,18,0.0,0,0.0,14,15,2018-11-06 11:28:00
20181106 13:30,2725,2725,2725,2725,0,0.0,18,0.0,0,0.0,25,25,2018-11-06 13:30:00
20181106 13:31,2725,2725,2725,2725,0,0.0,18,0.0,0,0.0,28,28,2018-11-06 13:31:00
20181106 13:32,2725,2725,2725,2725,0,0.0,18,0.0,0,0.0,32,35,2018-11-06 13:32:00
20181106 13:33,2725,2725,2725,2725,0,0.0,18,0.0,0,0.0,20,20,2018-11-06 13:33:00
20181106 13:34,2725,2725,2725,2725,0,0.0,18,0.0,0,0.0,30,29,2018-11-06 13:34:00
20181106 13:35,2725,2725,2725,2725,0,0.0,18,0.0,0,0.0,14,12,2018-11-06 13:35:00
20181106 13:36,2725,2725,2725,2725,0,0.0,18,0.0,0,0.0,19,16,2018-11-06 13:36:00
20181106 13:37,2725,2725,2725,2725,0,0.0,18,0.0,0,0.0,23,25,2018-11-06 13:37:00
20181106 13:38,2725,2725,2725,2725,0,0.0,18,0.0,0,0.0,21,23,2018-11-06 13:38:00
20181106 13:39,2725,2725,2725,2725,0,0.0,18,0.0,0,0.0,10,8,2018-11-06 13:39:00
20181106 13:40,2725,2725,2725,2725,0,0.0,18,0.0,0,0.0,5,3,2018-11-06 13:40:00
20181106 13:41,2725,2725,2725,2725,0,0.0,18,0.0,0,0.0,16,10,2018-11-06 13:41:00
20181106 13:42,2725,2725,2725,2725,0,0.0,18,0.0,0,0.0,6,6,2018-11-06 13:42:00
20181106 13:43,2725,2725,2725,2725,0,0.0,18,0.0,0,0.0,21,18,2018-11-06 13:43:00
20181106 13:44,2725,2725,2725,2725,0,0.0,18,0.0,0,0.0,20,13,2018-11-06 13:44:00
20181106 13:45,2725,2725,2725,2725,0,0.0,18,0.0,0,0.0,4,3,2018-11-06 13:45:00
20181106 13:46,2725,2725,2725,2725,0,0.0,18,0.0,0,0.0,14,12,2018-11-06 13:46:00
20181106 13:47,2725,2725,2725,2725,0,0.0,18,0.0,0,0.0,7,5,2018-11-06 13:47:00
20181106 13:48,2725,2725,2725,2725,0,0.0,18,0.0,0,0.0,7,6,2018-11-06 13:48:00
20181106 13:49,2725,2725,2725,2725,0,0.0,18,0.0,0,0.0,8,6,2018-11-06 13:49:00
20181106 13:50,2725,2725,2725,2725,0,0.0,18,0.0,0,0.0,3,2,2018-11-06 13:50:00
20181106 13:51,2725,2725,2725,2725,0,0.0,18,0.0,0,0.0,9,6,2018-11-06 13:51:00
20181106 13:52,2725,2725,2725,2725,0,0.0,18,0.0,0,0.0,10,8,2018-11-06 13:52:00
20181106 13:53,2725,2725,2725,2725,0,0.0,18,0.0,0,0.0,10,7,2018-11-06 13:53:00
20181106 13:54,2725,2725,2725,2725,0,0.0,18,0.0,0,0.0,2,2,2018-11-06 13:54:00
20181106 13:56,2725,2725,2725,2725,0,0.0,18,0.0,0,0.0,10,9,2018-11-06 13:56:00
20181106 13:57,2725,2725,2725,2725,0,0.0,18,0.0,0,0.0,2,2,2018-11-06 13:57:00
20181106 13:58,2725,2725,2725,2725,0,0.0,18,0.0,0,0.0,12,15,2018-11-06 13:58:00
20181106 13:59,2725,2725,2725,2725,0,0.0,18,0.0,0,0.0,15,12,2018-11-06 13:59:00
20181106 14:00,2725,2725,2725,2725,0,0.0,18,0.0,0,0.0,16,11,2018-11-06 14:00:00
20181106 14:01,2725,2725,2725,2725,0,0.0,18,0.0,0,0.0,4,4,2018-11-06 14:01:00
20181106 14:02,2725,2725,2725,2725,0,0.0,18,0.0,0,0.0,13,13,2018-11-06 14:02:00
20181106 14:03,2725,2725,2725,2725,0,0.0,18,0.0,0,0.0,13,13,2018-11-06 14:03:00
20181106 14:04,2725,2725,2725,2725,0,0.0,18,0.0,0,0.0,12,12,2018-11-06 14:04:00
20181106 14:05,2725,2725,2725,2725,0,0.0,18,0.0,0,0.0,7,7,2018-11-06 14:05:00
20181106 14:06,2725,2725,2725,2725,0,0.0,18,0.0,0,0.0,8,7,2018-11-06 14:06:00
20181106 14:07,2725,2725,2725,2725,0,0.0,18,0.0,0,0.0,8,6,2018-11-06 14:07:00
20181106 14:08,2725,2725,2725,2725,0,0.0,18,0.0,0,0.0,27,24,2018-11-06 14:08:00
20181106 14:09,2725,2725,2725,2725,0,0.0,18,0.0,0,0.0,8,8,2018-11-06 14:09:00
20181106 14:10,2725,2725,2725,2725,0,0.0,18,0.0,0,0.0,22,20,2018-11-06 14:10:00
20181106 14:11,2725,2725,2725,2725,0,0.0,18,0.0,0,0.0,14,14,2018-11-06 14:11:00
20181106 14:12,2725,2725,2725,2725,0,0.0,18,0.0,0,0.0,9,9,2018-11-06 14:12:00
20181106 14:13,2725,2725,2725,2725,0,0.0,18,0.0,0,0.0,20,20,2018-11-06 14:13:00
20181106 14:14,2725,2725,2725,2725,0,0.0,18,0.0,0,0.0,24,24,2018-11-06 14:14:00
20181106 14:15,2725,2725,2725,2725,0,0.0,18,0.0,0,0.0,26,26,2018-11-06 14:15:00
20181106 14:16,2725,2725,2725,2725,0,0.0,18,0.0,0,0.0,17,17,2018-11-06 14:16:00
20181106 14:17,2725,2725,2725,2725,0,0.0,18,0.0,0,0.0,18,13,2018-11-06 14:17:00
20181106 14:18,2725,2725,2725,2725,0,0.0,18,0.0,0,0.0,7,5,2018-11-06 14:18:00
20181106 14:19,2725,2725,2725,2725,0,0.0,18,0.0,0,0.0,10,7,2018-11-06 14:19:00
20181106 14:20,2725,2725,2725,2725,0,0.0,18,0.0,0,0.0,15,10,2018-11-06 14:20:00
20181106 14:21,2725,2725,2725,2725,0,0.0,18,0.0,0,0.0,16,14,2018-11-06 14:21:00
20181106 14:22,2725,2725,2725,2725,0,0.0,18,0.0,0,0.0,23,20,2018-11-06 14:22:00
20181106 14:23,2725,2725,2725,2725,0,0.0,18,0.0,0,0.0,20,29,2018-11-06 14:23:00
20181106 14:24,2725,2725,2725,2725,0,0.0,18,0.0,0,0.0,16,18,2018-11-06 14:24:00
20181106 14:25,2725,2725,2725,2725,0,0.0,18,0.0,0,0.0,7,10,2018-11-06 14:25:00
20181106 14:26,2725,2725,2725,2725,0,0.0,18,0.0,0,0.0,18,19,2018-11-06 14:26:00
20181106 14:27,2725,2725,2725,2725,0,0.0,18,0.0,0,0.0,18,23,2018-11-06 14:27:00
20181106 14:28,2725,2725,2725,2725,0,0.0,18,0.0,0,0.0,11,14,2018-11-06 14:28:00
20181106 14:29,2725,2725,2725,2725,0,0.0,18,0.0,0,0.0,14,16,2018-11-06 14:29:00
20181106 14:30,2725,2725,2725,2725,0,0.0,18,0.0,0,0.0,7,7,2018-11-06 14:30:00
20181106 14:31,2725,2725,2725,2725,0,0.0,18,0.0,0,0.0,13,13,2018-11-06 14:31:00
20181106 14:32,2725,2725,2725,2725,0,0.0,18,0.0,0,0.0,3,3,2018-11-06 14:32:00
20181106 14:33,2725,2725,2725,2725,0,0.0,18,0.0,0,0.0,9,9,2018-11-06 14:33:00
20181106 14:34,2725,2725,2725,2725,0,0.0,18,0.0,0,0.0,12,12,2018-11-06 14:34:00
20181106 14:35,2725,2725,2725,2725,0,0.0,18,0.0,0,0.0,9,9,2018-11-06 14:35:00
20181106 14:36,2725,2725,2725,2725,0,0.0,18,0.0,0,0.0,13,13,2018-11-06 14:36:00
20181106 14:37,2725,2725,2725,2725,0,0.0,18,0.0,0,0.0,8,8,2018-11-06 14:37:00
20181106 14:38,2725,2725,2725,2725,0,0.0,18,0.0,0,0.0,10,10,2018-11-06 14:38:00
20181106 14:39,2725,2725,2725,2725,0,0.0,18,0.0,0,0.0,6,6,2018-11-06 14:39:00
20181106 14:40,2725,2725,2725,2725,0,0.0,18,0.0,0,0.0,9,9,2018-11-06 14:40:00
20181106 14:41,2725,2725,2725,2725,0,0.0,18,0.0,0,0.0,3,3,2018-11-06 14:41:00
20181106 14:42,2725,2725,2725,2725,0,0.0,18,0.0,0,0.0,4,4,2018-11-06 14:42:00
20181106 14:43,2725,2725,2725,2725,0,0.0,18,0.0,0,0.0,2,2,2018-11-06 14:43:00
20181106 14:44,2725,2725,2725,2725,0,0.0,18,0.0,0,0.0,6,7,2018-11-06 14:44:00
20181106 14:45,2725,2725,2725,2725,0,0.0,18,0.0,0,0.0,9,9,2018-11-06 14:45:00
20181106 14:46,2725,2725,2725,2725,0,0.0,18,0.0,0,0.0,2,2,2018-11-06 14:46:00
20181106 14:47,2725,2725,2725,2725,0,0.0,18,0.0,0,0.0,9,9,2018-11-06 14:47:00
20181106 14:48,2725,2725,2725,2725,0,0.0,18,0.0,0,0.0,5,5,2018-11-06 14:48:00
20181106 14:49,2725,2725,2725,2725,0,0.0,18,0.0,0,0.0,4,4,2018-11-06 14:49:00
20181106 14:50,2725,2725,2725,2725,0,0.0,18,0.0,0,0.0,6,8,2018-11-06 14:50:00
20181106 14:51,2725,2725,2725,2725,0,0.0,18,0.0,0,0.0,5,5,2018-11-06 14:51:00
20181106 14:52,2725,2725,2725,2725,0,0.0,18,0.0,0,0.0,2,2,2018-11-06 14:52:00
20181106 14:53,2725,2725,2725,2725,0,0.0,18,0.0,0,0.0,6,6,2018-11-06 14:53:00
20181106 14:54,2725,2725,2725,2725,0,0.0,18,0.0,0,0.0,6,6,2018-11-06 14:54:00
20181106 14:55,2725,2725,2725,2725,0,0.0,18,0.0,0,0.0,15,15,2018-11-06 14:55:00
20181106 14:56,2725,2725,2725,2725,0,0.0,18,0.0,0,0.0,4,4,2018-11-06 14:56:00
20181106 14:57,2725,2725,2725,2725,0,0.0,18,0.0,0,0.0,7,24,2018-11-06 14:57:00
20181106 14:58,2725,2725,2725,2725,0,0.0,18,0.0,0,0.0,4,14,2018-11-06 14:58:00
20181106 14:59,2725,2725,2725,2725,0,0.0,18,0.0,0,0.0,14,25,2018-11-06 14:59:00
20181106 15:00,2725,2725,2725,2725,0,0.0,18,0.0,0,0.0,1,1,2018-11-06 15:00:00
20181106 21:00,2716,2716,2716,2716,0,0.0,18,0.0,0,0.0,56,62,2018-11-06 21:00:00
20181106 21:01,2716,2716,2716,2716,0,0.0,18,0.0,0,0.0,6,16,2018-11-06 21:01:00
20181106 21:02,2716,2716,2716,2716,0,0.0,18,0.0,0,0.0,4,13,2018-11-06 21:02:00
20181106 21:03,2716,2716,2716,2716,0,0.0,18,0.0,0,0.0,4,10,2018-11-06 21:03:00
20181106 21:04,2716,2716,2716,2716,0,0.0,18,0.0,0,0.0,2,6,2018-11-06 21:04:00
20181106 21:06,2716,2716,2716,2716,0,0.0,18,0.0,0,0.0,1,3,2018-11-06 21:06:00
20181106 21:07,2716,2716,2716,2716,2,2.0,20,2.0,5432,5432.0,8,27,2018-11-06 21:07:00
20181106 21:08,2716,2716,2716,2716,2,0.0,20,0.0,5432,0.0,3,10,2018-11-06 21:08:00
20181106 21:11,2716,2716,2716,2716,2,0.0,20,0.0,5432,0.0,1,3,2018-11-06 21:11:00
20181106 21:12,2716,2716,2716,2716,2,0.0,20,0.0,5432,0.0,6,19,2018-11-06 21:12:00
20181106 21:13,2716,2716,2716,2716,2,0.0,20,0.0,5432,0.0,2,6,2018-11-06 21:13:00
20181106 21:14,2716,2716,2714,2714,4,2.0,22,2.0,10860,5428.0,248,24,2018-11-06 21:14:00
20181106 21:15,2714,2714,2714,2714,4,0.0,22,0.0,10860,0.0,17,9,2018-11-06 21:15:00
20181106 21:16,2714,2714,2714,2714,4,0.0,22,0.0,10860,0.0,21,25,2018-11-06 21:16:00
20181106 21:17,2714,2714,2714,2714,4,0.0,22,0.0,10860,0.0,32,55,2018-11-06 21:17:00
20181106 21:18,2714,2714,2714,2714,4,0.0,22,0.0,10860,0.0,14,24,2018-11-06 21:18:00
20181106 21:19,2714,2714,2714,2714,4,0.0,22,0.0,10860,0.0,76,150,2018-11-06 21:19:00
20181106 21:20,2714,2714,2714,2714,4,0.0,22,0.0,10860,0.0,24,36,2018-11-06 21:20:00
20181106 21:21,2714,2714,2714,2714,4,0.0,22,0.0,10860,0.0,21,33,2018-11-06 21:21:00
20181106 21:22,2714,2714,2714,2714,4,0.0,22,0.0,10860,0.0,36,54,2018-11-06 21:22:00
20181106 21:23,2714,2714,2714,2714,4,0.0,22,0.0,10860,0.0,16,34,2018-11-06 21:23:00
20181106 21:24,2714,2714,2714,2714,4,0.0,22,0.0,10860,0.0,10,21,2018-11-06 21:24:00
20181106 21:25,2714,2714,2714,2714,4,0.0,22,0.0,10860,0.0,16,35,2018-11-06 21:25:00
20181106 21:26,2714,2714,2714,2714,4,0.0,22,0.0,10860,0.0,10,18,2018-11-06 21:26:00
20181106 21:27,2714,2714,2714,2714,4,0.0,22,0.0,10860,0.0,20,30,2018-11-06 21:27:00
20181106 21:28,2714,2714,2714,2714,4,0.0,22,0.0,10860,0.0,30,48,2018-11-06 21:28:00
20181106 21:29,2714,2714,2714,2714,4,0.0,22,0.0,10860,0.0,16,24,2018-11-06 21:29:00
20181106 21:30,2714,2714,2714,2714,4,0.0,22,0.0,10860,0.0,10,18,2018-11-06 21:30:00
20181106 21:31,2714,2714,2714,2714,4,0.0,22,0.0,10860,0.0,16,24,2018-11-06 21:31:00
20181106 21:32,2714,2714,2714,2714,4,0.0,22,0.0,10860,0.0,29,45,2018-11-06 21:32:00
20181106 21:33,2714,2714,2714,2714,4,0.0,22,0.0,10860,0.0,13,21,2018-11-06 21:33:00
20181106 21:34,2714,2714,2714,2714,4,0.0,22,0.0,10860,0.0,22,36,2018-11-06 21:34:00
20181106 21:35,2714,2714,2714,2714,4,0.0,22,0.0,10860,0.0,16,28,2018-11-06 21:35:00
20181106 21:36,2714,2714,2714,2714,4,0.0,22,0.0,10860,0.0,21,33,2018-11-06 21:36:00
20181106 21:37,2714,2714,2714,2714,4,0.0,22,0.0,10860,0.0,15,31,2018-11-06 21:37:00
20181106 21:38,2714,2714,2714,2714,4,0.0,22,0.0,10860,0.0,18,40,2018-11-06 21:38:00
20181106 21:39,2714,2714,2714,2714,4,0.0,22,0.0,10860,0.0,25,39,2018-11-06 21:39:00
20181106 21:40,2714,2714,2714,2714,4,0.0,22,0.0,10860,0.0,26,42,2018-11-06 21:40:00
20181106 21:41,2714,2714,2714,2714,4,0.0,22,0.0,10860,0.0,34,51,2018-11-06 21:41:00
20181106 21:42,2714,2714,2714,2714,4,0.0,22,0.0,10860,0.0,31,39,2018-11-06 21:42:00
20181106 21:43,2714,2714,2714,2714,4,0.0,22,0.0,10860,0.0,22,27,2018-11-06 21:43:00
20181106 21:44,2714,2714,2714,2714,4,0.0,22,0.0,10860,0.0,20,24,2018-11-06 21:44:00
20181106 21:45,2714,2714,2714,2714,4,0.0,22,0.0,10860,0.0,7,12,2018-11-06 21:45:00
20181106 21:47,2714,2714,2714,2714,4,0.0,22,0.0,10860,0.0,22,33,2018-11-06 21:47:00
20181106 21:48,2714,2714,2714,2714,4,0.0,22,0.0,10860,0.0,40,68,2018-11-06 21:48:00
20181106 21:49,2714,2714,2714,2714,4,0.0,22,0.0,10860,0.0,14,21,2018-11-06 21:49:00
20181106 21:50,2714,2714,2714,2714,4,0.0,22,0.0,10860,0.0,15,21,2018-11-06 21:50:00
20181106 21:51,2714,2714,2714,2714,4,0.0,22,0.0,10860,0.0,12,21,2018-11-06 21:51:00
20181106 21:52,2714,2714,2714,2714,4,0.0,22,0.0,10860,0.0,9,12,2018-11-06 21:52:00
20181106 21:54,2714,2714,2714,2714,4,0.0,22,0.0,10860,0.0,13,21,2018-11-06 21:54:00
20181106 21:55,2714,2714,2714,2714,4,0.0,22,0.0,10860,0.0,10,18,2018-11-06 21:55:00
20181106 21:56,2714,2714,2714,2714,4,0.0,22,0.0,10860,0.0,7,15,2018-11-06 21:56:00
20181106 21:58,2714,2714,2714,2714,4,0.0,22,0.0,10860,0.0,1,3,2018-11-06 21:58:00
20181106 21:59,2714,2714,2714,2714,4,0.0,22,0.0,10860,0.0,3,9,2018-11-06 21:59:00
20181106 22:00,2714,2714,2714,2714,4,0.0,22,0.0,10860,0.0,11,30,2018-11-06 22:00:00
20181106 22:02,2714,2714,2714,2714,4,0.0,22,0.0,10860,0.0,1,3,2018-11-06 22:02:00
20181106 22:03,2714,2714,2714,2714,4,0.0,22,0.0,10860,0.0,4,12,2018-11-06 22:03:00
20181106 22:04,2714,2714,2714,2714,4,0.0,22,0.0,10860,0.0,6,18,2018-11-06 22:04:00
20181106 22:05,2714,2714,2714,2714,4,0.0,22,0.0,10860,0.0,1,3,2018-11-06 22:05:00
20181106 22:06,2714,2714,2714,2714,4,0.0,22,0.0,10860,0.0,9,15,2018-11-06 22:06:00
20181106 22:07,2714,2714,2714,2714,4,0.0,22,0.0,10860,0.0,6,12,2018-11-06 22:07:00
20181106 22:08,2714,2714,2714,2714,4,0.0,22,0.0,10860,0.0,1,3,2018-11-06 22:08:00
20181106 22:10,2714,2714,2714,2714,4,0.0,22,0.0,10860,0.0,4,6,2018-11-06 22:10:00
20181106 22:12,2714,2714,2714,2714,4,0.0,22,0.0,10860,0.0,4,12,2018-11-06 22:12:00
20181106 22:13,2714,2714,2714,2714,4,0.0,22,0.0,10860,0.0,16,24,2018-11-06 22:13:00
20181106 22:14,2714,2714,2714,2714,4,0.0,22,0.0,10860,0.0,1,3,2018-11-06 22:14:00
20181106 22:15,2714,2714,2714,2714,4,0.0,22,0.0,10860,0.0,1,3,2018-11-06 22:15:00
20181106 22:19,2714,2714,2714,2714,4,0.0,22,0.0,10860,0.0,5,12,2018-11-06 22:19:00
20181106 22:20,2714,2714,2714,2714,4,0.0,22,0.0,10860,0.0,9,18,2018-11-06 22:20:00
20181106 22:21,2714,2714,2714,2714,4,0.0,22,0.0,10860,0.0,7,15,2018-11-06 22:21:00
20181106 22:22,2714,2714,2714,2714,4,0.0,22,0.0,10860,0.0,3,6,2018-11-06 22:22:00
20181106 22:23,2714,2714,2714,2714,4,0.0,22,0.0,10860,0.0,11,22,2018-11-06 22:23:00
20181106 22:24,2714,2714,2714,2714,4,0.0,22,0.0,10860,0.0,4,9,2018-11-06 22:24:00
20181106 22:25,2714,2714,2714,2714,4,0.0,22,0.0,10860,0.0,1,3,2018-11-06 22:25:00
20181106 22:26,2714,2714,2714,2714,4,0.0,22,0.0,10860,0.0,2,3,2018-11-06 22:26:00
20181106 22:29,2714,2714,2714,2714,4,0.0,22,0.0,10860,0.0,1,3,2018-11-06 22:29:00
20181106 22:30,2714,2714,2714,2714,4,0.0,22,0.0,10860,0.0,3,6,2018-11-06 22:30:00
20181106 22:31,2714,2714,2714,2714,4,0.0,22,0.0,10860,0.0,2,6,2018-11-06 22:31:00
20181106 22:32,2714,2714,2714,2714,4,0.0,22,0.0,10860,0.0,2,6,2018-11-06 22:32:00
20181106 22:33,2714,2714,2714,2714,4,0.0,22,0.0,10860,0.0,5,13,2018-11-06 22:33:00
20181106 22:38,2714,2714,2714,2714,4,0.0,22,0.0,10860,0.0,1,3,2018-11-06 22:38:00
20181106 22:39,2714,2714,2714,2714,4,0.0,22,0.0,10860,0.0,2,6,2018-11-06 22:39:00
20181106 22:42,2714,2714,2714,2714,4,0.0,22,0.0,10860,0.0,2,7,2018-11-06 22:42:00
20181106 22:43,2714,2714,2714,2714,4,0.0,22,0.0,10860,0.0,2,7,2018-11-06 22:43:00
20181106 22:45,2714,2714,2714,2714,4,0.0,22,0.0,10860,0.0,1,4,2018-11-06 22:45:00
20181106 22:46,2714,2714,2714,2714,4,0.0,22,0.0,10860,0.0,1,3,2018-11-06 22:46:00
20181106 22:48,2714,2714,2714,2714,4,0.0,22,0.0,10860,0.0,2,4,2018-11-06 22:48:00
20181106 22:49,2714,2714,2714,2714,4,0.0,22,0.0,10860,0.0,1,3,2018-11-06 22:49:00
20181106 22:55,2714,2714,2714,2714,4,0.0,22,0.0,10860,0.0,2,6,2018-11-06 22:55:00
20181106 22:56,2714,2714,2714,2714,4,0.0,22,0.0,10860,0.0,1,3,2018-11-06 22:56:00
20181106 22:57,2714,2714,2714,2714,4,0.0,22,0.0,10860,0.0,1,3,2018-11-06 22:57:00
20181106 22:58,2714,2714,2714,2714,4,0.0,22,0.0,10860,0.0,2,4,2018-11-06 22:58:00
20181106 22:59,2714,2714,2714,2714,4,0.0,22,0.0,10860,0.0,1,3,2018-11-06 22:59:00
20181106 23:00,2714,2714,2714,2714,4,0.0,22,0.0,10860,0.0,3,9,2018-11-06 23:00:00
20181106 23:01,2714,2714,2714,2714,4,0.0,22,0.0,10860,0.0,1,3,2018-11-06 23:01:00
20181106 23:04,2714,2714,2714,2714,4,0.0,22,0.0,10860,0.0,1,3,2018-11-06 23:04:00
20181106 23:05,2714,2714,2714,2714,4,0.0,22,0.0,10860,0.0,1,3,2018-11-06 23:05:00
20181106 23:08,2714,2714,2714,2714,4,0.0,22,0.0,10860,0.0,2,4,2018-11-06 23:08:00
20181106 23:15,2714,2714,2714,2714,4,0.0,22,0.0,10860,0.0,2,6,2018-11-06 23:15:00
20181106 23:18,2714,2714,2714,2714,4,0.0,22,0.0,10860,0.0,2,4,2018-11-06 23:18:00
20181106 23:23,2714,2714,2714,2714,4,0.0,22,0.0,10860,0.0,2,6,2018-11-06 23:23:00
20181106 23:24,2714,2714,2714,2714,4,0.0,22,0.0,10860,0.0,3,9,2018-11-06 23:24:00
20181106 23:28,2714,2714,2714,2714,4,0.0,22,0.0,10860,0.0,2,4,2018-11-06 23:28:00
20181106 23:29,2714,2714,2714,2714,4,0.0,22,0.0,10860,0.0,2,2,2018-11-06 23:29:00
20181107 09:00,2714,2714,2714,2714,4,0.0,22,0.0,10860,0.0,39,59,2018-11-07 09:00:00
20181107 09:01,2714,2714,2714,2714,4,0.0,22,0.0,10860,0.0,10,19,2018-11-07 09:01:00
20181107 09:02,2714,2714,2714,2714,4,0.0,22,0.0,10860,0.0,25,39,2018-11-07 09:02:00
20181107 09:03,2714,2714,2714,2714,4,0.0,22,0.0,10860,0.0,17,38,2018-11-07 09:03:00
20181107 09:04,2714,2714,2714,2714,4,0.0,22,0.0,10860,0.0,18,27,2018-11-07 09:04:00
20181107 09:05,2714,2714,2714,2714,4,0.0,22,0.0,10860,0.0,2,6,2018-11-07 09:05:00
20181107 09:06,2714,2714,2714,2714,4,0.0,22,0.0,10860,0.0,13,27,2018-11-07 09:06:00
20181107 09:07,2714,2714,2714,2714,4,0.0,22,0.0,10860,0.0,19,27,2018-11-07 09:07:00
20181107 09:08,2714,2714,2714,2714,4,0.0,22,0.0,10860,0.0,20,32,2018-11-07 09:08:00
20181107 09:11,2714,2714,2714,2714,4,0.0,22,0.0,10860,0.0,9,12,2018-11-07 09:11:00
20181107 09:12,2714,2714,2714,2714,4,0.0,22,0.0,10860,0.0,6,4,2018-11-07 09:12:00
20181107 09:13,2714,2714,2714,2714,4,0.0,22,0.0,10860,0.0,7,12,2018-11-07 09:13:00
20181107 09:14,2714,2714,2714,2714,4,0.0,22,0.0,10860,0.0,1,3,2018-11-07 09:14:00
20181107 09:15,2714,2714,2714,2714,4,0.0,22,0.0,10860,0.0,13,28,2018-11-07 09:15:00
20181107 09:16,2714,2714,2714,2714,4,0.0,22,0.0,10860,0.0,2,7,2018-11-07 09:16:00
20181107 09:19,2714,2714,2714,2714,4,0.0,22,0.0,10860,0.0,2,6,2018-11-07 09:19:00
20181107 09:21,2714,2714,2714,2714,4,0.0,22,0.0,10860,0.0,1,3,2018-11-07 09:21:00
20181107 09:22,2714,2714,2714,2714,4,0.0,22,0.0,10860,0.0,5,12,2018-11-07 09:22:00
20181107 09:23,2714,2714,2714,2714,4,0.0,22,0.0,10860,0.0,8,15,2018-11-07 09:23:00
20181107 09:24,2714,2714,2714,2714,4,0.0,22,0.0,10860,0.0,9,12,2018-11-07 09:24:00
20181107 09:25,2714,2714,2714,2714,4,0.0,22,0.0,10860,0.0,8,14,2018-11-07 09:25:00
20181107 09:26,2714,2714,2714,2714,4,0.0,22,0.0,10860,0.0,1,3,2018-11-07 09:26:00
20181107 09:27,2714,2714,2714,2714,4,0.0,22,0.0,10860,0.0,21,45,2018-11-07 09:27:00
20181107 09:28,2714,2714,2714,2714,4,0.0,22,0.0,10860,0.0,13,21,2018-11-07 09:28:00
20181107 09:30,2714,2714,2714,2714,4,0.0,22,0.0,10860,0.0,28,48,2018-11-07 09:30:00
20181107 09:31,2714,2714,2714,2714,4,0.0,22,0.0,10860,0.0,7,16,2018-11-07 09:31:00
20181107 09:32,2714,2714,2714,2714,4,0.0,22,0.0,10860,0.0,3,5,2018-11-07 09:32:00
20181107 09:34,2714,2714,2714,2714,4,0.0,22,0.0,10860,0.0,1,3,2018-11-07 09:34:00
20181107 09:35,2714,2714,2714,2714,4,0.0,22,0.0,10860,0.0,2,4,2018-11-07 09:35:00
20181107 09:36,2714,2714,2714,2714,4,0.0,22,0.0,10860,0.0,1,3,2018-11-07 09:36:00
20181107 09:37,2714,2714,2714,2714,4,0.0,22,0.0,10860,0.0,7,12,2018-11-07 09:37:00
20181107 09:39,2714,2714,2714,2714,4,0.0,22,0.0,10860,0.0,4,10,2018-11-07 09:39:00
20181107 09:41,2714,2714,2714,2714,4,0.0,22,0.0,10860,0.0,4,12,2018-11-07 09:41:00
20181107 09:42,2714,2714,2714,2714,4,0.0,22,0.0,10860,0.0,1,4,2018-11-07 09:42:00
20181107 09:45,2714,2714,2714,2714,4,0.0,22,0.0,10860,0.0,5,17,2018-11-07 09:45:00
20181107 09:46,2714,2714,2714,2714,4,0.0,22,0.0,10860,0.0,3,9,2018-11-07 09:46:00
20181107 09:47,2714,2714,2714,2714,4,0.0,22,0.0,10860,0.0,5,15,2018-11-07 09:47:00
20181107 09:48,2714,2714,2714,2714,4,0.0,22,0.0,10860,0.0,6,9,2018-11-07 09:48:00
20181107 09:50,2714,2714,2714,2714,4,0.0,22,0.0,10860,0.0,6,20,2018-11-07 09:50:00
20181107 09:51,2714,2714,2714,2714,4,0.0,22,0.0,10860,0.0,2,8,2018-11-07 09:51:00
20181107 09:52,2714,2714,2714,2714,4,0.0,22,0.0,10860,0.0,5,9,2018-11-07 09:52:00
20181107 09:53,2714,2714,2714,2714,4,0.0,22,0.0,10860,0.0,9,15,2018-11-07 09:53:00
20181107 09:54,2714,2714,2714,2714,4,0.0,22,0.0,10860,0.0,11,18,2018-11-07 09:54:00
20181107 09:55,2714,2714,2714,2714,4,0.0,22,0.0,10860,0.0,3,3,2018-11-07 09:55:00
20181107 09:56,2714,2714,2714,2714,4,0.0,22,0.0,10860,0.0,6,4,2018-11-07 09:56:00
20181107 09:57,2714,2714,2714,2714,4,0.0,22,0.0,10860,0.0,4,6,2018-11-07 09:57:00
20181107 09:58,2714,2714,2714,2714,4,0.0,22,0.0,10860,0.0,7,15,2018-11-07 09:58:00
20181107 10:00,2714,2714,2714,2714,4,0.0,22,0.0,10860,0.0,7,12,2018-11-07 10:00:00
20181107 10:01,2714,2714,2714,2714,4,0.0,22,0.0,10860,0.0,2,6,2018-11-07 10:01:00
20181107 10:02,2714,2714,2714,2714,4,0.0,22,0.0,10860,0.0,6,15,2018-11-07 10:02:00
20181107 10:03,2714,2714,2714,2714,4,0.0,22,0.0,10860,0.0,9,15,2018-11-07 10:03:00
20181107 10:04,2714,2714,2714,2714,4,0.0,22,0.0,10860,0.0,1,3,2018-11-07 10:04:00
20181107 10:05,2714,2714,2714,2714,4,0.0,22,0.0,10860,0.0,18,33,2018-11-07 10:05:00
20181107 10:06,2714,2714,2714,2714,4,0.0,22,0.0,10860,0.0,5,9,2018-11-07 10:06:00
20181107 10:08,2714,2714,2714,2714,4,0.0,22,0.0,10860,0.0,1,3,2018-11-07 10:08:00
20181107 10:10,2714,2714,2714,2714,4,0.0,22,0.0,10860,0.0,2,6,2018-11-07 10:10:00
20181107 10:11,2714,2714,2714,2714,4,0.0,22,0.0,10860,0.0,5,15,2018-11-07 10:11:00
20181107 10:12,2714,2714,2714,2714,4,0.0,22,0.0,10860,0.0,1,3,2018-11-07 10:12:00
20181107 10:13,2714,2714,2714,2714,4,0.0,22,0.0,10860,0.0,11,22,2018-11-07 10:13:00
20181107 10:14,2714,2714,2714,2714,4,0.0,22,0.0,10860,0.0,20,19,2018-11-07 10:14:00
20181107 10:30,2714,2714,2714,2714,4,0.0,22,0.0,10860,0.0,13,11,2018-11-07 10:30:00
20181107 10:31,2714,2714,2714,2714,4,0.0,22,0.0,10860,0.0,1,3,2018-11-07 10:31:00
20181107 10:32,2714,2714,2714,2714,4,0.0,22,0.0,10860,0.0,13,22,2018-11-07 10:32:00
20181107 10:33,2714,2714,2714,2714,4,0.0,22,0.0,10860,0.0,7,12,2018-11-07 10:33:00
20181107 10:35,2714,2714,2714,2714,4,0.0,22,0.0,10860,0.0,12,22,2018-11-07 10:35:00
20181107 10:36,2714,2714,2714,2714,4,0.0,22,0.0,10860,0.0,10,17,2018-11-07 10:36:00
20181107 10:37,2714,2714,2714,2714,4,0.0,22,0.0,10860,0.0,2,2,2018-11-07 10:37:00
20181107 10:38,2714,2714,2714,2714,4,0.0,22,0.0,10860,0.0,15,9,2018-11-07 10:38:00
20181107 10:39,2714,2714,2714,2714,4,0.0,22,0.0,10860,0.0,1,1,2018-11-07 10:39:00
20181107 10:40,2714,2714,2714,2714,4,0.0,22,0.0,10860,0.0,6,5,2018-11-07 10:40:00
20181107 10:41,2714,2714,2714,2714,4,0.0,22,0.0,10860,0.0,2,2,2018-11-07 10:41:00
20181107 10:42,2714,2714,2714,2714,4,0.0,22,0.0,10860,0.0,13,7,2018-11-07 10:42:00
20181107 10:43,2714,2714,2714,2714,4,0.0,22,0.0,10860,0.0,35,20,2018-11-07 10:43:00
20181107 10:44,2714,2714,2714,2714,4,0.0,22,0.0,10860,0.0,23,15,2018-11-07 10:44:00
20181107 10:45,2714,2714,2714,2714,4,0.0,22,0.0,10860,0.0,28,14,2018-11-07 10:45:00
20181107 10:46,2714,2714,2714,2714,4,0.0,22,0.0,10860,0.0,17,10,2018-11-07 10:46:00
20181107 10:47,2714,2714,2714,2714,4,0.0,22,0.0,10860,0.0,36,20,2018-11-07 10:47:00
20181107 10:48,2714,2714,2714,2714,4,0.0,22,0.0,10860,0.0,11,9,2018-11-07 10:48:00
20181107 10:49,2714,2714,2714,2714,4,0.0,22,0.0,10860,0.0,33,21,2018-11-07 10:49:00
20181107 10:50,2714,2714,2714,2714,4,0.0,22,0.0,10860,0.0,38,16,2018-11-07 10:50:00
20181107 10:51,2714,2714,2714,2714,4,0.0,22,0.0,10860,0.0,26,23,2018-11-07 10:51:00
20181107 10:52,2714,2714,2714,2714,4,0.0,22,0.0,10860,0.0,7,7,2018-11-07 10:52:00
20181107 10:53,2714,2714,2714,2714,4,0.0,22,0.0,10860,0.0,3,3,2018-11-07 10:53:00
20181107 10:54,2714,2714,2714,2714,4,0.0,22,0.0,10860,0.0,5,5,2018-11-07 10:54:00
20181107 10:55,2714,2714,2634,2634,6,2.0,22,0.0,16128,5268.0,3,3,2018-11-07 10:55:00
20181107 10:56,2634,2634,2634,2634,6,0.0,22,0.0,16128,0.0,4,7,2018-11-07 10:56:00
20181107 10:58,2634,2634,2634,2634,6,0.0,22,0.0,16128,0.0,5,8,2018-11-07 10:58:00
20181107 10:59,2634,2634,2634,2634,6,0.0,22,0.0,16128,0.0,2,2,2018-11-07 10:59:00
20181107 11:00,2634,2634,2634,2634,6,0.0,22,0.0,16128,0.0,7,14,2018-11-07 11:00:00
20181107 11:01,2634,2634,2634,2634,6,0.0,22,0.0,16128,0.0,4,16,2018-11-07 11:01:00
20181107 11:02,2634,2634,2634,2634,6,0.0,22,0.0,16128,0.0,8,25,2018-11-07 11:02:00
20181107 11:03,2634,2634,2634,2634,6,0.0,22,0.0,16128,0.0,6,6,2018-11-07 11:03:00
20181107 11:04,2634,2634,2634,2634,6,0.0,22,0.0,16128,0.0,1,1,2018-11-07 11:04:00
20181107 11:05,2634,2634,2634,2634,6,0.0,22,0.0,16128,0.0,4,4,2018-11-07 11:05:00
20181107 11:06,2634,2634,2634,2634,6,0.0,22,0.0,16128,0.0,6,6,2018-11-07 11:06:00
20181107 11:07,2634,2634,2634,2634,6,0.0,22,0.0,16128,0.0,9,9,2018-11-07 11:07:00
20181107 11:08,2634,2634,2634,2634,6,0.0,22,0.0,16128,0.0,8,12,2018-11-07 11:08:00
20181107 11:09,2634,2634,2634,2634,6,0.0,22,0.0,16128,0.0,2,2,2018-11-07 11:09:00
20181107 11:10,2634,2634,2634,2634,6,0.0,22,0.0,16128,0.0,5,12,2018-11-07 11:10:00
20181107 11:11,2634,2634,2634,2634,6,0.0,22,0.0,16128,0.0,6,12,2018-11-07 11:11:00
20181107 11:13,2634,2634,2634,2634,6,0.0,22,0.0,16128,0.0,3,10,2018-11-07 11:13:00
20181107 11:15,2634,2634,2634,2634,6,0.0,22,0.0,16128,0.0,2,7,2018-11-07 11:15:00
20181107 11:16,2634,2634,2634,2634,6,0.0,22,0.0,16128,0.0,2,7,2018-11-07 11:16:00
20181107 11:17,2634,2634,2634,2634,6,0.0,22,0.0,16128,0.0,5,20,2018-11-07 11:17:00
20181107 11:18,2634,2634,2634,2634,6,0.0,22,0.0,16128,0.0,3,6,2018-11-07 11:18:00
20181107 11:19,2634,2634,2634,2634,6,0.0,22,0.0,16128,0.0,7,7,2018-11-07 11:19:00
20181107 11:20,2634,2634,2634,2634,6,0.0,22,0.0,16128,0.0,3,3,2018-11-07 11:20:00
20181107 11:21,2634,2634,2634,2634,6,0.0,22,0.0,16128,0.0,1,1,2018-11-07 11:21:00
20181107 11:22,2634,2634,2634,2634,6,0.0,22,0.0,16128,0.0,4,4,2018-11-07 11:22:00
20181107 11:23,2634,2634,2634,2634,6,0.0,22,0.0,16128,0.0,2,2,2018-11-07 11:23:00
20181107 11:24,2634,2634,2634,2634,6,0.0,22,0.0,16128,0.0,12,7,2018-11-07 11:24:00
20181107 11:25,2634,2634,2634,2634,6,0.0,22,0.0,16128,0.0,2,2,2018-11-07 11:25:00
20181107 11:27,2634,2634,2634,2634,6,0.0,22,0.0,16128,0.0,5,5,2018-11-07 11:27:00
20181107 11:28,2634,2634,2634,2634,6,0.0,22,0.0,16128,0.0,5,5,2018-11-07 11:28:00
20181107 11:29,2634,2634,2634,2634,6,0.0,22,0.0,16128,0.0,7,7,2018-11-07 11:29:00
20181107 13:30,2634,2634,2634,2634,6,0.0,22,0.0,16128,0.0,18,8,2018-11-07 13:30:00
20181107 13:32,2634,2634,2634,2634,6,0.0,22,0.0,16128,0.0,6,4,2018-11-07 13:32:00
20181107 13:33,2634,2634,2634,2634,6,0.0,22,0.0,16128,0.0,11,6,2018-11-07 13:33:00
20181107 13:34,2634,2634,2634,2634,6,0.0,22,0.0,16128,0.0,11,6,2018-11-07 13:34:00
20181107 13:35,2634,2634,2634,2634,6,0.0,22,0.0,16128,0.0,6,2,2018-11-07 13:35:00
20181107 13:36,2634,2634,2634,2634,6,0.0,22,0.0,16128,0.0,6,3,2018-11-07 13:36:00
20181107 13:37,2634,2634,2634,2634,6,0.0,22,0.0,16128,0.0,8,4,2018-11-07 13:37:00
20181107 13:41,2634,2634,2634,2634,6,0.0,22,0.0,16128,0.0,2,1,2018-11-07 13:41:00
20181107 13:42,2634,2634,2634,2634,6,0.0,22,0.0,16128,0.0,2,1,2018-11-07 13:42:00
20181107 13:43,2634,2634,2634,2634,6,0.0,22,0.0,16128,0.0,12,7,2018-11-07 13:43:00
20181107 13:44,2634,2634,2634,2634,6,0.0,22,0.0,16128,0.0,6,13,2018-11-07 13:44:00
20181107 13:45,2634,2634,2634,2634,6,0.0,22,0.0,16128,0.0,23,12,2018-11-07 13:45:00
20181107 13:46,2634,2634,2634,2634,6,0.0,22,0.0,16128,0.0,6,3,2018-11-07 13:46:00
20181107 13:47,2634,2634,2634,2634,6,0.0,22,0.0,16128,0.0,8,4,2018-11-07 13:47:00
20181107 13:48,2634,2634,2634,2634,6,0.0,22,0.0,16128,0.0,3,1,2018-11-07 13:48:00
20181107 13:49,2634,2634,2634,2634,6,0.0,22,0.0,16128,0.0,19,9,2018-11-07 13:49:00
20181107 13:50,2634,2634,2634,2634,6,0.0,22,0.0,16128,0.0,2,1,2018-11-07 13:50:00
20181107 13:51,2634,2634,2634,2634,6,0.0,22,0.0,16128,0.0,3,1,2018-11-07 13:51:00
20181107 13:52,2634,2634,2634,2634,6,0.0,22,0.0,16128,0.0,3,1,2018-11-07 13:52:00
20181107 13:53,2634,2634,2634,2634,6,0.0,22,0.0,16128,0.0,11,11,2018-11-07 13:53:00
20181107 13:54,2634,2634,2634,2634,6,0.0,22,0.0,16128,0.0,7,16,2018-11-07 13:54:00
20181107 13:55,2634,2634,2634,2634,6,0.0,22,0.0,16128,0.0,13,10,2018-11-07 13:55:00
20181107 13:56,2634,2634,2634,2634,6,0.0,22,0.0,16128,0.0,9,4,2018-11-07 13:56:00
20181107 13:57,2634,2634,2634,2634,6,0.0,22,0.0,16128,0.0,2,1,2018-11-07 13:57:00
20181107 13:58,2634,2634,2634,2634,6,0.0,22,0.0,16128,0.0,12,8,2018-11-07 13:58:00
20181107 13:59,2634,2634,2634,2634,6,0.0,22,0.0,16128,0.0,4,2,2018-11-07 13:59:00
20181107 14:04,2634,2634,2634,2634,6,0.0,22,0.0,16128,0.0,4,2,2018-11-07 14:04:00
20181107 14:08,2634,2634,2634,2634,6,0.0,22,0.0,16128,0.0,9,6,2018-11-07 14:08:00
20181107 14:09,2634,2634,2634,2634,6,0.0,22,0.0,16128,0.0,14,6,2018-11-07 14:09:00
20181107 14:10,2634,2634,2634,2634,6,0.0,22,0.0,16128,0.0,6,2,2018-11-07 14:10:00
20181107 14:11,2634,2634,2634,2634,6,0.0,22,0.0,16128,0.0,6,2,2018-11-07 14:11:00
20181107 14:12,2634,2634,2634,2634,6,0.0,22,0.0,16128,0.0,4,2,2018-11-07 14:12:00
20181107 14:13,2634,2634,2634,2634,6,0.0,22,0.0,16128,0.0,8,5,2018-11-07 14:13:00
20181107 14:14,2634,2634,2634,2634,6,0.0,22,0.0,16128,0.0,10,4,2018-11-07 14:14:00
20181107 14:18,2634,2634,2634,2634,6,0.0,22,0.0,16128,0.0,3,1,2018-11-07 14:18:00
20181107 14:19,2634,2634,2634,2634,6,0.0,22,0.0,16128,0.0,2,1,2018-11-07 14:19:00
20181107 14:20,2634,2634,2634,2634,6,0.0,22,0.0,16128,0.0,5,2,2018-11-07 14:20:00
20181107 14:23,2634,2634,2634,2634,6,0.0,22,0.0,16128,0.0,7,3,2018-11-07 14:23:00
20181107 14:24,2634,2634,2634,2634,6,0.0,22,0.0,16128,0.0,13,8,2018-11-07 14:24:00
20181107 14:25,2634,2634,2634,2634,6,0.0,22,0.0,16128,0.0,13,8,2018-11-07 14:25:00
20181107 14:26,2634,2634,2634,2634,6,0.0,22,0.0,16128,0.0,2,1,2018-11-07 14:26:00
20181107 14:27,2634,2634,2634,2634,6,0.0,22,0.0,16128,0.0,6,3,2018-11-07 14:27:00
20181107 14:28,2634,2634,2634,2634,6,0.0,22,0.0,16128,0.0,2,1,2018-11-07 14:28:00
20181107 14:30,2634,2634,2634,2634,6,0.0,22,0.0,16128,0.0,3,2,2018-11-07 14:30:00
20181107 14:31,2634,2634,2634,2634,6,0.0,22,0.0,16128,0.0,8,3,2018-11-07 14:31:00
20181107 14:32,2634,2634,2634,2634,6,0.0,22,0.0,16128,0.0,5,3,2018-11-07 14:32:00
20181107 14:33,2634,2634,2634,2634,6,0.0,22,0.0,16128,0.0,17,10,2018-11-07 14:33:00
20181107 14:35,2634,2634,2634,2634,6,0.0,22,0.0,16128,0.0,4,2,2018-11-07 14:35:00
20181107 14:36,2634,2634,2634,2634,6,0.0,22,0.0,16128,0.0,3,1,2018-11-07 14:36:00
20181107 14:37,2634,2634,2634,2634,6,0.0,22,0.0,16128,0.0,4,2,2018-11-07 14:37:00
20181107 14:39,2634,2634,2634,2634,6,0.0,22,0.0,16128,0.0,2,1,2018-11-07 14:39:00
20181107 14:40,2634,2634,2634,2634,6,0.0,22,0.0,16128,0.0,11,6,2018-11-07 14:40:00
20181107 14:41,2634,2634,2634,2634,6,0.0,22,0.0,16128,0.0,6,2,2018-11-07 14:41:00
20181107 14:43,2634,2634,2634,2634,6,0.0,22,0.0,16128,0.0,2,1,2018-11-07 14:43:00
20181107 14:44,2634,2634,2634,2634,6,0.0,22,0.0,16128,0.0,4,2,2018-11-07 14:44:00
20181107 14:45,2634,2634,2634,2634,6,0.0,22,0.0,16128,0.0,17,7,2018-11-07 14:45:00
20181107 14:46,2634,2634,2634,2634,6,0.0,22,0.0,16128,0.0,3,1,2018-11-07 14:46:00
20181107 14:47,2634,2634,2634,2634,6,0.0,22,0.0,16128,0.0,9,3,2018-11-07 14:47:00
20181107 14:48,2634,2634,2634,2634,6,0.0,22,0.0,16128,0.0,11,5,2018-11-07 14:48:00
20181107 14:49,2634,2634,2634,2634,6,0.0,22,0.0,16128,0.0,4,2,2018-11-07 14:49:00
20181107 14:50,2634,2634,2634,2634,6,0.0,22,0.0,16128,0.0,10,11,2018-11-07 14:50:00
20181107 14:51,2634,2634,2634,2634,6,0.0,22,0.0,16128,0.0,16,20,2018-11-07 14:51:00
20181107 14:52,2634,2634,2634,2634,6,0.0,22,0.0,16128,0.0,2,4,2018-11-07 14:52:00
20181107 14:53,2634,2634,2634,2634,6,0.0,22,0.0,16128,0.0,11,24,2018-11-07 14:53:00
20181107 14:54,2634,2634,2634,2634,6,0.0,22,0.0,16128,0.0,10,13,2018-11-07 14:54:00
20181107 14:55,2634,2634,2634,2634,6,0.0,22,0.0,16128,0.0,5,2,2018-11-07 14:55:00
20181107 14:56,2634,2634,2634,2634,6,0.0,22,0.0,16128,0.0,2,1,2018-11-07 14:56:00
20181107 14:58,2634,2634,2634,2634,6,0.0,22,0.0,16128,0.0,2,1,2018-11-07 14:58:00
20181107 14:59,2634,2634,2634,2634,6,0.0,22,0.0,16128,0.0,7,11,2018-11-07 14:59:00
20181107 21:00,2634,2634,2634,2634,0,0.0,22,0.0,0,0.0,65,65,2018-11-07 21:00:00
20181107 21:01,2634,2634,2634,2634,0,0.0,22,0.0,0,0.0,6,18,2018-11-07 21:01:00
20181107 21:02,2634,2634,2634,2634,0,0.0,22,0.0,0,0.0,9,28,2018-11-07 21:02:00
20181107 21:03,2634,2634,2634,2634,0,0.0,22,0.0,0,0.0,21,62,2018-11-07 21:03:00
20181107 21:04,2634,2634,2634,2634,0,0.0,22,0.0,0,0.0,8,22,2018-11-07 21:04:00
20181107 21:05,2634,2634,2634,2634,0,0.0,22,0.0,0,0.0,5,15,2018-11-07 21:05:00
20181107 21:06,2634,2634,2634,2634,0,0.0,22,0.0,0,0.0,5,15,2018-11-07 21:06:00
20181107 21:07,2634,2634,2634,2634,0,0.0,22,0.0,0,0.0,4,12,2018-11-07 21:07:00
20181107 21:08,2634,2634,2634,2634,0,0.0,22,0.0,0,0.0,1,3,2018-11-07 21:08:00
20181107 21:10,2634,2634,2634,2634,0,0.0,22,0.0,0,0.0,3,9,2018-11-07 21:10:00
20181107 21:11,2634,2634,2634,2634,0,0.0,22,0.0,0,0.0,2,6,2018-11-07 21:11:00
20181107 21:13,2634,2634,2634,2634,0,0.0,22,0.0,0,0.0,2,6,2018-11-07 21:13:00
20181107 21:14,2634,2634,2634,2634,0,0.0,22,0.0,0,0.0,4,10,2018-11-07 21:14:00
20181107 21:15,2634,2634,2634,2634,0,0.0,22,0.0,0,0.0,1,3,2018-11-07 21:15:00
20181107 21:16,2634,2634,2634,2634,0,0.0,22,0.0,0,0.0,2,6,2018-11-07 21:16:00
20181107 21:17,2634,2634,2634,2634,0,0.0,22,0.0,0,0.0,7,25,2018-11-07 21:17:00
20181107 21:18,2634,2634,2634,2634,0,0.0,22,0.0,0,0.0,2,7,2018-11-07 21:18:00
20181107 21:19,2634,2634,2634,2634,0,0.0,22,0.0,0,0.0,1,4,2018-11-07 21:19:00
20181107 21:20,2634,2634,2634,2634,0,0.0,22,0.0,0,0.0,2,6,2018-11-07 21:20:00
20181107 21:22,2634,2634,2634,2634,0,0.0,22,0.0,0,0.0,2,6,2018-11-07 21:22:00
20181107 21:26,2634,2634,2634,2634,0,0.0,22,0.0,0,0.0,8,24,2018-11-07 21:26:00
20181107 21:27,2634,2634,2634,2634,0,0.0,22,0.0,0,0.0,1,3,2018-11-07 21:27:00
20181107 21:28,2634,2634,2634,2634,0,0.0,22,0.0,0,0.0,4,11,2018-11-07 21:28:00
20181107 21:29,2634,2634,2634,2634,0,0.0,22,0.0,0,0.0,2,7,2018-11-07 21:29:00
20181107 21:30,2634,2634,2634,2634,0,0.0,22,0.0,0,0.0,1,3,2018-11-07 21:30:00
20181107 21:32,2634,2634,2634,2634,0,0.0,22,0.0,0,0.0,1,3,2018-11-07 21:32:00
20181107 21:33,2634,2634,2634,2634,0,0.0,22,0.0,0,0.0,2,6,2018-11-07 21:33:00
20181107 21:38,2634,2634,2634,2634,0,0.0,22,0.0,0,0.0,6,16,2018-11-07 21:38:00
20181107 21:40,2634,2634,2634,2634,0,0.0,22,0.0,0,0.0,1,3,2018-11-07 21:40:00
20181107 21:41,2634,2634,2634,2634,0,0.0,22,0.0,0,0.0,1,3,2018-11-07 21:41:00
20181107 21:42,2634,2634,2634,2634,0,0.0,22,0.0,0,0.0,1,3,2018-11-07 21:42:00
20181107 21:44,2634,2634,2634,2634,0,0.0,22,0.0,0,0.0,1,3,2018-11-07 21:44:00
20181107 21:45,2634,2634,2634,2634,0,0.0,22,0.0,0,0.0,2,6,2018-11-07 21:45:00
20181107 21:46,2634,2634,2634,2634,0,0.0,22,0.0,0,0.0,1,4,2018-11-07 21:46:00
20181107 21:47,2634,2634,2634,2634,0,0.0,22,0.0,0,0.0,3,8,2018-11-07 21:47:00
20181107 21:48,2634,2634,2634,2634,0,0.0,22,0.0,0,0.0,2,6,2018-11-07 21:48:00
20181107 21:49,2634,2634,2634,2634,0,0.0,22,0.0,0,0.0,2,6,2018-11-07 21:49:00
20181107 21:53,2634,2634,2634,2634,0,0.0,22,0.0,0,0.0,1,3,2018-11-07 21:53:00
20181107 21:56,2634,2634,2634,2634,0,0.0,22,0.0,0,0.0,1,3,2018-11-07 21:56:00
20181107 21:57,2634,2634,2634,2634,0,0.0,22,0.0,0,0.0,3,5,2018-11-07 21:57:00
20181107 22:00,2634,2634,2634,2634,0,0.0,22,0.0,0,0.0,2,6,2018-11-07 22:00:00
20181107 22:01,2634,2634,2634,2634,0,0.0,22,0.0,0,0.0,2,6,2018-11-07 22:01:00
20181107 22:04,2634,2634,2634,2634,0,0.0,22,0.0,0,0.0,5,15,2018-11-07 22:04:00
20181107 22:05,2634,2634,2634,2634,0,0.0,22,0.0,0,0.0,1,3,2018-11-07 22:05:00
20181107 22:07,2634,2634,2634,2634,0,0.0,22,0.0,0,0.0,3,8,2018-11-07 22:07:00
20181107 22:08,2634,2634,2634,2634,0,0.0,22,0.0,0,0.0,2,4,2018-11-07 22:08:00
20181107 22:11,2634,2634,2634,2634,0,0.0,22,0.0,0,0.0,3,9,2018-11-07 22:11:00
20181107 22:13,2634,2634,2634,2634,0,0.0,22,0.0,0,0.0,2,6,2018-11-07 22:13:00
20181107 22:14,2634,2634,2634,2634,0,0.0,22,0.0,0,0.0,1,3,2018-11-07 22:14:00
20181107 22:15,2634,2634,2634,2634,0,0.0,22,0.0,0,0.0,2,6,2018-11-07 22:15:00
20181107 22:17,2634,2634,2634,2634,0,0.0,22,0.0,0,0.0,1,3,2018-11-07 22:17:00
20181107 22:18,2634,2634,2634,2634,0,0.0,22,0.0,0,0.0,4,10,2018-11-07 22:18:00
20181107 22:19,2634,2634,2634,2634,0,0.0,22,0.0,0,0.0,1,3,2018-11-07 22:19:00
20181107 22:20,2634,2634,2634,2634,0,0.0,22,0.0,0,0.0,3,9,2018-11-07 22:20:00
20181107 22:21,2634,2634,2634,2634,0,0.0,22,0.0,0,0.0,1,3,2018-11-07 22:21:00
20181107 22:27,2634,2634,2634,2634,0,0.0,22,0.0,0,0.0,3,10,2018-11-07 22:27:00
20181107 22:28,2634,2634,2634,2634,0,0.0,22,0.0,0,0.0,5,15,2018-11-07 22:28:00
20181107 22:30,2634,2634,2634,2634,0,0.0,22,0.0,0,0.0,1,3,2018-11-07 22:30:00
20181107 22:31,2634,2634,2634,2634,0,0.0,22,0.0,0,0.0,1,3,2018-11-07 22:31:00
20181107 22:33,2634,2634,2634,2634,0,0.0,22,0.0,0,0.0,2,6,2018-11-07 22:33:00
20181107 22:34,2634,2634,2634,2634,0,0.0,22,0.0,0,0.0,1,3,2018-11-07 22:34:00
20181107 22:35,2634,2634,2634,2634,0,0.0,22,0.0,0,0.0,1,3,2018-11-07 22:35:00
20181107 22:36,2634,2634,2634,2634,0,0.0,22,0.0,0,0.0,2,6,2018-11-07 22:36:00
20181107 22:37,2634,2634,2634,2634,0,0.0,22,0.0,0,0.0,1,3,2018-11-07 22:37:00
20181107 22:38,2634,2634,2634,2634,0,0.0,22,0.0,0,0.0,2,4,2018-11-07 22:38:00
20181107 22:39,2634,2634,2634,2634,0,0.0,22,0.0,0,0.0,1,3,2018-11-07 22:39:00
20181107 22:40,2634,2634,2634,2634,0,0.0,22,0.0,0,0.0,1,3,2018-11-07 22:40:00
20181107 22:41,2634,2634,2634,2634,0,0.0,22,0.0,0,0.0,2,6,2018-11-07 22:41:00
20181107 22:45,2634,2634,2634,2634,0,0.0,22,0.0,0,0.0,1,3,2018-11-07 22:45:00
20181107 22:46,2634,2634,2634,2634,0,0.0,22,0.0,0,0.0,1,3,2018-11-07 22:46:00
20181107 22:48,2634,2634,2634,2634,0,0.0,22,0.0,0,0.0,2,4,2018-11-07 22:48:00
20181107 22:51,2634,2634,2634,2634,0,0.0,22,0.0,0,0.0,1,3,2018-11-07 22:51:00
20181107 22:52,2634,2634,2634,2634,0,0.0,22,0.0,0,0.0,1,3,2018-11-07 22:52:00
20181107 22:53,2634,2634,2634,2634,0,0.0,22,0.0,0,0.0,1,3,2018-11-07 22:53:00
20181107 22:54,2634,2634,2634,2634,0,0.0,22,0.0,0,0.0,1,3,2018-11-07 22:54:00
20181107 22:55,2634,2634,2634,2634,0,0.0,22,0.0,0,0.0,2,6,2018-11-07 22:55:00
20181107 22:56,2634,2634,2634,2634,0,0.0,22,0.0,0,0.0,1,3,2018-11-07 22:56:00
20181107 22:58,2634,2634,2634,2634,0,0.0,22,0.0,0,0.0,5,13,2018-11-07 22:58:00
20181107 22:59,2634,2634,2634,2634,0,0.0,22,0.0,0,0.0,1,3,2018-11-07 22:59:00
20181107 23:01,2634,2634,2634,2634,0,0.0,22,0.0,0,0.0,1,3,2018-11-07 23:01:00
20181107 23:03,2634,2634,2634,2634,0,0.0,22,0.0,0,0.0,1,3,2018-11-07 23:03:00
20181107 23:05,2634,2634,2634,2634,0,0.0,22,0.0,0,0.0,1,3,2018-11-07 23:05:00
20181107 23:08,2634,2634,2634,2634,0,0.0,22,0.0,0,0.0,2,4,2018-11-07 23:08:00
20181107 23:10,2634,2634,2634,2634,0,0.0,22,0.0,0,0.0,1,3,2018-11-07 23:10:00
20181107 23:13,2634,2634,2634,2634,0,0.0,22,0.0,0,0.0,1,3,2018-11-07 23:13:00
20181107 23:15,2634,2634,2634,2634,0,0.0,22,0.0,0,0.0,1,3,2018-11-07 23:15:00
20181107 23:16,2634,2634,2634,2634,0,0.0,22,0.0,0,0.0,2,6,2018-11-07 23:16:00
20181107 23:18,2634,2634,2634,2634,0,0.0,22,0.0,0,0.0,3,7,2018-11-07 23:18:00
20181107 23:20,2634,2634,2634,2634,0,0.0,22,0.0,0,0.0,1,3,2018-11-07 23:20:00
20181107 23:23,2634,2634,2634,2634,0,0.0,22,0.0,0,0.0,3,9,2018-11-07 23:23:00
20181107 23:25,2634,2634,2634,2634,0,0.0,22,0.0,0,0.0,3,9,2018-11-07 23:25:00
20181107 23:26,2634,2634,2634,2634,0,0.0,22,0.0,0,0.0,1,3,2018-11-07 23:26:00
20181107 23:27,2634,2634,2634,2634,0,0.0,22,0.0,0,0.0,5,15,2018-11-07 23:27:00
20181107 23:28,2634,2634,2634,2634,0,0.0,22,0.0,0,0.0,3,7,2018-11-07 23:28:00
20181107 23:29,2634,2634,2634,2634,0,0.0,22,0.0,0,0.0,8,16,2018-11-07 23:29:00
20181108 09:00,2634,2634,2634,2634,0,0.0,22,0.0,0,0.0,9,19,2018-11-08 09:00:00
20181108 09:01,2634,2634,2634,2634,0,0.0,22,0.0,0,0.0,2,7,2018-11-08 09:01:00
20181108 09:02,2634,2634,2634,2634,0,0.0,22,0.0,0,0.0,3,9,2018-11-08 09:02:00
20181108 09:03,2634,2634,2634,2634,0,0.0,22,0.0,0,0.0,4,10,2018-11-08 09:03:00
20181108 09:05,2634,2634,2634,2634,0,0.0,22,0.0,0,0.0,4,12,2018-11-08 09:05:00
20181108 09:06,2634,2634,2634,2634,0,0.0,22,0.0,0,0.0,3,9,2018-11-08 09:06:00
20181108 09:07,2634,2634,2634,2634,0,0.0,22,0.0,0,0.0,1,3,2018-11-08 09:07:00
20181108 09:08,2634,2634,2634,2634,0,0.0,22,0.0,0,0.0,2,6,2018-11-08 09:08:00
20181108 09:10,2634,2634,2634,2634,0,0.0,22,0.0,0,0.0,2,6,2018-11-08 09:10:00
20181108 09:11,2634,2634,2634,2634,0,0.0,22,0.0,0,0.0,5,15,2018-11-08 09:11:00
20181108 09:12,2634,2634,2634,2634,0,0.0,22,0.0,0,0.0,8,28,2018-11-08 09:12:00
20181108 09:13,2634,2634,2634,2634,0,0.0,22,0.0,0,0.0,6,16,2018-11-08 09:13:00
20181108 09:14,2634,2634,2634,2634,0,0.0,22,0.0,0,0.0,2,6,2018-11-08 09:14:00
20181108 09:15,2634,2634,2634,2634,0,0.0,22,0.0,0,0.0,5,17,2018-11-08 09:15:00
20181108 09:17,2634,2634,2634,2634,0,0.0,22,0.0,0,0.0,1,4,2018-11-08 09:17:00
20181108 09:18,2634,2634,2634,2634,0,0.0,22,0.0,0,0.0,2,8,2018-11-08 09:18:00
20181108 09:19,2634,2634,2634,2634,0,0.0,22,0.0,0,0.0,2,8,2018-11-08 09:19:00
20181108 09:20,2634,2634,2634,2634,0,0.0,22,0.0,0,0.0,1,4,2018-11-08 09:20:00
20181108 09:21,2634,2634,2634,2634,0,0.0,22,0.0,0,0.0,6,20,2018-11-08 09:21:00
20181108 09:25,2634,2634,2634,2634,0,0.0,22,0.0,0,0.0,4,13,2018-11-08 09:25:00
20181108 09:26,2634,2634,2634,2634,0,0.0,22,0.0,0,0.0,3,9,2018-11-08 09:26:00
20181108 09:27,2634,2634,2634,2634,0,0.0,22,0.0,0,0.0,2,6,2018-11-08 09:27:00
20181108 09:28,2634,2634,2634,2634,0,0.0,22,0.0,0,0.0,3,9,2018-11-08 09:28:00
20181108 09:29,2634,2634,2634,2634,0,0.0,22,0.0,0,0.0,4,12,2018-11-08 09:29:00
20181108 09:30,2634,2634,2634,2634,0,0.0,22,0.0,0,0.0,3,9,2018-11-08 09:30:00
20181108 09:31,2634,2634,2634,2634,0,0.0,22,0.0,0,0.0,1,3,2018-11-08 09:31:00
20181108 09:32,2634,2634,2634,2634,0,0.0,22,0.0,0,0.0,4,13,2018-11-08 09:32:00
20181108 09:34,2634,2634,2634,2634,0,0.0,22,0.0,0,0.0,4,11,2018-11-08 09:34:00
20181108 09:35,2634,2634,2634,2634,0,0.0,22,0.0,0,0.0,1,3,2018-11-08 09:35:00
20181108 09:36,2634,2634,2634,2634,0,0.0,22,0.0,0,0.0,1,3,2018-11-08 09:36:00
20181108 09:40,2634,2634,2634,2634,0,0.0,22,0.0,0,0.0,2,6,2018-11-08 09:40:00
20181108 09:41,2634,2634,2634,2634,0,0.0,22,0.0,0,0.0,5,15,2018-11-08 09:41:00
20181108 09:43,2634,2634,2634,2634,0,0.0,22,0.0,0,0.0,1,3,2018-11-08 09:43:00
20181108 09:44,2634,2634,2634,2634,0,0.0,22,0.0,0,0.0,3,7,2018-11-08 09:44:00
20181108 09:46,2634,2634,2634,2634,0,0.0,22,0.0,0,0.0,2,6,2018-11-08 09:46:00
20181108 09:47,2634,2634,2634,2634,0,0.0,22,0.0,0,0.0,1,3,2018-11-08 09:47:00
20181108 09:48,2634,2634,2634,2634,0,0.0,22,0.0,0,0.0,3,9,2018-11-08 09:48:00
20181108 09:49,2634,2634,2634,2634,0,0.0,22,0.0,0,0.0,3,9,2018-11-08 09:49:00
20181108 09:50,2634,2634,2634,2634,0,0.0,22,0.0,0,0.0,2,6,2018-11-08 09:50:00
20181108 09:51,2634,2634,2634,2634,0,0.0,22,0.0,0,0.0,1,3,2018-11-08 09:51:00
20181108 09:52,2634,2634,2634,2634,0,0.0,22,0.0,0,0.0,2,7,2018-11-08 09:52:00
20181108 09:54,2634,2634,2634,2634,0,0.0,22,0.0,0,0.0,2,4,2018-11-08 09:54:00
20181108 10:01,2634,2634,2634,2634,0,0.0,22,0.0,0,0.0,1,3,2018-11-08 10:01:00
20181108 10:02,2634,2634,2634,2634,0,0.0,22,0.0,0,0.0,3,9,2018-11-08 10:02:00
20181108 10:03,2634,2634,2634,2634,0,0.0,22,0.0,0,0.0,3,9,2018-11-08 10:03:00
20181108 10:04,2634,2634,2634,2634,0,0.0,22,0.0,0,0.0,2,4,2018-11-08 10:04:00
20181108 10:05,2634,2634,2634,2634,0,0.0,22,0.0,0,0.0,1,3,2018-11-08 10:05:00
20181108 10:07,2634,2634,2634,2634,0,0.0,22,0.0,0,0.0,3,9,2018-11-08 10:07:00
20181108 10:08,2634,2634,2634,2634,0,0.0,22,0.0,0,0.0,2,6,2018-11-08 10:08:00
20181108 10:09,2634,2634,2634,2634,0,0.0,22,0.0,0,0.0,1,3,2018-11-08 10:09:00
20181108 10:10,2634,2634,2634,2634,0,0.0,22,0.0,0,0.0,3,9,2018-11-08 10:10:00
20181108 10:11,2634,2634,2634,2634,0,0.0,22,0.0,0,0.0,1,3,2018-11-08 10:11:00
20181108 10:12,2634,2634,2634,2634,0,0.0,22,0.0,0,0.0,3,9,2018-11-08 10:12:00
20181108 10:14,2634,2634,2634,2634,0,0.0,22,0.0,0,0.0,3,5,2018-11-08 10:14:00
20181108 10:30,2634,2634,2634,2634,0,0.0,22,0.0,0,0.0,1,3,2018-11-08 10:30:00
20181108 10:33,2634,2634,2634,2634,0,0.0,22,0.0,0,0.0,2,6,2018-11-08 10:33:00
20181108 10:35,2634,2634,2634,2634,0,0.0,22,0.0,0,0.0,1,3,2018-11-08 10:35:00
20181108 10:38,2634,2634,2634,2634,0,0.0,22,0.0,0,0.0,1,3,2018-11-08 10:38:00
20181108 10:39,2634,2634,2634,2634,0,0.0,22,0.0,0,0.0,1,3,2018-11-08 10:39:00
20181108 10:40,2634,2634,2634,2634,0,0.0,22,0.0,0,0.0,4,10,2018-11-08 10:40:00
20181108 10:42,2634,2634,2634,2634,0,0.0,22,0.0,0,0.0,2,6,2018-11-08 10:42:00
20181108 10:43,2634,2634,2634,2634,0,0.0,22,0.0,0,0.0,1,3,2018-11-08 10:43:00
20181108 10:46,2634,2634,2634,2634,0,0.0,22,0.0,0,0.0,1,3,2018-11-08 10:46:00
20181108 10:48,2634,2634,2634,2634,0,0.0,22,0.0,0,0.0,1,3,2018-11-08 10:48:00
20181108 10:50,2634,2634,2634,2634,0,0.0,22,0.0,0,0.0,3,7,2018-11-08 10:50:00
20181108 10:52,2634,2634,2634,2634,0,0.0,22,0.0,0,0.0,1,3,2018-11-08 10:52:00
20181108 10:53,2634,2634,2634,2634,0,0.0,22,0.0,0,0.0,2,6,2018-11-08 10:53:00
20181108 10:54,2634,2634,2634,2634,0,0.0,22,0.0,0,0.0,1,3,2018-11-08 10:54:00
20181108 10:57,2634,2634,2634,2634,0,0.0,22,0.0,0,0.0,1,3,2018-11-08 10:57:00
20181108 11:00,2634,2634,2634,2634,0,0.0,22,0.0,0,0.0,3,7,2018-11-08 11:00:00
20181108 11:01,2634,2634,2634,2634,0,0.0,22,0.0,0,0.0,1,3,2018-11-08 11:01:00
20181108 11:03,2634,2634,2634,2634,0,0.0,22,0.0,0,0.0,1,3,2018-11-08 11:03:00
20181108 11:04,2634,2634,2634,2634,0,0.0,22,0.0,0,0.0,1,3,2018-11-08 11:04:00
20181108 11:07,2634,2634,2634,2634,0,0.0,22,0.0,0,0.0,1,3,2018-11-08 11:07:00
20181108 11:09,2634,2634,2634,2634,0,0.0,22,0.0,0,0.0,3,9,2018-11-08 11:09:00
20181108 11:10,2634,2634,2634,2634,0,0.0,22,0.0,0,0.0,2,4,2018-11-08 11:10:00
20181108 11:11,2634,2634,2634,2634,0,0.0,22,0.0,0,0.0,2,6,2018-11-08 11:11:00
20181108 11:18,2634,2634,2634,2634,0,0.0,22,0.0,0,0.0,2,6,2018-11-08 11:18:00
20181108 11:19,2634,2634,2634,2634,0,0.0,22,0.0,0,0.0,1,3,2018-11-08 11:19:00
20181108 11:20,2634,2634,2634,2634,0,0.0,22,0.0,0,0.0,2,4,2018-11-08 11:20:00
20181108 11:24,2634,2634,2634,2634,0,0.0,22,0.0,0,0.0,1,3,2018-11-08 11:24:00
20181108 11:29,2634,2634,2634,2634,0,0.0,22,0.0,0,0.0,1,1,2018-11-08 11:29:00
20181108 13:30,2634,2634,2634,2634,0,0.0,22,0.0,0,0.0,2,4,2018-11-08 13:30:00
20181108 13:34,2634,2634,2634,2634,0,0.0,22,0.0,0,0.0,3,5,2018-11-08 13:34:00
20181108 13:35,2634,2634,2634,2634,0,0.0,22,0.0,0,0.0,2,2,2018-11-08 13:35:00
20181108 13:36,2634,2660,2634,2660,4,4.0,22,0.0,10640,10640.0,18,14,2018-11-08 13:36:00
20181108 13:37,2660,2660,2660,2660,4,0.0,22,0.0,10640,0.0,74,19,2018-11-08 13:37:00
20181108 13:38,2660,2660,2660,2660,4,0.0,22,0.0,10640,0.0,52,5,2018-11-08 13:38:00
20181108 13:39,2660,2660,2660,2660,4,0.0,22,0.0,10640,0.0,31,4,2018-11-08 13:39:00
20181108 13:40,2660,2660,2660,2660,4,0.0,22,0.0,10640,0.0,61,13,2018-11-08 13:40:00
20181108 13:41,2660,2660,2660,2660,4,0.0,22,0.0,10640,0.0,103,14,2018-11-08 13:41:00
20181108 13:42,2660,2660,2660,2660,4,0.0,22,0.0,10640,0.0,38,4,2018-11-08 13:42:00
20181108 13:47,2660,2660,2660,2660,4,0.0,22,0.0,10640,0.0,34,10,2018-11-08 13:47:00
20181108 13:48,2660,2660,2660,2660,4,0.0,22,0.0,10640,0.0,78,12,2018-11-08 13:48:00
20181108 13:49,2660,2660,2660,2660,4,0.0,22,0.0,10640,0.0,57,10,2018-11-08 13:49:00
20181108 13:51,2660,2660,2660,2660,4,0.0,22,0.0,10640,0.0,12,1,2018-11-08 13:51:00
20181108 13:53,2660,2660,2660,2660,4,0.0,22,0.0,10640,0.0,25,6,2018-11-08 13:53:00
20181108 13:54,2660,2660,2660,2660,4,0.0,22,0.0,10640,0.0,51,6,2018-11-08 13:54:00
20181108 13:55,2660,2660,2660,2660,4,0.0,22,0.0,10640,0.0,11,1,2018-11-08 13:55:00
20181108 13:56,2660,2660,2660,2660,4,0.0,22,0.0,10640,0.0,13,7,2018-11-08 13:56:00
20181108 13:57,2660,2660,2660,2660,4,0.0,22,0.0,10640,0.0,72,11,2018-11-08 13:57:00
20181108 13:58,2660,2660,2660,2660,4,0.0,22,0.0,10640,0.0,23,2,2018-11-08 13:58:00
20181108 14:03,2660,2660,2660,2660,4,0.0,22,0.0,10640,0.0,11,1,2018-11-08 14:03:00
20181108 14:05,2660,2660,2660,2660,4,0.0,22,0.0,10640,0.0,48,10,2018-11-08 14:05:00
20181108 14:06,2660,2660,2660,2660,4,0.0,22,0.0,10640,0.0,14,8,2018-11-08 14:06:00
20181108 14:07,2660,2660,2660,2660,4,0.0,22,0.0,10640,0.0,81,22,2018-11-08 14:07:00
20181108 14:08,2660,2660,2660,2660,4,0.0,22,0.0,10640,0.0,20,8,2018-11-08 14:08:00
20181108 14:09,2660,2660,2660,2660,4,0.0,22,0.0,10640,0.0,38,4,2018-11-08 14:09:00
20181108 14:10,2660,2660,2660,2660,4,0.0,22,0.0,10640,0.0,23,2,2018-11-08 14:10:00
20181108 14:16,2660,2660,2660,2660,4,0.0,22,0.0,10640,0.0,12,1,2018-11-08 14:16:00
20181108 14:17,2660,2660,2660,2660,4,0.0,22,0.0,10640,0.0,45,4,2018-11-08 14:17:00
20181108 14:18,2660,2660,2660,2660,4,0.0,22,0.0,10640,0.0,11,1,2018-11-08 14:18:00
20181108 14:20,2660,2660,2660,2660,4,0.0,22,0.0,10640,0.0,23,2,2018-11-08 14:20:00
20181108 14:21,2660,2660,2660,2660,4,0.0,22,0.0,10640,0.0,41,5,2018-11-08 14:21:00
20181108 14:24,2660,2660,2660,2660,4,0.0,22,0.0,10640,0.0,17,9,2018-11-08 14:24:00
20181108 14:27,2660,2660,2660,2660,4,0.0,22,0.0,10640,0.0,6,2,2018-11-08 14:27:00
20181108 14:29,2660,2660,2660,2660,4,0.0,22,0.0,10640,0.0,6,3,2018-11-08 14:29:00
20181108 14:32,2660,2660,2660,2660,4,0.0,22,0.0,10640,0.0,84,15,2018-11-08 14:32:00
20181108 14:33,2660,2660,2660,2660,4,0.0,22,0.0,10640,0.0,44,5,2018-11-08 14:33:00
20181108 14:39,2660,2660,2660,2660,4,0.0,22,0.0,10640,0.0,12,1,2018-11-08 14:39:00
20181108 14:41,2660,2660,2660,2660,4,0.0,22,0.0,10640,0.0,9,2,2018-11-08 14:41:00
20181108 14:42,2660,2660,2660,2660,4,0.0,22,0.0,10640,0.0,11,1,2018-11-08 14:42:00
20181108 14:43,2660,2660,2660,2660,4,0.0,22,0.0,10640,0.0,25,3,2018-11-08 14:43:00
20181108 14:44,2660,2660,2660,2660,4,0.0,22,0.0,10640,0.0,3,1,2018-11-08 14:44:00
20181108 14:50,2660,2660,2660,2660,4,0.0,22,0.0,10640,0.0,14,9,2018-11-08 14:50:00
20181108 14:51,2660,2660,2660,2660,4,0.0,22,0.0,10640,0.0,12,6,2018-11-08 14:51:00
20181108 14:52,2660,2660,2660,2660,4,0.0,22,0.0,10640,0.0,3,2,2018-11-08 14:52:00
20181108 14:53,2660,2660,2660,2660,4,0.0,22,0.0,10640,0.0,3,1,2018-11-08 14:53:00
20181108 14:54,2660,2660,2660,2660,4,0.0,22,0.0,10640,0.0,6,2,2018-11-08 14:54:00
20181108 14:59,2660,2660,2660,2660,4,0.0,22,0.0,10640,0.0,23,8,2018-11-08 14:59:00
20181108 20:59,2660,2660,2660,2660,0,0.0,22,0.0,0,0.0,0,1,2018-11-08 20:59:00
20181108 21:00,2660,2660,2660,2660,0,0.0,22,0.0,0,0.0,79,13,2018-11-08 21:00:00
20181108 21:01,2660,2660,2660,2660,0,0.0,22,0.0,0,0.0,99,12,2018-11-08 21:01:00
20181108 21:02,2660,2660,2660,2660,0,0.0,22,0.0,0,0.0,62,10,2018-11-08 21:02:00
20181108 21:03,2660,2660,2660,2660,0,0.0,22,0.0,0,0.0,1,2,2018-11-08 21:03:00
20181108 21:04,2660,2660,2660,2660,0,0.0,22,0.0,0,0.0,6,6,2018-11-08 21:04:00
20181108 21:05,2660,2660,2660,2660,0,0.0,22,0.0,0,0.0,2,2,2018-11-08 21:05:00
20181108 21:06,2660,2660,2660,2660,0,0.0,22,0.0,0,0.0,5,6,2018-11-08 21:06:00
20181108 21:07,2660,2660,2660,2660,0,0.0,22,0.0,0,0.0,1,1,2018-11-08 21:07:00
20181108 21:08,2660,2660,2660,2660,0,0.0,22,0.0,0,0.0,3,5,2018-11-08 21:08:00
20181108 21:09,2660,2660,2660,2660,0,0.0,22,0.0,0,0.0,1,2,2018-11-08 21:09:00
20181108 21:11,2660,2660,2660,2660,0,0.0,22,0.0,0,0.0,2,3,2018-11-08 21:11:00
20181108 21:12,2660,2660,2660,2660,0,0.0,22,0.0,0,0.0,8,1,2018-11-08 21:12:00
20181108 21:13,2660,2660,2660,2660,0,0.0,22,0.0,0,0.0,1,1,2018-11-08 21:13:00
20181108 21:14,2660,2660,2660,2660,0,0.0,22,0.0,0,0.0,7,5,2018-11-08 21:14:00
20181108 21:20,2660,2660,2660,2660,0,0.0,22,0.0,0,0.0,1,1,2018-11-08 21:20:00
20181108 21:28,2660,2660,2660,2660,0,0.0,22,0.0,0,0.0,11,3,2018-11-08 21:28:00
20181108 21:37,2660,2660,2660,2660,0,0.0,22,0.0,0,0.0,1,1,2018-11-08 21:37:00
20181108 21:42,2660,2660,2660,2660,0,0.0,22,0.0,0,0.0,1,1,2018-11-08 21:42:00
20181108 21:43,2660,2660,2660,2660,0,0.0,22,0.0,0,0.0,1,1,2018-11-08 21:43:00
20181108 21:46,2660,2660,2660,2660,0,0.0,22,0.0,0,0.0,1,1,2018-11-08 21:46:00
20181108 21:47,2660,2660,2660,2660,0,0.0,22,0.0,0,0.0,1,1,2018-11-08 21:47:00
20181108 21:50,2660,2660,2660,2660,0,0.0,22,0.0,0,0.0,4,5,2018-11-08 21:50:00
20181108 21:51,2660,2660,2660,2660,0,0.0,22,0.0,0,0.0,1,1,2018-11-08 21:51:00
20181108 21:53,2660,2660,2660,2660,0,0.0,22,0.0,0,0.0,1,1,2018-11-08 21:53:00
20181108 21:54,2660,2660,2660,2660,0,0.0,22,0.0,0,0.0,1,1,2018-11-08 21:54:00
20181108 21:57,2660,2660,2660,2660,0,0.0,22,0.0,0,0.0,2,2,2018-11-08 21:57:00
20181108 22:03,2695,2695,2695,2695,26,26.0,46,24.0,70304,70304.0,2,6,2018-11-08 22:03:00
20181108 22:04,2680,2680,2680,2680,30,4.0,42,-4.0,81030,10726.0,112,44,2018-11-08 22:04:00
20181108 22:05,2668,2668,2668,2668,34,4.0,38,-4.0,91698,10668.0,16,12,2018-11-08 22:05:00
20181108 22:10,2668,2668,2668,2668,34,0.0,38,0.0,91698,0.0,16,5,2018-11-08 22:10:00
20181108 22:11,2668,2668,2668,2668,34,0.0,38,0.0,91698,0.0,40,13,2018-11-08 22:11:00
20181108 22:22,2680,2680,2680,2680,38,4.0,34,-4.0,102410,10712.0,38,18,2018-11-08 22:22:00
20181108 22:23,2680,2680,2680,2680,38,0.0,34,0.0,102410,0.0,8,5,2018-11-08 22:23:00
20181108 22:26,2663,2663,2663,2663,50,12.0,24,-10.0,134400,31990.0,36,18,2018-11-08 22:26:00
20181108 22:31,2663,2663,2663,2663,50,0.0,24,0.0,134400,0.0,3,1,2018-11-08 22:31:00
20181108 22:32,2663,2663,2663,2663,50,0.0,24,0.0,134400,0.0,15,9,2018-11-08 22:32:00
20181108 22:33,2663,2663,2663,2663,50,0.0,24,0.0,134400,0.0,9,4,2018-11-08 22:33:00
20181108 22:42,2663,2663,2663,2663,50,0.0,24,0.0,134400,0.0,3,2,2018-11-08 22:42:00
20181108 22:55,2663,2663,2663,2663,50,0.0,24,0.0,134400,0.0,4,1,2018-11-08 22:55:00
20181108 23:01,2663,2663,2663,2663,50,0.0,24,0.0,134400,0.0,2,2,2018-11-08 23:01:00
20181108 23:02,2663,2663,2663,2663,50,0.0,24,0.0,134400,0.0,5,2,2018-11-08 23:02:00
20181108 23:03,2663,2663,2663,2663,50,0.0,24,0.0,134400,0.0,6,4,2018-11-08 23:03:00
20181108 23:04,2663,2663,2663,2663,50,0.0,24,0.0,134400,0.0,15,7,2018-11-08 23:04:00
20181108 23:05,2663,2663,2663,2663,50,0.0,24,0.0,134400,0.0,18,9,2018-11-08 23:05:00
20181108 23:06,2663,2663,2663,2663,50,0.0,24,0.0,134400,0.0,9,5,2018-11-08 23:06:00
20181108 23:07,2663,2663,2663,2663,50,0.0,24,0.0,134400,0.0,6,5,2018-11-08 23:07:00
20181108 23:10,2663,2663,2663,2663,50,0.0,24,0.0,134400,0.0,18,11,2018-11-08 23:10:00
20181108 23:11,2663,2663,2663,2663,50,0.0,24,0.0,134400,0.0,9,4,2018-11-08 23:11:00
20181108 23:12,2663,2663,2663,2663,50,0.0,24,0.0,134400,0.0,6,5,2018-11-08 23:12:00
20181108 23:16,2663,2663,2663,2663,50,0.0,24,0.0,134400,0.0,10,5,2018-11-08 23:16:00
20181108 23:29,2663,2663,2663,2663,50,0.0,24,0.0,134400,0.0,1,1,2018-11-08 23:29:00
20181109 09:00,2663,2663,2663,2663,50,0.0,24,0.0,134400,0.0,21,12,2018-11-09 09:00:00
20181109 09:01,2663,2663,2663,2663,50,0.0,24,0.0,134400,0.0,6,3,2018-11-09 09:01:00
20181109 09:03,2663,2663,2663,2663,50,0.0,24,0.0,134400,0.0,24,21,2018-11-09 09:03:00
20181109 09:05,2663,2663,2663,2663,50,0.0,24,0.0,134400,0.0,3,1,2018-11-09 09:05:00
20181109 09:06,2663,2663,2663,2663,50,0.0,24,0.0,134400,0.0,6,4,2018-11-09 09:06:00
20181109 09:07,2663,2663,2663,2663,50,0.0,24,0.0,134400,0.0,3,4,2018-11-09 09:07:00
20181109 09:08,2663,2663,2663,2663,50,0.0,24,0.0,134400,0.0,3,4,2018-11-09 09:08:00
20181109 09:09,2663,2663,2663,2663,50,0.0,24,0.0,134400,0.0,3,4,2018-11-09 09:09:00
20181109 09:10,2663,2663,2663,2663,50,0.0,24,0.0,134400,0.0,3,4,2018-11-09 09:10:00
20181109 09:11,2663,2663,2663,2663,50,0.0,24,0.0,134400,0.0,14,16,2018-11-09 09:11:00
20181109 09:12,2663,2663,2663,2663,50,0.0,24,0.0,134400,0.0,11,5,2018-11-09 09:12:00
20181109 09:13,2663,2663,2663,2663,50,0.0,24,0.0,134400,0.0,34,33,2018-11-09 09:13:00
20181109 09:14,2663,2663,2663,2663,50,0.0,24,0.0,134400,0.0,6,4,2018-11-09 09:14:00
20181109 09:17,2663,2663,2663,2663,50,0.0,24,0.0,134400,0.0,8,5,2018-11-09 09:17:00
20181109 09:18,2663,2663,2663,2663,50,0.0,24,0.0,134400,0.0,8,10,2018-11-09 09:18:00
20181109 09:20,2663,2663,2663,2663,50,0.0,24,0.0,134400,0.0,16,12,2018-11-09 09:20:00
20181109 09:21,2663,2663,2663,2663,50,0.0,24,0.0,134400,0.0,12,4,2018-11-09 09:21:00
20181109 09:22,2663,2663,2663,2663,50,0.0,24,0.0,134400,0.0,8,3,2018-11-09 09:22:00
20181109 09:23,2663,2663,2663,2663,50,0.0,24,0.0,134400,0.0,8,4,2018-11-09 09:23:00
20181109 09:24,2663,2663,2663,2663,50,0.0,24,0.0,134400,0.0,6,3,2018-11-09 09:24:00
20181109 09:25,2663,2663,2663,2663,50,0.0,24,0.0,134400,0.0,3,2,2018-11-09 09:25:00
20181109 09:26,2663,2663,2663,2663,50,0.0,24,0.0,134400,0.0,2,1,2018-11-09 09:26:00
20181109 09:27,2663,2663,2663,2663,50,0.0,24,0.0,134400,0.0,1,1,2018-11-09 09:27:00
20181109 09:28,2663,2663,2663,2663,50,0.0,24,0.0,134400,0.0,3,2,2018-11-09 09:28:00
20181109 09:29,2663,2663,2663,2663,50,0.0,24,0.0,134400,0.0,2,1,2018-11-09 09:29:00
20181109 09:31,2663,2663,2663,2663,50,0.0,24,0.0,134400,0.0,1,1,2018-11-09 09:31:00
20181109 09:33,2663,2663,2663,2663,50,0.0,24,0.0,134400,0.0,10,8,2018-11-09 09:33:00
20181109 09:35,2663,2663,2663,2663,50,0.0,24,0.0,134400,0.0,6,6,2018-11-09 09:35:00
20181109 09:36,2663,2663,2663,2663,50,0.0,24,0.0,134400,0.0,1,1,2018-11-09 09:36:00
20181109 09:37,2663,2663,2663,2663,50,0.0,24,0.0,134400,0.0,4,6,2018-11-09 09:37:00
20181109 09:38,2663,2663,2663,2663,50,0.0,24,0.0,134400,0.0,1,1,2018-11-09 09:38:00
20181109 09:39,2663,2663,2663,2663,50,0.0,24,0.0,134400,0.0,2,3,2018-11-09 09:39:00
20181109 09:40,2663,2663,2663,2663,50,0.0,24,0.0,134400,0.0,3,2,2018-11-09 09:40:00
20181109 09:41,2663,2663,2663,2663,50,0.0,24,0.0,134400,0.0,3,2,2018-11-09 09:41:00
20181109 09:42,2663,2663,2663,2663,50,0.0,24,0.0,134400,0.0,10,6,2018-11-09 09:42:00
20181109 09:43,2663,2663,2663,2663,50,0.0,24,0.0,134400,0.0,14,7,2018-11-09 09:43:00
20181109 09:46,2663,2663,2663,2663,50,0.0,24,0.0,134400,0.0,25,19,2018-11-09 09:46:00
20181109 09:47,2663,2663,2663,2663,50,0.0,24,0.0,134400,0.0,14,10,2018-11-09 09:47:00
20181109 09:48,2663,2663,2663,2663,50,0.0,24,0.0,134400,0.0,15,12,2018-11-09 09:48:00
20181109 09:49,2663,2663,2663,2663,50,0.0,24,0.0,134400,0.0,6,8,2018-11-09 09:49:00
20181109 09:50,2663,2663,2663,2663,50,0.0,24,0.0,134400,0.0,9,12,2018-11-09 09:50:00
20181109 09:51,2663,2663,2663,2663,50,0.0,24,0.0,134400,0.0,11,11,2018-11-09 09:51:00
20181109 09:53,2663,2663,2663,2663,50,0.0,24,0.0,134400,0.0,6,4,2018-11-09 09:53:00
20181109 09:54,2663,2663,2663,2663,50,0.0,24,0.0,134400,0.0,10,7,2018-11-09 09:54:00
20181109 09:55,2663,2663,2663,2663,50,0.0,24,0.0,134400,0.0,2,2,2018-11-09 09:55:00
20181109 09:56,2663,2663,2663,2663,50,0.0,24,0.0,134400,0.0,4,3,2018-11-09 09:56:00
20181109 09:57,2663,2663,2663,2663,50,0.0,24,0.0,134400,0.0,2,1,2018-11-09 09:57:00
20181109 09:58,2663,2663,2663,2663,50,0.0,24,0.0,134400,0.0,8,6,2018-11-09 09:58:00
20181109 09:59,2663,2663,2663,2663,50,0.0,24,0.0,134400,0.0,6,4,2018-11-09 09:59:00
20181109 10:00,2663,2663,2663,2663,50,0.0,24,0.0,134400,0.0,5,5,2018-11-09 10:00:00
20181109 10:01,2663,2663,2663,2663,50,0.0,24,0.0,134400,0.0,2,3,2018-11-09 10:01:00
20181109 10:02,2663,2663,2663,2663,50,0.0,24,0.0,134400,0.0,2,3,2018-11-09 10:02:00
20181109 10:03,2663,2663,2663,2663,50,0.0,24,0.0,134400,0.0,3,4,2018-11-09 10:03:00
20181109 10:04,2663,2663,2663,2663,50,0.0,24,0.0,134400,0.0,2,3,2018-11-09 10:04:00
20181109 10:05,2663,2663,2663,2663,50,0.0,24,0.0,134400,0.0,9,8,2018-11-09 10:05:00
20181109 10:07,2663,2663,2663,2663,50,0.0,24,0.0,134400,0.0,10,9,2018-11-09 10:07:00
20181109 10:08,2663,2663,2663,2663,50,0.0,24,0.0,134400,0.0,3,2,2018-11-09 10:08:00
20181109 10:10,2663,2663,2663,2663,50,0.0,24,0.0,134400,0.0,2,1,2018-11-09 10:10:00
20181109 10:11,2663,2663,2663,2663,50,0.0,24,0.0,134400,0.0,6,4,2018-11-09 10:11:00
20181109 10:12,2663,2663,2663,2663,50,0.0,24,0.0,134400,0.0,5,5,2018-11-09 10:12:00
20181109 10:13,2663,2663,2663,2663,50,0.0,24,0.0,134400,0.0,15,12,2018-11-09 10:13:00
20181109 10:30,2663,2663,2663,2663,50,0.0,24,0.0,134400,0.0,2,1,2018-11-09 10:30:00
20181109 10:31,2663,2663,2663,2663,50,0.0,24,0.0,134400,0.0,4,2,2018-11-09 10:31:00
20181109 10:32,2663,2663,2663,2663,50,0.0,24,0.0,134400,0.0,2,2,2018-11-09 10:32:00
20181109 10:35,2663,2663,2663,2663,50,0.0,24,0.0,134400,0.0,6,4,2018-11-09 10:35:00
20181109 10:37,2663,2663,2663,2663,50,0.0,24,0.0,134400,0.0,6,4,2018-11-09 10:37:00
20181109 10:38,2663,2663,2663,2663,50,0.0,24,0.0,134400,0.0,8,5,2018-11-09 10:38:00
20181109 10:39,2663,2663,2663,2663,50,0.0,24,0.0,134400,0.0,4,3,2018-11-09 10:39:00
20181109 10:43,2663,2663,2663,2663,50,0.0,24,0.0,134400,0.0,6,4,2018-11-09 10:43:00
20181109 10:44,2663,2663,2663,2663,50,0.0,24,0.0,134400,0.0,2,2,2018-11-09 10:44:00
20181109 10:46,2663,2663,2663,2663,50,0.0,24,0.0,134400,0.0,18,12,2018-11-09 10:46:00
20181109 10:47,2663,2663,2663,2663,50,0.0,24,0.0,134400,0.0,4,3,2018-11-09 10:47:00
20181109 10:48,2663,2663,2663,2663,50,0.0,24,0.0,134400,0.0,4,3,2018-11-09 10:48:00
20181109 10:49,2663,2663,2663,2663,50,0.0,24,0.0,134400,0.0,1,2,2018-11-09 10:49:00
20181109 10:50,2663,2663,2663,2663,50,0.0,24,0.0,134400,0.0,5,6,2018-11-09 10:50:00
20181109 10:51,2663,2663,2663,2663,50,0.0,24,0.0,134400,0.0,4,6,2018-11-09 10:51:00
20181109 10:53,2663,2663,2663,2663,50,0.0,24,0.0,134400,0.0,2,2,2018-11-09 10:53:00
20181109 10:54,2663,2663,2663,2663,50,0.0,24,0.0,134400,0.0,1,2,2018-11-09 10:54:00
20181109 10:55,2663,2663,2663,2663,50,0.0,24,0.0,134400,0.0,3,4,2018-11-09 10:55:00
20181109 10:58,2663,2663,2663,2663,50,0.0,24,0.0,134400,0.0,5,6,2018-11-09 10:58:00
20181109 11:00,2663,2663,2663,2663,50,0.0,24,0.0,134400,0.0,3,4,2018-11-09 11:00:00
20181109 11:01,2663,2663,2663,2663,50,0.0,24,0.0,134400,0.0,4,5,2018-11-09 11:01:00
20181109 11:02,2663,2663,2663,2663,50,0.0,24,0.0,134400,0.0,1,2,2018-11-09 11:02:00
20181109 11:04,2663,2663,2663,2663,50,0.0,24,0.0,134400,0.0,3,6,2018-11-09 11:04:00
20181109 11:05,2663,2663,2663,2663,50,0.0,24,0.0,134400,0.0,2,3,2018-11-09 11:05:00
20181109 11:06,2663,2663,2663,2663,50,0.0,24,0.0,134400,0.0,4,5,2018-11-09 11:06:00
20181109 11:07,2663,2663,2663,2663,50,0.0,24,0.0,134400,0.0,2,3,2018-11-09 11:07:00
20181109 11:08,2663,2663,2663,2663,50,0.0,24,0.0,134400,0.0,1,1,2018-11-09 11:08:00
20181109 11:10,2663,2663,2663,2663,50,0.0,24,0.0,134400,0.0,7,9,2018-11-09 11:10:00
20181109 11:11,2663,2663,2663,2663,50,0.0,24,0.0,134400,0.0,9,14,2018-11-09 11:11:00
20181109 11:12,2663,2663,2663,2663,50,0.0,24,0.0,134400,0.0,15,16,2018-11-09 11:12:00
20181109 11:13,2663,2663,2663,2663,50,0.0,24,0.0,134400,0.0,11,8,2018-11-09 11:13:00
20181109 11:14,2663,2663,2663,2663,50,0.0,24,0.0,134400,0.0,13,7,2018-11-09 11:14:00
20181109 11:15,2663,2663,2663,2663,50,0.0,24,0.0,134400,0.0,12,8,2018-11-09 11:15:00
20181109 11:16,2663,2663,2663,2663,50,0.0,24,0.0,134400,0.0,7,4,2018-11-09 11:16:00
20181109 11:17,2663,2663,2663,2663,50,0.0,24,0.0,134400,0.0,10,8,2018-11-09 11:17:00
20181109 11:22,2663,2663,2663,2663,50,0.0,24,0.0,134400,0.0,3,2,2018-11-09 11:22:00
20181109 11:23,2663,2663,2663,2663,50,0.0,24,0.0,134400,0.0,3,1,2018-11-09 11:23:00
20181109 11:25,2663,2663,2663,2663,50,0.0,24,0.0,134400,0.0,6,3,2018-11-09 11:25:00
20181109 11:28,2663,2663,2663,2663,50,0.0,24,0.0,134400,0.0,12,12,2018-11-09 11:28:00
20181109 11:29,2663,2663,2663,2663,50,0.0,24,0.0,134400,0.0,6,6,2018-11-09 11:29:00
20181109 13:30,2663,2663,2663,2663,50,0.0,24,0.0,134400,0.0,5,2,2018-11-09 13:30:00
20181109 13:31,2663,2663,2663,2663,50,0.0,24,0.0,134400,0.0,8,8,2018-11-09 13:31:00
20181109 13:34,2663,2663,2663,2663,50,0.0,24,0.0,134400,0.0,9,4,2018-11-09 13:34:00
20181109 13:35,2663,2663,2663,2663,50,0.0,24,0.0,134400,0.0,12,5,2018-11-09 13:35:00
20181109 13:36,2663,2663,2663,2663,50,0.0,24,0.0,134400,0.0,6,3,2018-11-09 13:36:00
20181109 13:37,2663,2663,2663,2663,50,0.0,24,0.0,134400,0.0,3,1,2018-11-09 13:37:00
20181109 13:38,2663,2663,2663,2663,50,0.0,24,0.0,134400,0.0,3,1,2018-11-09 13:38:00
20181109 13:39,2663,2663,2663,2663,50,0.0,24,0.0,134400,0.0,6,4,2018-11-09 13:39:00
20181109 13:40,2663,2663,2663,2663,50,0.0,24,0.0,134400,0.0,4,3,2018-11-09 13:40:00
20181109 13:41,2663,2663,2663,2663,50,0.0,24,0.0,134400,0.0,19,9,2018-11-09 13:41:00
20181109 13:42,2663,2663,2663,2663,50,0.0,24,0.0,134400,0.0,39,27,2018-11-09 13:42:00
20181109 13:43,2663,2663,2663,2663,50,0.0,24,0.0,134400,0.0,20,17,2018-11-09 13:43:00
20181109 13:44,2663,2663,2663,2663,50,0.0,24,0.0,134400,0.0,4,2,2018-11-09 13:44:00
20181109 13:46,2663,2663,2663,2663,50,0.0,24,0.0,134400,0.0,2,1,2018-11-09 13:46:00
20181109 13:47,2663,2663,2663,2663,50,0.0,24,0.0,134400,0.0,9,3,2018-11-09 13:47:00
20181109 13:48,2663,2663,2663,2663,50,0.0,24,0.0,134400,0.0,3,1,2018-11-09 13:48:00
20181109 13:49,2663,2663,2663,2663,50,0.0,24,0.0,134400,0.0,3,1,2018-11-09 13:49:00
20181109 13:50,2663,2663,2663,2663,50,0.0,24,0.0,134400,0.0,12,6,2018-11-09 13:50:00
20181109 13:51,2663,2663,2663,2663,50,0.0,24,0.0,134400,0.0,7,3,2018-11-09 13:51:00
20181109 13:52,2663,2663,2663,2663,50,0.0,24,0.0,134400,0.0,6,3,2018-11-09 13:52:00
20181109 13:53,2663,2663,2663,2663,50,0.0,24,0.0,134400,0.0,20,14,2018-11-09 13:53:00
20181109 13:54,2663,2663,2663,2663,50,0.0,24,0.0,134400,0.0,16,12,2018-11-09 13:54:00
20181109 13:55,2663,2663,2663,2663,50,0.0,24,0.0,134400,0.0,24,17,2018-11-09 13:55:00
20181109 13:56,2663,2663,2663,2663,50,0.0,24,0.0,134400,0.0,6,4,2018-11-09 13:56:00
20181109 13:57,2663,2663,2663,2663,50,0.0,24,0.0,134400,0.0,18,13,2018-11-09 13:57:00
20181109 13:59,2663,2663,2663,2663,50,0.0,24,0.0,134400,0.0,4,2,2018-11-09 13:59:00
20181109 14:03,2663,2663,2663,2663,50,0.0,24,0.0,134400,0.0,2,1,2018-11-09 14:03:00
20181109 14:04,2663,2663,2663,2663,50,0.0,24,0.0,134400,0.0,2,1,2018-11-09 14:04:00
20181109 14:05,2663,2663,2663,2663,50,0.0,24,0.0,134400,0.0,2,1,2018-11-09 14:05:00
20181109 14:06,2663,2663,2663,2663,50,0.0,24,0.0,134400,0.0,4,2,2018-11-09 14:06:00
20181109 14:07,2663,2663,2663,2663,50,0.0,24,0.0,134400,0.0,2,1,2018-11-09 14:07:00
20181109 14:10,2663,2663,2663,2663,50,0.0,24,0.0,134400,0.0,20,14,2018-11-09 14:10:00
20181109 14:11,2663,2663,2663,2663,50,0.0,24,0.0,134400,0.0,10,7,2018-11-09 14:11:00
20181109 14:12,2663,2663,2663,2663,50,0.0,24,0.0,134400,0.0,6,3,2018-11-09 14:12:00
20181109 14:13,2642,2642,2642,2642,52,2.0,24,0.0,139672,5272.0,34,24,2018-11-09 14:13:00
20181109 14:14,2642,2642,2642,2642,52,0.0,24,0.0,139672,0.0,12,9,2018-11-09 14:14:00
20181109 14:15,2642,2642,2642,2642,52,0.0,24,0.0,139672,0.0,38,27,2018-11-09 14:15:00
20181109 14:16,2642,2642,2642,2642,52,0.0,24,0.0,139672,0.0,20,14,2018-11-09 14:16:00
20181109 14:17,2642,2642,2642,2642,52,0.0,24,0.0,139672,0.0,26,18,2018-11-09 14:17:00
20181109 14:18,2642,2642,2642,2642,52,0.0,24,0.0,139672,0.0,8,6,2018-11-09 14:18:00
20181109 14:19,2642,2642,2642,2642,52,0.0,24,0.0,139672,0.0,28,27,2018-11-09 14:19:00
20181109 14:20,2642,2642,2642,2642,52,0.0,24,0.0,139672,0.0,36,28,2018-11-09 14:20:00
20181109 14:21,2642,2642,2642,2642,52,0.0,24,0.0,139672,0.0,28,23,2018-11-09 14:21:00
20181109 14:22,2642,2642,2642,2642,52,0.0,24,0.0,139672,0.0,22,19,2018-11-09 14:22:00
20181109 14:23,2642,2642,2642,2642,52,0.0,24,0.0,139672,0.0,12,10,2018-11-09 14:23:00
20181109 14:24,2642,2642,2642,2642,52,0.0,24,0.0,139672,0.0,16,12,2018-11-09 14:24:00
20181109 14:25,2642,2642,2642,2642,52,0.0,24,0.0,139672,0.0,16,12,2018-11-09 14:25:00
20181109 14:26,2642,2642,2642,2642,52,0.0,24,0.0,139672,0.0,16,12,2018-11-09 14:26:00
20181109 14:27,2642,2642,2642,2642,52,0.0,24,0.0,139672,0.0,18,13,2018-11-09 14:27:00
20181109 14:28,2642,2642,2642,2642,52,0.0,24,0.0,139672,0.0,16,14,2018-11-09 14:28:00
20181109 14:29,2642,2642,2642,2642,52,0.0,24,0.0,139672,0.0,10,9,2018-11-09 14:29:00
20181109 14:31,2642,2642,2642,2642,52,0.0,24,0.0,139672,0.0,16,10,2018-11-09 14:31:00
20181109 14:32,2642,2642,2642,2642,52,0.0,24,0.0,139672,0.0,14,12,2018-11-09 14:32:00
20181109 14:33,2642,2642,2642,2642,52,0.0,24,0.0,139672,0.0,29,21,2018-11-09 14:33:00
20181109 14:34,2642,2642,2642,2642,52,0.0,24,0.0,139672,0.0,16,19,2018-11-09 14:34:00
20181109 14:35,2642,2642,2642,2642,52,0.0,24,0.0,139672,0.0,38,19,2018-11-09 14:35:00
20181109 14:36,2642,2642,2642,2642,52,0.0,24,0.0,139672,0.0,20,14,2018-11-09 14:36:00
20181109 14:37,2642,2642,2642,2642,52,0.0,24,0.0,139672,0.0,45,21,2018-11-09 14:37:00
20181109 14:38,2642,2642,2642,2642,52,0.0,24,0.0,139672,0.0,36,14,2018-11-09 14:38:00
20181109 14:39,2642,2642,2642,2642,52,0.0,24,0.0,139672,0.0,32,17,2018-11-09 14:39:00
20181109 14:40,2642,2642,2642,2642,52,0.0,24,0.0,139672,0.0,28,15,2018-11-09 14:40:00
20181109 14:41,2642,2642,2642,2642,52,0.0,24,0.0,139672,0.0,26,14,2018-11-09 14:41:00
20181109 14:42,2642,2642,2642,2642,52,0.0,24,0.0,139672,0.0,16,8,2018-11-09 14:42:00
20181109 14:43,2642,2642,2642,2642,52,0.0,24,0.0,139672,0.0,14,9,2018-11-09 14:43:00
20181109 14:44,2642,2642,2642,2642,52,0.0,24,0.0,139672,0.0,10,7,2018-11-09 14:44:00
20181109 14:45,2642,2642,2642,2642,52,0.0,24,0.0,139672,0.0,22,11,2018-11-09 14:45:00
20181109 14:46,2642,2642,2642,2642,52,0.0,24,0.0,139672,0.0,6,3,2018-11-09 14:46:00
20181109 14:47,2642,2642,2642,2642,52,0.0,24,0.0,139672,0.0,16,11,2018-11-09 14:47:00
20181109 14:48,2642,2642,2642,2642,52,0.0,24,0.0,139672,0.0,8,6,2018-11-09 14:48:00
20181109 14:49,2642,2642,2642,2642,52,0.0,24,0.0,139672,0.0,12,7,2018-11-09 14:49:00
20181109 14:50,2642,2642,2642,2642,52,0.0,24,0.0,139672,0.0,12,9,2018-11-09 14:50:00
20181109 14:51,2642,2642,2642,2642,52,0.0,24,0.0,139672,0.0,2,2,2018-11-09 14:51:00
20181109 14:52,2642,2642,2642,2642,52,0.0,24,0.0,139672,0.0,8,6,2018-11-09 14:52:00
20181109 14:53,2642,2642,2642,2642,52,0.0,24,0.0,139672,0.0,16,12,2018-11-09 14:53:00
20181109 14:54,2642,2642,2642,2642,52,0.0,24,0.0,139672,0.0,14,9,2018-11-09 14:54:00
20181109 14:55,2642,2642,2642,2642,52,0.0,24,0.0,139672,0.0,14,10,2018-11-09 14:55:00
20181109 14:56,2642,2642,2642,2642,52,0.0,24,0.0,139672,0.0,8,5,2018-11-09 14:56:00
20181109 14:57,2642,2642,2642,2642,52,0.0,24,0.0,139672,0.0,22,12,2018-11-09 14:57:00
20181109 14:58,2642,2642,2642,2642,52,0.0,24,0.0,139672,0.0,28,10,2018-11-09 14:58:00
20181109 14:59,2642,2642,2642,2642,52,0.0,24,0.0,139672,0.0,16,19,2018-11-09 14:59:00
20181114 11:29,2633,2633,2633,2633,2,2.0,34,10.0,5266,5266.0,1,1,2018-11-14 11:29:00
20181114 13:30,2633,2633,2633,2633,2,0.0,34,0.0,5266,0.0,47,63,2018-11-14 13:30:00
20181114 13:31,2633,2633,2633,2633,2,0.0,34,0.0,5266,0.0,49,175,2018-11-14 13:31:00
20181114 13:32,2633,2633,2633,2633,2,0.0,34,0.0,5266,0.0,10,24,2018-11-14 13:32:00
20181114 13:33,2633,2633,2633,2633,2,0.0,34,0.0,5266,0.0,12,11,2018-11-14 13:33:00
20181114 13:34,2633,2633,2633,2633,2,0.0,34,0.0,5266,0.0,9,9,2018-11-14 13:34:00
20181114 13:35,2633,2633,2633,2633,2,0.0,34,0.0,5266,0.0,5,4,2018-11-14 13:35:00
20181114 13:36,2633,2633,2633,2633,2,0.0,34,0.0,5266,0.0,4,3,2018-11-14 13:36:00
20181114 13:37,2633,2633,2633,2633,2,0.0,34,0.0,5266,0.0,3,2,2018-11-14 13:37:00
20181114 13:38,2633,2633,2633,2633,2,0.0,34,0.0,5266,0.0,12,9,2018-11-14 13:38:00
20181114 13:39,2633,2633,2633,2633,2,0.0,34,0.0,5266,0.0,8,6,2018-11-14 13:39:00
20181114 13:40,2633,2633,2633,2633,2,0.0,34,0.0,5266,0.0,5,4,2018-11-14 13:40:00
20181114 13:41,2633,2633,2633,2633,2,0.0,34,0.0,5266,0.0,3,2,2018-11-14 13:41:00
20181114 13:42,2633,2633,2633,2633,2,0.0,34,0.0,5266,0.0,13,10,2018-11-14 13:42:00
20181114 13:43,2633,2633,2633,2633,2,0.0,34,0.0,5266,0.0,23,22,2018-11-14 13:43:00
20181114 13:44,2633,2633,2633,2633,2,0.0,34,0.0,5266,0.0,12,12,2018-11-14 13:44:00
20181114 13:45,2633,2633,2633,2633,2,0.0,34,0.0,5266,0.0,21,21,2018-11-14 13:45:00
20181114 13:46,2633,2633,2633,2633,2,0.0,34,0.0,5266,0.0,15,15,2018-11-14 13:46:00
20181114 13:47,2633,2633,2633,2633,2,0.0,34,0.0,5266,0.0,19,19,2018-11-14 13:47:00
20181114 13:48,2633,2633,2633,2633,2,0.0,34,0.0,5266,0.0,18,18,2018-11-14 13:48:00
20181114 13:49,2633,2633,2633,2633,2,0.0,34,0.0,5266,0.0,39,39,2018-11-14 13:49:00
20181114 13:50,2633,2633,2633,2633,2,0.0,34,0.0,5266,0.0,45,45,2018-11-14 13:50:00
20181114 13:51,2633,2633,2633,2633,2,0.0,34,0.0,5266,0.0,39,63,2018-11-14 13:51:00
20181114 13:52,2633,2633,2633,2633,2,0.0,34,0.0,5266,0.0,22,22,2018-11-14 13:52:00
20181114 13:53,2601,2601,2600,2600,6,4.0,30,-4.0,15666,10400.0,24,50,2018-11-14 13:53:00
20181114 13:54,2600,2600,2600,2600,6,0.0,30,0.0,15666,0.0,8,16,2018-11-14 13:54:00
20181114 13:55,2600,2600,2600,2600,6,0.0,30,0.0,15666,0.0,7,16,2018-11-14 13:55:00
20181114 13:56,2600,2600,2600,2600,6,0.0,30,0.0,15666,0.0,10,32,2018-11-14 13:56:00
20181114 13:57,2600,2600,2600,2600,6,0.0,30,0.0,15666,0.0,18,19,2018-11-14 13:57:00
20181114 13:58,2600,2600,2600,2600,6,0.0,30,0.0,15666,0.0,32,91,2018-11-14 13:58:00
20181114 13:59,2600,2600,2600,2600,6,0.0,30,0.0,15666,0.0,17,43,2018-11-14 13:59:00
20181114 14:00,2600,2600,2600,2600,6,0.0,30,0.0,15666,0.0,13,30,2018-11-14 14:00:00
20181114 14:01,2600,2600,2600,2600,6,0.0,30,0.0,15666,0.0,28,27,2018-11-14 14:01:00
20181114 14:02,2600,2600,2600,2600,6,0.0,30,0.0,15666,0.0,14,24,2018-11-14 14:02:00
20181114 14:03,2600,2600,2600,2600,6,0.0,30,0.0,15666,0.0,13,38,2018-11-14 14:03:00
20181114 14:04,2600,2600,2600,2600,6,0.0,30,0.0,15666,0.0,26,103,2018-11-14 14:04:00
20181114 14:05,2600,2600,2600,2600,6,0.0,30,0.0,15666,0.0,35,67,2018-11-14 14:05:00
20181114 14:06,2600,2600,2600,2600,6,0.0,30,0.0,15666,0.0,23,67,2018-11-14 14:06:00
20181114 14:07,2600,2600,2600,2600,6,0.0,30,0.0,15666,0.0,2,5,2018-11-14 14:07:00
20181114 14:08,2600,2600,2600,2600,6,0.0,30,0.0,15666,0.0,13,36,2018-11-14 14:08:00
20181114 14:09,2600,2600,2600,2600,6,0.0,30,0.0,15666,0.0,14,32,2018-11-14 14:09:00
20181114 14:10,2600,2600,2600,2600,6,0.0,30,0.0,15666,0.0,52,109,2018-11-14 14:10:00
20181114 14:11,2600,2600,2600,2600,6,0.0,30,0.0,15666,0.0,32,50,2018-11-14 14:11:00
20181114 14:12,2600,2600,2600,2600,6,0.0,30,0.0,15666,0.0,17,38,2018-11-14 14:12:00
20181114 14:13,2600,2600,2600,2600,6,0.0,30,0.0,15666,0.0,19,32,2018-11-14 14:13:00
20181114 14:14,2600,2600,2600,2600,6,0.0,30,0.0,15666,0.0,14,20,2018-11-14 14:14:00
20181114 14:15,2600,2600,2600,2600,6,0.0,30,0.0,15666,0.0,10,28,2018-11-14 14:15:00
20181114 14:16,2600,2600,2600,2600,6,0.0,30,0.0,15666,0.0,4,13,2018-11-14 14:16:00
20181114 14:17,2600,2600,2600,2600,6,0.0,30,0.0,15666,0.0,16,44,2018-11-14 14:17:00
20181114 14:18,2600,2600,2600,2600,6,0.0,30,0.0,15666,0.0,8,22,2018-11-14 14:18:00
20181114 14:19,2600,2600,2600,2600,6,0.0,30,0.0,15666,0.0,17,21,2018-11-14 14:19:00
20181114 14:20,2600,2600,2600,2600,6,0.0,30,0.0,15666,0.0,2,4,2018-11-14 14:20:00
20181114 14:21,2600,2600,2600,2600,6,0.0,30,0.0,15666,0.0,14,30,2018-11-14 14:21:00
20181114 14:22,2600,2600,2600,2600,6,0.0,30,0.0,15666,0.0,10,9,2018-11-14 14:22:00
20181114 14:23,2600,2600,2600,2600,6,0.0,30,0.0,15666,0.0,12,23,2018-11-14 14:23:00
20181114 14:24,2600,2600,2600,2600,6,0.0,30,0.0,15666,0.0,5,17,2018-11-14 14:24:00
20181114 14:25,2600,2600,2600,2600,6,0.0,30,0.0,15666,0.0,7,16,2018-11-14 14:25:00
20181114 14:27,2600,2600,2600,2600,6,0.0,30,0.0,15666,0.0,9,12,2018-11-14 14:27:00
20181114 14:28,2600,2600,2600,2600,6,0.0,30,0.0,15666,0.0,5,25,2018-11-14 14:28:00
20181114 14:29,2600,2600,2600,2600,6,0.0,30,0.0,15666,0.0,14,31,2018-11-14 14:29:00
20181114 14:30,2600,2600,2600,2600,6,0.0,30,0.0,15666,0.0,10,18,2018-11-14 14:30:00
20181114 14:31,2600,2600,2600,2600,6,0.0,30,0.0,15666,0.0,6,16,2018-11-14 14:31:00
20181114 14:32,2600,2600,2600,2600,6,0.0,30,0.0,15666,0.0,8,7,2018-11-14 14:32:00
20181114 14:33,2600,2600,2600,2600,6,0.0,30,0.0,15666,0.0,5,13,2018-11-14 14:33:00
20181114 14:34,2600,2600,2600,2600,6,0.0,30,0.0,15666,0.0,5,8,2018-11-14 14:34:00
20181114 14:36,2600,2600,2600,2600,6,0.0,30,0.0,15666,0.0,16,17,2018-11-14 14:36:00
20181114 14:37,2600,2600,2600,2600,6,0.0,30,0.0,15666,0.0,19,61,2018-11-14 14:37:00
20181114 14:38,2600,2600,2600,2600,6,0.0,30,0.0,15666,0.0,7,15,2018-11-14 14:38:00
20181114 14:39,2600,2600,2600,2600,6,0.0,30,0.0,15666,0.0,8,17,2018-11-14 14:39:00
20181114 14:40,2600,2600,2600,2600,6,0.0,30,0.0,15666,0.0,12,23,2018-11-14 14:40:00
20181114 14:41,2600,2600,2600,2600,6,0.0,30,0.0,15666,0.0,14,31,2018-11-14 14:41:00
20181114 14:42,2600,2600,2600,2600,6,0.0,30,0.0,15666,0.0,15,40,2018-11-14 14:42:00
20181114 14:43,2600,2600,2600,2600,6,0.0,30,0.0,15666,0.0,8,15,2018-11-14 14:43:00
20181114 14:44,2600,2600,2600,2600,6,0.0,30,0.0,15666,0.0,6,16,2018-11-14 14:44:00
20181114 14:45,2600,2600,2600,2600,6,0.0,30,0.0,15666,0.0,4,5,2018-11-14 14:45:00
20181114 14:46,2600,2600,2600,2600,6,0.0,30,0.0,15666,0.0,7,14,2018-11-14 14:46:00
20181114 14:47,2600,2600,2600,2600,6,0.0,30,0.0,15666,0.0,3,8,2018-11-14 14:47:00
20181114 14:48,2600,2600,2600,2600,6,0.0,30,0.0,15666,0.0,6,22,2018-11-14 14:48:00
20181114 14:50,2600,2600,2600,2600,6,0.0,30,0.0,15666,0.0,7,18,2018-11-14 14:50:00
20181114 14:51,2600,2600,2600,2600,6,0.0,30,0.0,15666,0.0,19,22,2018-11-14 14:51:00
20181114 14:52,2600,2600,2600,2600,6,0.0,30,0.0,15666,0.0,6,14,2018-11-14 14:52:00
20181114 14:53,2600,2612,2600,2611,10,4.0,26,-4.0,26110,10444.0,8,10,2018-11-14 14:53:00
20181114 14:54,2611,2611,2611,2611,10,0.0,26,0.0,26110,0.0,1,1,2018-11-14 14:54:00
20181114 14:55,2611,2611,2611,2611,10,0.0,26,0.0,26110,0.0,3,3,2018-11-14 14:55:00
20181114 14:56,2611,2611,2611,2611,10,0.0,26,0.0,26110,0.0,11,10,2018-11-14 14:56:00
20181114 14:57,2611,2611,2611,2611,10,0.0,26,0.0,26110,0.0,1,4,2018-11-14 14:57:00
20181114 14:58,2611,2611,2611,2611,10,0.0,26,0.0,26110,0.0,7,17,2018-11-14 14:58:00
20181114 14:59,2611,2611,2611,2611,10,0.0,26,0.0,26110,0.0,12,25,2018-11-14 14:59:00
20181114 21:00,2611,2611,2611,2611,0,0.0,26,0.0,0,0.0,336,189,2018-11-14 21:00:00
20181114 21:01,2611,2611,2611,2611,0,0.0,26,0.0,0,0.0,135,110,2018-11-14 21:01:00
20181114 21:02,2611,2611,2611,2611,0,0.0,26,0.0,0,0.0,37,148,2018-11-14 21:02:00
20181114 21:03,2611,2611,2611,2611,0,0.0,26,0.0,0,0.0,16,64,2018-11-14 21:03:00
20181114 21:04,2611,2611,2611,2611,0,0.0,26,0.0,0,0.0,25,97,2018-11-14 21:04:00
20181114 21:05,2611,2611,2611,2611,0,0.0,26,0.0,0,0.0,20,64,2018-11-14 21:05:00
20181114 21:06,2611,2611,2611,2611,0,0.0,26,0.0,0,0.0,29,52,2018-11-14 21:06:00
20181114 21:07,2611,2611,2611,2611,0,0.0,26,0.0,0,0.0,9,28,2018-11-14 21:07:00
20181114 21:08,2611,2611,2611,2611,0,0.0,26,0.0,0,0.0,35,60,2018-11-14 21:08:00
20181114 21:09,2611,2611,2611,2611,0,0.0,26,0.0,0,0.0,4,12,2018-11-14 21:09:00
20181114 21:10,2611,2611,2611,2611,0,0.0,26,0.0,0,0.0,17,40,2018-11-14 21:10:00
20181114 21:12,2611,2611,2611,2611,0,0.0,26,0.0,0,0.0,11,20,2018-11-14 21:12:00
20181114 21:13,2611,2611,2611,2611,0,0.0,26,0.0,0,0.0,21,44,2018-11-14 21:13:00
20181114 21:14,2611,2611,2611,2611,0,0.0,26,0.0,0,0.0,7,28,2018-11-14 21:14:00
20181114 21:15,2611,2611,2611,2611,0,0.0,26,0.0,0,0.0,15,56,2018-11-14 21:15:00
20181114 21:16,2611,2611,2611,2611,0,0.0,26,0.0,0,0.0,9,36,2018-11-14 21:16:00
20181114 21:17,2611,2611,2611,2611,0,0.0,26,0.0,0,0.0,4,16,2018-11-14 21:17:00
20181114 21:18,2611,2611,2611,2611,0,0.0,26,0.0,0,0.0,7,20,2018-11-14 21:18:00
20181114 21:19,2611,2611,2611,2611,0,0.0,26,0.0,0,0.0,7,16,2018-11-14 21:19:00
20181114 21:20,2611,2611,2611,2611,0,0.0,26,0.0,0,0.0,4,12,2018-11-14 21:20:00
20181114 21:21,2611,2611,2611,2611,0,0.0,26,0.0,0,0.0,2,8,2018-11-14 21:21:00
20181114 21:22,2611,2611,2611,2611,0,0.0,26,0.0,0,0.0,1,4,2018-11-14 21:22:00
20181114 21:23,2611,2611,2611,2611,0,0.0,26,0.0,0,0.0,2,8,2018-11-14 21:23:00
20181114 21:24,2611,2611,2611,2611,0,0.0,26,0.0,0,0.0,2,8,2018-11-14 21:24:00
20181114 21:25,2611,2611,2611,2611,0,0.0,26,0.0,0,0.0,1,4,2018-11-14 21:25:00
20181114 21:26,2611,2611,2611,2611,0,0.0,26,0.0,0,0.0,2,8,2018-11-14 21:26:00
20181114 21:27,2611,2611,2611,2611,0,0.0,26,0.0,0,0.0,2,8,2018-11-14 21:27:00
20181114 21:28,2611,2611,2611,2611,0,0.0,26,0.0,0,0.0,3,9,2018-11-14 21:28:00
20181114 21:30,2611,2611,2611,2611,0,0.0,26,0.0,0,0.0,2,8,2018-11-14 21:30:00
20181114 21:33,2611,2611,2611,2611,0,0.0,26,0.0,0,0.0,1,4,2018-11-14 21:33:00
20181114 21:34,2611,2611,2611,2611,0,0.0,26,0.0,0,0.0,1,4,2018-11-14 21:34:00
20181114 21:35,2611,2611,2611,2611,0,0.0,26,0.0,0,0.0,1,4,2018-11-14 21:35:00
20181114 21:36,2611,2611,2611,2611,0,0.0,26,0.0,0,0.0,7,24,2018-11-14 21:36:00
20181114 21:37,2611,2611,2611,2611,0,0.0,26,0.0,0,0.0,1,4,2018-11-14 21:37:00
20181114 21:38,2611,2611,2611,2611,0,0.0,26,0.0,0,0.0,2,8,2018-11-14 21:38:00
20181114 21:42,2611,2611,2611,2611,0,0.0,26,0.0,0,0.0,1,4,2018-11-14 21:42:00
20181114 21:43,2611,2611,2611,2611,0,0.0,26,0.0,0,0.0,1,4,2018-11-14 21:43:00
20181114 21:44,2611,2611,2611,2611,0,0.0,26,0.0,0,0.0,1,4,2018-11-14 21:44:00
20181114 21:45,2611,2611,2611,2611,0,0.0,26,0.0,0,0.0,3,12,2018-11-14 21:45:00
20181114 21:46,2611,2611,2611,2611,0,0.0,26,0.0,0,0.0,3,12,2018-11-14 21:46:00
20181114 21:47,2611,2611,2611,2611,0,0.0,26,0.0,0,0.0,1,4,2018-11-14 21:47:00
20181114 21:48,2611,2611,2611,2611,0,0.0,26,0.0,0,0.0,9,24,2018-11-14 21:48:00
20181114 21:49,2611,2611,2611,2611,0,0.0,26,0.0,0,0.0,3,13,2018-11-14 21:49:00
20181114 21:53,2611,2611,2611,2611,0,0.0,26,0.0,0,0.0,2,8,2018-11-14 21:53:00
20181114 21:55,2611,2611,2611,2611,0,0.0,26,0.0,0,0.0,4,12,2018-11-14 21:55:00
20181114 21:56,2611,2611,2611,2611,0,0.0,26,0.0,0,0.0,3,8,2018-11-14 21:56:00
20181114 21:57,2611,2611,2611,2611,0,0.0,26,0.0,0,0.0,1,4,2018-11-14 21:57:00
20181114 22:04,2611,2611,2611,2611,0,0.0,26,0.0,0,0.0,3,8,2018-11-14 22:04:00
20181114 22:06,2611,2611,2611,2611,0,0.0,26,0.0,0,0.0,2,4,2018-11-14 22:06:00
20181114 22:09,2611,2611,2611,2611,0,0.0,26,0.0,0,0.0,3,8,2018-11-14 22:09:00
20181114 22:11,2611,2611,2611,2611,0,0.0,26,0.0,0,0.0,2,8,2018-11-14 22:11:00
20181114 22:12,2611,2611,2611,2611,0,0.0,26,0.0,0,0.0,1,4,2018-11-14 22:12:00
20181114 22:19,2611,2611,2611,2611,0,0.0,26,0.0,0,0.0,1,4,2018-11-14 22:19:00
20181114 22:22,2611,2611,2611,2611,0,0.0,26,0.0,0,0.0,1,4,2018-11-14 22:22:00
20181114 22:23,2611,2611,2611,2611,0,0.0,26,0.0,0,0.0,1,4,2018-11-14 22:23:00
20181114 22:24,2611,2611,2611,2611,0,0.0,26,0.0,0,0.0,1,4,2018-11-14 22:24:00
20181114 22:34,2611,2611,2611,2611,0,0.0,26,0.0,0,0.0,1,4,2018-11-14 22:34:00
20181114 22:38,2611,2611,2611,2611,0,0.0,26,0.0,0,0.0,2,8,2018-11-14 22:38:00
20181114 22:44,2611,2611,2611,2611,0,0.0,26,0.0,0,0.0,2,8,2018-11-14 22:44:00
20181114 22:45,2611,2611,2611,2611,0,0.0,26,0.0,0,0.0,2,8,2018-11-14 22:45:00
20181114 22:46,2611,2611,2611,2611,0,0.0,26,0.0,0,0.0,2,8,2018-11-14 22:46:00
20181114 22:53,2611,2611,2611,2611,0,0.0,26,0.0,0,0.0,1,4,2018-11-14 22:53:00
20181114 22:54,2611,2611,2611,2611,0,0.0,26,0.0,0,0.0,1,4,2018-11-14 22:54:00
20181114 22:55,2611,2611,2611,2611,0,0.0,26,0.0,0,0.0,1,4,2018-11-14 22:55:00
20181114 22:56,2611,2611,2611,2611,0,0.0,26,0.0,0,0.0,1,4,2018-11-14 22:56:00
20181114 22:57,2611,2611,2611,2611,0,0.0,26,0.0,0,0.0,2,8,2018-11-14 22:57:00
20181114 22:59,2611,2611,2611,2611,0,0.0,26,0.0,0,0.0,1,4,2018-11-14 22:59:00
20181114 23:00,2611,2611,2611,2611,0,0.0,26,0.0,0,0.0,3,12,2018-11-14 23:00:00
20181114 23:01,2611,2611,2611,2611,0,0.0,26,0.0,0,0.0,9,14,2018-11-14 23:01:00
20181114 23:02,2611,2611,2611,2611,0,0.0,26,0.0,0,0.0,5,4,2018-11-14 23:02:00
20181114 23:03,2611,2611,2611,2611,0,0.0,26,0.0,0,0.0,3,2,2018-11-14 23:03:00
20181114 23:04,2611,2611,2611,2611,0,0.0,26,0.0,0,0.0,1,1,2018-11-14 23:04:00
20181114 23:05,2611,2611,2611,2611,0,0.0,26,0.0,0,0.0,4,2,2018-11-14 23:05:00
20181114 23:06,2611,2611,2611,2611,0,0.0,26,0.0,0,0.0,6,5,2018-11-14 23:06:00
20181114 23:07,2611,2611,2611,2611,0,0.0,26,0.0,0,0.0,4,3,2018-11-14 23:07:00
20181114 23:08,2611,2611,2611,2611,0,0.0,26,0.0,0,0.0,1,1,2018-11-14 23:08:00
20181114 23:09,2611,2611,2611,2611,0,0.0,26,0.0,0,0.0,1,1,2018-11-14 23:09:00
20181114 23:12,2611,2611,2611,2611,0,0.0,26,0.0,0,0.0,5,3,2018-11-14 23:12:00
20181114 23:13,2611,2611,2611,2611,0,0.0,26,0.0,0,0.0,4,3,2018-11-14 23:13:00
20181114 23:14,2611,2611,2611,2611,0,0.0,26,0.0,0,0.0,3,2,2018-11-14 23:14:00
20181114 23:15,2611,2611,2611,2611,0,0.0,26,0.0,0,0.0,2,1,2018-11-14 23:15:00
20181114 23:16,2611,2611,2611,2611,0,0.0,26,0.0,0,0.0,3,2,2018-11-14 23:16:00
20181114 23:17,2611,2611,2611,2611,0,0.0,26,0.0,0,0.0,6,4,2018-11-14 23:17:00
20181114 23:18,2611,2611,2611,2611,0,0.0,26,0.0,0,0.0,4,3,2018-11-14 23:18:00
20181114 23:19,2611,2611,2611,2611,0,0.0,26,0.0,0,0.0,2,1,2018-11-14 23:19:00
20181114 23:20,2611,2611,2611,2611,0,0.0,26,0.0,0,0.0,1,1,2018-11-14 23:20:00
20181114 23:22,2611,2611,2611,2611,0,0.0,26,0.0,0,0.0,1,1,2018-11-14 23:22:00
20181114 23:23,2611,2611,2611,2611,0,0.0,26,0.0,0,0.0,3,3,2018-11-14 23:23:00
20181114 23:24,2611,2611,2611,2611,0,0.0,26,0.0,0,0.0,6,6,2018-11-14 23:24:00
20181114 23:25,2611,2611,2611,2611,0,0.0,26,0.0,0,0.0,1,1,2018-11-14 23:25:00
20181114 23:26,2611,2611,2611,2611,0,0.0,26,0.0,0,0.0,2,2,2018-11-14 23:26:00
20181114 23:27,2611,2611,2611,2611,0,0.0,26,0.0,0,0.0,2,2,2018-11-14 23:27:00
20181114 23:28,2611,2611,2611,2611,0,0.0,26,0.0,0,0.0,2,2,2018-11-14 23:28:00
20181114 23:29,2611,2611,2611,2611,0,0.0,26,0.0,0,0.0,7,5,2018-11-14 23:29:00
20181115 09:00,2611,2611,2611,2611,0,0.0,26,0.0,0,0.0,7,19,2018-11-15 09:00:00
20181115 09:01,2611,2611,2611,2611,0,0.0,26,0.0,0,0.0,9,27,2018-11-15 09:01:00
20181115 09:02,2611,2611,2611,2611,0,0.0,26,0.0,0,0.0,4,18,2018-11-15 09:02:00
20181115 09:03,2611,2611,2611,2611,0,0.0,26,0.0,0,0.0,2,5,2018-11-15 09:03:00
20181115 09:04,2611,2611,2611,2611,0,0.0,26,0.0,0,0.0,2,8,2018-11-15 09:04:00
20181115 09:05,2611,2611,2611,2611,0,0.0,26,0.0,0,0.0,2,8,2018-11-15 09:05:00
20181115 09:06,2611,2611,2611,2611,0,0.0,26,0.0,0,0.0,1,4,2018-11-15 09:06:00
20181115 09:07,2611,2611,2611,2611,0,0.0,26,0.0,0,0.0,1,4,2018-11-15 09:07:00
20181115 09:08,2611,2611,2611,2611,0,0.0,26,0.0,0,0.0,1,4,2018-11-15 09:08:00
20181115 09:09,2611,2611,2611,2611,0,0.0,26,0.0,0,0.0,2,8,2018-11-15 09:09:00
20181115 09:11,2611,2611,2611,2611,0,0.0,26,0.0,0,0.0,1,4,2018-11-15 09:11:00
20181115 09:12,2611,2611,2611,2611,0,0.0,26,0.0,0,0.0,1,4,2018-11-15 09:12:00
20181115 09:13,2611,2611,2611,2611,0,0.0,26,0.0,0,0.0,2,8,2018-11-15 09:13:00
20181115 09:14,2611,2611,2611,2611,0,0.0,26,0.0,0,0.0,4,16,2018-11-15 09:14:00
20181115 09:15,2611,2611,2611,2611,0,0.0,26,0.0,0,0.0,2,8,2018-11-15 09:15:00
20181115 09:16,2611,2611,2611,2611,0,0.0,26,0.0,0,0.0,2,8,2018-11-15 09:16:00
20181115 09:22,2611,2611,2611,2611,0,0.0,26,0.0,0,0.0,1,4,2018-11-15 09:22:00
20181115 09:25,2611,2611,2611,2611,0,0.0,26,0.0,0,0.0,2,8,2018-11-15 09:25:00
20181115 09:26,2611,2611,2611,2611,0,0.0,26,0.0,0,0.0,1,4,2018-11-15 09:26:00
20181115 09:28,2611,2611,2611,2611,0,0.0,26,0.0,0,0.0,2,8,2018-11-15 09:28:00
20181115 09:30,2611,2611,2611,2611,0,0.0,26,0.0,0,0.0,2,8,2018-11-15 09:30:00
20181115 09:34,2611,2611,2611,2611,0,0.0,26,0.0,0,0.0,2,8,2018-11-15 09:34:00
20181115 09:36,2611,2611,2611,2611,0,0.0,26,0.0,0,0.0,2,8,2018-11-15 09:36:00
20181115 09:37,2611,2611,2611,2611,0,0.0,26,0.0,0,0.0,1,4,2018-11-15 09:37:00
20181115 09:40,2611,2611,2611,2611,0,0.0,26,0.0,0,0.0,2,8,2018-11-15 09:40:00
20181115 09:41,2611,2611,2611,2611,0,0.0,26,0.0,0,0.0,1,4,2018-11-15 09:41:00
20181115 09:43,2611,2611,2611,2611,0,0.0,26,0.0,0,0.0,1,4,2018-11-15 09:43:00
20181115 09:45,2611,2611,2611,2611,0,0.0,26,0.0,0,0.0,2,8,2018-11-15 09:45:00
20181115 09:47,2611,2611,2611,2611,0,0.0,26,0.0,0,0.0,1,4,2018-11-15 09:47:00
20181115 09:49,2611,2611,2611,2611,0,0.0,26,0.0,0,0.0,2,8,2018-11-15 09:49:00
20181115 09:56,2611,2611,2611,2611,0,0.0,26,0.0,0,0.0,1,4,2018-11-15 09:56:00
20181115 09:57,2611,2611,2611,2611,0,0.0,26,0.0,0,0.0,1,4,2018-11-15 09:57:00
20181115 10:01,2611,2611,2611,2611,0,0.0,26,0.0,0,0.0,1,4,2018-11-15 10:01:00
20181115 10:02,2611,2611,2611,2611,0,0.0,26,0.0,0,0.0,1,4,2018-11-15 10:02:00
20181115 10:03,2611,2611,2611,2611,0,0.0,26,0.0,0,0.0,1,4,2018-11-15 10:03:00
20181115 10:09,2611,2611,2611,2611,0,0.0,26,0.0,0,0.0,3,12,2018-11-15 10:09:00
20181115 10:10,2611,2611,2611,2611,0,0.0,26,0.0,0,0.0,1,4,2018-11-15 10:10:00
20181115 10:14,2611,2611,2611,2611,0,0.0,26,0.0,0,0.0,1,4,2018-11-15 10:14:00
20181115 10:31,2611,2611,2611,2611,0,0.0,26,0.0,0,0.0,1,4,2018-11-15 10:31:00
20181115 10:44,2611,2611,2611,2611,0,0.0,26,0.0,0,0.0,4,16,2018-11-15 10:44:00
20181115 10:45,2611,2611,2611,2611,0,0.0,26,0.0,0,0.0,2,8,2018-11-15 10:45:00
20181115 10:46,2611,2611,2611,2611,0,0.0,26,0.0,0,0.0,3,12,2018-11-15 10:46:00
20181115 10:47,2611,2611,2611,2611,0,0.0,26,0.0,0,0.0,1,4,2018-11-15 10:47:00
20181115 10:48,2611,2611,2611,2611,0,0.0,26,0.0,0,0.0,1,4,2018-11-15 10:48:00
20181115 10:50,2611,2611,2611,2611,0,0.0,26,0.0,0,0.0,2,8,2018-11-15 10:50:00
20181115 10:51,2611,2611,2611,2611,0,0.0,26,0.0,0,0.0,2,8,2018-11-15 10:51:00
20181115 10:52,2611,2611,2611,2611,0,0.0,26,0.0,0,0.0,2,8,2018-11-15 10:52:00
20181115 10:53,2611,2611,2611,2611,0,0.0,26,0.0,0,0.0,2,8,2018-11-15 10:53:00
20181115 10:55,2611,2611,2611,2611,0,0.0,26,0.0,0,0.0,3,12,2018-11-15 10:55:00
20181115 10:56,2611,2611,2611,2611,0,0.0,26,0.0,0,0.0,1,4,2018-11-15 10:56:00
20181115 10:57,2611,2611,2611,2611,0,0.0,26,0.0,0,0.0,1,4,2018-11-15 10:57:00
20181115 10:58,2611,2611,2611,2611,0,0.0,26,0.0,0,0.0,2,8,2018-11-15 10:58:00
20181115 11:01,2611,2611,2611,2611,0,0.0,26,0.0,0,0.0,3,12,2018-11-15 11:01:00
20181115 11:02,2611,2611,2611,2611,0,0.0,26,0.0,0,0.0,1,4,2018-11-15 11:02:00
20181115 11:03,2611,2611,2611,2611,0,0.0,26,0.0,0,0.0,1,4,2018-11-15 11:03:00
20181115 11:04,2611,2611,2611,2611,0,0.0,26,0.0,0,0.0,4,16,2018-11-15 11:04:00
20181115 11:05,2611,2611,2611,2611,0,0.0,26,0.0,0,0.0,1,4,2018-11-15 11:05:00
20181115 11:08,2611,2611,2611,2611,0,0.0,26,0.0,0,0.0,1,4,2018-11-15 11:08:00
20181115 11:09,2611,2611,2611,2611,0,0.0,26,0.0,0,0.0,1,4,2018-11-15 11:09:00
20181115 11:11,2611,2611,2611,2611,0,0.0,26,0.0,0,0.0,2,8,2018-11-15 11:11:00
20181115 11:12,2611,2611,2611,2611,0,0.0,26,0.0,0,0.0,1,4,2018-11-15 11:12:00
20181115 11:14,2611,2611,2611,2611,0,0.0,26,0.0,0,0.0,2,8,2018-11-15 11:14:00
20181115 11:16,2611,2611,2611,2611,0,0.0,26,0.0,0,0.0,1,4,2018-11-15 11:16:00
20181115 11:20,2611,2611,2611,2611,0,0.0,26,0.0,0,0.0,2,8,2018-11-15 11:20:00
20181115 11:21,2611,2611,2611,2611,0,0.0,26,0.0,0,0.0,1,4,2018-11-15 11:21:00
20181115 11:24,2611,2611,2611,2611,0,0.0,26,0.0,0,0.0,2,8,2018-11-15 11:24:00
20181115 11:27,2611,2611,2611,2611,0,0.0,26,0.0,0,0.0,2,8,2018-11-15 11:27:00
20181115 11:29,2611,2611,2611,2611,0,0.0,26,0.0,0,0.0,1,1,2018-11-15 11:29:00
20181115 13:30,2611,2611,2611,2611,0,0.0,26,0.0,0,0.0,4,10,2018-11-15 13:30:00
20181115 13:31,2611,2611,2611,2611,0,0.0,26,0.0,0,0.0,2,8,2018-11-15 13:31:00
20181115 13:32,2611,2611,2611,2611,0,0.0,26,0.0,0,0.0,4,16,2018-11-15 13:32:00
20181115 13:33,2611,2611,2611,2611,0,0.0,26,0.0,0,0.0,2,8,2018-11-15 13:33:00
20181115 13:34,2611,2611,2611,2611,0,0.0,26,0.0,0,0.0,2,8,2018-11-15 13:34:00
20181115 13:35,2611,2611,2611,2611,0,0.0,26,0.0,0,0.0,1,4,2018-11-15 13:35:00
20181115 13:36,2611,2611,2611,2611,0,0.0,26,0.0,0,0.0,1,4,2018-11-15 13:36:00
20181115 13:37,2611,2611,2611,2611,0,0.0,26,0.0,0,0.0,1,4,2018-11-15 13:37:00
20181115 13:39,2611,2611,2611,2611,0,0.0,26,0.0,0,0.0,1,4,2018-11-15 13:39:00
20181115 13:42,2611,2611,2611,2611,0,0.0,26,0.0,0,0.0,2,5,2018-11-15 13:42:00
20181115 13:43,2611,2611,2611,2611,0,0.0,26,0.0,0,0.0,1,4,2018-11-15 13:43:00
20181115 13:45,2611,2611,2611,2611,0,0.0,26,0.0,0,0.0,1,4,2018-11-15 13:45:00
20181115 13:46,2611,2611,2611,2611,0,0.0,26,0.0,0,0.0,7,30,2018-11-15 13:46:00
20181115 13:47,2611,2611,2611,2611,0,0.0,26,0.0,0,0.0,1,4,2018-11-15 13:47:00
20181115 13:48,2611,2611,2611,2611,0,0.0,26,0.0,0,0.0,2,8,2018-11-15 13:48:00
20181115 13:49,2611,2611,2611,2611,0,0.0,26,0.0,0,0.0,3,12,2018-11-15 13:49:00
20181115 13:55,2611,2611,2611,2611,0,0.0,26,0.0,0,0.0,2,8,2018-11-15 13:55:00
20181115 13:56,2611,2611,2611,2611,0,0.0,26,0.0,0,0.0,1,4,2018-11-15 13:56:00
20181115 13:58,2611,2611,2611,2611,0,0.0,26,0.0,0,0.0,1,4,2018-11-15 13:58:00
20181115 14:02,2611,2611,2611,2611,0,0.0,26,0.0,0,0.0,3,12,2018-11-15 14:02:00
20181115 14:04,2611,2611,2611,2611,0,0.0,26,0.0,0,0.0,1,4,2018-11-15 14:04:00
20181115 14:10,2611,2611,2611,2611,0,0.0,26,0.0,0,0.0,1,4,2018-11-15 14:10:00
20181115 14:13,2611,2611,2611,2611,0,0.0,26,0.0,0,0.0,1,4,2018-11-15 14:13:00
20181115 14:14,2611,2611,2611,2611,0,0.0,26,0.0,0,0.0,1,4,2018-11-15 14:14:00
20181115 14:18,2611,2611,2611,2611,0,0.0,26,0.0,0,0.0,2,8,2018-11-15 14:18:00
20181115 14:20,2611,2611,2611,2611,0,0.0,26,0.0,0,0.0,2,8,2018-11-15 14:20:00
20181115 14:21,2611,2611,2611,2611,0,0.0,26,0.0,0,0.0,1,4,2018-11-15 14:21:00
20181115 14:23,2611,2611,2611,2611,0,0.0,26,0.0,0,0.0,2,8,2018-11-15 14:23:00
20181115 14:25,2611,2611,2611,2611,0,0.0,26,0.0,0,0.0,1,4,2018-11-15 14:25:00
20181115 14:26,2611,2611,2611,2611,0,0.0,26,0.0,0,0.0,1,4,2018-11-15 14:26:00
20181115 14:27,2611,2611,2611,2611,0,0.0,26,0.0,0,0.0,1,4,2018-11-15 14:27:00
20181115 14:28,2611,2611,2611,2611,0,0.0,26,0.0,0,0.0,1,4,2018-11-15 14:28:00
20181115 14:29,2611,2611,2611,2611,0,0.0,26,0.0,0,0.0,1,4,2018-11-15 14:29:00
20181115 14:35,2611,2611,2611,2611,0,0.0,26,0.0,0,0.0,1,4,2018-11-15 14:35:00
20181115 14:37,2611,2611,2611,2611,0,0.0,26,0.0,0,0.0,3,12,2018-11-15 14:37:00
20181115 14:38,2611,2611,2611,2611,0,0.0,26,0.0,0,0.0,1,4,2018-11-15 14:38:00
20181115 14:39,2611,2611,2611,2611,0,0.0,26,0.0,0,0.0,3,12,2018-11-15 14:39:00
20181115 14:40,2611,2611,2611,2611,0,0.0,26,0.0,0,0.0,2,8,2018-11-15 14:40:00
20181115 14:41,2611,2611,2611,2611,0,0.0,26,0.0,0,0.0,2,8,2018-11-15 14:41:00
20181115 14:42,2611,2611,2611,2611,0,0.0,26,0.0,0,0.0,1,4,2018-11-15 14:42:00
20181115 14:43,2611,2611,2611,2611,0,0.0,26,0.0,0,0.0,4,16,2018-11-15 14:43:00
20181115 14:44,2611,2611,2611,2611,0,0.0,26,0.0,0,0.0,3,12,2018-11-15 14:44:00
20181115 14:45,2611,2611,2611,2611,0,0.0,26,0.0,0,0.0,2,8,2018-11-15 14:45:00
20181115 14:46,2611,2611,2611,2611,0,0.0,26,0.0,0,0.0,2,8,2018-11-15 14:46:00
20181115 14:47,2611,2611,2611,2611,0,0.0,26,0.0,0,0.0,3,12,2018-11-15 14:47:00
20181115 14:49,2611,2611,2611,2611,0,0.0,26,0.0,0,0.0,4,16,2018-11-15 14:49:00
20181115 14:50,2611,2611,2611,2611,0,0.0,26,0.0,0,0.0,7,28,2018-11-15 14:50:00
20181115 14:51,2611,2611,2611,2611,0,0.0,26,0.0,0,0.0,4,16,2018-11-15 14:51:00
20181115 14:52,2611,2611,2611,2611,0,0.0,26,0.0,0,0.0,3,12,2018-11-15 14:52:00
20181115 14:55,2611,2611,2611,2611,0,0.0,26,0.0,0,0.0,3,14,2018-11-15 14:55:00
20181115 14:56,2611,2611,2611,2611,0,0.0,26,0.0,0,0.0,2,8,2018-11-15 14:56:00
20181115 14:57,2611,2611,2611,2611,0,0.0,26,0.0,0,0.0,4,18,2018-11-15 14:57:00
20181115 14:58,2611,2611,2611,2611,0,0.0,26,0.0,0,0.0,1,5,2018-11-15 14:58:00
20181115 14:59,2611,2611,2611,2611,0,0.0,26,0.0,0,0.0,4,12,2018-11-15 14:59:00
20181115 15:00,2611,2611,2611,2611,0,0.0,26,0.0,0,0.0,1,1,2018-11-15 15:00:00
20181115 20:59,2621,2621,2621,2621,0,0.0,26,0.0,0,0.0,1,0,2018-11-15 20:59:00
20181115 21:00,2621,2621,2621,2621,0,0.0,26,0.0,0,0.0,33,105,2018-11-15 21:00:00
20181115 21:01,2621,2621,2621,2621,0,0.0,26,0.0,0,0.0,15,38,2018-11-15 21:01:00
20181115 21:02,2621,2621,2621,2621,0,0.0,26,0.0,0,0.0,5,20,2018-11-15 21:02:00
20181115 21:03,2621,2621,2621,2621,0,0.0,26,0.0,0,0.0,3,12,2018-11-15 21:03:00
20181115 21:04,2621,2621,2621,2621,0,0.0,26,0.0,0,0.0,2,9,2018-11-15 21:04:00
20181115 21:05,2621,2621,2621,2621,0,0.0,26,0.0,0,0.0,6,26,2018-11-15 21:05:00
20181115 21:06,2621,2621,2621,2621,0,0.0,26,0.0,0,0.0,4,18,2018-11-15 21:06:00
20181115 21:07,2621,2621,2621,2621,0,0.0,26,0.0,0,0.0,4,16,2018-11-15 21:07:00
20181115 21:10,2621,2621,2621,2621,0,0.0,26,0.0,0,0.0,13,36,2018-11-15 21:10:00
20181115 21:11,2621,2621,2621,2621,0,0.0,26,0.0,0,0.0,1,4,2018-11-15 21:11:00
20181115 21:13,2621,2621,2621,2621,0,0.0,26,0.0,0,0.0,6,24,2018-11-15 21:13:00
20181115 21:14,2621,2621,2621,2621,0,0.0,26,0.0,0,0.0,6,20,2018-11-15 21:14:00
20181115 21:15,2621,2621,2621,2621,0,0.0,26,0.0,0,0.0,3,12,2018-11-15 21:15:00
20181115 21:16,2621,2621,2621,2621,0,0.0,26,0.0,0,0.0,1,4,2018-11-15 21:16:00
20181115 21:18,2621,2621,2621,2621,0,0.0,26,0.0,0,0.0,3,12,2018-11-15 21:18:00
20181115 21:19,2621,2621,2621,2621,0,0.0,26,0.0,0,0.0,1,4,2018-11-15 21:19:00
20181115 21:21,2621,2621,2621,2621,0,0.0,26,0.0,0,0.0,2,8,2018-11-15 21:21:00
20181115 21:24,2621,2621,2621,2621,0,0.0,26,0.0,0,0.0,1,4,2018-11-15 21:24:00
20181115 21:27,2621,2621,2621,2621,0,0.0,26,0.0,0,0.0,1,4,2018-11-15 21:27:00
20181115 21:32,2621,2621,2621,2621,0,0.0,26,0.0,0,0.0,1,4,2018-11-15 21:32:00
20181115 21:33,2621,2621,2621,2621,0,0.0,26,0.0,0,0.0,1,4,2018-11-15 21:33:00
20181115 21:34,2621,2621,2621,2621,0,0.0,26,0.0,0,0.0,1,4,2018-11-15 21:34:00
20181115 21:36,2621,2621,2621,2621,0,0.0,26,0.0,0,0.0,1,4,2018-11-15 21:36:00
20181115 21:40,2621,2621,2621,2621,0,0.0,26,0.0,0,0.0,1,4,2018-11-15 21:40:00
20181115 21:41,2621,2621,2621,2621,0,0.0,26,0.0,0,0.0,1,4,2018-11-15 21:41:00
20181115 21:42,2621,2621,2621,2621,0,0.0,26,0.0,0,0.0,1,4,2018-11-15 21:42:00
20181115 21:44,2621,2621,2621,2621,0,0.0,26,0.0,0,0.0,1,4,2018-11-15 21:44:00
20181115 21:48,2621,2621,2621,2621,0,0.0,26,0.0,0,0.0,5,23,2018-11-15 21:48:00
20181115 21:49,2621,2621,2621,2621,0,0.0,26,0.0,0,0.0,1,4,2018-11-15 21:49:00
20181115 21:50,2621,2621,2621,2621,0,0.0,26,0.0,0,0.0,5,21,2018-11-15 21:50:00
20181115 21:52,2621,2621,2621,2621,0,0.0,26,0.0,0,0.0,1,4,2018-11-15 21:52:00
20181115 21:53,2621,2621,2621,2621,0,0.0,26,0.0,0,0.0,2,9,2018-11-15 21:53:00
20181115 21:54,2621,2621,2621,2621,0,0.0,26,0.0,0,0.0,2,5,2018-11-15 21:54:00
20181115 21:57,2621,2621,2621,2621,0,0.0,26,0.0,0,0.0,1,4,2018-11-15 21:57:00
20181115 21:59,2621,2621,2621,2621,0,0.0,26,0.0,0,0.0,1,4,2018-11-15 21:59:00
20181115 22:00,2621,2621,2621,2621,0,0.0,26,0.0,0,0.0,4,16,2018-11-15 22:00:00
20181115 22:02,2621,2621,2621,2621,0,0.0,26,0.0,0,0.0,4,16,2018-11-15 22:02:00
20181115 22:05,2621,2621,2621,2621,0,0.0,26,0.0,0,0.0,1,4,2018-11-15 22:05:00
20181115 22:07,2621,2621,2621,2621,0,0.0,26,0.0,0,0.0,1,4,2018-11-15 22:07:00
20181115 22:10,2621,2621,2621,2621,0,0.0,26,0.0,0,0.0,1,4,2018-11-15 22:10:00
20181115 22:11,2621,2621,2621,2621,0,0.0,26,0.0,0,0.0,1,4,2018-11-15 22:11:00
20181115 22:13,2621,2621,2621,2621,0,0.0,26,0.0,0,0.0,1,4,2018-11-15 22:13:00
20181115 22:14,2621,2621,2621,2621,0,0.0,26,0.0,0,0.0,2,8,2018-11-15 22:14:00
20181115 22:15,2621,2621,2621,2621,0,0.0,26,0.0,0,0.0,1,4,2018-11-15 22:15:00
20181115 22:20,2621,2621,2621,2621,0,0.0,26,0.0,0,0.0,1,4,2018-11-15 22:20:00
20181115 22:22,2621,2621,2621,2621,0,0.0,26,0.0,0,0.0,7,10,2018-11-15 22:22:00
20181115 22:23,2621,2621,2621,2621,0,0.0,26,0.0,0,0.0,1,4,2018-11-15 22:23:00
20181115 22:25,2621,2621,2621,2621,0,0.0,26,0.0,0,0.0,1,4,2018-11-15 22:25:00
20181115 22:29,2621,2621,2621,2621,0,0.0,26,0.0,0,0.0,1,4,2018-11-15 22:29:00
20181115 22:30,2621,2621,2621,2621,0,0.0,26,0.0,0,0.0,1,4,2018-11-15 22:30:00
20181115 22:32,2621,2621,2621,2621,0,0.0,26,0.0,0,0.0,3,12,2018-11-15 22:32:00
20181115 22:33,2621,2621,2621,2621,0,0.0,26,0.0,0,0.0,1,4,2018-11-15 22:33:00
20181115 22:37,2621,2621,2621,2621,0,0.0,26,0.0,0,0.0,3,12,2018-11-15 22:37:00
20181115 22:38,2621,2621,2621,2621,0,0.0,26,0.0,0,0.0,2,8,2018-11-15 22:38:00
20181115 22:41,2621,2621,2621,2621,0,0.0,26,0.0,0,0.0,1,4,2018-11-15 22:41:00
20181115 22:42,2621,2621,2621,2621,0,0.0,26,0.0,0,0.0,1,4,2018-11-15 22:42:00
20181115 22:43,2621,2621,2621,2621,0,0.0,26,0.0,0,0.0,1,4,2018-11-15 22:43:00
20181115 22:44,2621,2621,2621,2621,0,0.0,26,0.0,0,0.0,2,8,2018-11-15 22:44:00
20181115 22:47,2621,2621,2621,2621,0,0.0,26,0.0,0,0.0,1,4,2018-11-15 22:47:00
20181115 22:49,2621,2621,2621,2621,0,0.0,26,0.0,0,0.0,5,18,2018-11-15 22:49:00
20181115 22:50,2621,2621,2621,2621,0,0.0,26,0.0,0,0.0,4,16,2018-11-15 22:50:00
20181115 22:51,2621,2621,2621,2621,0,0.0,26,0.0,0,0.0,1,4,2018-11-15 22:51:00
20181115 22:52,2621,2621,2621,2621,0,0.0,26,0.0,0,0.0,2,8,2018-11-15 22:52:00
20181115 22:53,2621,2621,2621,2621,0,0.0,26,0.0,0,0.0,2,8,2018-11-15 22:53:00
20181115 22:56,2621,2621,2621,2621,0,0.0,26,0.0,0,0.0,2,8,2018-11-15 22:56:00
20181115 22:57,2621,2621,2621,2621,0,0.0,26,0.0,0,0.0,3,12,2018-11-15 22:57:00
20181115 23:02,2621,2621,2621,2621,0,0.0,26,0.0,0,0.0,4,4,2018-11-15 23:02:00
20181115 23:03,2621,2621,2621,2621,0,0.0,26,0.0,0,0.0,1,1,2018-11-15 23:03:00
20181115 23:04,2621,2621,2621,2621,0,0.0,26,0.0,0,0.0,2,2,2018-11-15 23:04:00
20181115 23:05,2621,2621,2621,2621,0,0.0,26,0.0,0,0.0,2,2,2018-11-15 23:05:00
20181115 23:06,2621,2621,2621,2621,0,0.0,26,0.0,0,0.0,2,2,2018-11-15 23:06:00
20181115 23:07,2621,2621,2621,2621,0,0.0,26,0.0,0,0.0,9,9,2018-11-15 23:07:00
20181115 23:08,2621,2621,2621,2621,0,0.0,26,0.0,0,0.0,9,9,2018-11-15 23:08:00
20181115 23:09,2621,2621,2621,2621,0,0.0,26,0.0,0,0.0,13,13,2018-11-15 23:09:00
20181115 23:10,2621,2621,2621,2621,0,0.0,26,0.0,0,0.0,4,4,2018-11-15 23:10:00
20181115 23:11,2621,2621,2621,2621,0,0.0,26,0.0,0,0.0,2,2,2018-11-15 23:11:00
20181115 23:12,2621,2621,2621,2621,0,0.0,26,0.0,0,0.0,5,5,2018-11-15 23:12:00
20181115 23:13,2621,2621,2621,2621,0,0.0,26,0.0,0,0.0,7,7,2018-11-15 23:13:00
20181115 23:14,2621,2621,2621,2621,0,0.0,26,0.0,0,0.0,3,3,2018-11-15 23:14:00
20181115 23:15,2621,2621,2621,2621,0,0.0,26,0.0,0,0.0,9,9,2018-11-15 23:15:00
20181115 23:16,2621,2621,2621,2621,0,0.0,26,0.0,0,0.0,9,9,2018-11-15 23:16:00
20181115 23:17,2621,2621,2621,2621,0,0.0,26,0.0,0,0.0,23,23,2018-11-15 23:17:00
20181115 23:18,2621,2621,2621,2621,0,0.0,26,0.0,0,0.0,15,15,2018-11-15 23:18:00
20181115 23:19,2621,2621,2621,2621,0,0.0,26,0.0,0,0.0,5,5,2018-11-15 23:19:00
20181115 23:20,2621,2621,2621,2621,0,0.0,26,0.0,0,0.0,9,9,2018-11-15 23:20:00
20181115 23:21,2621,2621,2621,2621,0,0.0,26,0.0,0,0.0,18,18,2018-11-15 23:21:00
20181115 23:22,2621,2621,2621,2621,0,0.0,26,0.0,0,0.0,13,13,2018-11-15 23:22:00
20181115 23:23,2621,2621,2621,2621,0,0.0,26,0.0,0,0.0,6,6,2018-11-15 23:23:00
20181115 23:24,2621,2621,2621,2621,0,0.0,26,0.0,0,0.0,7,7,2018-11-15 23:24:00
20181115 23:25,2621,2621,2621,2621,0,0.0,26,0.0,0,0.0,4,4,2018-11-15 23:25:00
20181115 23:26,2621,2621,2621,2621,0,0.0,26,0.0,0,0.0,6,6,2018-11-15 23:26:00
20181115 23:27,2621,2621,2621,2621,0,0.0,26,0.0,0,0.0,7,7,2018-11-15 23:27:00
20181115 23:28,2621,2621,2621,2621,0,0.0,26,0.0,0,0.0,2,2,2018-11-15 23:28:00
20181115 23:29,2621,2621,2621,2621,0,0.0,26,0.0,0,0.0,8,8,2018-11-15 23:29:00
20181116 09:00,2621,2621,2621,2621,0,0.0,26,0.0,0,0.0,5,11,2018-11-16 09:00:00
20181116 09:01,2621,2621,2621,2621,0,0.0,26,0.0,0,0.0,3,13,2018-11-16 09:01:00
20181116 09:02,2621,2621,2621,2621,0,0.0,26,0.0,0,0.0,8,37,2018-11-16 09:02:00
20181116 09:03,2621,2621,2621,2621,0,0.0,26,0.0,0,0.0,3,12,2018-11-16 09:03:00
20181116 09:04,2621,2621,2621,2621,0,0.0,26,0.0,0,0.0,1,4,2018-11-16 09:04:00
20181116 09:05,2621,2621,2621,2621,0,0.0,26,0.0,0,0.0,6,21,2018-11-16 09:05:00
20181116 09:06,2621,2621,2621,2621,0,0.0,26,0.0,0,0.0,8,28,2018-11-16 09:06:00
20181116 09:07,2621,2621,2621,2621,0,0.0,26,0.0,0,0.0,1,4,2018-11-16 09:07:00
20181116 09:08,2621,2621,2621,2621,0,0.0,26,0.0,0,0.0,5,18,2018-11-16 09:08:00
20181116 09:09,2621,2621,2621,2621,0,0.0,26,0.0,0,0.0,2,8,2018-11-16 09:09:00
20181116 09:10,2621,2621,2621,2621,0,0.0,26,0.0,0,0.0,2,9,2018-11-16 09:10:00
20181116 09:11,2621,2621,2621,2621,0,0.0,26,0.0,0,0.0,3,12,2018-11-16 09:11:00
20181116 09:12,2621,2621,2621,2621,0,0.0,26,0.0,0,0.0,1,4,2018-11-16 09:12:00
20181116 09:13,2621,2621,2621,2621,0,0.0,26,0.0,0,0.0,7,27,2018-11-16 09:13:00
20181116 09:14,2621,2621,2621,2621,0,0.0,26,0.0,0,0.0,8,29,2018-11-16 09:14:00
20181116 09:15,2621,2621,2621,2621,0,0.0,26,0.0,0,0.0,3,12,2018-11-16 09:15:00
20181116 09:16,2621,2621,2621,2621,0,0.0,26,0.0,0,0.0,3,12,2018-11-16 09:16:00
20181116 09:17,2621,2621,2621,2621,0,0.0,26,0.0,0,0.0,24,48,2018-11-16 09:17:00
20181116 09:18,2621,2621,2621,2621,0,0.0,26,0.0,0,0.0,7,27,2018-11-16 09:18:00
20181116 09:19,2621,2621,2621,2621,0,0.0,26,0.0,0,0.0,11,16,2018-11-16 09:19:00
20181116 09:20,2621,2621,2621,2621,0,0.0,26,0.0,0,0.0,17,64,2018-11-16 09:20:00
20181116 09:21,2621,2621,2621,2621,0,0.0,26,0.0,0,0.0,8,28,2018-11-16 09:21:00
20181116 09:22,2621,2621,2621,2621,0,0.0,26,0.0,0,0.0,6,24,2018-11-16 09:22:00
20181116 09:23,2621,2621,2621,2621,0,0.0,26,0.0,0,0.0,3,12,2018-11-16 09:23:00
20181116 09:24,2621,2621,2621,2621,0,0.0,26,0.0,0,0.0,1,4,2018-11-16 09:24:00
20181116 09:25,2621,2621,2621,2621,0,0.0,26,0.0,0,0.0,1,4,2018-11-16 09:25:00
20181116 09:26,2621,2621,2621,2621,0,0.0,26,0.0,0,0.0,4,15,2018-11-16 09:26:00
20181116 09:27,2621,2621,2621,2621,0,0.0,26,0.0,0,0.0,1,4,2018-11-16 09:27:00
20181116 09:30,2621,2621,2621,2621,0,0.0,26,0.0,0,0.0,3,12,2018-11-16 09:30:00
20181116 09:31,2621,2621,2621,2621,0,0.0,26,0.0,0,0.0,7,28,2018-11-16 09:31:00
20181116 09:32,2621,2621,2621,2621,0,0.0,26,0.0,0,0.0,27,77,2018-11-16 09:32:00
20181116 09:33,2621,2621,2621,2621,0,0.0,26,0.0,0,0.0,21,67,2018-11-16 09:33:00
20181116 09:34,2621,2621,2621,2621,0,0.0,26,0.0,0,0.0,22,91,2018-11-16 09:34:00
20181116 09:35,2621,2621,2621,2621,0,0.0,26,0.0,0,0.0,10,44,2018-11-16 09:35:00
20181116 09:36,2621,2621,2621,2621,0,0.0,26,0.0,0,0.0,1,4,2018-11-16 09:36:00
20181116 09:37,2621,2621,2621,2621,0,0.0,26,0.0,0,0.0,2,8,2018-11-16 09:37:00
20181116 09:38,2621,2621,2621,2621,0,0.0,26,0.0,0,0.0,2,8,2018-11-16 09:38:00
20181116 09:39,2621,2621,2621,2621,0,0.0,26,0.0,0,0.0,1,4,2018-11-16 09:39:00
20181116 09:40,2621,2621,2621,2621,0,0.0,26,0.0,0,0.0,13,37,2018-11-16 09:40:00
20181116 09:42,2621,2621,2621,2621,0,0.0,26,0.0,0,0.0,4,16,2018-11-16 09:42:00
20181116 09:43,2621,2621,2621,2621,0,0.0,26,0.0,0,0.0,3,12,2018-11-16 09:43:00
20181116 09:44,2621,2621,2621,2621,0,0.0,26,0.0,0,0.0,4,16,2018-11-16 09:44:00
20181116 09:45,2621,2621,2621,2621,0,0.0,26,0.0,0,0.0,5,20,2018-11-16 09:45:00
20181116 09:46,2621,2621,2621,2621,0,0.0,26,0.0,0,0.0,3,12,2018-11-16 09:46:00
20181116 09:47,2621,2621,2621,2621,0,0.0,26,0.0,0,0.0,1,4,2018-11-16 09:47:00
20181116 09:48,2621,2621,2621,2621,0,0.0,26,0.0,0,0.0,3,12,2018-11-16 09:48:00
20181116 09:50,2621,2621,2621,2621,0,0.0,26,0.0,0,0.0,5,20,2018-11-16 09:50:00
20181116 09:54,2621,2621,2621,2621,0,0.0,26,0.0,0,0.0,2,8,2018-11-16 09:54:00
20181116 09:55,2621,2621,2621,2621,0,0.0,26,0.0,0,0.0,2,8,2018-11-16 09:55:00
20181116 09:56,2621,2621,2621,2621,0,0.0,26,0.0,0,0.0,1,4,2018-11-16 09:56:00
20181116 09:57,2621,2621,2621,2621,0,0.0,26,0.0,0,0.0,1,4,2018-11-16 09:57:00
20181116 09:58,2621,2621,2621,2621,0,0.0,26,0.0,0,0.0,5,22,2018-11-16 09:58:00
20181116 09:59,2621,2621,2621,2621,0,0.0,26,0.0,0,0.0,10,45,2018-11-16 09:59:00
20181116 10:00,2621,2621,2621,2621,0,0.0,26,0.0,0,0.0,25,76,2018-11-16 10:00:00
20181116 10:01,2621,2621,2621,2621,0,0.0,26,0.0,0,0.0,16,67,2018-11-16 10:01:00
20181116 10:02,2621,2621,2621,2621,0,0.0,26,0.0,0,0.0,4,17,2018-11-16 10:02:00
20181116 10:03,2621,2621,2621,2621,0,0.0,26,0.0,0,0.0,6,28,2018-11-16 10:03:00
20181116 10:06,2621,2621,2621,2621,0,0.0,26,0.0,0,0.0,3,12,2018-11-16 10:06:00
20181116 10:07,2621,2621,2621,2621,0,0.0,26,0.0,0,0.0,2,8,2018-11-16 10:07:00
20181116 10:10,2650,2650,2650,2650,2,2.0,24,-2.0,5300,5300.0,1,3,2018-11-16 10:10:00
20181116 10:11,2650,2650,2650,2650,4,2.0,22,-2.0,10600,5300.0,8,13,2018-11-16 10:11:00
20181116 10:12,2650,2650,2650,2650,4,0.0,22,0.0,10600,0.0,12,6,2018-11-16 10:12:00
20181116 10:13,2650,2650,2650,2650,4,0.0,22,0.0,10600,0.0,6,3,2018-11-16 10:13:00
20181116 10:14,2650,2650,2650,2650,4,0.0,22,0.0,10600,0.0,3,3,2018-11-16 10:14:00
20181116 10:30,2650,2650,2650,2650,4,0.0,22,0.0,10600,0.0,6,5,2018-11-16 10:30:00
20181116 10:31,2650,2650,2650,2650,4,0.0,22,0.0,10600,0.0,9,6,2018-11-16 10:31:00
20181116 10:32,2650,2650,2650,2650,4,0.0,22,0.0,10600,0.0,7,6,2018-11-16 10:32:00
20181116 10:34,2650,2650,2650,2650,4,0.0,22,0.0,10600,0.0,1,1,2018-11-16 10:34:00
20181116 10:35,2650,2650,2650,2650,4,0.0,22,0.0,10600,0.0,5,5,2018-11-16 10:35:00
20181116 10:36,2650,2650,2650,2650,4,0.0,22,0.0,10600,0.0,12,9,2018-11-16 10:36:00
20181116 10:37,2650,2650,2650,2650,4,0.0,22,0.0,10600,0.0,15,11,2018-11-16 10:37:00
20181116 10:38,2650,2650,2650,2650,4,0.0,22,0.0,10600,0.0,23,13,2018-11-16 10:38:00
20181116 10:39,2650,2650,2650,2650,4,0.0,22,0.0,10600,0.0,15,15,2018-11-16 10:39:00
20181116 10:40,2650,2650,2650,2650,4,0.0,22,0.0,10600,0.0,19,18,2018-11-16 10:40:00
20181116 10:41,2650,2650,2650,2650,4,0.0,22,0.0,10600,0.0,8,7,2018-11-16 10:41:00
20181116 10:42,2650,2650,2650,2650,4,0.0,22,0.0,10600,0.0,52,35,2018-11-16 10:42:00
20181116 10:43,2650,2650,2650,2650,4,0.0,22,0.0,10600,0.0,37,21,2018-11-16 10:43:00
20181116 10:44,2650,2650,2650,2650,4,0.0,22,0.0,10600,0.0,42,28,2018-11-16 10:44:00
20181116 10:45,2650,2650,2650,2650,4,0.0,22,0.0,10600,0.0,29,24,2018-11-16 10:45:00
20181116 10:46,2650,2650,2650,2650,4,0.0,22,0.0,10600,0.0,28,17,2018-11-16 10:46:00
20181116 10:47,2650,2650,2650,2650,4,0.0,22,0.0,10600,0.0,21,11,2018-11-16 10:47:00
20181116 10:48,2650,2650,2650,2650,4,0.0,22,0.0,10600,0.0,25,20,2018-11-16 10:48:00
20181116 10:49,2650,2650,2650,2650,4,0.0,22,0.0,10600,0.0,18,13,2018-11-16 10:49:00
20181116 10:50,2650,2650,2650,2650,4,0.0,22,0.0,10600,0.0,25,15,2018-11-16 10:50:00
20181116 10:51,2650,2650,2650,2650,4,0.0,22,0.0,10600,0.0,15,14,2018-11-16 10:51:00
20181116 10:52,2650,2650,2650,2650,4,0.0,22,0.0,10600,0.0,14,10,2018-11-16 10:52:00
20181116 10:53,2650,2650,2650,2650,4,0.0,22,0.0,10600,0.0,8,8,2018-11-16 10:53:00
20181116 10:54,2650,2650,2650,2650,4,0.0,22,0.0,10600,0.0,30,19,2018-11-16 10:54:00
20181116 10:55,2650,2650,2650,2650,4,0.0,22,0.0,10600,0.0,13,8,2018-11-16 10:55:00
20181116 10:56,2650,2650,2650,2650,4,0.0,22,0.0,10600,0.0,36,35,2018-11-16 10:56:00
20181116 10:57,2650,2650,2650,2650,4,0.0,22,0.0,10600,0.0,17,17,2018-11-16 10:57:00
20181116 10:58,2650,2650,2650,2650,4,0.0,22,0.0,10600,0.0,9,9,2018-11-16 10:58:00
20181116 10:59,2650,2650,2650,2650,4,0.0,22,0.0,10600,0.0,16,9,2018-11-16 10:59:00
20181116 11:00,2650,2650,2650,2650,4,0.0,22,0.0,10600,0.0,13,10,2018-11-16 11:00:00
20181116 11:01,2650,2650,2650,2650,4,0.0,22,0.0,10600,0.0,2,2,2018-11-16 11:01:00
20181116 11:02,2650,2650,2650,2650,4,0.0,22,0.0,10600,0.0,17,17,2018-11-16 11:02:00
20181116 11:03,2650,2650,2650,2650,4,0.0,22,0.0,10600,0.0,32,21,2018-11-16 11:03:00
20181116 11:04,2650,2650,2650,2650,4,0.0,22,0.0,10600,0.0,26,16,2018-11-16 11:04:00
20181116 11:05,2650,2650,2650,2650,4,0.0,22,0.0,10600,0.0,33,22,2018-11-16 11:05:00
20181116 11:06,2650,2650,2650,2650,4,0.0,22,0.0,10600,0.0,19,10,2018-11-16 11:06:00
20181116 11:07,2650,2650,2650,2650,4,0.0,22,0.0,10600,0.0,14,8,2018-11-16 11:07:00
20181116 11:08,2650,2650,2650,2650,4,0.0,22,0.0,10600,0.0,10,5,2018-11-16 11:08:00
20181116 11:09,2650,2650,2650,2650,4,0.0,22,0.0,10600,0.0,17,10,2018-11-16 11:09:00
20181116 11:10,2650,2650,2650,2650,4,0.0,22,0.0,10600,0.0,19,12,2018-11-16 11:10:00
20181116 11:11,2650,2650,2650,2650,4,0.0,22,0.0,10600,0.0,15,10,2018-11-16 11:11:00
20181116 11:12,2650,2650,2650,2650,4,0.0,22,0.0,10600,0.0,12,6,2018-11-16 11:12:00
20181116 11:13,2650,2650,2650,2650,4,0.0,22,0.0,10600,0.0,19,10,2018-11-16 11:13:00
20181116 11:14,2650,2650,2650,2650,4,0.0,22,0.0,10600,0.0,17,9,2018-11-16 11:14:00
20181116 11:15,2650,2650,2650,2650,4,0.0,22,0.0,10600,0.0,15,14,2018-11-16 11:15:00
20181116 11:16,2650,2650,2650,2650,4,0.0,22,0.0,10600,0.0,7,7,2018-11-16 11:16:00
20181116 11:17,2650,2650,2650,2650,4,0.0,22,0.0,10600,0.0,3,3,2018-11-16 11:17:00
20181116 11:18,2650,2650,2650,2650,4,0.0,22,0.0,10600,0.0,5,5,2018-11-16 11:18:00
20181116 11:19,2650,2650,2650,2650,4,0.0,22,0.0,10600,0.0,7,7,2018-11-16 11:19:00
20181116 11:20,2650,2650,2650,2650,4,0.0,22,0.0,10600,0.0,14,11,2018-11-16 11:20:00
20181116 11:21,2650,2650,2650,2650,4,0.0,22,0.0,10600,0.0,9,5,2018-11-16 11:21:00
20181116 11:22,2650,2650,2650,2650,4,0.0,22,0.0,10600,0.0,18,11,2018-11-16 11:22:00
20181116 11:23,2650,2650,2650,2650,4,0.0,22,0.0,10600,0.0,6,6,2018-11-16 11:23:00
20181116 11:24,2650,2650,2650,2650,4,0.0,22,0.0,10600,0.0,14,11,2018-11-16 11:24:00
20181116 11:25,2650,2650,2650,2650,4,0.0,22,0.0,10600,0.0,46,33,2018-11-16 11:25:00
20181116 11:26,2650,2650,2650,2650,4,0.0,22,0.0,10600,0.0,31,18,2018-11-16 11:26:00
20181116 11:27,2650,2650,2650,2650,4,0.0,22,0.0,10600,0.0,19,14,2018-11-16 11:27:00
20181116 11:28,2650,2650,2650,2650,4,0.0,22,0.0,10600,0.0,34,20,2018-11-16 11:28:00
20181116 11:29,2650,2650,2650,2650,4,0.0,22,0.0,10600,0.0,40,24,2018-11-16 11:29:00
20181116 13:30,2650,2650,2650,2650,4,0.0,22,0.0,10600,0.0,51,23,2018-11-16 13:30:00
20181116 13:31,2650,2650,2650,2650,4,0.0,22,0.0,10600,0.0,25,14,2018-11-16 13:31:00
20181116 13:32,2650,2650,2650,2650,4,0.0,22,0.0,10600,0.0,14,7,2018-11-16 13:32:00
20181116 13:33,2650,2650,2650,2650,4,0.0,22,0.0,10600,0.0,28,19,2018-11-16 13:33:00
20181116 13:34,2650,2650,2650,2650,4,0.0,22,0.0,10600,0.0,49,35,2018-11-16 13:34:00
20181116 13:35,2650,2650,2650,2650,4,0.0,22,0.0,10600,0.0,32,19,2018-11-16 13:35:00
20181116 13:36,2650,2650,2650,2650,4,0.0,22,0.0,10600,0.0,35,20,2018-11-16 13:36:00
20181116 13:37,2650,2650,2650,2650,4,0.0,22,0.0,10600,0.0,34,25,2018-11-16 13:37:00
20181116 13:38,2650,2650,2650,2650,4,0.0,22,0.0,10600,0.0,36,21,2018-11-16 13:38:00
20181116 13:39,2650,2650,2650,2650,4,0.0,22,0.0,10600,0.0,29,16,2018-11-16 13:39:00
20181116 13:40,2650,2650,2650,2650,4,0.0,22,0.0,10600,0.0,16,11,2018-11-16 13:40:00
20181116 13:41,2650,2650,2650,2650,4,0.0,22,0.0,10600,0.0,9,6,2018-11-16 13:41:00
20181116 13:42,2650,2650,2650,2650,4,0.0,22,0.0,10600,0.0,21,11,2018-11-16 13:42:00
20181116 13:43,2650,2650,2650,2650,4,0.0,22,0.0,10600,0.0,33,20,2018-11-16 13:43:00
20181116 13:44,2650,2650,2650,2650,4,0.0,22,0.0,10600,0.0,37,23,2018-11-16 13:44:00
20181116 13:45,2650,2650,2650,2650,4,0.0,22,0.0,10600,0.0,59,38,2018-11-16 13:45:00
20181116 13:46,2650,2650,2650,2650,4,0.0,22,0.0,10600,0.0,21,17,2018-11-16 13:46:00
20181116 13:47,2650,2650,2650,2650,4,0.0,22,0.0,10600,0.0,13,13,2018-11-16 13:47:00
20181116 13:48,2650,2650,2650,2650,4,0.0,22,0.0,10600,0.0,24,16,2018-11-16 13:48:00
20181116 13:49,2650,2650,2650,2650,4,0.0,22,0.0,10600,0.0,12,12,2018-11-16 13:49:00
20181116 13:50,2650,2650,2650,2650,4,0.0,22,0.0,10600,0.0,45,40,2018-11-16 13:50:00
20181116 13:51,2650,2650,2650,2650,4,0.0,22,0.0,10600,0.0,33,23,2018-11-16 13:51:00
20181116 13:52,2650,2650,2650,2650,4,0.0,22,0.0,10600,0.0,17,13,2018-11-16 13:52:00
20181116 13:53,2650,2650,2650,2650,4,0.0,22,0.0,10600,0.0,43,20,2018-11-16 13:53:00
20181116 13:54,2650,2650,2650,2650,4,0.0,22,0.0,10600,0.0,30,20,2018-11-16 13:54:00
20181116 13:55,2650,2650,2650,2650,4,0.0,22,0.0,10600,0.0,8,7,2018-11-16 13:55:00
20181116 13:56,2650,2650,2650,2650,4,0.0,22,0.0,10600,0.0,32,20,2018-11-16 13:56:00
20181116 13:57,2650,2650,2650,2650,4,0.0,22,0.0,10600,0.0,29,20,2018-11-16 13:57:00
20181116 13:58,2650,2650,2650,2650,4,0.0,22,0.0,10600,0.0,20,15,2018-11-16 13:58:00
20181116 13:59,2650,2650,2650,2650,4,0.0,22,0.0,10600,0.0,8,7,2018-11-16 13:59:00
20181116 14:00,2650,2650,2650,2650,4,0.0,22,0.0,10600,0.0,18,12,2018-11-16 14:00:00
20181116 14:01,2650,2650,2650,2650,4,0.0,22,0.0,10600,0.0,12,11,2018-11-16 14:01:00
20181116 14:02,2650,2650,2650,2650,4,0.0,22,0.0,10600,0.0,7,7,2018-11-16 14:02:00
20181116 14:03,2650,2650,2650,2650,4,0.0,22,0.0,10600,0.0,15,12,2018-11-16 14:03:00
20181116 14:04,2650,2650,2650,2650,4,0.0,22,0.0,10600,0.0,6,6,2018-11-16 14:04:00
20181116 14:05,2650,2650,2650,2650,4,0.0,22,0.0,10600,0.0,15,13,2018-11-16 14:05:00
20181116 14:06,2650,2650,2650,2650,4,0.0,22,0.0,10600,0.0,31,22,2018-11-16 14:06:00
20181116 14:07,2650,2650,2650,2650,4,0.0,22,0.0,10600,0.0,10,10,2018-11-16 14:07:00
20181116 14:08,2650,2650,2650,2650,4,0.0,22,0.0,10600,0.0,1,1,2018-11-16 14:08:00
20181116 14:09,2650,2650,2650,2650,4,0.0,22,0.0,10600,0.0,15,13,2018-11-16 14:09:00
20181116 14:10,2650,2650,2650,2650,4,0.0,22,0.0,10600,0.0,23,19,2018-11-16 14:10:00
20181116 14:11,2650,2650,2650,2650,4,0.0,22,0.0,10600,0.0,15,15,2018-11-16 14:11:00
20181116 14:12,2650,2650,2650,2650,4,0.0,22,0.0,10600,0.0,12,10,2018-11-16 14:12:00
20181116 14:13,2650,2650,2650,2650,4,0.0,22,0.0,10600,0.0,4,4,2018-11-16 14:13:00
20181116 14:14,2650,2650,2650,2650,4,0.0,22,0.0,10600,0.0,3,3,2018-11-16 14:14:00
20181116 14:15,2650,2650,2650,2650,4,0.0,22,0.0,10600,0.0,14,14,2018-11-16 14:15:00
20181116 14:16,2650,2650,2650,2650,4,0.0,22,0.0,10600,0.0,14,14,2018-11-16 14:16:00
20181116 14:17,2650,2650,2650,2650,4,0.0,22,0.0,10600,0.0,5,5,2018-11-16 14:17:00
20181116 14:18,2650,2650,2650,2650,4,0.0,22,0.0,10600,0.0,6,4,2018-11-16 14:18:00
20181116 14:19,2650,2650,2650,2650,4,0.0,22,0.0,10600,0.0,10,8,2018-11-16 14:19:00
20181116 14:20,2650,2650,2650,2650,4,0.0,22,0.0,10600,0.0,15,12,2018-11-16 14:20:00
20181116 14:21,2650,2650,2650,2650,4,0.0,22,0.0,10600,0.0,7,5,2018-11-16 14:21:00
20181116 14:22,2650,2650,2650,2650,4,0.0,22,0.0,10600,0.0,18,10,2018-11-16 14:22:00
20181116 14:23,2650,2650,2650,2650,4,0.0,22,0.0,10600,0.0,8,6,2018-11-16 14:23:00
20181116 14:24,2650,2650,2650,2650,4,0.0,22,0.0,10600,0.0,6,6,2018-11-16 14:24:00
20181116 14:25,2650,2650,2650,2650,4,0.0,22,0.0,10600,0.0,3,3,2018-11-16 14:25:00
20181116 14:26,2650,2650,2650,2650,4,0.0,22,0.0,10600,0.0,13,9,2018-11-16 14:26:00
20181116 14:27,2650,2650,2650,2650,4,0.0,22,0.0,10600,0.0,14,7,2018-11-16 14:27:00
20181116 14:28,2650,2650,2650,2650,4,0.0,22,0.0,10600,0.0,12,6,2018-11-16 14:28:00
20181116 14:29,2650,2650,2650,2650,4,0.0,22,0.0,10600,0.0,22,13,2018-11-16 14:29:00
20181116 14:30,2650,2650,2650,2650,4,0.0,22,0.0,10600,0.0,53,19,2018-11-16 14:30:00
20181116 14:31,2650,2650,2650,2650,4,0.0,22,0.0,10600,0.0,51,17,2018-11-16 14:31:00
20181116 14:32,2650,2650,2650,2650,4,0.0,22,0.0,10600,0.0,12,5,2018-11-16 14:32:00
20181116 14:33,2650,2650,2650,2650,4,0.0,22,0.0,10600,0.0,27,16,2018-11-16 14:33:00
20181116 14:34,2650,2650,2650,2650,4,0.0,22,0.0,10600,0.0,10,10,2018-11-16 14:34:00
20181116 14:35,2650,2650,2650,2650,4,0.0,22,0.0,10600,0.0,2,2,2018-11-16 14:35:00
20181116 14:36,2650,2650,2650,2650,4,0.0,22,0.0,10600,0.0,4,4,2018-11-16 14:36:00
20181116 14:37,2650,2650,2650,2650,4,0.0,22,0.0,10600,0.0,12,12,2018-11-16 14:37:00
20181116 14:38,2650,2650,2650,2650,4,0.0,22,0.0,10600,0.0,2,2,2018-11-16 14:38:00
20181116 14:39,2650,2650,2650,2650,4,0.0,22,0.0,10600,0.0,11,8,2018-11-16 14:39:00
20181116 14:40,2650,2650,2650,2650,4,0.0,22,0.0,10600,0.0,6,6,2018-11-16 14:40:00
20181116 14:41,2650,2650,2650,2650,4,0.0,22,0.0,10600,0.0,3,3,2018-11-16 14:41:00
20181116 14:42,2650,2650,2650,2650,4,0.0,22,0.0,10600,0.0,5,5,2018-11-16 14:42:00
20181116 14:43,2650,2650,2650,2650,4,0.0,22,0.0,10600,0.0,7,5,2018-11-16 14:43:00
20181116 14:44,2650,2650,2650,2650,4,0.0,22,0.0,10600,0.0,3,2,2018-11-16 14:44:00
20181116 14:45,2650,2650,2650,2650,4,0.0,22,0.0,10600,0.0,5,5,2018-11-16 14:45:00
20181116 14:46,2650,2650,2650,2650,4,0.0,22,0.0,10600,0.0,5,5,2018-11-16 14:46:00
20181116 14:47,2650,2650,2650,2650,4,0.0,22,0.0,10600,0.0,5,5,2018-11-16 14:47:00
20181116 14:48,2650,2650,2650,2650,4,0.0,22,0.0,10600,0.0,6,3,2018-11-16 14:48:00
20181116 14:49,2650,2650,2650,2650,4,0.0,22,0.0,10600,0.0,14,10,2018-11-16 14:49:00
20181116 14:50,2650,2650,2650,2650,4,0.0,22,0.0,10600,0.0,2,2,2018-11-16 14:50:00
20181116 14:51,2650,2650,2650,2650,4,0.0,22,0.0,10600,0.0,7,6,2018-11-16 14:51:00
20181116 14:52,2650,2650,2650,2650,4,0.0,22,0.0,10600,0.0,3,2,2018-11-16 14:52:00
20181116 14:53,2650,2650,2650,2650,4,0.0,22,0.0,10600,0.0,8,4,2018-11-16 14:53:00
20181116 14:54,2650,2650,2650,2650,4,0.0,22,0.0,10600,0.0,5,3,2018-11-16 14:54:00
20181116 14:55,2650,2650,2650,2650,4,0.0,22,0.0,10600,0.0,25,14,2018-11-16 14:55:00
20181116 14:56,2650,2650,2650,2650,4,0.0,22,0.0,10600,0.0,14,10,2018-11-16 14:56:00
20181116 14:57,2650,2650,2650,2650,4,0.0,22,0.0,10600,0.0,10,10,2018-11-16 14:57:00
20181116 14:58,2650,2650,2650,2650,4,0.0,22,0.0,10600,0.0,21,20,2018-11-16 14:58:00
20181116 14:59,2650,2650,2650,2650,4,0.0,22,0.0,10600,0.0,19,19,2018-11-16 14:59:00
20181116 21:00,2650,2650,2650,2650,0,0.0,22,0.0,0,0.0,235,125,2018-11-16 21:00:00
20181116 21:01,2650,2650,2650,2650,0,0.0,22,0.0,0,0.0,56,32,2018-11-16 21:01:00
20181116 21:02,2650,2650,2650,2650,0,0.0,22,0.0,0,0.0,40,5,2018-11-16 21:02:00
20181116 21:03,2650,2650,2650,2650,0,0.0,22,0.0,0,0.0,167,25,2018-11-16 21:03:00
20181116 21:04,2650,2650,2650,2650,0,0.0,22,0.0,0,0.0,155,24,2018-11-16 21:04:00
20181116 21:05,2650,2650,2650,2650,0,0.0,22,0.0,0,0.0,106,16,2018-11-16 21:05:00
20181116 21:06,2650,2650,2650,2650,0,0.0,22,0.0,0,0.0,148,29,2018-11-16 21:06:00
20181116 21:07,2650,2650,2650,2650,0,0.0,22,0.0,0,0.0,118,28,2018-11-16 21:07:00
20181116 21:08,2650,2650,2650,2650,0,0.0,22,0.0,0,0.0,104,18,2018-11-16 21:08:00
20181116 21:09,2650,2650,2650,2650,0,0.0,22,0.0,0,0.0,121,22,2018-11-16 21:09:00
20181116 21:10,2650,2650,2650,2650,0,0.0,22,0.0,0,0.0,65,10,2018-11-16 21:10:00
20181116 21:11,2650,2650,2650,2650,0,0.0,22,0.0,0,0.0,59,19,2018-11-16 21:11:00
20181116 21:12,2650,2650,2650,2650,0,0.0,22,0.0,0,0.0,47,23,2018-11-16 21:12:00
20181116 21:13,2650,2650,2650,2650,0,0.0,22,0.0,0,0.0,41,15,2018-11-16 21:13:00
20181116 21:14,2650,2650,2650,2650,0,0.0,22,0.0,0,0.0,13,15,2018-11-16 21:14:00
20181116 21:15,2650,2650,2650,2650,0,0.0,22,0.0,0,0.0,18,18,2018-11-16 21:15:00
20181116 21:16,2650,2650,2650,2650,0,0.0,22,0.0,0,0.0,71,28,2018-11-16 21:16:00
20181116 21:17,2650,2650,2650,2650,0,0.0,22,0.0,0,0.0,53,22,2018-11-16 21:17:00
20181116 21:18,2650,2650,2650,2650,0,0.0,22,0.0,0,0.0,37,22,2018-11-16 21:18:00
20181116 21:19,2650,2650,2650,2650,0,0.0,22,0.0,0,0.0,8,10,2018-11-16 21:19:00
20181116 21:20,2650,2650,2650,2650,0,0.0,22,0.0,0,0.0,51,26,2018-11-16 21:20:00
20181116 21:21,2650,2650,2650,2650,0,0.0,22,0.0,0,0.0,11,13,2018-11-16 21:21:00
20181116 21:23,2650,2650,2650,2650,0,0.0,22,0.0,0,0.0,11,10,2018-11-16 21:23:00
20181116 21:24,2650,2650,2650,2650,0,0.0,22,0.0,0,0.0,60,13,2018-11-16 21:24:00
20181116 21:25,2650,2650,2650,2650,0,0.0,22,0.0,0,0.0,35,11,2018-11-16 21:25:00
20181116 21:26,2650,2650,2650,2650,0,0.0,22,0.0,0,0.0,38,10,2018-11-16 21:26:00
20181116 21:27,2650,2650,2650,2650,0,0.0,22,0.0,0,0.0,11,4,2018-11-16 21:27:00
20181116 21:28,2650,2650,2650,2650,0,0.0,22,0.0,0,0.0,30,8,2018-11-16 21:28:00
20181116 21:29,2650,2650,2650,2650,0,0.0,22,0.0,0,0.0,41,9,2018-11-16 21:29:00
20181116 21:30,2650,2650,2650,2650,0,0.0,22,0.0,0,0.0,35,9,2018-11-16 21:30:00
20181116 21:31,2650,2650,2650,2650,0,0.0,22,0.0,0,0.0,16,12,2018-11-16 21:31:00
20181116 21:32,2650,2650,2650,2650,0,0.0,22,0.0,0,0.0,9,13,2018-11-16 21:32:00
20181116 21:33,2650,2650,2650,2650,0,0.0,22,0.0,0,0.0,39,11,2018-11-16 21:33:00
20181116 21:34,2650,2650,2650,2650,0,0.0,22,0.0,0,0.0,26,6,2018-11-16 21:34:00
20181116 21:35,2650,2650,2650,2650,0,0.0,22,0.0,0,0.0,13,15,2018-11-16 21:35:00
20181116 21:36,2650,2650,2650,2650,0,0.0,22,0.0,0,0.0,9,9,2018-11-16 21:36:00
20181116 21:37,2650,2650,2650,2650,0,0.0,22,0.0,0,0.0,34,34,2018-11-16 21:37:00
20181116 21:38,2650,2650,2650,2650,0,0.0,22,0.0,0,0.0,3,3,2018-11-16 21:38:00
20181116 21:39,2650,2650,2650,2650,0,0.0,22,0.0,0,0.0,9,9,2018-11-16 21:39:00
20181116 21:40,2650,2650,2650,2650,0,0.0,22,0.0,0,0.0,7,7,2018-11-16 21:40:00
20181116 21:41,2650,2650,2650,2650,0,0.0,22,0.0,0,0.0,9,9,2018-11-16 21:41:00
20181116 21:42,2650,2650,2650,2650,0,0.0,22,0.0,0,0.0,11,11,2018-11-16 21:42:00
20181116 21:43,2650,2650,2650,2650,0,0.0,22,0.0,0,0.0,6,6,2018-11-16 21:43:00
20181116 21:44,2650,2650,2650,2650,0,0.0,22,0.0,0,0.0,4,4,2018-11-16 21:44:00
20181116 21:45,2650,2650,2650,2650,0,0.0,22,0.0,0,0.0,12,12,2018-11-16 21:45:00
20181116 21:46,2650,2650,2650,2650,0,0.0,22,0.0,0,0.0,4,4,2018-11-16 21:46:00
20181116 21:47,2650,2650,2650,2650,0,0.0,22,0.0,0,0.0,6,6,2018-11-16 21:47:00
20181116 21:48,2650,2650,2650,2650,0,0.0,22,0.0,0,0.0,12,12,2018-11-16 21:48:00
20181116 21:49,2650,2650,2650,2650,0,0.0,22,0.0,0,0.0,12,12,2018-11-16 21:49:00
20181116 21:50,2650,2650,2650,2650,0,0.0,22,0.0,0,0.0,4,4,2018-11-16 21:50:00
20181116 21:51,2650,2650,2650,2650,0,0.0,22,0.0,0,0.0,4,4,2018-11-16 21:51:00
20181116 21:52,2650,2650,2650,2650,0,0.0,22,0.0,0,0.0,6,6,2018-11-16 21:52:00
20181116 21:53,2650,2650,2650,2650,0,0.0,22,0.0,0,0.0,5,5,2018-11-16 21:53:00
20181116 21:54,2650,2650,2650,2650,0,0.0,22,0.0,0,0.0,8,8,2018-11-16 21:54:00
20181116 21:55,2650,2650,2650,2650,0,0.0,22,0.0,0,0.0,5,5,2018-11-16 21:55:00
20181116 21:56,2650,2650,2650,2650,0,0.0,22,0.0,0,0.0,3,3,2018-11-16 21:56:00
20181116 21:57,2650,2650,2650,2650,0,0.0,22,0.0,0,0.0,4,4,2018-11-16 21:57:00
20181116 21:58,2650,2650,2650,2650,0,0.0,22,0.0,0,0.0,10,10,2018-11-16 21:58:00
20181116 21:59,2650,2650,2650,2650,0,0.0,22,0.0,0,0.0,4,4,2018-11-16 21:59:00
20181116 22:00,2650,2650,2650,2650,0,0.0,22,0.0,0,0.0,4,4,2018-11-16 22:00:00
20181116 22:01,2650,2650,2650,2650,0,0.0,22,0.0,0,0.0,3,3,2018-11-16 22:01:00
20181116 22:02,2650,2650,2650,2650,0,0.0,22,0.0,0,0.0,5,5,2018-11-16 22:02:00
20181116 22:03,2650,2650,2650,2650,0,0.0,22,0.0,0,0.0,6,6,2018-11-16 22:03:00
20181116 22:04,2650,2650,2650,2650,0,0.0,22,0.0,0,0.0,19,19,2018-11-16 22:04:00
20181116 22:05,2650,2650,2650,2650,0,0.0,22,0.0,0,0.0,22,22,2018-11-16 22:05:00
20181116 22:06,2650,2650,2650,2650,0,0.0,22,0.0,0,0.0,28,28,2018-11-16 22:06:00
20181116 22:07,2650,2650,2650,2650,0,0.0,22,0.0,0,0.0,10,10,2018-11-16 22:07:00
20181116 22:08,2650,2650,2650,2650,0,0.0,22,0.0,0,0.0,8,8,2018-11-16 22:08:00
20181116 22:09,2650,2650,2650,2650,0,0.0,22,0.0,0,0.0,15,15,2018-11-16 22:09:00
20181116 22:10,2650,2650,2650,2650,0,0.0,22,0.0,0,0.0,8,8,2018-11-16 22:10:00
20181116 22:11,2650,2650,2650,2650,0,0.0,22,0.0,0,0.0,15,15,2018-11-16 22:11:00
20181116 22:12,2650,2650,2650,2650,0,0.0,22,0.0,0,0.0,18,18,2018-11-16 22:12:00
20181116 22:13,2650,2650,2650,2650,0,0.0,22,0.0,0,0.0,6,6,2018-11-16 22:13:00
20181116 22:14,2650,2650,2650,2650,0,0.0,22,0.0,0,0.0,11,11,2018-11-16 22:14:00
20181116 22:15,2650,2650,2650,2650,0,0.0,22,0.0,0,0.0,7,7,2018-11-16 22:15:00
20181116 22:17,2650,2650,2650,2650,0,0.0,22,0.0,0,0.0,7,7,2018-11-16 22:17:00
20181116 22:18,2650,2650,2650,2650,0,0.0,22,0.0,0,0.0,3,3,2018-11-16 22:18:00
20181116 22:19,2650,2650,2650,2650,0,0.0,22,0.0,0,0.0,3,3,2018-11-16 22:19:00
20181116 22:20,2650,2650,2650,2650,0,0.0,22,0.0,0,0.0,4,4,2018-11-16 22:20:00
20181116 22:21,2650,2650,2650,2650,0,0.0,22,0.0,0,0.0,8,8,2018-11-16 22:21:00
20181116 22:22,2650,2650,2650,2650,0,0.0,22,0.0,0,0.0,35,35,2018-11-16 22:22:00
20181116 22:23,2650,2650,2650,2650,0,0.0,22,0.0,0,0.0,18,18,2018-11-16 22:23:00
20181116 22:24,2650,2650,2650,2650,0,0.0,22,0.0,0,0.0,10,10,2018-11-16 22:24:00
20181116 22:25,2650,2650,2650,2650,0,0.0,22,0.0,0,0.0,7,7,2018-11-16 22:25:00
20181116 22:26,2650,2650,2650,2650,0,0.0,22,0.0,0,0.0,10,10,2018-11-16 22:26:00
20181116 22:27,2650,2650,2650,2650,0,0.0,22,0.0,0,0.0,9,9,2018-11-16 22:27:00
20181116 22:28,2650,2650,2650,2650,0,0.0,22,0.0,0,0.0,5,5,2018-11-16 22:28:00
20181116 22:29,2650,2650,2650,2650,0,0.0,22,0.0,0,0.0,13,13,2018-11-16 22:29:00
20181116 22:30,2650,2650,2650,2650,0,0.0,22,0.0,0,0.0,8,8,2018-11-16 22:30:00
20181116 22:31,2650,2650,2650,2650,0,0.0,22,0.0,0,0.0,9,9,2018-11-16 22:31:00
20181116 22:32,2650,2650,2650,2650,0,0.0,22,0.0,0,0.0,14,14,2018-11-16 22:32:00
20181116 22:33,2650,2650,2650,2650,0,0.0,22,0.0,0,0.0,8,8,2018-11-16 22:33:00
20181116 22:34,2650,2650,2650,2650,0,0.0,22,0.0,0,0.0,15,15,2018-11-16 22:34:00
20181116 22:35,2650,2650,2650,2650,0,0.0,22,0.0,0,0.0,15,15,2018-11-16 22:35:00
20181116 22:36,2650,2650,2650,2650,0,0.0,22,0.0,0,0.0,10,10,2018-11-16 22:36:00
20181116 22:37,2650,2650,2650,2650,0,0.0,22,0.0,0,0.0,9,9,2018-11-16 22:37:00
20181116 22:38,2650,2650,2650,2650,0,0.0,22,0.0,0,0.0,6,6,2018-11-16 22:38:00
20181116 22:39,2650,2650,2650,2650,0,0.0,22,0.0,0,0.0,5,5,2018-11-16 22:39:00
20181116 22:40,2650,2650,2650,2650,0,0.0,22,0.0,0,0.0,4,4,2018-11-16 22:40:00
20181116 22:41,2650,2650,2650,2650,0,0.0,22,0.0,0,0.0,1,1,2018-11-16 22:41:00
20181116 22:42,2650,2650,2650,2650,0,0.0,22,0.0,0,0.0,1,1,2018-11-16 22:42:00
20181116 22:43,2650,2650,2650,2650,0,0.0,22,0.0,0,0.0,1,1,2018-11-16 22:43:00
20181116 22:44,2650,2650,2650,2650,0,0.0,22,0.0,0,0.0,1,1,2018-11-16 22:44:00
20181116 22:45,2650,2650,2650,2650,0,0.0,22,0.0,0,0.0,5,5,2018-11-16 22:45:00
20181116 22:46,2650,2650,2650,2650,0,0.0,22,0.0,0,0.0,4,4,2018-11-16 22:46:00
20181116 22:47,2650,2650,2650,2650,0,0.0,22,0.0,0,0.0,8,8,2018-11-16 22:47:00
20181116 22:48,2650,2650,2650,2650,0,0.0,22,0.0,0,0.0,1,1,2018-11-16 22:48:00
20181116 22:49,2650,2650,2650,2650,0,0.0,22,0.0,0,0.0,1,1,2018-11-16 22:49:00
20181116 22:50,2650,2650,2650,2650,0,0.0,22,0.0,0,0.0,1,1,2018-11-16 22:50:00
20181116 22:51,2650,2650,2650,2650,0,0.0,22,0.0,0,0.0,6,6,2018-11-16 22:51:00
20181116 22:52,2650,2650,2650,2650,0,0.0,22,0.0,0,0.0,5,5,2018-11-16 22:52:00
20181116 22:53,2650,2650,2650,2650,0,0.0,22,0.0,0,0.0,3,3,2018-11-16 22:53:00
20181116 22:54,2650,2650,2650,2650,0,0.0,22,0.0,0,0.0,5,5,2018-11-16 22:54:00
20181116 22:55,2650,2650,2650,2650,0,0.0,22,0.0,0,0.0,1,1,2018-11-16 22:55:00
20181116 22:56,2650,2650,2650,2650,0,0.0,22,0.0,0,0.0,6,6,2018-11-16 22:56:00
20181116 22:57,2650,2650,2650,2650,0,0.0,22,0.0,0,0.0,9,9,2018-11-16 22:57:00
20181116 22:58,2650,2650,2650,2650,0,0.0,22,0.0,0,0.0,4,4,2018-11-16 22:58:00
20181116 22:59,2650,2650,2650,2650,0,0.0,22,0.0,0,0.0,9,9,2018-11-16 22:59:00
20181116 23:00,2650,2650,2650,2650,0,0.0,22,0.0,0,0.0,7,7,2018-11-16 23:00:00
20181116 23:01,2650,2650,2650,2650,0,0.0,22,0.0,0,0.0,9,9,2018-11-16 23:01:00
20181116 23:02,2650,2650,2650,2650,0,0.0,22,0.0,0,0.0,4,4,2018-11-16 23:02:00
20181116 23:03,2650,2650,2650,2650,0,0.0,22,0.0,0,0.0,5,5,2018-11-16 23:03:00
20181116 23:04,2650,2650,2650,2650,0,0.0,22,0.0,0,0.0,9,9,2018-11-16 23:04:00
20181116 23:05,2650,2650,2650,2650,0,0.0,22,0.0,0,0.0,2,2,2018-11-16 23:05:00
20181116 23:06,2650,2650,2650,2650,0,0.0,22,0.0,0,0.0,7,7,2018-11-16 23:06:00
20181116 23:07,2650,2650,2650,2650,0,0.0,22,0.0,0,0.0,7,7,2018-11-16 23:07:00
20181116 23:08,2650,2650,2650,2650,0,0.0,22,0.0,0,0.0,5,5,2018-11-16 23:08:00
20181116 23:09,2650,2650,2650,2650,0,0.0,22,0.0,0,0.0,7,7,2018-11-16 23:09:00
20181116 23:10,2650,2650,2650,2650,0,0.0,22,0.0,0,0.0,2,2,2018-11-16 23:10:00
20181116 23:11,2650,2650,2650,2650,0,0.0,22,0.0,0,0.0,5,5,2018-11-16 23:11:00
20181116 23:12,2650,2650,2650,2650,0,0.0,22,0.0,0,0.0,3,3,2018-11-16 23:12:00
20181116 23:13,2650,2650,2650,2650,0,0.0,22,0.0,0,0.0,5,5,2018-11-16 23:13:00
20181116 23:14,2650,2650,2650,2650,0,0.0,22,0.0,0,0.0,4,4,2018-11-16 23:14:00
20181116 23:15,2650,2650,2650,2650,0,0.0,22,0.0,0,0.0,3,3,2018-11-16 23:15:00
20181116 23:16,2650,2650,2650,2650,0,0.0,22,0.0,0,0.0,2,2,2018-11-16 23:16:00
20181116 23:17,2650,2650,2650,2650,0,0.0,22,0.0,0,0.0,2,2,2018-11-16 23:17:00
20181116 23:18,2650,2650,2650,2650,0,0.0,22,0.0,0,0.0,3,3,2018-11-16 23:18:00
20181116 23:19,2650,2650,2650,2650,0,0.0,22,0.0,0,0.0,6,6,2018-11-16 23:19:00
20181116 23:20,2650,2650,2650,2650,0,0.0,22,0.0,0,0.0,5,5,2018-11-16 23:20:00
20181116 23:21,2650,2650,2650,2650,0,0.0,22,0.0,0,0.0,1,1,2018-11-16 23:21:00
20181116 23:23,2650,2650,2650,2650,0,0.0,22,0.0,0,0.0,6,6,2018-11-16 23:23:00
20181116 23:24,2650,2650,2650,2650,0,0.0,22,0.0,0,0.0,16,16,2018-11-16 23:24:00
20181116 23:25,2650,2650,2650,2650,0,0.0,22,0.0,0,0.0,16,16,2018-11-16 23:25:00
20181116 23:26,2650,2650,2650,2650,0,0.0,22,0.0,0,0.0,11,11,2018-11-16 23:26:00
20181116 23:27,2650,2650,2650,2650,0,0.0,22,0.0,0,0.0,8,8,2018-11-16 23:27:00
20181116 23:28,2650,2650,2650,2650,0,0.0,22,0.0,0,0.0,12,12,2018-11-16 23:28:00
20181116 23:29,2650,2650,2650,2650,0,0.0,22,0.0,0,0.0,14,14,2018-11-16 23:29:00
20181119 09:00,2650,2650,2650,2650,0,0.0,22,0.0,0,0.0,43,43,2018-11-19 09:00:00
20181119 09:01,2650,2650,2650,2650,0,0.0,22,0.0,0,0.0,20,20,2018-11-19 09:01:00
20181119 09:02,2650,2650,2650,2650,0,0.0,22,0.0,0,0.0,29,25,2018-11-19 09:02:00
20181119 09:03,2650,2650,2650,2650,0,0.0,22,0.0,0,0.0,22,22,2018-11-19 09:03:00
20181119 09:04,2650,2650,2650,2650,0,0.0,22,0.0,0,0.0,38,38,2018-11-19 09:04:00
20181119 09:05,2650,2650,2650,2650,0,0.0,22,0.0,0,0.0,25,25,2018-11-19 09:05:00
20181119 09:06,2650,2650,2650,2650,0,0.0,22,0.0,0,0.0,12,12,2018-11-19 09:06:00
20181119 09:07,2650,2650,2650,2650,0,0.0,22,0.0,0,0.0,14,14,2018-11-19 09:07:00
20181119 09:08,2650,2650,2650,2650,0,0.0,22,0.0,0,0.0,11,11,2018-11-19 09:08:00
20181119 09:09,2650,2650,2650,2650,0,0.0,22,0.0,0,0.0,9,9,2018-11-19 09:09:00
20181119 09:10,2650,2650,2650,2650,0,0.0,22,0.0,0,0.0,17,17,2018-11-19 09:10:00
20181119 09:11,2650,2650,2650,2650,0,0.0,22,0.0,0,0.0,29,29,2018-11-19 09:11:00
20181119 09:12,2650,2650,2650,2650,0,0.0,22,0.0,0,0.0,33,33,2018-11-19 09:12:00
20181119 09:13,2650,2650,2650,2650,0,0.0,22,0.0,0,0.0,24,24,2018-11-19 09:13:00
20181119 09:14,2650,2650,2650,2650,0,0.0,22,0.0,0,0.0,11,11,2018-11-19 09:14:00
20181119 09:15,2650,2650,2650,2650,0,0.0,22,0.0,0,0.0,9,9,2018-11-19 09:15:00
20181119 09:16,2650,2650,2650,2650,0,0.0,22,0.0,0,0.0,9,9,2018-11-19 09:16:00
20181119 09:17,2650,2650,2650,2650,0,0.0,22,0.0,0,0.0,9,9,2018-11-19 09:17:00
20181119 09:18,2650,2650,2650,2650,0,0.0,22,0.0,0,0.0,13,13,2018-11-19 09:18:00
20181119 09:19,2650,2650,2650,2650,0,0.0,22,0.0,0,0.0,9,9,2018-11-19 09:19:00
20181119 09:20,2650,2650,2650,2650,0,0.0,22,0.0,0,0.0,2,2,2018-11-19 09:20:00
20181119 09:21,2650,2650,2650,2650,0,0.0,22,0.0,0,0.0,11,11,2018-11-19 09:21:00
20181119 09:22,2650,2650,2650,2650,0,0.0,22,0.0,0,0.0,5,5,2018-11-19 09:22:00
20181119 09:23,2650,2650,2650,2650,0,0.0,22,0.0,0,0.0,10,10,2018-11-19 09:23:00
20181119 09:24,2650,2650,2650,2650,0,0.0,22,0.0,0,0.0,10,10,2018-11-19 09:24:00
20181119 09:25,2650,2650,2650,2650,0,0.0,22,0.0,0,0.0,13,13,2018-11-19 09:25:00
20181119 09:26,2650,2650,2650,2650,0,0.0,22,0.0,0,0.0,14,14,2018-11-19 09:26:00
20181119 09:27,2650,2650,2650,2650,0,0.0,22,0.0,0,0.0,20,23,2018-11-19 09:27:00
20181119 09:28,2650,2650,2650,2650,0,0.0,22,0.0,0,0.0,14,15,2018-11-19 09:28:00
20181119 09:29,2650,2650,2650,2650,0,0.0,22,0.0,0,0.0,12,17,2018-11-19 09:29:00
20181119 09:30,2650,2650,2650,2650,0,0.0,22,0.0,0,0.0,16,20,2018-11-19 09:30:00
20181119 09:31,2650,2650,2650,2650,0,0.0,22,0.0,0,0.0,13,20,2018-11-19 09:31:00
20181119 09:32,2650,2650,2650,2650,0,0.0,22,0.0,0,0.0,11,14,2018-11-19 09:32:00
20181119 09:33,2650,2650,2650,2650,0,0.0,22,0.0,0,0.0,2,2,2018-11-19 09:33:00
20181119 09:34,2650,2650,2650,2650,0,0.0,22,0.0,0,0.0,2,2,2018-11-19 09:34:00
20181119 09:35,2650,2650,2650,2650,0,0.0,22,0.0,0,0.0,7,11,2018-11-19 09:35:00
20181119 09:36,2650,2650,2650,2650,0,0.0,22,0.0,0,0.0,2,2,2018-11-19 09:36:00
20181119 09:37,2650,2650,2650,2650,0,0.0,22,0.0,0,0.0,3,3,2018-11-19 09:37:00
20181119 09:38,2650,2650,2650,2650,0,0.0,22,0.0,0,0.0,2,2,2018-11-19 09:38:00
20181119 09:39,2650,2650,2650,2650,0,0.0,22,0.0,0,0.0,1,1,2018-11-19 09:39:00
20181119 09:40,2650,2650,2650,2650,0,0.0,22,0.0,0,0.0,2,2,2018-11-19 09:40:00
20181119 09:41,2650,2650,2650,2650,0,0.0,22,0.0,0,0.0,5,5,2018-11-19 09:41:00
20181119 09:42,2650,2650,2650,2650,0,0.0,22,0.0,0,0.0,9,9,2018-11-19 09:42:00
20181119 09:43,2650,2650,2650,2650,0,0.0,22,0.0,0,0.0,5,5,2018-11-19 09:43:00
20181119 09:44,2650,2650,2650,2650,0,0.0,22,0.0,0,0.0,3,3,2018-11-19 09:44:00
20181119 09:45,2650,2650,2650,2650,0,0.0,22,0.0,0,0.0,1,1,2018-11-19 09:45:00
20181119 09:46,2650,2650,2650,2650,0,0.0,22,0.0,0,0.0,3,3,2018-11-19 09:46:00
20181119 09:48,2650,2650,2650,2650,0,0.0,22,0.0,0,0.0,2,2,2018-11-19 09:48:00
20181119 09:49,2650,2650,2650,2650,0,0.0,22,0.0,0,0.0,2,2,2018-11-19 09:49:00
20181119 09:50,2650,2650,2650,2650,0,0.0,22,0.0,0,0.0,5,5,2018-11-19 09:50:00
20181119 09:51,2650,2650,2650,2650,0,0.0,22,0.0,0,0.0,5,5,2018-11-19 09:51:00
20181119 09:52,2650,2650,2650,2650,0,0.0,22,0.0,0,0.0,2,2,2018-11-19 09:52:00
20181119 09:53,2650,2650,2650,2650,0,0.0,22,0.0,0,0.0,1,1,2018-11-19 09:53:00
20181119 09:55,2650,2650,2650,2650,0,0.0,22,0.0,0,0.0,2,2,2018-11-19 09:55:00
20181119 09:56,2650,2650,2650,2650,0,0.0,22,0.0,0,0.0,1,1,2018-11-19 09:56:00
20181119 09:57,2650,2650,2650,2650,0,0.0,22,0.0,0,0.0,4,5,2018-11-19 09:57:00
20181119 09:58,2650,2650,2650,2650,0,0.0,22,0.0,0,0.0,5,7,2018-11-19 09:58:00
20181119 09:59,2650,2650,2650,2650,0,0.0,22,0.0,0,0.0,2,2,2018-11-19 09:59:00
20181119 10:00,2650,2650,2650,2650,0,0.0,22,0.0,0,0.0,2,2,2018-11-19 10:00:00
20181119 10:01,2650,2650,2650,2650,0,0.0,22,0.0,0,0.0,2,2,2018-11-19 10:01:00
20181119 10:03,2650,2650,2650,2650,0,0.0,22,0.0,0,0.0,8,12,2018-11-19 10:03:00
20181119 10:06,2650,2650,2650,2650,0,0.0,22,0.0,0,0.0,2,2,2018-11-19 10:06:00
20181119 10:07,2650,2650,2650,2650,0,0.0,22,0.0,0,0.0,4,4,2018-11-19 10:07:00
20181119 10:08,2650,2650,2650,2650,0,0.0,22,0.0,0,0.0,7,7,2018-11-19 10:08:00
20181119 10:09,2650,2650,2650,2650,0,0.0,22,0.0,0,0.0,1,1,2018-11-19 10:09:00
20181119 10:10,2650,2650,2650,2650,0,0.0,22,0.0,0,0.0,2,2,2018-11-19 10:10:00
20181119 10:11,2650,2650,2650,2650,0,0.0,22,0.0,0,0.0,2,2,2018-11-19 10:11:00
20181119 10:12,2650,2650,2650,2650,0,0.0,22,0.0,0,0.0,5,5,2018-11-19 10:12:00
20181119 10:13,2650,2650,2650,2650,0,0.0,22,0.0,0,0.0,2,2,2018-11-19 10:13:00
20181119 10:30,2650,2650,2650,2650,0,0.0,22,0.0,0,0.0,3,3,2018-11-19 10:30:00
20181119 10:32,2650,2650,2650,2650,0,0.0,22,0.0,0,0.0,1,1,2018-11-19 10:32:00
20181119 10:33,2650,2650,2650,2650,0,0.0,22,0.0,0,0.0,7,7,2018-11-19 10:33:00
20181119 10:34,2650,2650,2650,2650,0,0.0,22,0.0,0,0.0,4,4,2018-11-19 10:34:00
20181119 10:35,2650,2650,2650,2650,0,0.0,22,0.0,0,0.0,9,9,2018-11-19 10:35:00
20181119 10:36,2650,2650,2650,2650,0,0.0,22,0.0,0,0.0,13,12,2018-11-19 10:36:00
20181119 10:37,2650,2650,2650,2650,0,0.0,22,0.0,0,0.0,15,12,2018-11-19 10:37:00
20181119 10:38,2650,2650,2650,2650,0,0.0,22,0.0,0,0.0,3,3,2018-11-19 10:38:00
20181119 10:39,2650,2650,2650,2650,0,0.0,22,0.0,0,0.0,11,11,2018-11-19 10:39:00
20181119 10:40,2650,2650,2650,2650,0,0.0,22,0.0,0,0.0,10,10,2018-11-19 10:40:00
20181119 10:41,2650,2650,2650,2650,0,0.0,22,0.0,0,0.0,10,10,2018-11-19 10:41:00
20181119 10:42,2650,2650,2650,2650,0,0.0,22,0.0,0,0.0,5,5,2018-11-19 10:42:00
20181119 10:43,2650,2650,2650,2650,0,0.0,22,0.0,0,0.0,5,5,2018-11-19 10:43:00
20181119 10:44,2650,2650,2650,2650,0,0.0,22,0.0,0,0.0,2,2,2018-11-19 10:44:00
20181119 10:45,2650,2650,2650,2650,0,0.0,22,0.0,0,0.0,7,7,2018-11-19 10:45:00
20181119 10:46,2650,2650,2650,2650,0,0.0,22,0.0,0,0.0,6,6,2018-11-19 10:46:00
20181119 10:47,2650,2650,2650,2650,0,0.0,22,0.0,0,0.0,2,2,2018-11-19 10:47:00
20181119 10:48,2650,2650,2650,2650,0,0.0,22,0.0,0,0.0,2,2,2018-11-19 10:48:00
20181119 10:49,2650,2650,2650,2650,0,0.0,22,0.0,0,0.0,5,5,2018-11-19 10:49:00
20181119 10:50,2650,2650,2650,2650,0,0.0,22,0.0,0,0.0,10,10,2018-11-19 10:50:00
20181119 10:51,2650,2650,2650,2650,0,0.0,22,0.0,0,0.0,5,7,2018-11-19 10:51:00
20181119 10:52,2650,2650,2650,2650,0,0.0,22,0.0,0,0.0,3,3,2018-11-19 10:52:00
20181119 10:53,2650,2650,2650,2650,0,0.0,22,0.0,0,0.0,3,3,2018-11-19 10:53:00
20181119 10:54,2650,2650,2650,2650,0,0.0,22,0.0,0,0.0,2,2,2018-11-19 10:54:00
20181119 10:55,2650,2650,2650,2650,0,0.0,22,0.0,0,0.0,1,1,2018-11-19 10:55:00
20181119 10:56,2650,2650,2650,2650,0,0.0,22,0.0,0,0.0,3,3,2018-11-19 10:56:00
20181119 10:58,2650,2650,2650,2650,0,0.0,22,0.0,0,0.0,5,5,2018-11-19 10:58:00
20181119 10:59,2650,2650,2650,2650,0,0.0,22,0.0,0,0.0,4,4,2018-11-19 10:59:00
20181119 11:00,2650,2650,2650,2650,0,0.0,22,0.0,0,0.0,11,12,2018-11-19 11:00:00
20181119 11:01,2650,2650,2650,2650,0,0.0,22,0.0,0,0.0,5,5,2018-11-19 11:01:00
20181119 11:02,2650,2650,2650,2650,0,0.0,22,0.0,0,0.0,1,1,2018-11-19 11:02:00
20181119 11:04,2650,2650,2650,2650,0,0.0,22,0.0,0,0.0,2,2,2018-11-19 11:04:00
20181119 11:05,2650,2650,2650,2650,0,0.0,22,0.0,0,0.0,3,3,2018-11-19 11:05:00
20181119 11:06,2650,2650,2650,2650,0,0.0,22,0.0,0,0.0,1,1,2018-11-19 11:06:00
20181119 11:07,2650,2650,2650,2650,0,0.0,22,0.0,0,0.0,1,1,2018-11-19 11:07:00
20181119 11:08,2650,2650,2650,2650,0,0.0,22,0.0,0,0.0,6,6,2018-11-19 11:08:00
20181119 11:09,2650,2650,2650,2650,0,0.0,22,0.0,0,0.0,8,8,2018-11-19 11:09:00
20181119 11:10,2650,2650,2650,2650,0,0.0,22,0.0,0,0.0,12,4,2018-11-19 11:10:00
20181119 11:11,2650,2650,2650,2650,0,0.0,22,0.0,0,0.0,16,4,2018-11-19 11:11:00
20181119 11:12,2650,2650,2650,2650,0,0.0,22,0.0,0,0.0,16,4,2018-11-19 11:12:00
20181119 11:13,2650,2650,2650,2650,0,0.0,22,0.0,0,0.0,31,7,2018-11-19 11:13:00
20181119 11:15,2650,2650,2650,2650,0,0.0,22,0.0,0,0.0,5,5,2018-11-19 11:15:00
20181119 11:16,2650,2650,2650,2650,0,0.0,22,0.0,0,0.0,3,3,2018-11-19 11:16:00
20181119 11:17,2650,2650,2650,2650,0,0.0,22,0.0,0,0.0,6,6,2018-11-19 11:17:00
20181119 11:18,2650,2650,2650,2650,0,0.0,22,0.0,0,0.0,3,3,2018-11-19 11:18:00
20181119 11:19,2650,2650,2650,2650,0,0.0,22,0.0,0,0.0,21,9,2018-11-19 11:19:00
20181119 11:20,2650,2650,2650,2650,0,0.0,22,0.0,0,0.0,11,7,2018-11-19 11:20:00
20181119 11:21,2650,2650,2650,2650,0,0.0,22,0.0,0,0.0,6,6,2018-11-19 11:21:00
20181119 11:22,2650,2650,2650,2650,0,0.0,22,0.0,0,0.0,9,9,2018-11-19 11:22:00
20181119 11:23,2650,2650,2650,2650,0,0.0,22,0.0,0,0.0,6,6,2018-11-19 11:23:00
20181119 11:24,2650,2650,2650,2650,0,0.0,22,0.0,0,0.0,2,2,2018-11-19 11:24:00
20181119 11:25,2650,2650,2650,2650,0,0.0,22,0.0,0,0.0,10,2,2018-11-19 11:25:00
20181119 11:26,2650,2650,2650,2650,0,0.0,22,0.0,0,0.0,5,1,2018-11-19 11:26:00
20181119 11:27,2650,2650,2650,2650,0,0.0,22,0.0,0,0.0,10,2,2018-11-19 11:27:00
20181119 11:29,2650,2650,2650,2650,0,0.0,22,0.0,0,0.0,1,1,2018-11-19 11:29:00
20181119 13:30,2650,2650,2650,2650,0,0.0,22,0.0,0,0.0,2,2,2018-11-19 13:30:00
20181119 13:32,2650,2650,2650,2650,0,0.0,22,0.0,0,0.0,4,4,2018-11-19 13:32:00
20181119 13:34,2650,2650,2650,2650,0,0.0,22,0.0,0,0.0,1,1,2018-11-19 13:34:00
20181119 13:36,2650,2650,2650,2650,0,0.0,22,0.0,0,0.0,1,1,2018-11-19 13:36:00
20181119 13:37,2650,2650,2650,2650,0,0.0,22,0.0,0,0.0,4,4,2018-11-19 13:37:00
20181119 13:38,2650,2650,2650,2650,0,0.0,22,0.0,0,0.0,1,1,2018-11-19 13:38:00
20181119 13:40,2650,2650,2650,2650,0,0.0,22,0.0,0,0.0,2,2,2018-11-19 13:40:00
20181119 13:42,2650,2650,2650,2650,0,0.0,22,0.0,0,0.0,1,1,2018-11-19 13:42:00
20181119 13:43,2650,2650,2650,2650,0,0.0,22,0.0,0,0.0,2,2,2018-11-19 13:43:00
20181119 13:47,2650,2650,2650,2650,0,0.0,22,0.0,0,0.0,1,1,2018-11-19 13:47:00
20181119 13:50,2650,2650,2650,2650,0,0.0,22,0.0,0,0.0,1,1,2018-11-19 13:50:00
20181119 13:52,2650,2650,2650,2650,0,0.0,22,0.0,0,0.0,1,1,2018-11-19 13:52:00
20181119 13:53,2650,2650,2650,2650,0,0.0,22,0.0,0,0.0,3,3,2018-11-19 13:53:00
20181119 13:54,2650,2650,2650,2650,0,0.0,22,0.0,0,0.0,1,1,2018-11-19 13:54:00
20181119 13:56,2650,2650,2650,2650,0,0.0,22,0.0,0,0.0,1,1,2018-11-19 13:56:00
20181119 13:57,2650,2650,2650,2650,0,0.0,22,0.0,0,0.0,5,5,2018-11-19 13:57:00
20181119 13:58,2650,2650,2650,2650,0,0.0,22,0.0,0,0.0,2,2,2018-11-19 13:58:00
20181119 13:59,2650,2650,2650,2650,0,0.0,22,0.0,0,0.0,2,2,2018-11-19 13:59:00
20181119 14:00,2650,2650,2650,2650,0,0.0,22,0.0,0,0.0,17,8,2018-11-19 14:00:00
20181119 14:01,2650,2650,2650,2650,0,0.0,22,0.0,0,0.0,6,1,2018-11-19 14:01:00
20181119 14:02,2650,2650,2650,2650,0,0.0,22,0.0,0,0.0,16,6,2018-11-19 14:02:00
20181119 14:03,2650,2650,2650,2650,0,0.0,22,0.0,0,0.0,26,5,2018-11-19 14:03:00
20181119 14:05,2650,2650,2650,2650,0,0.0,22,0.0,0,0.0,1,1,2018-11-19 14:05:00
20181119 14:06,2650,2650,2650,2650,0,0.0,22,0.0,0,0.0,4,4,2018-11-19 14:06:00
20181119 14:07,2650,2650,2650,2650,0,0.0,22,0.0,0,0.0,4,4,2018-11-19 14:07:00
20181119 14:08,2650,2650,2650,2650,0,0.0,22,0.0,0,0.0,4,4,2018-11-19 14:08:00
20181119 14:10,2650,2650,2650,2650,0,0.0,22,0.0,0,0.0,6,6,2018-11-19 14:10:00
20181119 14:12,2650,2650,2650,2650,0,0.0,22,0.0,0,0.0,1,1,2018-11-19 14:12:00
20181119 14:13,2650,2650,2650,2650,0,0.0,22,0.0,0,0.0,5,5,2018-11-19 14:13:00
20181119 14:14,2650,2650,2650,2650,0,0.0,22,0.0,0,0.0,1,1,2018-11-19 14:14:00
20181119 14:16,2650,2650,2650,2650,0,0.0,22,0.0,0,0.0,1,1,2018-11-19 14:16:00
20181119 14:17,2650,2650,2650,2650,0,0.0,22,0.0,0,0.0,1,1,2018-11-19 14:17:00
20181119 14:18,2650,2650,2650,2650,0,0.0,22,0.0,0,0.0,2,2,2018-11-19 14:18:00
20181119 14:19,2650,2650,2650,2650,0,0.0,22,0.0,0,0.0,2,2,2018-11-19 14:19:00
20181119 14:21,2650,2650,2650,2650,0,0.0,22,0.0,0,0.0,1,1,2018-11-19 14:21:00
20181119 14:22,2650,2650,2650,2650,0,0.0,22,0.0,0,0.0,1,1,2018-11-19 14:22:00
20181119 14:23,2650,2650,2650,2650,0,0.0,22,0.0,0,0.0,1,1,2018-11-19 14:23:00
20181119 14:25,2650,2650,2650,2650,0,0.0,22,0.0,0,0.0,5,5,2018-11-19 14:25:00
20181119 14:28,2650,2650,2650,2650,0,0.0,22,0.0,0,0.0,1,1,2018-11-19 14:28:00
20181119 14:29,2650,2650,2650,2650,0,0.0,22,0.0,0,0.0,1,1,2018-11-19 14:29:00
20181119 14:31,2650,2650,2650,2650,0,0.0,22,0.0,0,0.0,1,1,2018-11-19 14:31:00
20181119 14:32,2650,2650,2650,2650,0,0.0,22,0.0,0,0.0,2,2,2018-11-19 14:32:00
20181119 14:33,2650,2650,2650,2650,0,0.0,22,0.0,0,0.0,2,2,2018-11-19 14:33:00
20181119 14:34,2650,2650,2650,2650,0,0.0,22,0.0,0,0.0,3,3,2018-11-19 14:34:00
20181119 14:35,2650,2650,2650,2650,0,0.0,22,0.0,0,0.0,5,5,2018-11-19 14:35:00
20181119 14:37,2650,2650,2650,2650,0,0.0,22,0.0,0,0.0,1,1,2018-11-19 14:37:00
20181119 14:38,2650,2650,2650,2650,0,0.0,22,0.0,0,0.0,1,1,2018-11-19 14:38:00
20181119 14:39,2650,2650,2650,2650,0,0.0,22,0.0,0,0.0,3,3,2018-11-19 14:39:00
20181119 14:41,2650,2650,2650,2650,0,0.0,22,0.0,0,0.0,2,2,2018-11-19 14:41:00
20181119 14:42,2650,2650,2650,2650,0,0.0,22,0.0,0,0.0,1,1,2018-11-19 14:42:00
20181119 14:43,2650,2650,2650,2650,0,0.0,22,0.0,0,0.0,1,1,2018-11-19 14:43:00
20181119 14:45,2650,2650,2650,2650,0,0.0,22,0.0,0,0.0,1,1,2018-11-19 14:45:00
20181119 14:46,2650,2650,2650,2650,0,0.0,22,0.0,0,0.0,2,2,2018-11-19 14:46:00
20181119 14:48,2650,2650,2650,2650,0,0.0,22,0.0,0,0.0,1,1,2018-11-19 14:48:00
20181119 14:49,2650,2650,2650,2650,0,0.0,22,0.0,0,0.0,3,3,2018-11-19 14:49:00
20181119 14:52,2650,2650,2650,2650,0,0.0,22,0.0,0,0.0,1,1,2018-11-19 14:52:00
20181119 14:53,2650,2650,2650,2650,0,0.0,22,0.0,0,0.0,3,3,2018-11-19 14:53:00
20181119 14:54,2650,2650,2650,2650,0,0.0,22,0.0,0,0.0,1,1,2018-11-19 14:54:00
20181119 14:56,2650,2650,2650,2650,0,0.0,22,0.0,0,0.0,2,2,2018-11-19 14:56:00
20181119 14:57,2650,2650,2650,2650,0,0.0,22,0.0,0,0.0,6,6,2018-11-19 14:57:00
20181119 14:58,2650,2650,2650,2650,0,0.0,22,0.0,0,0.0,4,4,2018-11-19 14:58:00
20181119 14:59,2650,2650,2650,2650,0,0.0,22,0.0,0,0.0,11,11,2018-11-19 14:59:00
20181119 15:00,2650,2650,2650,2650,0,0.0,22,0.0,0,0.0,1,1,2018-11-19 15:00:00
20181119 21:00,2660,2660,2660,2660,0,0.0,22,0.0,0,0.0,274,195,2018-11-19 21:00:00
20181119 21:01,2660,2660,2660,2660,0,0.0,22,0.0,0,0.0,39,61,2018-11-19 21:01:00
20181119 21:02,2660,2660,2660,2660,0,0.0,22,0.0,0,0.0,19,19,2018-11-19 21:02:00
20181119 21:03,2660,2660,2660,2660,0,0.0,22,0.0,0,0.0,4,4,2018-11-19 21:03:00
20181119 21:04,2660,2660,2660,2660,0,0.0,22,0.0,0,0.0,3,3,2018-11-19 21:04:00
20181119 21:05,2660,2660,2660,2660,0,0.0,22,0.0,0,0.0,6,6,2018-11-19 21:05:00
20181119 21:06,2660,2660,2660,2660,0,0.0,22,0.0,0,0.0,2,2,2018-11-19 21:06:00
20181119 21:07,2660,2660,2660,2660,0,0.0,22,0.0,0,0.0,5,5,2018-11-19 21:07:00
20181119 21:08,2660,2660,2660,2660,0,0.0,22,0.0,0,0.0,6,8,2018-11-19 21:08:00
20181119 21:09,2660,2660,2660,2660,0,0.0,22,0.0,0,0.0,11,14,2018-11-19 21:09:00
20181119 21:10,2660,2660,2660,2660,0,0.0,22,0.0,0,0.0,10,14,2018-11-19 21:10:00
20181119 21:11,2660,2660,2660,2660,0,0.0,22,0.0,0,0.0,4,4,2018-11-19 21:11:00
20181119 21:12,2660,2660,2660,2660,0,0.0,22,0.0,0,0.0,5,5,2018-11-19 21:12:00
20181119 21:13,2660,2660,2660,2660,0,0.0,22,0.0,0,0.0,8,8,2018-11-19 21:13:00
20181119 21:14,2660,2660,2660,2660,0,0.0,22,0.0,0,0.0,6,6,2018-11-19 21:14:00
20181119 21:15,2660,2660,2660,2660,0,0.0,22,0.0,0,0.0,7,7,2018-11-19 21:15:00
20181119 21:16,2660,2660,2660,2660,0,0.0,22,0.0,0,0.0,3,3,2018-11-19 21:16:00
20181119 21:17,2660,2660,2660,2660,0,0.0,22,0.0,0,0.0,10,14,2018-11-19 21:17:00
20181119 21:18,2660,2660,2660,2660,0,0.0,22,0.0,0,0.0,11,15,2018-11-19 21:18:00
20181119 21:19,2660,2660,2660,2660,0,0.0,22,0.0,0,0.0,1,1,2018-11-19 21:19:00
20181119 21:20,2660,2660,2660,2660,0,0.0,22,0.0,0,0.0,4,4,2018-11-19 21:20:00
20181119 21:21,2660,2660,2660,2660,0,0.0,22,0.0,0,0.0,3,3,2018-11-19 21:21:00
20181119 21:22,2660,2660,2660,2660,0,0.0,22,0.0,0,0.0,9,10,2018-11-19 21:22:00
20181119 21:23,2660,2660,2660,2660,0,0.0,22,0.0,0,0.0,1,1,2018-11-19 21:23:00
20181119 21:24,2660,2660,2660,2660,0,0.0,22,0.0,0,0.0,3,3,2018-11-19 21:24:00
20181119 21:25,2660,2660,2660,2660,0,0.0,22,0.0,0,0.0,2,2,2018-11-19 21:25:00
20181119 21:26,2660,2660,2660,2660,0,0.0,22,0.0,0,0.0,3,3,2018-11-19 21:26:00
20181119 21:27,2660,2660,2660,2660,0,0.0,22,0.0,0,0.0,5,5,2018-11-19 21:27:00
20181119 21:28,2660,2660,2660,2660,0,0.0,22,0.0,0,0.0,1,1,2018-11-19 21:28:00
20181119 21:30,2660,2660,2660,2660,0,0.0,22,0.0,0,0.0,1,1,2018-11-19 21:30:00
20181119 21:31,2660,2660,2660,2660,0,0.0,22,0.0,0,0.0,14,11,2018-11-19 21:31:00
20181119 21:32,2660,2660,2660,2660,0,0.0,22,0.0,0,0.0,16,11,2018-11-19 21:32:00
20181119 21:33,2660,2660,2660,2660,0,0.0,22,0.0,0,0.0,8,6,2018-11-19 21:33:00
20181119 21:34,2660,2660,2660,2660,0,0.0,22,0.0,0,0.0,1,1,2018-11-19 21:34:00
20181119 21:36,2660,2660,2660,2660,0,0.0,22,0.0,0,0.0,1,1,2018-11-19 21:36:00
20181119 21:37,2660,2660,2660,2660,0,0.0,22,0.0,0,0.0,10,7,2018-11-19 21:37:00
20181119 21:38,2660,2660,2660,2660,0,0.0,22,0.0,0,0.0,12,8,2018-11-19 21:38:00
20181119 21:39,2660,2660,2660,2660,0,0.0,22,0.0,0,0.0,1,1,2018-11-19 21:39:00
20181119 21:40,2660,2660,2660,2660,0,0.0,22,0.0,0,0.0,1,1,2018-11-19 21:40:00
20181119 21:41,2660,2660,2660,2660,0,0.0,22,0.0,0,0.0,1,1,2018-11-19 21:41:00
20181119 21:42,2660,2660,2660,2660,0,0.0,22,0.0,0,0.0,3,3,2018-11-19 21:42:00
20181119 21:43,2660,2660,2660,2660,0,0.0,22,0.0,0,0.0,2,2,2018-11-19 21:43:00
20181119 21:44,2660,2660,2660,2660,0,0.0,22,0.0,0,0.0,2,2,2018-11-19 21:44:00
20181119 21:45,2660,2660,2660,2660,0,0.0,22,0.0,0,0.0,4,4,2018-11-19 21:45:00
20181119 21:46,2660,2660,2660,2660,0,0.0,22,0.0,0,0.0,28,28,2018-11-19 21:46:00
20181119 21:47,2660,2660,2660,2660,0,0.0,22,0.0,0,0.0,27,27,2018-11-19 21:47:00
20181119 21:48,2660,2660,2660,2660,0,0.0,22,0.0,0,0.0,13,13,2018-11-19 21:48:00
20181119 21:49,2660,2660,2660,2660,0,0.0,22,0.0,0,0.0,13,10,2018-11-19 21:49:00
20181119 21:50,2660,2660,2660,2660,0,0.0,22,0.0,0,0.0,11,11,2018-11-19 21:50:00
20181119 21:51,2660,2660,2660,2660,0,0.0,22,0.0,0,0.0,27,25,2018-11-19 21:51:00
20181119 21:52,2660,2660,2660,2660,0,0.0,22,0.0,0,0.0,19,19,2018-11-19 21:52:00
20181119 21:53,2660,2660,2660,2660,0,0.0,22,0.0,0,0.0,10,10,2018-11-19 21:53:00
20181119 21:54,2660,2660,2660,2660,0,0.0,22,0.0,0,0.0,16,10,2018-11-19 21:54:00
20181119 21:55,2660,2660,2660,2660,0,0.0,22,0.0,0,0.0,7,7,2018-11-19 21:55:00
20181119 21:56,2660,2660,2660,2660,0,0.0,22,0.0,0,0.0,10,6,2018-11-19 21:56:00
20181119 21:57,2660,2660,2660,2660,0,0.0,22,0.0,0,0.0,6,5,2018-11-19 21:57:00
20181119 21:58,2660,2660,2660,2660,0,0.0,22,0.0,0,0.0,7,5,2018-11-19 21:58:00
20181119 21:59,2660,2660,2660,2660,0,0.0,22,0.0,0,0.0,17,11,2018-11-19 21:59:00
20181119 22:00,2660,2660,2660,2660,0,0.0,22,0.0,0,0.0,21,21,2018-11-19 22:00:00
20181119 22:01,2660,2660,2660,2660,0,0.0,22,0.0,0,0.0,25,25,2018-11-19 22:01:00
20181119 22:02,2660,2660,2660,2660,0,0.0,22,0.0,0,0.0,15,15,2018-11-19 22:02:00
20181119 22:03,2660,2660,2660,2660,0,0.0,22,0.0,0,0.0,14,14,2018-11-19 22:03:00
20181119 22:04,2660,2660,2660,2660,0,0.0,22,0.0,0,0.0,11,11,2018-11-19 22:04:00
20181119 22:05,2660,2660,2660,2660,0,0.0,22,0.0,0,0.0,8,8,2018-11-19 22:05:00
20181119 22:06,2660,2660,2660,2660,0,0.0,22,0.0,0,0.0,11,11,2018-11-19 22:06:00
20181119 22:07,2660,2660,2660,2660,0,0.0,22,0.0,0,0.0,2,2,2018-11-19 22:07:00
20181119 22:08,2660,2660,2660,2660,0,0.0,22,0.0,0,0.0,10,10,2018-11-19 22:08:00
20181119 22:09,2660,2660,2660,2660,0,0.0,22,0.0,0,0.0,17,17,2018-11-19 22:09:00
20181119 22:10,2660,2660,2660,2660,0,0.0,22,0.0,0,0.0,18,18,2018-11-19 22:10:00
20181119 22:11,2660,2660,2660,2660,0,0.0,22,0.0,0,0.0,7,7,2018-11-19 22:11:00
20181119 22:12,2660,2660,2660,2660,0,0.0,22,0.0,0,0.0,10,10,2018-11-19 22:12:00
20181119 22:13,2660,2660,2660,2660,0,0.0,22,0.0,0,0.0,11,10,2018-11-19 22:13:00
20181119 22:14,2660,2660,2660,2660,0,0.0,22,0.0,0,0.0,1,2,2018-11-19 22:14:00
20181119 22:15,2660,2660,2660,2660,0,0.0,22,0.0,0,0.0,10,7,2018-11-19 22:15:00
20181119 22:16,2660,2660,2660,2660,0,0.0,22,0.0,0,0.0,20,21,2018-11-19 22:16:00
20181119 22:17,2660,2660,2660,2660,0,0.0,22,0.0,0,0.0,17,21,2018-11-19 22:17:00
20181119 22:18,2660,2660,2660,2660,0,0.0,22,0.0,0,0.0,3,3,2018-11-19 22:18:00
20181119 22:19,2660,2660,2660,2660,0,0.0,22,0.0,0,0.0,14,12,2018-11-19 22:19:00
20181119 22:20,2660,2660,2660,2660,0,0.0,22,0.0,0,0.0,10,11,2018-11-19 22:20:00
20181119 22:21,2660,2660,2660,2660,0,0.0,22,0.0,0,0.0,6,7,2018-11-19 22:21:00
20181119 22:22,2660,2660,2660,2660,0,0.0,22,0.0,0,0.0,4,5,2018-11-19 22:22:00
20181119 22:23,2660,2660,2660,2660,0,0.0,22,0.0,0,0.0,3,3,2018-11-19 22:23:00
20181119 22:24,2660,2660,2660,2660,0,0.0,22,0.0,0,0.0,2,2,2018-11-19 22:24:00
20181119 22:25,2660,2660,2660,2660,0,0.0,22,0.0,0,0.0,3,4,2018-11-19 22:25:00
20181119 22:26,2660,2660,2660,2660,0,0.0,22,0.0,0,0.0,3,4,2018-11-19 22:26:00
20181119 22:27,2660,2660,2660,2660,0,0.0,22,0.0,0,0.0,7,11,2018-11-19 22:27:00
20181119 22:29,2660,2660,2660,2660,0,0.0,22,0.0,0,0.0,2,2,2018-11-19 22:29:00
20181119 22:30,2660,2660,2660,2660,0,0.0,22,0.0,0,0.0,12,12,2018-11-19 22:30:00
20181119 22:31,2660,2660,2660,2660,0,0.0,22,0.0,0,0.0,13,13,2018-11-19 22:31:00
20181119 22:32,2660,2660,2660,2660,0,0.0,22,0.0,0,0.0,9,9,2018-11-19 22:32:00
20181119 22:33,2660,2660,2660,2660,0,0.0,22,0.0,0,0.0,13,13,2018-11-19 22:33:00
20181119 22:34,2660,2660,2660,2660,0,0.0,22,0.0,0,0.0,7,7,2018-11-19 22:34:00
20181119 22:35,2660,2660,2660,2660,0,0.0,22,0.0,0,0.0,20,20,2018-11-19 22:35:00
20181119 22:36,2660,2660,2660,2660,0,0.0,22,0.0,0,0.0,13,13,2018-11-19 22:36:00
20181119 22:37,2660,2660,2660,2660,0,0.0,22,0.0,0,0.0,11,11,2018-11-19 22:37:00
20181119 22:38,2660,2660,2660,2660,0,0.0,22,0.0,0,0.0,8,8,2018-11-19 22:38:00
20181119 22:39,2660,2660,2660,2660,0,0.0,22,0.0,0,0.0,10,10,2018-11-19 22:39:00
20181119 22:40,2660,2660,2660,2660,0,0.0,22,0.0,0,0.0,17,17,2018-11-19 22:40:00
20181119 22:41,2660,2660,2660,2660,0,0.0,22,0.0,0,0.0,9,9,2018-11-19 22:41:00
20181119 22:42,2660,2660,2660,2660,0,0.0,22,0.0,0,0.0,5,5,2018-11-19 22:42:00
20181119 22:43,2660,2671,2660,2671,2,2.0,24,2.0,5342,5342.0,10,10,2018-11-19 22:43:00
20181119 22:44,2671,2671,2671,2671,2,0.0,24,0.0,5342,0.0,3,3,2018-11-19 22:44:00
20181119 22:45,2671,2671,2671,2671,2,0.0,24,0.0,5342,0.0,4,4,2018-11-19 22:45:00
20181119 22:46,2671,2671,2671,2671,2,0.0,24,0.0,5342,0.0,7,7,2018-11-19 22:46:00
20181119 22:47,2671,2671,2671,2671,2,0.0,24,0.0,5342,0.0,3,3,2018-11-19 22:47:00
20181119 22:48,2671,2671,2671,2671,2,0.0,24,0.0,5342,0.0,1,1,2018-11-19 22:48:00
20181119 22:49,2671,2671,2671,2671,2,0.0,24,0.0,5342,0.0,3,3,2018-11-19 22:49:00
20181119 22:50,2671,2671,2671,2671,2,0.0,24,0.0,5342,0.0,2,2,2018-11-19 22:50:00
20181119 22:51,2671,2671,2671,2671,2,0.0,24,0.0,5342,0.0,5,5,2018-11-19 22:51:00
20181119 22:52,2671,2671,2671,2671,2,0.0,24,0.0,5342,0.0,3,3,2018-11-19 22:52:00
20181119 22:53,2671,2671,2671,2671,2,0.0,24,0.0,5342,0.0,3,3,2018-11-19 22:53:00
20181119 22:54,2671,2671,2671,2671,2,0.0,24,0.0,5342,0.0,12,10,2018-11-19 22:54:00
20181119 22:55,2671,2671,2671,2671,2,0.0,24,0.0,5342,0.0,1,1,2018-11-19 22:55:00
20181119 22:56,2671,2671,2671,2671,2,0.0,24,0.0,5342,0.0,8,7,2018-11-19 22:56:00
20181119 22:58,2671,2671,2671,2671,2,0.0,24,0.0,5342,0.0,1,1,2018-11-19 22:58:00
20181119 22:59,2671,2671,2671,2671,2,0.0,24,0.0,5342,0.0,1,1,2018-11-19 22:59:00
20181119 23:01,2671,2671,2671,2671,2,0.0,24,0.0,5342,0.0,3,3,2018-11-19 23:01:00
20181119 23:02,2671,2671,2671,2671,2,0.0,24,0.0,5342,0.0,2,2,2018-11-19 23:02:00
20181119 23:03,2671,2671,2671,2671,2,0.0,24,0.0,5342,0.0,1,1,2018-11-19 23:03:00
20181119 23:04,2671,2671,2671,2671,2,0.0,24,0.0,5342,0.0,3,3,2018-11-19 23:04:00
20181119 23:05,2671,2671,2671,2671,2,0.0,24,0.0,5342,0.0,7,5,2018-11-19 23:05:00
20181119 23:06,2671,2671,2671,2671,2,0.0,24,0.0,5342,0.0,3,3,2018-11-19 23:06:00
20181119 23:08,2671,2671,2671,2671,2,0.0,24,0.0,5342,0.0,1,1,2018-11-19 23:08:00
20181119 23:10,2671,2671,2671,2671,2,0.0,24,0.0,5342,0.0,1,1,2018-11-19 23:10:00
20181119 23:11,2671,2671,2671,2671,2,0.0,24,0.0,5342,0.0,1,1,2018-11-19 23:11:00
20181119 23:12,2671,2671,2671,2671,2,0.0,24,0.0,5342,0.0,1,1,2018-11-19 23:12:00
20181119 23:14,2671,2671,2671,2671,2,0.0,24,0.0,5342,0.0,1,1,2018-11-19 23:14:00
20181119 23:15,2671,2671,2671,2671,2,0.0,24,0.0,5342,0.0,1,1,2018-11-19 23:15:00
20181119 23:17,2671,2671,2671,2671,2,0.0,24,0.0,5342,0.0,2,2,2018-11-19 23:17:00
20181119 23:19,2671,2671,2671,2671,2,0.0,24,0.0,5342,0.0,4,4,2018-11-19 23:19:00
20181119 23:21,2671,2671,2671,2671,2,0.0,24,0.0,5342,0.0,2,2,2018-11-19 23:21:00
20181119 23:22,2671,2671,2671,2671,2,0.0,24,0.0,5342,0.0,2,2,2018-11-19 23:22:00
20181119 23:23,2671,2671,2671,2671,2,0.0,24,0.0,5342,0.0,2,2,2018-11-19 23:23:00
20181119 23:24,2671,2671,2671,2671,2,0.0,24,0.0,5342,0.0,5,5,2018-11-19 23:24:00
20181119 23:25,2671,2671,2671,2671,2,0.0,24,0.0,5342,0.0,2,2,2018-11-19 23:25:00
20181119 23:27,2671,2671,2671,2671,2,0.0,24,0.0,5342,0.0,3,3,2018-11-19 23:27:00
20181119 23:28,2671,2671,2671,2671,2,0.0,24,0.0,5342,0.0,5,5,2018-11-19 23:28:00
20181119 23:29,2671,2671,2671,2671,2,0.0,24,0.0,5342,0.0,3,3,2018-11-19 23:29:00
20181120 09:00,2671,2671,2671,2671,2,0.0,24,0.0,5342,0.0,43,31,2018-11-20 09:00:00
20181120 09:01,2671,2671,2671,2671,2,0.0,24,0.0,5342,0.0,12,8,2018-11-20 09:01:00
20181120 09:02,2671,2671,2671,2671,2,0.0,24,0.0,5342,0.0,13,10,2018-11-20 09:02:00
20181120 09:03,2671,2671,2671,2671,2,0.0,24,0.0,5342,0.0,8,5,2018-11-20 09:03:00
20181120 09:05,2671,2671,2671,2671,2,0.0,24,0.0,5342,0.0,5,3,2018-11-20 09:05:00
20181120 09:07,2671,2671,2671,2671,2,0.0,24,0.0,5342,0.0,4,2,2018-11-20 09:07:00
20181120 09:08,2671,2671,2671,2671,2,0.0,24,0.0,5342,0.0,13,7,2018-11-20 09:08:00
20181120 09:09,2671,2671,2671,2671,2,0.0,24,0.0,5342,0.0,4,3,2018-11-20 09:09:00
20181120 09:10,2671,2671,2671,2671,2,0.0,24,0.0,5342,0.0,15,10,2018-11-20 09:10:00
20181120 09:11,2671,2671,2671,2671,2,0.0,24,0.0,5342,0.0,17,11,2018-11-20 09:11:00
20181120 09:12,2671,2671,2671,2671,2,0.0,24,0.0,5342,0.0,29,10,2018-11-20 09:12:00
20181120 09:13,2671,2671,2671,2671,2,0.0,24,0.0,5342,0.0,3,2,2018-11-20 09:13:00
20181120 09:14,2671,2671,2671,2671,2,0.0,24,0.0,5342,0.0,8,5,2018-11-20 09:14:00
20181120 09:15,2671,2671,2671,2671,2,0.0,24,0.0,5342,0.0,3,2,2018-11-20 09:15:00
20181120 09:16,2671,2671,2671,2671,2,0.0,24,0.0,5342,0.0,4,2,2018-11-20 09:16:00
20181120 09:17,2671,2671,2671,2671,2,0.0,24,0.0,5342,0.0,5,3,2018-11-20 09:17:00
20181120 09:18,2671,2671,2671,2671,2,0.0,24,0.0,5342,0.0,10,7,2018-11-20 09:18:00
20181120 09:19,2671,2671,2671,2671,2,0.0,24,0.0,5342,0.0,3,2,2018-11-20 09:19:00
20181120 09:22,2671,2671,2671,2671,2,0.0,24,0.0,5342,0.0,2,1,2018-11-20 09:22:00
20181120 09:24,2671,2671,2671,2671,2,0.0,24,0.0,5342,0.0,4,2,2018-11-20 09:24:00
20181120 09:25,2671,2671,2671,2671,2,0.0,24,0.0,5342,0.0,2,1,2018-11-20 09:25:00
20181120 09:26,2671,2671,2671,2671,2,0.0,24,0.0,5342,0.0,2,1,2018-11-20 09:26:00
20181120 09:27,2671,2671,2671,2671,2,0.0,24,0.0,5342,0.0,3,2,2018-11-20 09:27:00
20181120 09:28,2671,2671,2671,2671,2,0.0,24,0.0,5342,0.0,3,2,2018-11-20 09:28:00
20181120 09:29,2671,2671,2671,2671,2,0.0,24,0.0,5342,0.0,7,5,2018-11-20 09:29:00
20181120 09:30,2671,2671,2671,2671,2,0.0,24,0.0,5342,0.0,9,5,2018-11-20 09:30:00
20181120 09:31,2671,2671,2671,2671,2,0.0,24,0.0,5342,0.0,6,3,2018-11-20 09:31:00
20181120 09:32,2671,2671,2671,2671,2,0.0,24,0.0,5342,0.0,3,2,2018-11-20 09:32:00
20181120 09:33,2671,2671,2671,2671,2,0.0,24,0.0,5342,0.0,4,2,2018-11-20 09:33:00
20181120 09:35,2671,2671,2671,2671,2,0.0,24,0.0,5342,0.0,20,8,2018-11-20 09:35:00
20181120 09:36,2671,2671,2671,2671,2,0.0,24,0.0,5342,0.0,8,6,2018-11-20 09:36:00
20181120 09:38,2671,2671,2671,2671,2,0.0,24,0.0,5342,0.0,3,2,2018-11-20 09:38:00
20181120 09:39,2668,2668,2668,2668,4,2.0,24,0.0,10680,5338.0,2,2,2018-11-20 09:39:00
20181120 09:40,2668,2668,2668,2668,4,0.0,24,0.0,10680,0.0,9,6,2018-11-20 09:40:00
20181120 09:41,2668,2668,2668,2668,4,0.0,24,0.0,10680,0.0,1,1,2018-11-20 09:41:00
20181120 09:42,2668,2668,2668,2668,4,0.0,24,0.0,10680,0.0,3,2,2018-11-20 09:42:00
20181120 09:43,2668,2668,2668,2668,4,0.0,24,0.0,10680,0.0,2,1,2018-11-20 09:43:00
20181120 09:44,2668,2668,2668,2668,4,0.0,24,0.0,10680,0.0,11,6,2018-11-20 09:44:00
20181120 09:45,2668,2668,2668,2668,4,0.0,24,0.0,10680,0.0,3,2,2018-11-20 09:45:00
20181120 09:46,2668,2668,2668,2668,4,0.0,24,0.0,10680,0.0,1,1,2018-11-20 09:46:00
20181120 09:47,2668,2668,2668,2668,4,0.0,24,0.0,10680,0.0,2,2,2018-11-20 09:47:00
20181120 09:48,2668,2668,2668,2668,4,0.0,24,0.0,10680,0.0,11,8,2018-11-20 09:48:00
20181120 09:49,2668,2668,2668,2668,4,0.0,24,0.0,10680,0.0,9,6,2018-11-20 09:49:00
20181120 09:50,2668,2668,2668,2668,4,0.0,24,0.0,10680,0.0,5,3,2018-11-20 09:50:00
20181120 09:51,2668,2668,2668,2668,4,0.0,24,0.0,10680,0.0,23,17,2018-11-20 09:51:00
20181120 09:53,2668,2668,2668,2668,4,0.0,24,0.0,10680,0.0,1,1,2018-11-20 09:53:00
20181120 09:55,2668,2668,2668,2668,4,0.0,24,0.0,10680,0.0,9,6,2018-11-20 09:55:00
20181120 09:56,2668,2668,2668,2668,4,0.0,24,0.0,10680,0.0,8,6,2018-11-20 09:56:00
20181120 09:57,2668,2668,2668,2668,4,0.0,24,0.0,10680,0.0,3,2,2018-11-20 09:57:00
20181120 09:59,2668,2668,2668,2668,4,0.0,24,0.0,10680,0.0,1,1,2018-11-20 09:59:00
20181120 10:00,2668,2668,2668,2668,4,0.0,24,0.0,10680,0.0,2,2,2018-11-20 10:00:00
20181120 10:02,2668,2668,2668,2668,4,0.0,24,0.0,10680,0.0,2,2,2018-11-20 10:02:00
20181120 10:06,2668,2668,2668,2668,4,0.0,24,0.0,10680,0.0,3,3,2018-11-20 10:06:00
20181120 10:07,2668,2668,2668,2668,4,0.0,24,0.0,10680,0.0,3,3,2018-11-20 10:07:00
20181120 10:08,2668,2668,2668,2668,4,0.0,24,0.0,10680,0.0,4,3,2018-11-20 10:08:00
20181120 10:09,2668,2668,2668,2668,4,0.0,24,0.0,10680,0.0,4,2,2018-11-20 10:09:00
20181120 10:10,2668,2668,2668,2668,4,0.0,24,0.0,10680,0.0,34,11,2018-11-20 10:10:00
20181120 10:11,2668,2668,2668,2668,4,0.0,24,0.0,10680,0.0,63,26,2018-11-20 10:11:00
20181120 10:12,2668,2668,2668,2668,4,0.0,24,0.0,10680,0.0,26,16,2018-11-20 10:12:00
20181120 10:13,2668,2668,2668,2668,4,0.0,24,0.0,10680,0.0,10,6,2018-11-20 10:13:00
20181120 10:30,2668,2668,2668,2668,4,0.0,24,0.0,10680,0.0,22,14,2018-11-20 10:30:00
20181120 10:31,2668,2668,2668,2668,4,0.0,24,0.0,10680,0.0,4,3,2018-11-20 10:31:00
20181120 10:32,2668,2668,2668,2668,4,0.0,24,0.0,10680,0.0,23,17,2018-11-20 10:32:00
20181120 10:33,2668,2668,2668,2668,4,0.0,24,0.0,10680,0.0,39,37,2018-11-20 10:33:00
20181120 10:34,2668,2668,2668,2668,4,0.0,24,0.0,10680,0.0,32,26,2018-11-20 10:34:00
20181120 10:35,2668,2668,2668,2668,4,0.0,24,0.0,10680,0.0,10,8,2018-11-20 10:35:00
20181120 10:36,2668,2668,2668,2668,4,0.0,24,0.0,10680,0.0,21,16,2018-11-20 10:36:00
20181120 10:37,2668,2668,2668,2668,4,0.0,24,0.0,10680,0.0,13,9,2018-11-20 10:37:00
20181120 10:38,2668,2668,2668,2668,4,0.0,24,0.0,10680,0.0,19,13,2018-11-20 10:38:00
20181120 10:39,2668,2668,2668,2668,4,0.0,24,0.0,10680,0.0,7,5,2018-11-20 10:39:00
20181120 10:40,2668,2668,2668,2668,4,0.0,24,0.0,10680,0.0,9,6,2018-11-20 10:40:00
20181120 10:41,2668,2668,2668,2668,4,0.0,24,0.0,10680,0.0,11,5,2018-11-20 10:41:00
20181120 10:42,2668,2668,2668,2668,4,0.0,24,0.0,10680,0.0,7,4,2018-11-20 10:42:00
20181120 10:43,2668,2668,2668,2668,4,0.0,24,0.0,10680,0.0,2,1,2018-11-20 10:43:00
20181120 10:44,2668,2668,2668,2668,4,0.0,24,0.0,10680,0.0,17,12,2018-11-20 10:44:00
20181120 10:45,2668,2668,2668,2668,4,0.0,24,0.0,10680,0.0,2,2,2018-11-20 10:45:00
20181120 10:46,2668,2668,2668,2668,4,0.0,24,0.0,10680,0.0,2,2,2018-11-20 10:46:00
20181120 10:48,2668,2668,2668,2668,4,0.0,24,0.0,10680,0.0,11,7,2018-11-20 10:48:00
20181120 10:49,2668,2668,2668,2668,4,0.0,24,0.0,10680,0.0,3,2,2018-11-20 10:49:00
20181120 10:50,2668,2668,2668,2668,4,0.0,24,0.0,10680,0.0,3,2,2018-11-20 10:50:00
20181120 10:51,2668,2668,2668,2668,4,0.0,24,0.0,10680,0.0,11,9,2018-11-20 10:51:00
20181120 10:52,2668,2668,2668,2668,4,0.0,24,0.0,10680,0.0,2,2,2018-11-20 10:52:00
20181120 10:53,2668,2668,2668,2668,4,0.0,24,0.0,10680,0.0,4,4,2018-11-20 10:53:00
20181120 10:55,2668,2668,2668,2668,4,0.0,24,0.0,10680,0.0,1,1,2018-11-20 10:55:00
20181120 10:57,2668,2668,2668,2668,4,0.0,24,0.0,10680,0.0,1,1,2018-11-20 10:57:00
20181120 10:58,2668,2668,2668,2668,4,0.0,24,0.0,10680,0.0,9,6,2018-11-20 10:58:00
20181120 10:59,2668,2668,2668,2668,4,0.0,24,0.0,10680,0.0,10,6,2018-11-20 10:59:00
20181120 11:00,2668,2668,2668,2668,4,0.0,24,0.0,10680,0.0,7,5,2018-11-20 11:00:00
20181120 11:01,2668,2668,2668,2668,4,0.0,24,0.0,10680,0.0,4,3,2018-11-20 11:01:00
20181120 11:02,2668,2668,2668,2668,4,0.0,24,0.0,10680,0.0,7,4,2018-11-20 11:02:00
20181120 11:03,2668,2668,2668,2668,4,0.0,24,0.0,10680,0.0,3,3,2018-11-20 11:03:00
20181120 11:04,2668,2668,2668,2668,4,0.0,24,0.0,10680,0.0,42,12,2018-11-20 11:04:00
20181120 11:05,2668,2668,2668,2668,4,0.0,24,0.0,10680,0.0,25,8,2018-11-20 11:05:00
20181120 11:06,2668,2668,2668,2668,4,0.0,24,0.0,10680,0.0,4,3,2018-11-20 11:06:00
20181120 11:07,2668,2668,2668,2668,4,0.0,24,0.0,10680,0.0,3,2,2018-11-20 11:07:00
20181120 11:08,2668,2668,2668,2668,4,0.0,24,0.0,10680,0.0,3,2,2018-11-20 11:08:00
20181120 11:09,2668,2668,2668,2668,4,0.0,24,0.0,10680,0.0,9,6,2018-11-20 11:09:00
20181120 11:10,2668,2668,2668,2668,4,0.0,24,0.0,10680,0.0,11,9,2018-11-20 11:10:00
20181120 11:11,2668,2668,2668,2668,4,0.0,24,0.0,10680,0.0,4,3,2018-11-20 11:11:00
20181120 11:12,2668,2668,2668,2668,4,0.0,24,0.0,10680,0.0,25,20,2018-11-20 11:12:00
20181120 11:13,2668,2668,2668,2668,4,0.0,24,0.0,10680,0.0,4,3,2018-11-20 11:13:00
20181120 11:15,2668,2668,2668,2668,4,0.0,24,0.0,10680,0.0,4,3,2018-11-20 11:15:00
20181120 11:17,2668,2668,2668,2668,4,0.0,24,0.0,10680,0.0,7,5,2018-11-20 11:17:00
20181120 11:19,2668,2668,2668,2668,4,0.0,24,0.0,10680,0.0,6,5,2018-11-20 11:19:00
20181120 11:21,2668,2668,2668,2668,4,0.0,24,0.0,10680,0.0,3,3,2018-11-20 11:21:00
20181120 11:22,2668,2668,2668,2668,4,0.0,24,0.0,10680,0.0,8,8,2018-11-20 11:22:00
20181120 11:23,2668,2668,2668,2668,4,0.0,24,0.0,10680,0.0,18,15,2018-11-20 11:23:00
20181120 11:24,2668,2668,2668,2668,4,0.0,24,0.0,10680,0.0,8,8,2018-11-20 11:24:00
20181120 11:25,2668,2668,2668,2668,4,0.0,24,0.0,10680,0.0,10,10,2018-11-20 11:25:00
20181120 11:26,2668,2668,2668,2668,4,0.0,24,0.0,10680,0.0,18,18,2018-11-20 11:26:00
20181120 11:27,2668,2668,2668,2668,4,0.0,24,0.0,10680,0.0,8,8,2018-11-20 11:27:00
20181120 11:28,2668,2668,2668,2668,4,0.0,24,0.0,10680,0.0,7,7,2018-11-20 11:28:00
20181120 11:29,2668,2668,2668,2668,4,0.0,24,0.0,10680,0.0,10,10,2018-11-20 11:29:00
20181120 13:30,2668,2668,2668,2668,4,0.0,24,0.0,10680,0.0,26,26,2018-11-20 13:30:00
20181120 13:31,2668,2668,2668,2668,4,0.0,24,0.0,10680,0.0,13,13,2018-11-20 13:31:00
20181120 13:32,2668,2668,2668,2668,4,0.0,24,0.0,10680,0.0,14,14,2018-11-20 13:32:00
20181120 13:33,2668,2668,2668,2668,4,0.0,24,0.0,10680,0.0,10,10,2018-11-20 13:33:00
20181120 13:34,2668,2668,2668,2668,4,0.0,24,0.0,10680,0.0,25,25,2018-11-20 13:34:00
20181120 13:35,2668,2668,2668,2668,4,0.0,24,0.0,10680,0.0,12,12,2018-11-20 13:35:00
20181120 13:36,2668,2668,2668,2668,4,0.0,24,0.0,10680,0.0,13,13,2018-11-20 13:36:00
20181120 13:37,2668,2668,2668,2668,4,0.0,24,0.0,10680,0.0,18,18,2018-11-20 13:37:00
20181120 13:38,2668,2668,2668,2668,4,0.0,24,0.0,10680,0.0,4,4,2018-11-20 13:38:00
20181120 13:39,2668,2668,2668,2668,4,0.0,24,0.0,10680,0.0,5,5,2018-11-20 13:39:00
20181120 13:40,2668,2668,2668,2668,4,0.0,24,0.0,10680,0.0,6,6,2018-11-20 13:40:00
20181120 13:41,2668,2668,2668,2668,4,0.0,24,0.0,10680,0.0,6,6,2018-11-20 13:41:00
20181120 13:42,2668,2668,2668,2668,4,0.0,24,0.0,10680,0.0,6,6,2018-11-20 13:42:00
20181120 13:43,2668,2668,2668,2668,4,0.0,24,0.0,10680,0.0,9,9,2018-11-20 13:43:00
20181120 13:44,2668,2668,2668,2668,4,0.0,24,0.0,10680,0.0,17,13,2018-11-20 13:44:00
20181120 13:45,2668,2668,2668,2668,4,0.0,24,0.0,10680,0.0,4,4,2018-11-20 13:45:00
20181120 13:46,2668,2668,2668,2668,4,0.0,24,0.0,10680,0.0,7,7,2018-11-20 13:46:00
20181120 13:47,2668,2668,2668,2668,4,0.0,24,0.0,10680,0.0,2,2,2018-11-20 13:47:00
20181120 13:48,2668,2668,2668,2668,4,0.0,24,0.0,10680,0.0,3,3,2018-11-20 13:48:00
20181120 13:49,2668,2668,2668,2668,4,0.0,24,0.0,10680,0.0,5,5,2018-11-20 13:49:00
20181120 13:50,2668,2668,2668,2668,4,0.0,24,0.0,10680,0.0,11,10,2018-11-20 13:50:00
20181120 13:51,2668,2668,2668,2668,4,0.0,24,0.0,10680,0.0,9,6,2018-11-20 13:51:00
20181120 13:52,2668,2668,2668,2668,4,0.0,24,0.0,10680,0.0,3,2,2018-11-20 13:52:00
20181120 13:53,2668,2668,2668,2668,4,0.0,24,0.0,10680,0.0,14,10,2018-11-20 13:53:00
20181120 13:54,2668,2668,2668,2668,4,0.0,24,0.0,10680,0.0,5,4,2018-11-20 13:54:00
20181120 13:55,2668,2668,2668,2668,4,0.0,24,0.0,10680,0.0,4,3,2018-11-20 13:55:00
20181120 13:56,2668,2668,2668,2668,4,0.0,24,0.0,10680,0.0,8,6,2018-11-20 13:56:00
20181120 13:57,2668,2668,2668,2668,4,0.0,24,0.0,10680,0.0,1,1,2018-11-20 13:57:00
20181120 13:58,2668,2668,2668,2668,4,0.0,24,0.0,10680,0.0,6,6,2018-11-20 13:58:00
20181120 13:59,2668,2668,2668,2668,4,0.0,24,0.0,10680,0.0,3,3,2018-11-20 13:59:00
20181120 14:00,2668,2668,2668,2668,4,0.0,24,0.0,10680,0.0,5,5,2018-11-20 14:00:00
20181120 14:01,2668,2668,2668,2668,4,0.0,24,0.0,10680,0.0,7,7,2018-11-20 14:01:00
20181120 14:02,2668,2668,2668,2668,4,0.0,24,0.0,10680,0.0,1,1,2018-11-20 14:02:00
20181120 14:04,2668,2668,2668,2668,4,0.0,24,0.0,10680,0.0,6,6,2018-11-20 14:04:00
20181120 14:05,2668,2668,2668,2668,4,0.0,24,0.0,10680,0.0,1,1,2018-11-20 14:05:00
20181120 14:06,2668,2668,2668,2668,4,0.0,24,0.0,10680,0.0,10,8,2018-11-20 14:06:00
20181120 14:07,2668,2668,2668,2668,4,0.0,24,0.0,10680,0.0,11,8,2018-11-20 14:07:00
20181120 14:08,2668,2668,2668,2668,4,0.0,24,0.0,10680,0.0,5,3,2018-11-20 14:08:00
20181120 14:09,2668,2668,2668,2668,4,0.0,24,0.0,10680,0.0,10,7,2018-11-20 14:09:00
20181120 14:10,2668,2668,2668,2668,4,0.0,24,0.0,10680,0.0,6,3,2018-11-20 14:10:00
20181120 14:11,2668,2668,2668,2668,4,0.0,24,0.0,10680,0.0,6,4,2018-11-20 14:11:00
20181120 14:12,2668,2668,2668,2668,4,0.0,24,0.0,10680,0.0,22,16,2018-11-20 14:12:00
20181120 14:13,2668,2668,2668,2668,4,0.0,24,0.0,10680,0.0,6,4,2018-11-20 14:13:00
20181120 14:14,2668,2668,2668,2668,4,0.0,24,0.0,10680,0.0,6,4,2018-11-20 14:14:00
20181120 14:15,2668,2668,2668,2668,4,0.0,24,0.0,10680,0.0,7,5,2018-11-20 14:15:00
20181120 14:17,2668,2668,2668,2668,4,0.0,24,0.0,10680,0.0,13,9,2018-11-20 14:17:00
20181120 14:18,2668,2668,2668,2668,4,0.0,24,0.0,10680,0.0,17,11,2018-11-20 14:18:00
20181120 14:19,2668,2668,2668,2668,4,0.0,24,0.0,10680,0.0,4,4,2018-11-20 14:19:00
20181120 14:20,2668,2668,2668,2668,4,0.0,24,0.0,10680,0.0,3,3,2018-11-20 14:20:00
20181120 14:21,2668,2668,2668,2668,4,0.0,24,0.0,10680,0.0,19,13,2018-11-20 14:21:00
20181120 14:22,2668,2668,2668,2668,4,0.0,24,0.0,10680,0.0,10,8,2018-11-20 14:22:00
20181120 14:24,2668,2668,2668,2668,4,0.0,24,0.0,10680,0.0,13,9,2018-11-20 14:24:00
20181120 14:26,2668,2668,2668,2668,4,0.0,24,0.0,10680,0.0,1,1,2018-11-20 14:26:00
20181120 14:28,2668,2668,2668,2668,4,0.0,24,0.0,10680,0.0,2,1,2018-11-20 14:28:00
20181120 14:29,2668,2668,2668,2668,4,0.0,24,0.0,10680,0.0,27,12,2018-11-20 14:29:00
20181120 14:30,2668,2668,2668,2668,4,0.0,24,0.0,10680,0.0,3,3,2018-11-20 14:30:00
20181120 14:32,2668,2668,2668,2668,4,0.0,24,0.0,10680,0.0,2,1,2018-11-20 14:32:00
20181120 14:33,2668,2668,2668,2668,4,0.0,24,0.0,10680,0.0,15,10,2018-11-20 14:33:00
20181120 14:34,2668,2668,2668,2668,4,0.0,24,0.0,10680,0.0,16,12,2018-11-20 14:34:00
20181120 14:35,2668,2668,2668,2668,4,0.0,24,0.0,10680,0.0,5,4,2018-11-20 14:35:00
20181120 14:36,2668,2668,2668,2668,4,0.0,24,0.0,10680,0.0,24,16,2018-11-20 14:36:00
20181120 14:37,2668,2668,2668,2668,4,0.0,24,0.0,10680,0.0,8,5,2018-11-20 14:37:00
20181120 14:38,2668,2668,2668,2668,4,0.0,24,0.0,10680,0.0,30,21,2018-11-20 14:38:00
20181120 14:39,2668,2668,2668,2668,4,0.0,24,0.0,10680,0.0,23,22,2018-11-20 14:39:00
20181120 14:40,2668,2668,2668,2668,4,0.0,24,0.0,10680,0.0,9,11,2018-11-20 14:40:00
20181120 14:41,2668,2668,2668,2668,4,0.0,24,0.0,10680,0.0,33,33,2018-11-20 14:41:00
20181120 14:42,2668,2668,2668,2668,4,0.0,24,0.0,10680,0.0,20,20,2018-11-20 14:42:00
20181120 14:43,2668,2668,2668,2668,4,0.0,24,0.0,10680,0.0,26,31,2018-11-20 14:43:00
20181120 14:44,2668,2668,2668,2668,4,0.0,24,0.0,10680,0.0,23,23,2018-11-20 14:44:00
20181120 14:45,2668,2668,2668,2668,4,0.0,24,0.0,10680,0.0,21,21,2018-11-20 14:45:00
20181120 14:46,2668,2668,2668,2668,4,0.0,24,0.0,10680,0.0,8,8,2018-11-20 14:46:00
20181120 14:47,2668,2668,2668,2668,4,0.0,24,0.0,10680,0.0,15,15,2018-11-20 14:47:00
20181120 14:48,2668,2668,2668,2668,4,0.0,24,0.0,10680,0.0,20,20,2018-11-20 14:48:00
20181120 14:49,2668,2668,2668,2668,4,0.0,24,0.0,10680,0.0,12,17,2018-11-20 14:49:00
20181120 14:50,2668,2668,2668,2668,4,0.0,24,0.0,10680,0.0,12,12,2018-11-20 14:50:00
20181120 14:51,2668,2668,2668,2668,4,0.0,24,0.0,10680,0.0,10,12,2018-11-20 14:51:00
20181120 14:52,2668,2668,2668,2668,4,0.0,24,0.0,10680,0.0,11,13,2018-11-20 14:52:00
20181120 14:53,2668,2668,2668,2668,4,0.0,24,0.0,10680,0.0,10,10,2018-11-20 14:53:00
20181120 14:54,2668,2668,2668,2668,4,0.0,24,0.0,10680,0.0,11,17,2018-11-20 14:54:00
20181120 14:55,2668,2668,2668,2668,4,0.0,24,0.0,10680,0.0,8,14,2018-11-20 14:55:00
20181120 14:56,2668,2668,2668,2668,4,0.0,24,0.0,10680,0.0,6,6,2018-11-20 14:56:00
20181120 14:57,2668,2668,2668,2668,4,0.0,24,0.0,10680,0.0,6,6,2018-11-20 14:57:00
20181120 14:58,2668,2668,2668,2668,4,0.0,24,0.0,10680,0.0,9,15,2018-11-20 14:58:00
20181120 14:59,2668,2668,2668,2668,4,0.0,24,0.0,10680,0.0,27,39,2018-11-20 14:59:00
20181120 20:59,2668,2668,2668,2668,0,0.0,24,0.0,0,0.0,0,1,2018-11-20 20:59:00
20181120 21:00,2668,2668,2668,2668,0,0.0,24,0.0,0,0.0,198,26,2018-11-20 21:00:00
20181120 21:01,2668,2668,2668,2668,0,0.0,24,0.0,0,0.0,55,25,2018-11-20 21:01:00
20181120 21:02,2668,2668,2668,2668,0,0.0,24,0.0,0,0.0,23,29,2018-11-20 21:02:00
20181120 21:03,2668,2668,2668,2668,0,0.0,24,0.0,0,0.0,28,35,2018-11-20 21:03:00
20181120 21:04,2668,2668,2651,2651,2,2.0,22,-2.0,5302,5302.0,19,19,2018-11-20 21:04:00
20181120 21:05,2651,2651,2651,2651,2,0.0,22,0.0,5302,0.0,16,13,2018-11-20 21:05:00
20181120 21:06,2651,2651,2651,2651,2,0.0,22,0.0,5302,0.0,5,5,2018-11-20 21:06:00
20181120 21:07,2651,2651,2651,2651,2,0.0,22,0.0,5302,0.0,6,6,2018-11-20 21:07:00
20181120 21:08,2651,2651,2651,2651,2,0.0,22,0.0,5302,0.0,6,5,2018-11-20 21:08:00
20181120 21:09,2651,2651,2651,2651,2,0.0,22,0.0,5302,0.0,4,4,2018-11-20 21:09:00
20181120 21:10,2651,2651,2651,2651,2,0.0,22,0.0,5302,0.0,9,9,2018-11-20 21:10:00
20181120 21:11,2651,2651,2651,2651,2,0.0,22,0.0,5302,0.0,6,6,2018-11-20 21:11:00
20181120 21:12,2651,2651,2651,2651,2,0.0,22,0.0,5302,0.0,2,2,2018-11-20 21:12:00
20181120 21:13,2651,2651,2651,2651,2,0.0,22,0.0,5302,0.0,16,14,2018-11-20 21:13:00
20181120 21:14,2651,2651,2651,2651,2,0.0,22,0.0,5302,0.0,27,20,2018-11-20 21:14:00
20181120 21:15,2651,2651,2651,2651,2,0.0,22,0.0,5302,0.0,24,22,2018-11-20 21:15:00
20181120 21:16,2651,2651,2651,2651,2,0.0,22,0.0,5302,0.0,10,10,2018-11-20 21:16:00
20181120 21:17,2651,2651,2651,2651,2,0.0,22,0.0,5302,0.0,11,11,2018-11-20 21:17:00
20181120 21:18,2651,2651,2651,2651,2,0.0,22,0.0,5302,0.0,9,9,2018-11-20 21:18:00
20181120 21:19,2651,2651,2651,2651,2,0.0,22,0.0,5302,0.0,2,2,2018-11-20 21:19:00
20181120 21:20,2651,2651,2651,2651,2,0.0,22,0.0,5302,0.0,8,8,2018-11-20 21:20:00
20181120 21:21,2651,2651,2651,2651,2,0.0,22,0.0,5302,0.0,7,7,2018-11-20 21:21:00
20181120 21:22,2651,2651,2651,2651,2,0.0,22,0.0,5302,0.0,9,8,2018-11-20 21:22:00
20181120 21:23,2651,2651,2651,2651,2,0.0,22,0.0,5302,0.0,3,3,2018-11-20 21:23:00
20181120 21:24,2651,2651,2651,2651,2,0.0,22,0.0,5302,0.0,4,4,2018-11-20 21:24:00
20181120 21:25,2651,2651,2651,2651,2,0.0,22,0.0,5302,0.0,2,2,2018-11-20 21:25:00
20181120 21:26,2651,2651,2651,2651,2,0.0,22,0.0,5302,0.0,11,9,2018-11-20 21:26:00
20181120 21:27,2651,2651,2651,2651,2,0.0,22,0.0,5302,0.0,4,4,2018-11-20 21:27:00
20181120 21:28,2651,2651,2651,2651,2,0.0,22,0.0,5302,0.0,2,2,2018-11-20 21:28:00
20181120 21:29,2651,2651,2651,2651,2,0.0,22,0.0,5302,0.0,4,4,2018-11-20 21:29:00
20181120 21:30,2651,2651,2651,2651,2,0.0,22,0.0,5302,0.0,3,3,2018-11-20 21:30:00
20181120 21:31,2651,2651,2651,2651,2,0.0,22,0.0,5302,0.0,9,7,2018-11-20 21:31:00
20181120 21:32,2651,2651,2651,2651,2,0.0,22,0.0,5302,0.0,5,3,2018-11-20 21:32:00
20181120 21:33,2651,2651,2651,2651,2,0.0,22,0.0,5302,0.0,29,26,2018-11-20 21:33:00
20181120 21:34,2651,2651,2651,2651,2,0.0,22,0.0,5302,0.0,20,14,2018-11-20 21:34:00
20181120 21:35,2651,2651,2651,2651,2,0.0,22,0.0,5302,0.0,6,5,2018-11-20 21:35:00
20181120 21:36,2651,2651,2651,2651,2,0.0,22,0.0,5302,0.0,16,15,2018-11-20 21:36:00
20181120 21:37,2651,2651,2651,2651,2,0.0,22,0.0,5302,0.0,12,12,2018-11-20 21:37:00
20181120 21:38,2651,2651,2651,2651,2,0.0,22,0.0,5302,0.0,4,4,2018-11-20 21:38:00
20181120 21:39,2651,2651,2651,2651,2,0.0,22,0.0,5302,0.0,8,7,2018-11-20 21:39:00
20181120 21:40,2651,2651,2651,2651,2,0.0,22,0.0,5302,0.0,14,11,2018-11-20 21:40:00
20181120 21:41,2651,2651,2651,2651,2,0.0,22,0.0,5302,0.0,15,11,2018-11-20 21:41:00
20181120 21:42,2651,2651,2651,2651,2,0.0,22,0.0,5302,0.0,9,9,2018-11-20 21:42:00
20181120 21:43,2651,2651,2651,2651,2,0.0,22,0.0,5302,0.0,20,13,2018-11-20 21:43:00
20181120 21:44,2651,2651,2651,2651,2,0.0,22,0.0,5302,0.0,6,5,2018-11-20 21:44:00
20181120 21:45,2651,2651,2651,2651,2,0.0,22,0.0,5302,0.0,5,5,2018-11-20 21:45:00
20181120 21:46,2651,2651,2651,2651,2,0.0,22,0.0,5302,0.0,20,14,2018-11-20 21:46:00
20181120 21:47,2651,2651,2651,2651,2,0.0,22,0.0,5302,0.0,10,7,2018-11-20 21:47:00
20181120 21:48,2651,2651,2651,2651,2,0.0,22,0.0,5302,0.0,9,6,2018-11-20 21:48:00
20181120 21:49,2651,2651,2651,2651,2,0.0,22,0.0,5302,0.0,4,4,2018-11-20 21:49:00
20181120 21:50,2651,2651,2651,2651,2,0.0,22,0.0,5302,0.0,3,3,2018-11-20 21:50:00
20181120 21:51,2651,2651,2651,2651,2,0.0,22,0.0,5302,0.0,5,5,2018-11-20 21:51:00
20181120 21:52,2651,2651,2651,2651,2,0.0,22,0.0,5302,0.0,4,4,2018-11-20 21:52:00
20181120 21:53,2651,2651,2651,2651,2,0.0,22,0.0,5302,0.0,2,3,2018-11-20 21:53:00
20181120 21:54,2651,2651,2651,2651,2,0.0,22,0.0,5302,0.0,1,1,2018-11-20 21:54:00
20181120 21:55,2651,2651,2651,2651,2,0.0,22,0.0,5302,0.0,4,6,2018-11-20 21:55:00
20181120 21:56,2651,2651,2651,2651,2,0.0,22,0.0,5302,0.0,2,2,2018-11-20 21:56:00
20181120 21:57,2651,2651,2651,2651,2,0.0,22,0.0,5302,0.0,11,9,2018-11-20 21:57:00
20181120 21:58,2651,2651,2651,2651,2,0.0,22,0.0,5302,0.0,10,7,2018-11-20 21:58:00
20181120 21:59,2651,2651,2651,2651,2,0.0,22,0.0,5302,0.0,10,8,2018-11-20 21:59:00
20181120 22:00,2651,2651,2651,2651,2,0.0,22,0.0,5302,0.0,4,3,2018-11-20 22:00:00
20181120 22:04,2651,2651,2651,2651,2,0.0,22,0.0,5302,0.0,2,2,2018-11-20 22:04:00
20181120 22:05,2651,2651,2651,2651,2,0.0,22,0.0,5302,0.0,1,1,2018-11-20 22:05:00
20181120 22:06,2651,2651,2651,2651,2,0.0,22,0.0,5302,0.0,10,7,2018-11-20 22:06:00
20181120 22:07,2651,2651,2651,2651,2,0.0,22,0.0,5302,0.0,15,14,2018-11-20 22:07:00
20181120 22:08,2651,2651,2651,2651,2,0.0,22,0.0,5302,0.0,8,8,2018-11-20 22:08:00
20181120 22:09,2651,2651,2651,2651,2,0.0,22,0.0,5302,0.0,12,12,2018-11-20 22:09:00
20181120 22:10,2651,2651,2651,2651,2,0.0,22,0.0,5302,0.0,19,14,2018-11-20 22:10:00
20181120 22:11,2651,2651,2651,2651,2,0.0,22,0.0,5302,0.0,14,13,2018-11-20 22:11:00
20181120 22:12,2651,2651,2651,2651,2,0.0,22,0.0,5302,0.0,16,12,2018-11-20 22:12:00
20181120 22:13,2651,2651,2651,2651,2,0.0,22,0.0,5302,0.0,33,28,2018-11-20 22:13:00
20181120 22:14,2651,2651,2651,2651,2,0.0,22,0.0,5302,0.0,25,21,2018-11-20 22:14:00
20181120 22:15,2651,2651,2651,2651,2,0.0,22,0.0,5302,0.0,19,15,2018-11-20 22:15:00
20181120 22:16,2651,2651,2651,2651,2,0.0,22,0.0,5302,0.0,19,14,2018-11-20 22:16:00
20181120 22:17,2651,2651,2651,2651,2,0.0,22,0.0,5302,0.0,8,6,2018-11-20 22:17:00
20181120 22:18,2651,2651,2651,2651,2,0.0,22,0.0,5302,0.0,10,8,2018-11-20 22:18:00
20181120 22:19,2651,2651,2651,2651,2,0.0,22,0.0,5302,0.0,9,8,2018-11-20 22:19:00
20181120 22:20,2651,2651,2651,2651,2,0.0,22,0.0,5302,0.0,7,6,2018-11-20 22:20:00
20181120 22:21,2651,2651,2651,2651,2,0.0,22,0.0,5302,0.0,10,7,2018-11-20 22:21:00
20181120 22:22,2651,2651,2651,2651,2,0.0,22,0.0,5302,0.0,12,8,2018-11-20 22:22:00
20181120 22:23,2651,2651,2651,2651,2,0.0,22,0.0,5302,0.0,2,2,2018-11-20 22:23:00
20181120 22:24,2651,2651,2651,2651,2,0.0,22,0.0,5302,0.0,5,4,2018-11-20 22:24:00
20181120 22:25,2651,2651,2651,2651,2,0.0,22,0.0,5302,0.0,10,9,2018-11-20 22:25:00
20181120 22:26,2651,2651,2651,2651,2,0.0,22,0.0,5302,0.0,15,10,2018-11-20 22:26:00
20181120 22:27,2651,2651,2651,2651,2,0.0,22,0.0,5302,0.0,8,6,2018-11-20 22:27:00
20181120 22:28,2651,2651,2651,2651,2,0.0,22,0.0,5302,0.0,10,9,2018-11-20 22:28:00
20181120 22:29,2651,2651,2651,2651,2,0.0,22,0.0,5302,0.0,5,5,2018-11-20 22:29:00
20181120 22:30,2651,2651,2651,2651,2,0.0,22,0.0,5302,0.0,10,10,2018-11-20 22:30:00
20181120 22:31,2651,2651,2651,2651,2,0.0,22,0.0,5302,0.0,27,27,2018-11-20 22:31:00
20181120 22:32,2651,2651,2651,2651,2,0.0,22,0.0,5302,0.0,26,24,2018-11-20 22:32:00
20181120 22:33,2651,2651,2651,2651,2,0.0,22,0.0,5302,0.0,14,10,2018-11-20 22:33:00
20181120 22:34,2651,2651,2651,2651,2,0.0,22,0.0,5302,0.0,1,1,2018-11-20 22:34:00
20181120 22:35,2651,2651,2651,2651,2,0.0,22,0.0,5302,0.0,10,10,2018-11-20 22:35:00
20181120 22:36,2651,2651,2651,2651,2,0.0,22,0.0,5302,0.0,12,12,2018-11-20 22:36:00
20181120 22:37,2651,2651,2651,2651,2,0.0,22,0.0,5302,0.0,20,17,2018-11-20 22:37:00
20181120 22:38,2651,2651,2651,2651,2,0.0,22,0.0,5302,0.0,16,11,2018-11-20 22:38:00
20181120 22:39,2651,2651,2651,2651,2,0.0,22,0.0,5302,0.0,14,11,2018-11-20 22:39:00
20181120 22:40,2651,2651,2651,2651,2,0.0,22,0.0,5302,0.0,22,18,2018-11-20 22:40:00
20181120 22:41,2651,2651,2651,2651,2,0.0,22,0.0,5302,0.0,13,13,2018-11-20 22:41:00
20181120 22:42,2651,2651,2651,2651,2,0.0,22,0.0,5302,0.0,28,19,2018-11-20 22:42:00
20181120 22:43,2651,2651,2651,2651,2,0.0,22,0.0,5302,0.0,22,15,2018-11-20 22:43:00
20181120 22:44,2651,2651,2621,2621,4,2.0,22,0.0,10544,5242.0,33,16,2018-11-20 22:44:00
20181120 22:45,2621,2621,2621,2621,4,0.0,22,0.0,10544,0.0,12,9,2018-11-20 22:45:00
20181120 22:46,2621,2621,2621,2621,4,0.0,22,0.0,10544,0.0,8,6,2018-11-20 22:46:00
20181120 22:47,2621,2621,2621,2621,4,0.0,22,0.0,10544,0.0,18,13,2018-11-20 22:47:00
20181120 22:48,2621,2621,2621,2621,4,0.0,22,0.0,10544,0.0,31,22,2018-11-20 22:48:00
20181120 22:49,2621,2621,2621,2621,4,0.0,22,0.0,10544,0.0,18,11,2018-11-20 22:49:00
20181120 22:50,2621,2621,2621,2621,4,0.0,22,0.0,10544,0.0,7,5,2018-11-20 22:50:00
20181120 22:51,2621,2621,2621,2621,4,0.0,22,0.0,10544,0.0,31,20,2018-11-20 22:51:00
20181120 22:52,2621,2621,2621,2621,4,0.0,22,0.0,10544,0.0,24,18,2018-11-20 22:52:00
20181120 22:53,2621,2621,2621,2621,4,0.0,22,0.0,10544,0.0,22,16,2018-11-20 22:53:00
20181120 22:54,2621,2621,2621,2621,4,0.0,22,0.0,10544,0.0,23,22,2018-11-20 22:54:00
20181120 22:55,2621,2621,2621,2621,4,0.0,22,0.0,10544,0.0,19,19,2018-11-20 22:55:00
20181120 22:56,2621,2621,2621,2621,4,0.0,22,0.0,10544,0.0,30,30,2018-11-20 22:56:00
20181120 22:57,2621,2621,2621,2621,4,0.0,22,0.0,10544,0.0,25,25,2018-11-20 22:57:00
20181120 22:58,2621,2621,2621,2621,4,0.0,22,0.0,10544,0.0,22,22,2018-11-20 22:58:00
20181120 22:59,2621,2621,2610,2610,6,2.0,22,0.0,15762,5218.0,60,41,2018-11-20 22:59:00
20181120 23:00,2610,2610,2610,2610,6,0.0,22,0.0,15762,0.0,34,16,2018-11-20 23:00:00
20181120 23:01,2610,2610,2610,2610,6,0.0,22,0.0,15762,0.0,46,29,2018-11-20 23:01:00
20181120 23:02,2610,2610,2610,2610,6,0.0,22,0.0,15762,0.0,35,33,2018-11-20 23:02:00
20181120 23:03,2610,2610,2610,2610,6,0.0,22,0.0,15762,0.0,50,41,2018-11-20 23:03:00
20181120 23:04,2610,2610,2610,2610,6,0.0,22,0.0,15762,0.0,93,79,2018-11-20 23:04:00
20181120 23:05,2610,2610,2610,2610,6,0.0,22,0.0,15762,0.0,77,61,2018-11-20 23:05:00
20181120 23:06,2610,2610,2610,2610,6,0.0,22,0.0,15762,0.0,70,78,2018-11-20 23:06:00
20181120 23:07,2610,2610,2610,2610,6,0.0,22,0.0,15762,0.0,43,36,2018-11-20 23:07:00
20181120 23:08,2610,2610,2610,2610,6,0.0,22,0.0,15762,0.0,41,40,2018-11-20 23:08:00
20181120 23:09,2610,2610,2610,2610,6,0.0,22,0.0,15762,0.0,58,56,2018-11-20 23:09:00
20181120 23:10,2610,2610,2610,2610,6,0.0,22,0.0,15762,0.0,60,39,2018-11-20 23:10:00
20181120 23:11,2610,2610,2610,2610,6,0.0,22,0.0,15762,0.0,143,50,2018-11-20 23:11:00
20181120 23:12,2610,2610,2610,2610,6,0.0,22,0.0,15762,0.0,77,31,2018-11-20 23:12:00
20181120 23:13,2610,2610,2610,2610,6,0.0,22,0.0,15762,0.0,47,16,2018-11-20 23:13:00
20181120 23:14,2610,2610,2571,2571,8,2.0,20,-2.0,20904,5142.0,44,16,2018-11-20 23:14:00
20181120 23:15,2571,2571,2571,2571,8,0.0,20,0.0,20904,0.0,86,31,2018-11-20 23:15:00
20181120 23:16,2571,2571,2536,2536,14,6.0,16,-4.0,36176,15272.0,32,11,2018-11-20 23:16:00
20181120 23:23,2536,2536,2536,2536,16,2.0,14,-2.0,41248,5072.0,3,0,2018-11-20 23:23:00
20181120 23:24,2536,2536,2536,2536,22,6.0,14,0.0,56474,15226.0,14,0,2018-11-20 23:24:00
20181120 23:25,2536,2536,2536,2536,22,0.0,14,0.0,56474,0.0,17,18,2018-11-20 23:25:00
20181120 23:26,2536,2536,2536,2536,22,0.0,14,0.0,56474,0.0,11,8,2018-11-20 23:26:00
20181120 23:27,2536,2536,2536,2536,22,0.0,14,0.0,56474,0.0,13,5,2018-11-20 23:27:00
20181120 23:28,2536,2536,2536,2536,22,0.0,14,0.0,56474,0.0,30,13,2018-11-20 23:28:00
20181120 23:29,2536,2536,2536,2536,22,0.0,14,0.0,56474,0.0,49,21,2018-11-20 23:29:00
20181121 09:00,2536,2536,2536,2536,22,0.0,14,0.0,56474,0.0,47,81,2018-11-21 09:00:00
20181121 09:01,2536,2536,2536,2536,22,0.0,14,0.0,56474,0.0,19,0,2018-11-21 09:01:00
20181121 09:02,2536,2536,2536,2536,22,0.0,14,0.0,56474,0.0,10,37,2018-11-21 09:02:00
20181121 09:03,2536,2536,2536,2536,22,0.0,14,0.0,56474,0.0,23,60,2018-11-21 09:03:00
20181121 09:04,2536,2536,2536,2536,22,0.0,14,0.0,56474,0.0,10,0,2018-11-21 09:04:00
20181121 09:05,2536,2536,2536,2536,22,0.0,14,0.0,56474,0.0,10,0,2018-11-21 09:05:00
20181121 09:06,2536,2536,2536,2536,22,0.0,14,0.0,56474,0.0,5,0,2018-11-21 09:06:00
20181121 09:07,2536,2536,2536,2536,22,0.0,14,0.0,56474,0.0,4,0,2018-11-21 09:07:00
20181121 09:08,2536,2536,2536,2536,22,0.0,14,0.0,56474,0.0,37,106,2018-11-21 09:08:00
20181121 09:09,2536,2536,2536,2536,22,0.0,14,0.0,56474,0.0,29,56,2018-11-21 09:09:00
20181121 09:10,2536,2536,2536,2536,22,0.0,14,0.0,56474,0.0,11,43,2018-11-21 09:10:00
20181121 09:11,2536,2536,2536,2536,22,0.0,14,0.0,56474,0.0,14,44,2018-11-21 09:11:00
20181121 09:12,2536,2536,2536,2536,22,0.0,14,0.0,56474,0.0,10,24,2018-11-21 09:12:00
20181121 09:13,2536,2576,2536,2576,24,2.0,16,2.0,61632,5158.0,12,24,2018-11-21 09:13:00
20181121 09:14,2576,2576,2576,2576,24,0.0,16,0.0,61632,0.0,45,24,2018-11-21 09:14:00
20181121 09:15,2576,2576,2576,2576,24,0.0,16,0.0,61632,0.0,41,44,2018-11-21 09:15:00
20181121 09:16,2576,2576,2576,2576,24,0.0,16,0.0,61632,0.0,33,32,2018-11-21 09:16:00
20181121 09:17,2576,2576,2576,2576,24,0.0,16,0.0,61632,0.0,22,16,2018-11-21 09:17:00
20181121 09:18,2576,2576,2576,2576,24,0.0,16,0.0,61632,0.0,25,11,2018-11-21 09:18:00
20181121 09:21,2576,2576,2576,2576,24,0.0,16,0.0,61632,0.0,65,43,2018-11-21 09:21:00
20181121 09:22,2576,2576,2576,2576,24,0.0,16,0.0,61632,0.0,108,53,2018-11-21 09:22:00
20181121 09:23,2576,2576,2576,2576,24,0.0,16,0.0,61632,0.0,79,61,2018-11-21 09:23:00
20181121 09:24,2576,2576,2576,2576,24,0.0,16,0.0,61632,0.0,45,60,2018-11-21 09:24:00
20181121 09:25,2576,2576,2576,2576,24,0.0,16,0.0,61632,0.0,10,16,2018-11-21 09:25:00
20181121 09:26,2576,2576,2576,2576,24,0.0,16,0.0,61632,0.0,41,19,2018-11-21 09:26:00
20181121 09:27,2576,2576,2576,2576,24,0.0,16,0.0,61632,0.0,55,77,2018-11-21 09:27:00
20181121 09:28,2576,2576,2576,2576,24,0.0,16,0.0,61632,0.0,17,29,2018-11-21 09:28:00
20181121 09:29,2576,2576,2576,2576,24,0.0,16,0.0,61632,0.0,45,22,2018-11-21 09:29:00
20181121 09:30,2576,2576,2576,2576,24,0.0,16,0.0,61632,0.0,7,8,2018-11-21 09:30:00
20181121 09:31,2576,2576,2576,2576,24,0.0,16,0.0,61632,0.0,13,13,2018-11-21 09:31:00
20181121 09:32,2576,2576,2576,2576,24,0.0,16,0.0,61632,0.0,3,1,2018-11-21 09:32:00
20181121 09:34,2576,2576,2576,2576,24,0.0,16,0.0,61632,0.0,3,2,2018-11-21 09:34:00
20181121 09:35,2576,2594,2576,2594,26,2.0,16,0.0,66820,5188.0,10,6,2018-11-21 09:35:00
20181121 09:39,2594,2594,2594,2594,26,0.0,16,0.0,66820,0.0,17,10,2018-11-21 09:39:00
20181121 09:40,2594,2594,2594,2594,26,0.0,16,0.0,66820,0.0,48,72,2018-11-21 09:40:00
20181121 09:41,2594,2594,2594,2594,26,0.0,16,0.0,66820,0.0,50,88,2018-11-21 09:41:00
20181121 09:42,2594,2594,2594,2594,26,0.0,16,0.0,66820,0.0,60,76,2018-11-21 09:42:00
20181121 09:43,2594,2594,2594,2594,26,0.0,16,0.0,66820,0.0,52,68,2018-11-21 09:43:00
20181121 09:44,2594,2594,2594,2594,26,0.0,16,0.0,66820,0.0,48,67,2018-11-21 09:44:00
20181121 09:45,2594,2594,2594,2594,26,0.0,16,0.0,66820,0.0,34,48,2018-11-21 09:45:00
20181121 09:46,2594,2594,2594,2594,26,0.0,16,0.0,66820,0.0,21,24,2018-11-21 09:46:00
20181121 09:47,2594,2594,2594,2594,26,0.0,16,0.0,66820,0.0,65,72,2018-11-21 09:47:00
20181121 09:48,2594,2594,2594,2594,26,0.0,16,0.0,66820,0.0,6,12,2018-11-21 09:48:00
20181121 09:49,2594,2594,2594,2594,26,0.0,16,0.0,66820,0.0,15,11,2018-11-21 09:49:00
20181121 09:50,2594,2594,2594,2594,26,0.0,16,0.0,66820,0.0,3,4,2018-11-21 09:50:00
20181121 09:51,2594,2594,2594,2594,26,0.0,16,0.0,66820,0.0,11,17,2018-11-21 09:51:00
20181121 09:52,2594,2594,2594,2594,26,0.0,16,0.0,66820,0.0,3,4,2018-11-21 09:52:00
20181121 09:53,2594,2594,2594,2594,26,0.0,16,0.0,66820,0.0,3,1,2018-11-21 09:53:00
20181121 09:54,2594,2594,2594,2594,26,0.0,16,0.0,66820,0.0,9,7,2018-11-21 09:54:00
20181121 09:55,2594,2594,2594,2594,26,0.0,16,0.0,66820,0.0,9,8,2018-11-21 09:55:00
20181121 09:56,2594,2594,2594,2594,26,0.0,16,0.0,66820,0.0,5,4,2018-11-21 09:56:00
20181121 09:57,2594,2594,2594,2594,26,0.0,16,0.0,66820,0.0,5,4,2018-11-21 09:57:00
20181121 09:58,2594,2594,2594,2594,26,0.0,16,0.0,66820,0.0,6,8,2018-11-21 09:58:00
20181121 10:00,2594,2594,2594,2594,26,0.0,16,0.0,66820,0.0,5,2,2018-11-21 10:00:00
20181121 10:01,2594,2594,2594,2594,26,0.0,16,0.0,66820,0.0,7,2,2018-11-21 10:01:00
20181121 10:02,2594,2594,2594,2594,26,0.0,16,0.0,66820,0.0,13,6,2018-11-21 10:02:00
20181121 10:09,2594,2594,2594,2594,26,0.0,16,0.0,66820,0.0,8,4,2018-11-21 10:09:00
20181121 10:10,2594,2594,2594,2594,26,0.0,16,0.0,66820,0.0,19,15,2018-11-21 10:10:00
20181121 10:11,2594,2594,2594,2594,26,0.0,16,0.0,66820,0.0,20,42,2018-11-21 10:11:00
20181121 10:12,2594,2594,2594,2594,26,0.0,16,0.0,66820,0.0,42,56,2018-11-21 10:12:00
20181121 10:13,2594,2594,2594,2594,26,0.0,16,0.0,66820,0.0,42,13,2018-11-21 10:13:00
20181121 10:14,2594,2594,2594,2594,26,0.0,16,0.0,66820,0.0,15,14,2018-11-21 10:14:00
20181121 10:30,2594,2594,2594,2594,26,0.0,16,0.0,66820,0.0,14,16,2018-11-21 10:30:00
20181121 10:31,2594,2594,2594,2594,26,0.0,16,0.0,66820,0.0,37,11,2018-11-21 10:31:00
20181121 10:32,2594,2594,2594,2594,26,0.0,16,0.0,66820,0.0,50,16,2018-11-21 10:32:00
20181121 10:33,2594,2594,2594,2594,26,0.0,16,0.0,66820,0.0,17,6,2018-11-21 10:33:00
20181121 10:34,2594,2594,2594,2594,26,0.0,16,0.0,66820,0.0,17,6,2018-11-21 10:34:00
20181121 10:36,2594,2594,2594,2594,26,0.0,16,0.0,66820,0.0,7,2,2018-11-21 10:36:00
20181121 10:37,2594,2594,2594,2594,26,0.0,16,0.0,66820,0.0,7,2,2018-11-21 10:37:00
20181121 10:39,2594,2594,2594,2594,26,0.0,16,0.0,66820,0.0,7,2,2018-11-21 10:39:00
20181121 10:41,2594,2594,2594,2594,26,0.0,16,0.0,66820,0.0,4,1,2018-11-21 10:41:00
20181121 10:42,2594,2594,2594,2594,26,0.0,16,0.0,66820,0.0,3,1,2018-11-21 10:42:00
20181121 10:44,2594,2594,2594,2594,26,0.0,16,0.0,66820,0.0,14,4,2018-11-21 10:44:00
20181121 10:51,2594,2594,2594,2594,26,0.0,16,0.0,66820,0.0,4,1,2018-11-21 10:51:00
20181121 10:52,2594,2594,2594,2594,26,0.0,16,0.0,66820,0.0,11,5,2018-11-21 10:52:00
20181121 10:53,2594,2594,2594,2594,26,0.0,16,0.0,66820,0.0,31,10,2018-11-21 10:53:00
20181121 10:54,2594,2594,2594,2594,26,0.0,16,0.0,66820,0.0,17,5,2018-11-21 10:54:00
20181121 10:55,2594,2594,2594,2594,26,0.0,16,0.0,66820,0.0,14,4,2018-11-21 10:55:00
20181121 10:56,2594,2594,2594,2594,26,0.0,16,0.0,66820,0.0,11,3,2018-11-21 10:56:00
20181121 10:57,2594,2594,2594,2594,26,0.0,16,0.0,66820,0.0,34,15,2018-11-21 10:57:00
20181121 10:58,2594,2594,2594,2594,26,0.0,16,0.0,66820,0.0,14,7,2018-11-21 10:58:00
20181121 10:59,2594,2594,2594,2594,26,0.0,16,0.0,66820,0.0,31,12,2018-11-21 10:59:00
20181121 11:00,2594,2594,2594,2594,26,0.0,16,0.0,66820,0.0,65,27,2018-11-21 11:00:00
20181121 11:01,2594,2594,2594,2594,26,0.0,16,0.0,66820,0.0,10,3,2018-11-21 11:01:00
20181121 11:05,2594,2594,2594,2594,26,0.0,16,0.0,66820,0.0,3,2,2018-11-21 11:05:00
20181121 11:06,2594,2594,2594,2594,26,0.0,16,0.0,66820,0.0,8,4,2018-11-21 11:06:00
20181121 11:07,2594,2594,2594,2594,26,0.0,16,0.0,66820,0.0,83,30,2018-11-21 11:07:00
20181121 11:08,2594,2594,2594,2594,26,0.0,16,0.0,66820,0.0,13,6,2018-11-21 11:08:00
20181121 11:09,2581,2581,2581,2581,28,2.0,16,0.0,71960,5140.0,3,1,2018-11-21 11:09:00
20181121 11:10,2581,2581,2581,2581,28,0.0,16,0.0,71960,0.0,18,5,2018-11-21 11:10:00
20181121 11:11,2581,2581,2581,2581,28,0.0,16,0.0,71960,0.0,10,3,2018-11-21 11:11:00
20181121 11:12,2581,2581,2581,2581,28,0.0,16,0.0,71960,0.0,3,2,2018-11-21 11:12:00
20181121 11:13,2581,2581,2581,2581,28,0.0,16,0.0,71960,0.0,34,14,2018-11-21 11:13:00
20181121 11:14,2581,2581,2581,2581,28,0.0,16,0.0,71960,0.0,14,4,2018-11-21 11:14:00
20181121 11:16,2581,2581,2581,2581,28,0.0,16,0.0,71960,0.0,14,11,2018-11-21 11:16:00
20181121 11:18,2581,2581,2581,2581,28,0.0,16,0.0,71960,0.0,18,18,2018-11-21 11:18:00
20181121 11:19,2581,2581,2581,2581,28,0.0,16,0.0,71960,0.0,27,24,2018-11-21 11:19:00
20181121 11:20,2581,2581,2570,2570,30,2.0,16,0.0,77100,5140.0,52,32,2018-11-21 11:20:00
20181121 11:21,2570,2570,2570,2570,30,0.0,16,0.0,77100,0.0,32,73,2018-11-21 11:21:00
20181121 11:22,2570,2570,2570,2570,30,0.0,16,0.0,77100,0.0,27,75,2018-11-21 11:22:00
20181121 11:23,2570,2570,2570,2570,30,0.0,16,0.0,77100,0.0,27,74,2018-11-21 11:23:00
20181121 11:24,2570,2570,2570,2570,30,0.0,16,0.0,77100,0.0,13,25,2018-11-21 11:24:00
20181121 11:25,2570,2590,2570,2590,32,2.0,18,2.0,82304,5204.0,9,30,2018-11-21 11:25:00
20181121 11:26,2590,2590,2590,2590,32,0.0,18,0.0,82304,0.0,51,36,2018-11-21 11:26:00
20181121 11:27,2590,2590,2590,2590,32,0.0,18,0.0,82304,0.0,30,6,2018-11-21 11:27:00
20181121 11:28,2590,2590,2590,2590,32,0.0,18,0.0,82304,0.0,51,15,2018-11-21 11:28:00
20181121 11:29,2590,2590,2590,2590,32,0.0,18,0.0,82304,0.0,44,21,2018-11-21 11:29:00
20181121 13:30,2590,2590,2590,2590,32,0.0,18,0.0,82304,0.0,62,30,2018-11-21 13:30:00
20181121 13:31,2590,2590,2590,2590,32,0.0,18,0.0,82304,0.0,15,17,2018-11-21 13:31:00
20181121 13:32,2590,2590,2590,2590,32,0.0,18,0.0,82304,0.0,11,11,2018-11-21 13:32:00
20181121 13:33,2590,2590,2590,2590,32,0.0,18,0.0,82304,0.0,10,10,2018-11-21 13:33:00
20181121 13:34,2590,2590,2590,2590,32,0.0,18,0.0,82304,0.0,6,6,2018-11-21 13:34:00
20181121 13:35,2590,2590,2590,2590,32,0.0,18,0.0,82304,0.0,11,13,2018-11-21 13:35:00
20181121 13:36,2590,2590,2590,2590,32,0.0,18,0.0,82304,0.0,9,9,2018-11-21 13:36:00
20181121 13:37,2590,2590,2590,2590,32,0.0,18,0.0,82304,0.0,12,12,2018-11-21 13:37:00
20181121 13:38,2590,2590,2590,2590,32,0.0,18,0.0,82304,0.0,11,12,2018-11-21 13:38:00
20181121 13:39,2590,2590,2590,2590,32,0.0,18,0.0,82304,0.0,38,32,2018-11-21 13:39:00
20181121 13:40,2590,2590,2590,2590,32,0.0,18,0.0,82304,0.0,49,25,2018-11-21 13:40:00
20181121 13:41,2590,2590,2590,2590,32,0.0,18,0.0,82304,0.0,14,17,2018-11-21 13:41:00
20181121 13:42,2590,2590,2590,2590,32,0.0,18,0.0,82304,0.0,10,10,2018-11-21 13:42:00
20181121 13:43,2590,2590,2590,2590,32,0.0,18,0.0,82304,0.0,5,5,2018-11-21 13:43:00
20181121 13:44,2590,2590,2590,2590,32,0.0,18,0.0,82304,0.0,4,4,2018-11-21 13:44:00
20181121 13:45,2590,2590,2590,2590,32,0.0,18,0.0,82304,0.0,1,1,2018-11-21 13:45:00
20181121 13:46,2590,2590,2590,2590,32,0.0,18,0.0,82304,0.0,9,12,2018-11-21 13:46:00
20181121 13:47,2590,2590,2590,2590,32,0.0,18,0.0,82304,0.0,20,14,2018-11-21 13:47:00
20181121 13:48,2590,2590,2590,2590,32,0.0,18,0.0,82304,0.0,24,18,2018-11-21 13:48:00
20181121 13:49,2590,2590,2590,2590,32,0.0,18,0.0,82304,0.0,22,12,2018-11-21 13:49:00
20181121 13:53,2590,2590,2590,2590,32,0.0,18,0.0,82304,0.0,18,16,2018-11-21 13:53:00
20181121 13:54,2590,2590,2590,2590,32,0.0,18,0.0,82304,0.0,49,55,2018-11-21 13:54:00
20181121 13:58,2590,2590,2590,2590,32,0.0,18,0.0,82304,0.0,52,70,2018-11-21 13:58:00
20181121 14:00,2590,2590,2590,2590,32,0.0,18,0.0,82304,0.0,9,10,2018-11-21 14:00:00
20181121 14:04,2590,2590,2590,2590,32,0.0,18,0.0,82304,0.0,26,35,2018-11-21 14:04:00
20181121 14:05,2590,2590,2590,2590,32,0.0,18,0.0,82304,0.0,13,15,2018-11-21 14:05:00
20181121 14:06,2590,2590,2590,2590,32,0.0,18,0.0,82304,0.0,12,15,2018-11-21 14:06:00
20181121 14:07,2590,2590,2590,2590,32,0.0,18,0.0,82304,0.0,31,35,2018-11-21 14:07:00
20181121 14:08,2590,2590,2590,2590,32,0.0,18,0.0,82304,0.0,5,5,2018-11-21 14:08:00
20181121 14:09,2590,2590,2590,2590,32,0.0,18,0.0,82304,0.0,25,13,2018-11-21 14:09:00
20181121 14:12,2590,2590,2590,2590,32,0.0,18,0.0,82304,0.0,11,8,2018-11-21 14:12:00
20181121 14:16,2590,2590,2590,2590,32,0.0,18,0.0,82304,0.0,10,16,2018-11-21 14:16:00
20181121 14:20,2590,2590,2590,2590,32,0.0,18,0.0,82304,0.0,9,22,2018-11-21 14:20:00
20181121 14:21,2590,2590,2590,2590,32,0.0,18,0.0,82304,0.0,2,4,2018-11-21 14:21:00
20181121 14:22,2590,2590,2590,2590,32,0.0,18,0.0,82304,0.0,14,16,2018-11-21 14:22:00
20181121 14:24,2590,2590,2590,2590,32,0.0,18,0.0,82304,0.0,22,16,2018-11-21 14:24:00
20181121 14:25,2590,2590,2590,2590,32,0.0,18,0.0,82304,0.0,12,9,2018-11-21 14:25:00
20181121 14:26,2590,2590,2590,2590,32,0.0,18,0.0,82304,0.0,22,20,2018-11-21 14:26:00
20181121 14:27,2590,2590,2590,2590,32,0.0,18,0.0,82304,0.0,11,10,2018-11-21 14:27:00
20181121 14:28,2590,2590,2590,2590,32,0.0,18,0.0,82304,0.0,40,40,2018-11-21 14:28:00
20181121 14:29,2590,2590,2590,2590,32,0.0,18,0.0,82304,0.0,26,25,2018-11-21 14:29:00
20181121 14:30,2590,2590,2590,2590,32,0.0,18,0.0,82304,0.0,9,10,2018-11-21 14:30:00
20181121 14:31,2590,2590,2590,2590,32,0.0,18,0.0,82304,0.0,22,20,2018-11-21 14:31:00
20181121 14:32,2590,2590,2590,2590,32,0.0,18,0.0,82304,0.0,9,10,2018-11-21 14:32:00
20181121 14:34,2590,2590,2590,2590,32,0.0,18,0.0,82304,0.0,16,15,2018-11-21 14:34:00
20181121 14:35,2590,2590,2590,2590,32,0.0,18,0.0,82304,0.0,48,45,2018-11-21 14:35:00
20181121 14:36,2590,2590,2590,2590,32,0.0,18,0.0,82304,0.0,11,10,2018-11-21 14:36:00
20181121 14:42,2590,2590,2590,2590,32,0.0,18,0.0,82304,0.0,21,21,2018-11-21 14:42:00
20181121 14:43,2590,2590,2590,2590,32,0.0,18,0.0,82304,0.0,7,30,2018-11-21 14:43:00
20181121 14:46,2590,2590,2590,2590,32,0.0,18,0.0,82304,0.0,4,22,2018-11-21 14:46:00
20181121 14:47,2590,2590,2590,2590,32,0.0,18,0.0,82304,0.0,1,6,2018-11-21 14:47:00
20181121 14:48,2590,2590,2590,2590,32,0.0,18,0.0,82304,0.0,4,16,2018-11-21 14:48:00
20181121 14:49,2590,2590,2590,2590,32,0.0,18,0.0,82304,0.0,1,5,2018-11-21 14:49:00
20181121 14:51,2590,2590,2590,2590,32,0.0,18,0.0,82304,0.0,12,24,2018-11-21 14:51:00
20181121 14:55,2590,2590,2590,2590,32,0.0,18,0.0,82304,0.0,7,30,2018-11-21 14:55:00
20181121 14:56,2590,2590,2590,2590,32,0.0,18,0.0,82304,0.0,4,16,2018-11-21 14:56:00
20181121 14:59,2590,2590,2590,2590,32,0.0,18,0.0,82304,0.0,25,45,2018-11-21 14:59:00
20181121 20:59,2590,2590,2590,2590,0,0.0,18,0.0,0,0.0,1,1,2018-11-21 20:59:00
20181121 21:00,2590,2590,2590,2590,0,0.0,18,0.0,0,0.0,15,60,2018-11-21 21:00:00
20181121 21:01,2590,2590,2590,2590,0,0.0,18,0.0,0,0.0,13,51,2018-11-21 21:01:00
20181121 21:02,2590,2591,2590,2591,2,2.0,16,-2.0,5182,5182.0,11,22,2018-11-21 21:02:00
20181121 21:03,2591,2597,2591,2597,4,2.0,16,0.0,10376,5194.0,18,62,2018-11-21 21:03:00
20181121 21:04,2597,2597,2597,2597,4,0.0,16,0.0,10376,0.0,37,112,2018-11-21 21:04:00
20181121 21:05,2597,2597,2597,2597,4,0.0,16,0.0,10376,0.0,28,84,2018-11-21 21:05:00
20181121 21:06,2597,2597,2597,2597,4,0.0,16,0.0,10376,0.0,12,26,2018-11-21 21:06:00
20181121 21:07,2597,2597,2597,2597,4,0.0,16,0.0,10376,0.0,20,71,2018-11-21 21:07:00
20181121 21:08,2597,2597,2597,2597,4,0.0,16,0.0,10376,0.0,20,58,2018-11-21 21:08:00
20181121 21:09,2597,2597,2597,2597,4,0.0,16,0.0,10376,0.0,8,24,2018-11-21 21:09:00
20181121 21:10,2597,2597,2597,2597,4,0.0,16,0.0,10376,0.0,6,18,2018-11-21 21:10:00
20181121 21:11,2597,2597,2597,2597,4,0.0,16,0.0,10376,0.0,13,41,2018-11-21 21:11:00
20181121 21:12,2597,2597,2597,2597,4,0.0,16,0.0,10376,0.0,12,39,2018-11-21 21:12:00
20181121 21:13,2597,2597,2597,2597,4,0.0,16,0.0,10376,0.0,8,22,2018-11-21 21:13:00
20181121 21:14,2597,2597,2597,2597,4,0.0,16,0.0,10376,0.0,11,33,2018-11-21 21:14:00
20181121 21:15,2597,2597,2597,2597,4,0.0,16,0.0,10376,0.0,7,21,2018-11-21 21:15:00
20181121 21:16,2597,2597,2597,2597,4,0.0,16,0.0,10376,0.0,13,33,2018-11-21 21:16:00
20181121 21:17,2597,2597,2597,2597,4,0.0,16,0.0,10376,0.0,20,60,2018-11-21 21:17:00
20181121 21:18,2597,2597,2597,2597,4,0.0,16,0.0,10376,0.0,5,15,2018-11-21 21:18:00
20181121 21:19,2597,2597,2597,2597,4,0.0,16,0.0,10376,0.0,15,55,2018-11-21 21:19:00
20181121 21:20,2597,2597,2597,2597,4,0.0,16,0.0,10376,0.0,19,64,2018-11-21 21:20:00
20181121 21:21,2597,2597,2597,2597,4,0.0,16,0.0,10376,0.0,16,46,2018-11-21 21:21:00
20181121 21:22,2597,2597,2597,2597,4,0.0,16,0.0,10376,0.0,5,15,2018-11-21 21:22:00
20181121 21:23,2597,2597,2597,2597,4,0.0,16,0.0,10376,0.0,2,6,2018-11-21 21:23:00
20181121 21:24,2597,2597,2597,2597,4,0.0,16,0.0,10376,0.0,6,16,2018-11-21 21:24:00
20181121 21:25,2597,2597,2597,2597,4,0.0,16,0.0,10376,0.0,10,30,2018-11-21 21:25:00
20181121 21:26,2597,2597,2597,2597,4,0.0,16,0.0,10376,0.0,11,29,2018-11-21 21:26:00
20181121 21:27,2597,2597,2597,2597,4,0.0,16,0.0,10376,0.0,12,17,2018-11-21 21:27:00
20181121 21:28,2597,2597,2597,2597,4,0.0,16,0.0,10376,0.0,12,14,2018-11-21 21:28:00
20181121 21:29,2597,2597,2597,2597,4,0.0,16,0.0,10376,0.0,6,16,2018-11-21 21:29:00
20181121 21:30,2597,2597,2597,2597,4,0.0,16,0.0,10376,0.0,7,21,2018-11-21 21:30:00
20181121 21:31,2597,2597,2597,2597,4,0.0,16,0.0,10376,0.0,2,6,2018-11-21 21:31:00
20181121 21:32,2597,2597,2597,2597,4,0.0,16,0.0,10376,0.0,7,11,2018-11-21 21:32:00
20181121 21:33,2597,2597,2597,2597,4,0.0,16,0.0,10376,0.0,16,43,2018-11-21 21:33:00
20181121 21:34,2597,2597,2597,2597,4,0.0,16,0.0,10376,0.0,12,36,2018-11-21 21:34:00
20181121 21:35,2597,2597,2597,2597,4,0.0,16,0.0,10376,0.0,7,19,2018-11-21 21:35:00
20181121 21:36,2597,2597,2597,2597,4,0.0,16,0.0,10376,0.0,4,12,2018-11-21 21:36:00
20181121 21:37,2597,2598,2597,2598,6,2.0,16,0.0,15570,5194.0,30,21,2018-11-21 21:37:00
20181121 21:38,2598,2598,2598,2598,6,0.0,16,0.0,15570,0.0,35,9,2018-11-21 21:38:00
20181121 21:39,2598,2598,2598,2598,6,0.0,16,0.0,15570,0.0,57,17,2018-11-21 21:39:00
20181121 21:40,2598,2598,2598,2598,6,0.0,16,0.0,15570,0.0,17,16,2018-11-21 21:40:00
20181121 21:41,2598,2598,2598,2598,6,0.0,16,0.0,15570,0.0,78,51,2018-11-21 21:41:00
20181121 21:42,2598,2598,2598,2598,6,0.0,16,0.0,15570,0.0,48,16,2018-11-21 21:42:00
20181121 21:43,2598,2598,2598,2598,6,0.0,16,0.0,15570,0.0,39,13,2018-11-21 21:43:00
20181121 21:44,2598,2598,2598,2598,6,0.0,16,0.0,15570,0.0,48,17,2018-11-21 21:44:00
20181121 21:45,2598,2598,2598,2598,6,0.0,16,0.0,15570,0.0,33,11,2018-11-21 21:45:00
20181121 21:46,2598,2598,2598,2598,6,0.0,16,0.0,15570,0.0,48,17,2018-11-21 21:46:00
20181121 21:47,2598,2598,2598,2598,6,0.0,16,0.0,15570,0.0,30,11,2018-11-21 21:47:00
20181121 21:48,2598,2598,2598,2598,6,0.0,16,0.0,15570,0.0,24,9,2018-11-21 21:48:00
20181121 21:49,2598,2598,2598,2598,6,0.0,16,0.0,15570,0.0,49,25,2018-11-21 21:49:00
20181121 21:50,2598,2598,2598,2598,6,0.0,16,0.0,15570,0.0,84,39,2018-11-21 21:50:00
20181121 21:51,2598,2598,2598,2598,6,0.0,16,0.0,15570,0.0,40,19,2018-11-21 21:51:00
20181121 21:52,2598,2598,2598,2598,6,0.0,16,0.0,15570,0.0,48,22,2018-11-21 21:52:00
20181121 21:53,2598,2598,2598,2598,6,0.0,16,0.0,15570,0.0,6,7,2018-11-21 21:53:00
20181121 21:54,2598,2598,2598,2598,6,0.0,16,0.0,15570,0.0,22,25,2018-11-21 21:54:00
20181121 21:55,2598,2598,2598,2598,6,0.0,16,0.0,15570,0.0,37,30,2018-11-21 21:55:00
20181121 21:56,2598,2598,2598,2598,6,0.0,16,0.0,15570,0.0,12,8,2018-11-21 21:56:00
20181121 21:57,2598,2598,2598,2598,6,0.0,16,0.0,15570,0.0,7,4,2018-11-21 21:57:00
20181121 21:58,2598,2598,2598,2598,8,2.0,14,-2.0,20768,5198.0,30,21,2018-11-21 21:58:00
20181121 21:59,2598,2598,2598,2598,8,0.0,14,0.0,20768,0.0,11,3,2018-11-21 21:59:00
20181121 22:00,2598,2598,2598,2598,8,0.0,14,0.0,20768,0.0,3,1,2018-11-21 22:00:00
20181121 22:01,2598,2598,2598,2598,8,0.0,14,0.0,20768,0.0,6,3,2018-11-21 22:01:00
20181121 22:03,2598,2598,2598,2598,8,0.0,14,0.0,20768,0.0,14,4,2018-11-21 22:03:00
20181121 22:05,2598,2598,2598,2598,8,0.0,14,0.0,20768,0.0,8,11,2018-11-21 22:05:00
20181121 22:06,2598,2598,2598,2598,8,0.0,14,0.0,20768,0.0,4,2,2018-11-21 22:06:00
20181121 22:07,2598,2628,2598,2628,10,2.0,16,2.0,26020,5252.0,316,28,2018-11-21 22:07:00
20181121 22:08,2628,2628,2628,2628,10,0.0,16,0.0,26020,0.0,57,20,2018-11-21 22:08:00
20181121 22:09,2628,2628,2628,2628,10,0.0,16,0.0,26020,0.0,93,29,2018-11-21 22:09:00
20181121 22:10,2628,2628,2628,2628,10,0.0,16,0.0,26020,0.0,84,25,2018-11-21 22:10:00
20181121 22:11,2628,2628,2628,2628,10,0.0,16,0.0,26020,0.0,66,15,2018-11-21 22:11:00
20181121 22:12,2628,2628,2628,2628,10,0.0,16,0.0,26020,0.0,108,18,2018-11-21 22:12:00
20181121 22:13,2628,2628,2628,2628,10,0.0,16,0.0,26020,0.0,152,30,2018-11-21 22:13:00
20181121 22:14,2628,2628,2628,2628,10,0.0,16,0.0,26020,0.0,115,26,2018-11-21 22:14:00
20181121 22:15,2628,2628,2628,2628,10,0.0,16,0.0,26020,0.0,29,9,2018-11-21 22:15:00
20181121 22:16,2628,2628,2628,2628,10,0.0,16,0.0,26020,0.0,69,23,2018-11-21 22:16:00
20181121 22:17,2628,2628,2628,2628,10,0.0,16,0.0,26020,0.0,55,20,2018-11-21 22:17:00
20181121 22:18,2628,2628,2628,2628,10,0.0,16,0.0,26020,0.0,44,12,2018-11-21 22:18:00
20181121 22:19,2628,2628,2628,2628,10,0.0,16,0.0,26020,0.0,57,19,2018-11-21 22:19:00
20181121 22:20,2628,2628,2618,2618,12,2.0,16,0.0,31260,5240.0,60,21,2018-11-21 22:20:00
20181121 22:21,2618,2618,2618,2618,12,0.0,16,0.0,31260,0.0,58,18,2018-11-21 22:21:00
20181121 22:22,2618,2618,2618,2618,12,0.0,16,0.0,31260,0.0,53,15,2018-11-21 22:22:00
20181121 22:23,2618,2618,2618,2618,12,0.0,16,0.0,31260,0.0,68,25,2018-11-21 22:23:00
20181121 22:24,2618,2618,2618,2618,12,0.0,16,0.0,31260,0.0,29,14,2018-11-21 22:24:00
20181121 22:25,2618,2618,2618,2618,12,0.0,16,0.0,31260,0.0,24,16,2018-11-21 22:25:00
20181121 22:26,2618,2618,2618,2618,12,0.0,16,0.0,31260,0.0,34,23,2018-11-21 22:26:00
20181121 22:27,2618,2618,2618,2618,12,0.0,16,0.0,31260,0.0,13,4,2018-11-21 22:27:00
20181121 22:28,2618,2618,2618,2618,12,0.0,16,0.0,31260,0.0,18,7,2018-11-21 22:28:00
20181121 22:29,2618,2618,2618,2618,12,0.0,16,0.0,31260,0.0,15,5,2018-11-21 22:29:00
20181121 22:30,2618,2618,2618,2618,12,0.0,16,0.0,31260,0.0,30,9,2018-11-21 22:30:00
20181121 22:31,2618,2618,2618,2618,12,0.0,16,0.0,31260,0.0,28,9,2018-11-21 22:31:00
20181121 22:32,2618,2618,2618,2618,12,0.0,16,0.0,31260,0.0,48,16,2018-11-21 22:32:00
20181121 22:33,2618,2618,2618,2618,12,0.0,16,0.0,31260,0.0,24,6,2018-11-21 22:33:00
20181121 22:34,2618,2618,2618,2618,12,0.0,16,0.0,31260,0.0,34,12,2018-11-21 22:34:00
20181121 22:35,2618,2618,2618,2618,12,0.0,16,0.0,31260,0.0,39,13,2018-11-21 22:35:00
20181121 22:36,2618,2618,2618,2618,12,0.0,16,0.0,31260,0.0,3,1,2018-11-21 22:36:00
20181121 22:37,2618,2618,2618,2618,12,0.0,16,0.0,31260,0.0,33,11,2018-11-21 22:37:00
20181121 22:38,2618,2618,2618,2618,12,0.0,16,0.0,31260,0.0,66,19,2018-11-21 22:38:00
20181121 22:39,2618,2618,2618,2618,12,0.0,16,0.0,31260,0.0,42,11,2018-11-21 22:39:00
20181121 22:40,2618,2618,2618,2618,12,0.0,16,0.0,31260,0.0,24,6,2018-11-21 22:40:00
20181121 22:41,2618,2618,2618,2618,12,0.0,16,0.0,31260,0.0,12,3,2018-11-21 22:41:00
20181121 22:42,2618,2618,2618,2618,12,0.0,16,0.0,31260,0.0,16,4,2018-11-21 22:42:00
20181121 22:43,2618,2618,2618,2618,12,0.0,16,0.0,31260,0.0,8,2,2018-11-21 22:43:00
20181121 22:44,2618,2618,2618,2618,12,0.0,16,0.0,31260,0.0,44,11,2018-11-21 22:44:00
20181121 22:45,2618,2618,2618,2618,12,0.0,16,0.0,31260,0.0,36,9,2018-11-21 22:45:00
20181121 22:46,2618,2618,2618,2618,12,0.0,16,0.0,31260,0.0,44,11,2018-11-21 22:46:00
20181121 22:47,2618,2618,2618,2618,12,0.0,16,0.0,31260,0.0,40,10,2018-11-21 22:47:00
20181121 22:48,2618,2618,2618,2618,12,0.0,16,0.0,31260,0.0,8,2,2018-11-21 22:48:00
20181121 22:49,2618,2618,2618,2618,12,0.0,16,0.0,31260,0.0,29,8,2018-11-21 22:49:00
20181121 22:50,2618,2618,2618,2618,12,0.0,16,0.0,31260,0.0,8,2,2018-11-21 22:50:00
20181121 22:51,2618,2618,2618,2618,12,0.0,16,0.0,31260,0.0,18,5,2018-11-21 22:51:00
20181121 22:52,2618,2618,2618,2618,12,0.0,16,0.0,31260,0.0,27,8,2018-11-21 22:52:00
20181121 22:53,2618,2618,2618,2618,12,0.0,16,0.0,31260,0.0,20,6,2018-11-21 22:53:00
20181121 22:54,2618,2618,2618,2618,12,0.0,16,0.0,31260,0.0,27,8,2018-11-21 22:54:00
20181121 22:55,2618,2618,2618,2618,12,0.0,16,0.0,31260,0.0,34,11,2018-11-21 22:55:00
20181121 22:56,2618,2618,2618,2618,12,0.0,16,0.0,31260,0.0,22,6,2018-11-21 22:56:00
20181121 22:57,2618,2618,2618,2618,12,0.0,16,0.0,31260,0.0,33,9,2018-11-21 22:57:00
20181121 22:58,2618,2618,2618,2618,12,0.0,16,0.0,31260,0.0,38,10,2018-11-21 22:58:00
20181121 22:59,2618,2618,2618,2618,12,0.0,16,0.0,31260,0.0,44,11,2018-11-21 22:59:00
20181121 23:00,2618,2618,2618,2618,12,0.0,16,0.0,31260,0.0,47,22,2018-11-21 23:00:00
20181121 23:01,2618,2618,2618,2618,12,0.0,16,0.0,31260,0.0,58,27,2018-11-21 23:01:00
20181121 23:02,2618,2618,2618,2618,12,0.0,16,0.0,31260,0.0,18,13,2018-11-21 23:02:00
20181121 23:03,2618,2618,2618,2618,12,0.0,16,0.0,31260,0.0,11,12,2018-11-21 23:03:00
20181121 23:04,2618,2618,2618,2618,12,0.0,16,0.0,31260,0.0,9,13,2018-11-21 23:04:00
20181121 23:05,2618,2618,2618,2618,12,0.0,16,0.0,31260,0.0,20,10,2018-11-21 23:05:00
20181121 23:06,2618,2618,2618,2618,12,0.0,16,0.0,31260,0.0,6,3,2018-11-21 23:06:00
20181121 23:07,2618,2618,2618,2618,12,0.0,16,0.0,31260,0.0,9,4,2018-11-21 23:07:00
20181121 23:08,2618,2618,2618,2618,12,0.0,16,0.0,31260,0.0,3,1,2018-11-21 23:08:00
20181121 23:09,2618,2618,2618,2618,12,0.0,16,0.0,31260,0.0,12,4,2018-11-21 23:09:00
20181121 23:10,2618,2618,2618,2618,12,0.0,16,0.0,31260,0.0,23,9,2018-11-21 23:10:00
20181121 23:11,2618,2618,2618,2618,12,0.0,16,0.0,31260,0.0,11,5,2018-11-21 23:11:00
20181121 23:12,2618,2618,2618,2618,12,0.0,16,0.0,31260,0.0,14,11,2018-11-21 23:12:00
20181121 23:13,2618,2618,2618,2618,12,0.0,16,0.0,31260,0.0,8,5,2018-11-21 23:13:00
20181121 23:14,2618,2618,2618,2618,12,0.0,16,0.0,31260,0.0,12,9,2018-11-21 23:14:00
20181121 23:15,2618,2618,2618,2618,12,0.0,16,0.0,31260,0.0,28,19,2018-11-21 23:15:00
20181121 23:16,2618,2618,2618,2618,12,0.0,16,0.0,31260,0.0,27,9,2018-11-21 23:16:00
20181121 23:17,2618,2618,2618,2618,12,0.0,16,0.0,31260,0.0,47,17,2018-11-21 23:17:00
20181121 23:18,2618,2618,2618,2618,12,0.0,16,0.0,31260,0.0,16,7,2018-11-21 23:18:00
20181121 23:19,2618,2618,2618,2618,12,0.0,16,0.0,31260,0.0,22,9,2018-11-21 23:19:00
20181121 23:20,2618,2618,2618,2618,12,0.0,16,0.0,31260,0.0,18,7,2018-11-21 23:20:00
20181121 23:21,2618,2618,2618,2618,12,0.0,16,0.0,31260,0.0,27,12,2018-11-21 23:21:00
20181121 23:22,2618,2618,2618,2618,12,0.0,16,0.0,31260,0.0,24,10,2018-11-21 23:22:00
20181121 23:23,2618,2618,2618,2618,12,0.0,16,0.0,31260,0.0,10,5,2018-11-21 23:23:00
20181121 23:24,2618,2618,2618,2618,12,0.0,16,0.0,31260,0.0,16,11,2018-11-21 23:24:00
20181121 23:25,2618,2618,2618,2618,12,0.0,16,0.0,31260,0.0,30,14,2018-11-21 23:25:00
20181121 23:26,2618,2618,2618,2618,12,0.0,16,0.0,31260,0.0,12,4,2018-11-21 23:26:00
20181121 23:27,2618,2618,2618,2618,12,0.0,16,0.0,31260,0.0,37,15,2018-11-21 23:27:00
20181121 23:28,2618,2618,2618,2618,12,0.0,16,0.0,31260,0.0,7,3,2018-11-21 23:28:00
20181121 23:29,2618,2618,2618,2618,12,0.0,16,0.0,31260,0.0,10,10,2018-11-21 23:29:00
20181122 09:00,2618,2618,2618,2618,12,0.0,16,0.0,31260,0.0,74,34,2018-11-22 09:00:00
20181122 09:01,2618,2618,2618,2618,12,0.0,16,0.0,31260,0.0,41,20,2018-11-22 09:01:00
20181122 09:02,2618,2618,2618,2618,12,0.0,16,0.0,31260,0.0,39,18,2018-11-22 09:02:00
20181122 09:03,2618,2618,2618,2618,12,0.0,16,0.0,31260,0.0,33,18,2018-11-22 09:03:00
20181122 09:04,2618,2618,2618,2618,12,0.0,16,0.0,31260,0.0,27,13,2018-11-22 09:04:00
20181122 09:05,2618,2618,2618,2618,12,0.0,16,0.0,31260,0.0,23,12,2018-11-22 09:05:00
20181122 09:06,2618,2618,2618,2618,12,0.0,16,0.0,31260,0.0,48,24,2018-11-22 09:06:00
20181122 09:07,2618,2618,2618,2618,12,0.0,16,0.0,31260,0.0,18,9,2018-11-22 09:07:00
20181122 09:08,2618,2618,2618,2618,12,0.0,16,0.0,31260,0.0,26,13,2018-11-22 09:08:00
20181122 09:09,2618,2618,2618,2618,12,0.0,16,0.0,31260,0.0,20,10,2018-11-22 09:09:00
20181122 09:10,2618,2618,2618,2618,12,0.0,16,0.0,31260,0.0,14,7,2018-11-22 09:10:00
20181122 09:11,2618,2618,2618,2618,12,0.0,16,0.0,31260,0.0,31,15,2018-11-22 09:11:00
20181122 09:12,2618,2618,2618,2618,12,0.0,16,0.0,31260,0.0,8,4,2018-11-22 09:12:00
20181122 09:13,2618,2618,2618,2618,12,0.0,16,0.0,31260,0.0,28,14,2018-11-22 09:13:00
20181122 09:14,2618,2618,2618,2618,12,0.0,16,0.0,31260,0.0,4,2,2018-11-22 09:14:00
20181122 09:15,2618,2618,2618,2618,12,0.0,16,0.0,31260,0.0,32,33,2018-11-22 09:15:00
20181122 09:16,2618,2618,2618,2618,12,0.0,16,0.0,31260,0.0,39,28,2018-11-22 09:16:00
20181122 09:17,2618,2618,2618,2618,12,0.0,16,0.0,31260,0.0,19,17,2018-11-22 09:17:00
20181122 09:18,2618,2618,2618,2618,12,0.0,16,0.0,31260,0.0,43,31,2018-11-22 09:18:00
20181122 09:19,2618,2618,2618,2618,12,0.0,16,0.0,31260,0.0,34,19,2018-11-22 09:19:00
20181122 09:20,2618,2618,2618,2618,12,0.0,16,0.0,31260,0.0,26,13,2018-11-22 09:20:00
20181122 09:21,2618,2618,2618,2618,12,0.0,16,0.0,31260,0.0,6,4,2018-11-22 09:21:00
20181122 09:22,2618,2618,2618,2618,12,0.0,16,0.0,31260,0.0,23,23,2018-11-22 09:22:00
20181122 09:23,2618,2618,2618,2618,12,0.0,16,0.0,31260,0.0,17,16,2018-11-22 09:23:00
20181122 09:24,2618,2618,2618,2618,12,0.0,16,0.0,31260,0.0,19,14,2018-11-22 09:24:00
20181122 09:25,2618,2618,2618,2618,12,0.0,16,0.0,31260,0.0,26,18,2018-11-22 09:25:00
20181122 09:26,2618,2618,2618,2618,12,0.0,16,0.0,31260,0.0,2,2,2018-11-22 09:26:00
20181122 09:27,2618,2618,2618,2618,12,0.0,16,0.0,31260,0.0,7,5,2018-11-22 09:27:00
20181122 09:28,2618,2618,2618,2618,12,0.0,16,0.0,31260,0.0,14,12,2018-11-22 09:28:00
20181122 09:29,2618,2618,2618,2618,12,0.0,16,0.0,31260,0.0,16,8,2018-11-22 09:29:00
20181122 09:30,2618,2618,2618,2618,12,0.0,16,0.0,31260,0.0,55,25,2018-11-22 09:30:00
20181122 09:31,2618,2618,2618,2618,12,0.0,16,0.0,31260,0.0,18,11,2018-11-22 09:31:00
20181122 09:32,2618,2618,2618,2618,12,0.0,16,0.0,31260,0.0,17,17,2018-11-22 09:32:00
20181122 09:33,2618,2618,2618,2618,12,0.0,16,0.0,31260,0.0,33,15,2018-11-22 09:33:00
20181122 09:34,2618,2618,2618,2618,12,0.0,16,0.0,31260,0.0,33,16,2018-11-22 09:34:00
20181122 09:35,2618,2618,2618,2618,12,0.0,16,0.0,31260,0.0,25,11,2018-11-22 09:35:00
20181122 09:36,2618,2618,2618,2618,12,0.0,16,0.0,31260,0.0,62,37,2018-11-22 09:36:00
20181122 09:37,2618,2618,2618,2618,12,0.0,16,0.0,31260,0.0,21,18,2018-11-22 09:37:00
20181122 09:38,2618,2618,2618,2618,12,0.0,16,0.0,31260,0.0,17,11,2018-11-22 09:38:00
20181122 09:39,2618,2618,2618,2618,12,0.0,16,0.0,31260,0.0,5,6,2018-11-22 09:39:00
20181122 09:40,2618,2618,2618,2618,12,0.0,16,0.0,31260,0.0,1,2,2018-11-22 09:40:00
20181122 09:41,2618,2618,2618,2618,12,0.0,16,0.0,31260,0.0,13,10,2018-11-22 09:41:00
20181122 09:42,2618,2618,2618,2618,12,0.0,16,0.0,31260,0.0,16,14,2018-11-22 09:42:00
20181122 09:43,2618,2618,2618,2618,12,0.0,16,0.0,31260,0.0,13,6,2018-11-22 09:43:00
20181122 09:44,2618,2618,2618,2618,12,0.0,16,0.0,31260,0.0,6,7,2018-11-22 09:44:00
20181122 09:45,2618,2618,2618,2618,12,0.0,16,0.0,31260,0.0,5,7,2018-11-22 09:45:00
20181122 09:46,2618,2618,2618,2618,12,0.0,16,0.0,31260,0.0,9,6,2018-11-22 09:46:00
20181122 09:47,2618,2618,2618,2618,12,0.0,16,0.0,31260,0.0,9,6,2018-11-22 09:47:00
20181122 09:48,2618,2618,2618,2618,12,0.0,16,0.0,31260,0.0,6,3,2018-11-22 09:48:00
20181122 09:49,2618,2618,2618,2618,12,0.0,16,0.0,31260,0.0,13,9,2018-11-22 09:49:00
20181122 09:50,2618,2618,2618,2618,12,0.0,16,0.0,31260,0.0,19,11,2018-11-22 09:50:00
20181122 09:52,2618,2618,2618,2618,12,0.0,16,0.0,31260,0.0,7,4,2018-11-22 09:52:00
20181122 09:53,2618,2618,2618,2618,12,0.0,16,0.0,31260,0.0,18,10,2018-11-22 09:53:00
20181122 09:55,2618,2618,2618,2618,12,0.0,16,0.0,31260,0.0,6,3,2018-11-22 09:55:00
20181122 09:56,2618,2618,2618,2618,12,0.0,16,0.0,31260,0.0,9,5,2018-11-22 09:56:00
20181122 09:59,2618,2618,2618,2618,12,0.0,16,0.0,31260,0.0,5,5,2018-11-22 09:59:00
20181122 10:00,2618,2618,2618,2618,12,0.0,16,0.0,31260,0.0,7,5,2018-11-22 10:00:00
20181122 10:01,2618,2618,2618,2618,12,0.0,16,0.0,31260,0.0,18,20,2018-11-22 10:01:00
20181122 10:02,2618,2618,2618,2618,12,0.0,16,0.0,31260,0.0,19,14,2018-11-22 10:02:00
20181122 10:03,2618,2618,2618,2618,12,0.0,16,0.0,31260,0.0,11,6,2018-11-22 10:03:00
20181122 10:04,2618,2618,2618,2618,12,0.0,16,0.0,31260,0.0,2,1,2018-11-22 10:04:00
20181122 10:05,2618,2618,2618,2618,12,0.0,16,0.0,31260,0.0,4,8,2018-11-22 10:05:00
20181122 10:06,2618,2618,2618,2618,12,0.0,16,0.0,31260,0.0,6,7,2018-11-22 10:06:00
20181122 10:07,2618,2618,2618,2618,12,0.0,16,0.0,31260,0.0,15,28,2018-11-22 10:07:00
20181122 10:08,2618,2618,2618,2618,12,0.0,16,0.0,31260,0.0,42,26,2018-11-22 10:08:00
20181122 10:09,2618,2618,2618,2618,12,0.0,16,0.0,31260,0.0,55,43,2018-11-22 10:09:00
20181122 10:10,2618,2618,2618,2618,12,0.0,16,0.0,31260,0.0,20,13,2018-11-22 10:10:00
20181122 10:11,2618,2618,2618,2618,12,0.0,16,0.0,31260,0.0,39,25,2018-11-22 10:11:00
20181122 10:12,2618,2618,2618,2618,12,0.0,16,0.0,31260,0.0,26,30,2018-11-22 10:12:00
20181122 10:13,2618,2618,2618,2618,12,0.0,16,0.0,31260,0.0,26,25,2018-11-22 10:13:00
20181122 10:14,2618,2618,2618,2618,12,0.0,16,0.0,31260,0.0,19,18,2018-11-22 10:14:00
20181122 10:30,2618,2618,2618,2618,12,0.0,16,0.0,31260,0.0,3,2,2018-11-22 10:30:00
20181122 10:31,2618,2618,2618,2618,12,0.0,16,0.0,31260,0.0,31,25,2018-11-22 10:31:00
20181122 10:32,2618,2618,2618,2618,12,0.0,16,0.0,31260,0.0,51,34,2018-11-22 10:32:00
20181122 10:33,2618,2618,2618,2618,12,0.0,16,0.0,31260,0.0,56,44,2018-11-22 10:33:00
20181122 10:34,2618,2618,2618,2618,12,0.0,16,0.0,31260,0.0,64,36,2018-11-22 10:34:00
20181122 10:35,2618,2618,2618,2618,12,0.0,16,0.0,31260,0.0,81,44,2018-11-22 10:35:00
20181122 10:36,2618,2618,2618,2618,12,0.0,16,0.0,31260,0.0,54,33,2018-11-22 10:36:00
20181122 10:37,2618,2618,2618,2618,12,0.0,16,0.0,31260,0.0,36,20,2018-11-22 10:37:00
20181122 10:38,2618,2618,2618,2618,12,0.0,16,0.0,31260,0.0,17,12,2018-11-22 10:38:00
20181122 10:39,2618,2618,2618,2618,12,0.0,16,0.0,31260,0.0,8,5,2018-11-22 10:39:00
20181122 10:40,2618,2618,2618,2618,12,0.0,16,0.0,31260,0.0,20,19,2018-11-22 10:40:00
20181122 10:41,2618,2618,2618,2618,12,0.0,16,0.0,31260,0.0,43,32,2018-11-22 10:41:00
20181122 10:42,2618,2618,2618,2618,12,0.0,16,0.0,31260,0.0,30,16,2018-11-22 10:42:00
20181122 10:43,2618,2618,2618,2618,12,0.0,16,0.0,31260,0.0,38,35,2018-11-22 10:43:00
20181122 10:44,2618,2618,2618,2618,12,0.0,16,0.0,31260,0.0,32,29,2018-11-22 10:44:00
20181122 10:45,2618,2618,2618,2618,12,0.0,16,0.0,31260,0.0,45,31,2018-11-22 10:45:00
20181122 10:46,2618,2618,2618,2618,12,0.0,16,0.0,31260,0.0,64,33,2018-11-22 10:46:00
20181122 10:47,2618,2618,2618,2618,12,0.0,16,0.0,31260,0.0,62,40,2018-11-22 10:47:00
20181122 10:48,2618,2618,2618,2618,12,0.0,16,0.0,31260,0.0,45,38,2018-11-22 10:48:00
20181122 10:49,2618,2618,2618,2618,12,0.0,16,0.0,31260,0.0,72,46,2018-11-22 10:49:00
20181122 10:50,2618,2618,2618,2618,12,0.0,16,0.0,31260,0.0,20,21,2018-11-22 10:50:00
20181122 10:51,2618,2618,2618,2618,12,0.0,16,0.0,31260,0.0,8,4,2018-11-22 10:51:00
20181122 10:52,2618,2618,2618,2618,12,0.0,16,0.0,31260,0.0,2,1,2018-11-22 10:52:00
20181122 10:53,2618,2618,2618,2618,12,0.0,16,0.0,31260,0.0,7,8,2018-11-22 10:53:00
20181122 10:54,2618,2618,2618,2618,12,0.0,16,0.0,31260,0.0,35,39,2018-11-22 10:54:00
20181122 10:55,2618,2618,2618,2618,12,0.0,16,0.0,31260,0.0,66,35,2018-11-22 10:55:00
20181122 10:56,2618,2618,2618,2618,12,0.0,16,0.0,31260,0.0,87,48,2018-11-22 10:56:00
20181122 10:57,2618,2618,2618,2618,12,0.0,16,0.0,31260,0.0,72,37,2018-11-22 10:57:00
20181122 10:58,2618,2618,2618,2618,12,0.0,16,0.0,31260,0.0,43,25,2018-11-22 10:58:00
20181122 10:59,2618,2618,2618,2618,12,0.0,16,0.0,31260,0.0,54,33,2018-11-22 10:59:00
20181122 11:00,2618,2618,2618,2618,12,0.0,16,0.0,31260,0.0,35,18,2018-11-22 11:00:00
20181122 11:01,2618,2618,2618,2618,12,0.0,16,0.0,31260,0.0,25,21,2018-11-22 11:01:00
20181122 11:02,2618,2618,2618,2618,12,0.0,16,0.0,31260,0.0,14,11,2018-11-22 11:02:00
20181122 11:03,2618,2618,2618,2618,12,0.0,16,0.0,31260,0.0,9,5,2018-11-22 11:03:00
20181122 11:04,2618,2618,2618,2618,12,0.0,16,0.0,31260,0.0,5,2,2018-11-22 11:04:00
20181122 11:05,2618,2618,2618,2618,12,0.0,16,0.0,31260,0.0,9,10,2018-11-22 11:05:00
20181122 11:06,2618,2618,2618,2618,12,0.0,16,0.0,31260,0.0,16,9,2018-11-22 11:06:00
20181122 11:07,2618,2618,2618,2618,12,0.0,16,0.0,31260,0.0,1,2,2018-11-22 11:07:00
20181122 11:09,2618,2618,2618,2618,12,0.0,16,0.0,31260,0.0,2,5,2018-11-22 11:09:00
20181122 11:10,2618,2618,2618,2618,12,0.0,16,0.0,31260,0.0,27,27,2018-11-22 11:10:00
20181122 11:11,2618,2618,2618,2618,12,0.0,16,0.0,31260,0.0,47,26,2018-11-22 11:11:00
20181122 11:12,2618,2618,2618,2618,12,0.0,16,0.0,31260,0.0,12,6,2018-11-22 11:12:00
20181122 11:13,2618,2618,2618,2618,12,0.0,16,0.0,31260,0.0,11,7,2018-11-22 11:13:00
20181122 11:14,2618,2618,2618,2618,12,0.0,16,0.0,31260,0.0,23,15,2018-11-22 11:14:00
20181122 11:15,2618,2618,2618,2618,12,0.0,16,0.0,31260,0.0,10,9,2018-11-22 11:15:00
20181122 11:16,2618,2618,2618,2618,12,0.0,16,0.0,31260,0.0,15,25,2018-11-22 11:16:00
20181122 11:17,2618,2618,2618,2618,12,0.0,16,0.0,31260,0.0,8,7,2018-11-22 11:17:00
20181122 11:18,2618,2618,2618,2618,12,0.0,16,0.0,31260,0.0,6,4,2018-11-22 11:18:00
20181122 11:19,2618,2618,2618,2618,12,0.0,16,0.0,31260,0.0,20,10,2018-11-22 11:19:00
20181122 11:20,2618,2618,2618,2618,12,0.0,16,0.0,31260,0.0,50,24,2018-11-22 11:20:00
20181122 11:21,2618,2618,2618,2618,12,0.0,16,0.0,31260,0.0,48,29,2018-11-22 11:21:00
20181122 11:22,2618,2618,2618,2618,12,0.0,16,0.0,31260,0.0,37,31,2018-11-22 11:22:00
20181122 11:23,2618,2618,2618,2618,12,0.0,16,0.0,31260,0.0,36,33,2018-11-22 11:23:00
20181122 11:24,2618,2618,2618,2618,12,0.0,16,0.0,31260,0.0,15,18,2018-11-22 11:24:00
20181122 11:25,2618,2618,2618,2618,12,0.0,16,0.0,31260,0.0,9,8,2018-11-22 11:25:00
20181122 11:26,2618,2618,2618,2618,12,0.0,16,0.0,31260,0.0,24,9,2018-11-22 11:26:00
20181122 11:27,2618,2618,2618,2618,12,0.0,16,0.0,31260,0.0,20,20,2018-11-22 11:27:00
20181122 11:28,2618,2618,2618,2618,12,0.0,16,0.0,31260,0.0,15,15,2018-11-22 11:28:00
20181122 11:29,2618,2618,2618,2618,12,0.0,16,0.0,31260,0.0,13,10,2018-11-22 11:29:00
20181122 13:30,2618,2618,2618,2618,12,0.0,16,0.0,31260,0.0,16,16,2018-11-22 13:30:00
20181122 13:31,2618,2618,2618,2618,12,0.0,16,0.0,31260,0.0,14,15,2018-11-22 13:31:00
20181122 13:32,2618,2618,2618,2618,12,0.0,16,0.0,31260,0.0,10,10,2018-11-22 13:32:00
20181122 13:33,2618,2618,2618,2618,12,0.0,16,0.0,31260,0.0,11,11,2018-11-22 13:33:00
20181122 13:34,2618,2618,2618,2618,12,0.0,16,0.0,31260,0.0,7,7,2018-11-22 13:34:00
20181122 13:35,2618,2618,2618,2618,12,0.0,16,0.0,31260,0.0,10,10,2018-11-22 13:35:00
20181122 13:36,2618,2618,2618,2618,12,0.0,16,0.0,31260,0.0,12,12,2018-11-22 13:36:00
20181122 13:37,2618,2618,2618,2618,12,0.0,16,0.0,31260,0.0,13,16,2018-11-22 13:37:00
20181122 13:38,2618,2618,2618,2618,12,0.0,16,0.0,31260,0.0,6,6,2018-11-22 13:38:00
20181122 13:39,2618,2618,2618,2618,12,0.0,16,0.0,31260,0.0,8,8,2018-11-22 13:39:00
20181122 13:40,2618,2618,2618,2618,12,0.0,16,0.0,31260,0.0,11,11,2018-11-22 13:40:00
20181122 13:41,2618,2618,2612,2612,16,4.0,20,4.0,41712,10452.0,17,15,2018-11-22 13:41:00
20181122 13:42,2612,2612,2612,2612,16,0.0,20,0.0,41712,0.0,9,4,2018-11-22 13:42:00
20181122 13:43,2612,2612,2612,2612,16,0.0,20,0.0,41712,0.0,12,5,2018-11-22 13:43:00
20181122 13:44,2612,2612,2612,2612,16,0.0,20,0.0,41712,0.0,3,5,2018-11-22 13:44:00
20181122 13:46,2612,2612,2612,2612,16,0.0,20,0.0,41712,0.0,2,2,2018-11-22 13:46:00
20181122 13:47,2612,2612,2612,2612,18,2.0,20,0.0,46926,5214.0,5,7,2018-11-22 13:47:00
20181122 13:48,2612,2612,2612,2612,18,0.0,20,0.0,46926,0.0,8,5,2018-11-22 13:48:00
20181122 13:50,2612,2612,2612,2612,18,0.0,20,0.0,46926,0.0,10,3,2018-11-22 13:50:00
20181122 13:51,2612,2612,2612,2612,18,0.0,20,0.0,46926,0.0,25,8,2018-11-22 13:51:00
20181122 13:52,2612,2612,2612,2612,18,0.0,20,0.0,46926,0.0,9,2,2018-11-22 13:52:00
20181122 13:53,2612,2612,2612,2612,18,0.0,20,0.0,46926,0.0,13,3,2018-11-22 13:53:00
20181122 13:54,2612,2612,2612,2612,18,0.0,20,0.0,46926,0.0,13,3,2018-11-22 13:54:00
20181122 13:55,2612,2612,2612,2612,18,0.0,20,0.0,46926,0.0,23,5,2018-11-22 13:55:00
20181122 13:58,2612,2612,2612,2612,18,0.0,20,0.0,46926,0.0,9,2,2018-11-22 13:58:00
20181122 14:00,2612,2612,2612,2612,18,0.0,20,0.0,46926,0.0,4,1,2018-11-22 14:00:00
20181122 14:02,2612,2612,2612,2612,18,0.0,20,0.0,46926,0.0,4,1,2018-11-22 14:02:00
20181122 14:03,2612,2612,2612,2612,18,0.0,20,0.0,46926,0.0,9,5,2018-11-22 14:03:00
20181122 14:04,2612,2612,2612,2612,18,0.0,20,0.0,46926,0.0,6,3,2018-11-22 14:04:00
20181122 14:05,2612,2612,2612,2612,18,0.0,20,0.0,46926,0.0,9,4,2018-11-22 14:05:00
20181122 14:06,2612,2612,2612,2612,18,0.0,20,0.0,46926,0.0,16,8,2018-11-22 14:06:00
20181122 14:10,2612,2612,2612,2612,18,0.0,20,0.0,46926,0.0,24,9,2018-11-22 14:10:00
20181122 14:11,2612,2612,2612,2612,38,20.0,32,12.0,99180,52254.0,16,46,2018-11-22 14:11:00
20181122 14:12,2612,2612,2612,2612,38,0.0,32,0.0,99180,0.0,8,13,2018-11-22 14:12:00
20181122 14:13,2612,2612,2612,2612,38,0.0,32,0.0,99180,0.0,3,6,2018-11-22 14:13:00
20181122 14:14,2612,2612,2612,2612,38,0.0,32,0.0,99180,0.0,6,18,2018-11-22 14:14:00
20181122 14:15,2612,2612,2612,2612,38,0.0,32,0.0,99180,0.0,1,3,2018-11-22 14:15:00
20181122 14:16,2612,2612,2612,2612,38,0.0,32,0.0,99180,0.0,4,14,2018-11-22 14:16:00
20181122 14:17,2612,2612,2612,2612,38,0.0,32,0.0,99180,0.0,1,4,2018-11-22 14:17:00
20181122 14:18,2612,2612,2612,2612,38,0.0,32,0.0,99180,0.0,9,37,2018-11-22 14:18:00
20181122 14:19,2612,2612,2612,2612,38,0.0,32,0.0,99180,0.0,6,23,2018-11-22 14:19:00
20181122 14:20,2612,2612,2612,2612,38,0.0,32,0.0,99180,0.0,11,25,2018-11-22 14:20:00
20181122 14:21,2612,2612,2612,2612,38,0.0,32,0.0,99180,0.0,2,6,2018-11-22 14:21:00
20181122 14:22,2612,2612,2612,2612,38,0.0,32,0.0,99180,0.0,4,8,2018-11-22 14:22:00
20181122 14:23,2612,2612,2612,2612,38,0.0,32,0.0,99180,0.0,4,8,2018-11-22 14:23:00
20181122 14:24,2612,2612,2612,2612,38,0.0,32,0.0,99180,0.0,9,15,2018-11-22 14:24:00
20181122 14:25,2612,2612,2612,2612,38,0.0,32,0.0,99180,0.0,26,43,2018-11-22 14:25:00
20181122 14:26,2612,2612,2612,2612,38,0.0,32,0.0,99180,0.0,22,44,2018-11-22 14:26:00
20181122 14:27,2612,2612,2612,2612,38,0.0,32,0.0,99180,0.0,13,14,2018-11-22 14:27:00
20181122 14:28,2612,2612,2612,2612,38,0.0,32,0.0,99180,0.0,5,5,2018-11-22 14:28:00
20181122 14:29,2612,2612,2612,2612,38,0.0,32,0.0,99180,0.0,8,8,2018-11-22 14:29:00
20181122 14:30,2612,2612,2612,2612,38,0.0,32,0.0,99180,0.0,4,5,2018-11-22 14:30:00
20181122 14:31,2612,2612,2612,2612,38,0.0,32,0.0,99180,0.0,8,9,2018-11-22 14:31:00
20181122 14:32,2612,2612,2612,2612,38,0.0,32,0.0,99180,0.0,12,12,2018-11-22 14:32:00
20181122 14:33,2612,2612,2612,2612,38,0.0,32,0.0,99180,0.0,7,9,2018-11-22 14:33:00
20181122 14:34,2612,2612,2612,2612,38,0.0,32,0.0,99180,0.0,7,13,2018-11-22 14:34:00
20181122 14:35,2612,2612,2612,2612,38,0.0,32,0.0,99180,0.0,15,28,2018-11-22 14:35:00
20181122 14:36,2612,2612,2612,2612,38,0.0,32,0.0,99180,0.0,13,31,2018-11-22 14:36:00
20181122 14:37,2612,2612,2612,2612,38,0.0,32,0.0,99180,0.0,9,23,2018-11-22 14:37:00
20181122 14:38,2612,2612,2612,2612,38,0.0,32,0.0,99180,0.0,14,34,2018-11-22 14:38:00
20181122 14:39,2612,2612,2612,2612,38,0.0,32,0.0,99180,0.0,10,14,2018-11-22 14:39:00
20181122 14:40,2612,2633,2612,2633,40,2.0,34,2.0,104440,5260.0,25,38,2018-11-22 14:40:00
20181122 14:41,2633,2633,2633,2633,40,0.0,34,0.0,104440,0.0,11,16,2018-11-22 14:41:00
20181122 14:42,2633,2633,2633,2633,42,2.0,36,2.0,109704,5264.0,55,85,2018-11-22 14:42:00
20181122 14:43,2633,2633,2633,2633,42,0.0,36,0.0,109704,0.0,26,35,2018-11-22 14:43:00
20181122 14:44,2633,2633,2633,2633,56,14.0,50,14.0,146552,36848.0,18,23,2018-11-22 14:44:00
20181122 14:45,2633,2633,2633,2633,56,0.0,50,0.0,146552,0.0,36,19,2018-11-22 14:45:00
20181122 14:46,2633,2633,2633,2633,56,0.0,50,0.0,146552,0.0,20,21,2018-11-22 14:46:00
20181122 14:47,2633,2633,2633,2633,56,0.0,50,0.0,146552,0.0,22,21,2018-11-22 14:47:00
20181122 14:48,2633,2633,2633,2633,56,0.0,50,0.0,146552,0.0,52,50,2018-11-22 14:48:00
20181122 14:49,2633,2633,2633,2633,56,0.0,50,0.0,146552,0.0,62,33,2018-11-22 14:49:00
20181122 14:50,2633,2633,2633,2633,56,0.0,50,0.0,146552,0.0,42,9,2018-11-22 14:50:00
20181122 14:51,2633,2633,2633,2633,56,0.0,50,0.0,146552,0.0,57,19,2018-11-22 14:51:00
20181122 14:52,2633,2633,2633,2633,56,0.0,50,0.0,146552,0.0,20,13,2018-11-22 14:52:00
20181122 14:54,2633,2633,2633,2633,56,0.0,50,0.0,146552,0.0,10,1,2018-11-22 14:54:00
20181122 14:55,2633,2633,2600,2600,68,12.0,42,-8.0,177752,31200.0,110,37,2018-11-22 14:55:00
20181122 14:56,2600,2600,2600,2600,68,0.0,42,0.0,177752,0.0,18,7,2018-11-22 14:56:00
20181122 14:57,2600,2600,2600,2600,70,2.0,40,-2.0,182980,5228.0,10,18,2018-11-22 14:57:00
20181122 14:58,2600,2600,2600,2600,72,2.0,38,-2.0,188136,5156.0,10,11,2018-11-22 14:58:00
20181122 14:59,2600,2600,2600,2600,72,0.0,38,0.0,188136,0.0,5,5,2018-11-22 14:59:00
20181122 21:00,2600,2600,2600,2600,0,0.0,38,0.0,0,0.0,38,36,2018-11-22 21:00:00
20181122 21:01,2600,2600,2600,2600,0,0.0,38,0.0,0,0.0,3,3,2018-11-22 21:01:00
20181122 21:02,2600,2600,2592,2592,2,2.0,36,-2.0,5184,5184.0,10,10,2018-11-22 21:02:00
20181122 21:03,2592,2592,2592,2592,2,0.0,36,0.0,5184,0.0,4,4,2018-11-22 21:03:00
20181122 21:04,2592,2592,2592,2592,2,0.0,36,0.0,5184,0.0,41,29,2018-11-22 21:04:00
20181122 21:05,2592,2592,2592,2592,2,0.0,36,0.0,5184,0.0,9,9,2018-11-22 21:05:00
20181122 21:06,2592,2592,2592,2592,2,0.0,36,0.0,5184,0.0,5,5,2018-11-22 21:06:00
20181122 21:07,2592,2592,2592,2592,2,0.0,36,0.0,5184,0.0,5,5,2018-11-22 21:07:00
20181122 21:08,2592,2592,2592,2592,2,0.0,36,0.0,5184,0.0,7,3,2018-11-22 21:08:00
20181122 21:09,2592,2592,2592,2592,2,0.0,36,0.0,5184,0.0,19,15,2018-11-22 21:09:00
20181122 21:10,2592,2592,2592,2592,2,0.0,36,0.0,5184,0.0,15,3,2018-11-22 21:10:00
20181122 21:11,2592,2592,2592,2592,2,0.0,36,0.0,5184,0.0,17,3,2018-11-22 21:11:00
20181122 21:12,2592,2592,2592,2592,2,0.0,36,0.0,5184,0.0,7,2,2018-11-22 21:12:00
20181122 21:14,2592,2592,2592,2592,2,0.0,36,0.0,5184,0.0,41,9,2018-11-22 21:14:00
20181122 21:15,2592,2592,2592,2592,2,0.0,36,0.0,5184,0.0,5,1,2018-11-22 21:15:00
20181122 21:16,2592,2592,2592,2592,2,0.0,36,0.0,5184,0.0,16,3,2018-11-22 21:16:00
20181122 21:17,2592,2592,2592,2592,2,0.0,36,0.0,5184,0.0,6,1,2018-11-22 21:17:00
20181122 21:18,2592,2592,2592,2592,2,0.0,36,0.0,5184,0.0,11,2,2018-11-22 21:18:00
20181122 21:19,2592,2592,2592,2592,2,0.0,36,0.0,5184,0.0,1,1,2018-11-22 21:19:00
20181122 21:20,2592,2592,2592,2592,2,0.0,36,0.0,5184,0.0,1,1,2018-11-22 21:20:00
20181122 21:22,2592,2592,2592,2592,2,0.0,36,0.0,5184,0.0,7,9,2018-11-22 21:22:00
20181122 21:23,2592,2592,2592,2592,2,0.0,36,0.0,5184,0.0,16,24,2018-11-22 21:23:00
20181122 21:24,2592,2592,2592,2592,2,0.0,36,0.0,5184,0.0,9,12,2018-11-22 21:24:00
20181122 21:25,2592,2592,2592,2592,2,0.0,36,0.0,5184,0.0,1,1,2018-11-22 21:25:00
20181122 21:26,2592,2592,2592,2592,2,0.0,36,0.0,5184,0.0,4,6,2018-11-22 21:26:00
20181122 21:27,2592,2592,2592,2592,2,0.0,36,0.0,5184,0.0,6,6,2018-11-22 21:27:00
20181122 21:28,2592,2592,2592,2592,2,0.0,36,0.0,5184,0.0,7,11,2018-11-22 21:28:00
20181122 21:29,2592,2592,2592,2592,2,0.0,36,0.0,5184,0.0,12,16,2018-11-22 21:29:00
20181122 21:30,2592,2592,2592,2592,2,0.0,36,0.0,5184,0.0,8,11,2018-11-22 21:30:00
20181122 21:31,2592,2592,2592,2592,2,0.0,36,0.0,5184,0.0,6,7,2018-11-22 21:31:00
20181122 21:32,2592,2592,2592,2592,2,0.0,36,0.0,5184,0.0,9,9,2018-11-22 21:32:00
20181122 21:33,2592,2592,2592,2592,2,0.0,36,0.0,5184,0.0,1,1,2018-11-22 21:33:00
20181122 21:35,2602,2602,2602,2602,4,2.0,34,-2.0,10388,5204.0,18,2,2018-11-22 21:35:00
20181122 21:36,2602,2602,2590,2590,22,18.0,16,-18.0,57024,46636.0,39,35,2018-11-22 21:36:00
20181122 21:37,2590,2590,2590,2590,22,0.0,16,0.0,57024,0.0,11,5,2018-11-22 21:37:00
20181122 21:38,2590,2590,2590,2590,22,0.0,16,0.0,57024,0.0,20,15,2018-11-22 21:38:00
20181122 21:39,2590,2590,2590,2590,22,0.0,16,0.0,57024,0.0,5,8,2018-11-22 21:39:00
20181122 21:40,2590,2590,2590,2590,22,0.0,16,0.0,57024,0.0,16,17,2018-11-22 21:40:00
20181122 21:41,2590,2590,2590,2590,22,0.0,16,0.0,57024,0.0,9,14,2018-11-22 21:41:00
20181122 21:42,2590,2590,2590,2590,22,0.0,16,0.0,57024,0.0,7,6,2018-11-22 21:42:00
20181122 21:43,2590,2590,2590,2590,22,0.0,16,0.0,57024,0.0,12,10,2018-11-22 21:43:00
20181122 21:44,2590,2590,2590,2590,22,0.0,16,0.0,57024,0.0,8,6,2018-11-22 21:44:00
20181122 21:45,2590,2590,2590,2590,22,0.0,16,0.0,57024,0.0,7,4,2018-11-22 21:45:00
20181122 21:46,2590,2590,2590,2590,22,0.0,16,0.0,57024,0.0,13,10,2018-11-22 21:46:00
20181122 21:47,2590,2590,2590,2590,22,0.0,16,0.0,57024,0.0,9,9,2018-11-22 21:47:00
20181122 21:48,2590,2590,2590,2590,22,0.0,16,0.0,57024,0.0,23,16,2018-11-22 21:48:00
20181122 21:49,2590,2590,2590,2590,22,0.0,16,0.0,57024,0.0,14,10,2018-11-22 21:49:00
20181122 21:50,2590,2590,2590,2590,22,0.0,16,0.0,57024,0.0,7,12,2018-11-22 21:50:00
20181122 21:51,2590,2590,2590,2590,22,0.0,16,0.0,57024,0.0,3,5,2018-11-22 21:51:00
20181122 21:52,2590,2590,2590,2590,22,0.0,16,0.0,57024,0.0,2,3,2018-11-22 21:52:00
20181122 21:53,2590,2590,2590,2590,22,0.0,16,0.0,57024,0.0,24,20,2018-11-22 21:53:00
20181122 21:54,2590,2602,2590,2602,26,4.0,18,2.0,67444,10420.0,16,16,2018-11-22 21:54:00
20181122 21:55,2602,2602,2602,2602,26,0.0,18,0.0,67444,0.0,15,15,2018-11-22 21:55:00
20181122 21:56,2602,2602,2602,2602,26,0.0,18,0.0,67444,0.0,6,6,2018-11-22 21:56:00
20181122 21:57,2602,2602,2602,2602,26,0.0,18,0.0,67444,0.0,2,2,2018-11-22 21:57:00
20181122 21:58,2602,2602,2602,2602,26,0.0,18,0.0,67444,0.0,3,3,2018-11-22 21:58:00
20181122 21:59,2602,2602,2602,2602,26,0.0,18,0.0,67444,0.0,7,7,2018-11-22 21:59:00
20181122 22:00,2602,2602,2602,2602,26,0.0,18,0.0,67444,0.0,8,8,2018-11-22 22:00:00
20181122 22:01,2602,2602,2602,2602,26,0.0,18,0.0,67444,0.0,7,7,2018-11-22 22:01:00
20181122 22:02,2602,2602,2602,2602,26,0.0,18,0.0,67444,0.0,6,6,2018-11-22 22:02:00
20181122 22:03,2602,2602,2602,2602,26,0.0,18,0.0,67444,0.0,3,3,2018-11-22 22:03:00
20181122 22:04,2602,2602,2602,2602,26,0.0,18,0.0,67444,0.0,4,4,2018-11-22 22:04:00
20181122 22:05,2602,2602,2602,2602,26,0.0,18,0.0,67444,0.0,4,4,2018-11-22 22:05:00
20181122 22:06,2602,2602,2602,2602,26,0.0,18,0.0,67444,0.0,2,2,2018-11-22 22:06:00
20181122 22:07,2602,2602,2602,2602,26,0.0,18,0.0,67444,0.0,12,12,2018-11-22 22:07:00
20181122 22:08,2602,2602,2602,2602,26,0.0,18,0.0,67444,0.0,14,14,2018-11-22 22:08:00
20181122 22:09,2602,2602,2602,2602,26,0.0,18,0.0,67444,0.0,12,12,2018-11-22 22:09:00
20181122 22:10,2602,2602,2602,2602,26,0.0,18,0.0,67444,0.0,1,1,2018-11-22 22:10:00
20181122 22:11,2602,2602,2602,2602,26,0.0,18,0.0,67444,0.0,6,6,2018-11-22 22:11:00
20181122 22:12,2602,2602,2602,2602,26,0.0,18,0.0,67444,0.0,13,13,2018-11-22 22:12:00
20181122 22:13,2602,2602,2602,2602,26,0.0,18,0.0,67444,0.0,5,5,2018-11-22 22:13:00
20181122 22:14,2602,2602,2602,2602,26,0.0,18,0.0,67444,0.0,7,7,2018-11-22 22:14:00
20181122 22:15,2602,2602,2602,2602,26,0.0,18,0.0,67444,0.0,1,1,2018-11-22 22:15:00
20181122 22:16,2602,2602,2602,2602,26,0.0,18,0.0,67444,0.0,3,3,2018-11-22 22:16:00
20181122 22:17,2602,2602,2602,2602,26,0.0,18,0.0,67444,0.0,13,9,2018-11-22 22:17:00
20181122 22:18,2602,2602,2602,2602,26,0.0,18,0.0,67444,0.0,10,10,2018-11-22 22:18:00
20181122 22:19,2602,2602,2602,2602,26,0.0,18,0.0,67444,0.0,8,8,2018-11-22 22:19:00
20181122 22:20,2602,2602,2602,2602,26,0.0,18,0.0,67444,0.0,6,6,2018-11-22 22:20:00
20181122 22:21,2602,2602,2602,2602,26,0.0,18,0.0,67444,0.0,8,8,2018-11-22 22:21:00
20181122 22:22,2602,2602,2602,2602,26,0.0,18,0.0,67444,0.0,8,8,2018-11-22 22:22:00
20181122 22:23,2602,2602,2602,2602,26,0.0,18,0.0,67444,0.0,7,7,2018-11-22 22:23:00
20181122 22:24,2602,2602,2602,2602,26,0.0,18,0.0,67444,0.0,2,2,2018-11-22 22:24:00
20181122 22:25,2602,2602,2602,2602,26,0.0,18,0.0,67444,0.0,6,6,2018-11-22 22:25:00
20181122 22:26,2602,2602,2602,2602,26,0.0,18,0.0,67444,0.0,7,7,2018-11-22 22:26:00
20181122 22:27,2602,2602,2602,2602,26,0.0,18,0.0,67444,0.0,15,15,2018-11-22 22:27:00
20181122 22:28,2602,2602,2602,2602,26,0.0,18,0.0,67444,0.0,1,1,2018-11-22 22:28:00
20181122 22:29,2602,2602,2602,2602,26,0.0,18,0.0,67444,0.0,6,6,2018-11-22 22:29:00
20181122 22:30,2602,2602,2602,2602,26,0.0,18,0.0,67444,0.0,16,16,2018-11-22 22:30:00
20181122 22:31,2602,2602,2602,2602,26,0.0,18,0.0,67444,0.0,28,20,2018-11-22 22:31:00
20181122 22:32,2602,2602,2602,2602,26,0.0,18,0.0,67444,0.0,24,15,2018-11-22 22:32:00
20181122 22:33,2602,2602,2602,2602,26,0.0,18,0.0,67444,0.0,26,26,2018-11-22 22:33:00
20181122 22:34,2602,2602,2602,2602,26,0.0,18,0.0,67444,0.0,18,16,2018-11-22 22:34:00
20181122 22:35,2602,2602,2602,2602,26,0.0,18,0.0,67444,0.0,12,9,2018-11-22 22:35:00
20181122 22:36,2602,2602,2602,2602,26,0.0,18,0.0,67444,0.0,14,12,2018-11-22 22:36:00
20181122 22:37,2602,2602,2602,2602,26,0.0,18,0.0,67444,0.0,11,11,2018-11-22 22:37:00
20181122 22:38,2602,2602,2602,2602,26,0.0,18,0.0,67444,0.0,7,7,2018-11-22 22:38:00
20181122 22:39,2602,2602,2602,2602,26,0.0,18,0.0,67444,0.0,10,10,2018-11-22 22:39:00
20181122 22:40,2602,2602,2602,2602,26,0.0,18,0.0,67444,0.0,11,11,2018-11-22 22:40:00
20181122 22:41,2602,2602,2602,2602,26,0.0,18,0.0,67444,0.0,30,18,2018-11-22 22:41:00
20181122 22:42,2602,2602,2602,2602,26,0.0,18,0.0,67444,0.0,35,18,2018-11-22 22:42:00
20181122 22:43,2602,2602,2602,2602,26,0.0,18,0.0,67444,0.0,9,8,2018-11-22 22:43:00
20181122 22:44,2602,2602,2602,2602,26,0.0,18,0.0,67444,0.0,11,11,2018-11-22 22:44:00
20181122 22:45,2602,2602,2602,2602,26,0.0,18,0.0,67444,0.0,7,7,2018-11-22 22:45:00
20181122 22:46,2602,2602,2602,2602,26,0.0,18,0.0,67444,0.0,8,8,2018-11-22 22:46:00
20181122 22:47,2602,2602,2602,2602,26,0.0,18,0.0,67444,0.0,2,2,2018-11-22 22:47:00
20181122 22:48,2602,2602,2602,2602,26,0.0,18,0.0,67444,0.0,10,10,2018-11-22 22:48:00
20181122 22:49,2602,2602,2602,2602,26,0.0,18,0.0,67444,0.0,10,10,2018-11-22 22:49:00
20181122 22:50,2602,2602,2602,2602,26,0.0,18,0.0,67444,0.0,6,6,2018-11-22 22:50:00
20181122 22:51,2602,2602,2602,2602,26,0.0,18,0.0,67444,0.0,7,7,2018-11-22 22:51:00
20181122 22:52,2602,2602,2602,2602,26,0.0,18,0.0,67444,0.0,35,26,2018-11-22 22:52:00
20181122 22:53,2602,2602,2602,2602,26,0.0,18,0.0,67444,0.0,15,15,2018-11-22 22:53:00
20181122 22:54,2602,2602,2602,2602,26,0.0,18,0.0,67444,0.0,10,10,2018-11-22 22:54:00
20181122 22:55,2602,2602,2602,2602,26,0.0,18,0.0,67444,0.0,9,9,2018-11-22 22:55:00
20181122 22:56,2602,2602,2602,2602,26,0.0,18,0.0,67444,0.0,11,11,2018-11-22 22:56:00
20181122 22:57,2602,2602,2602,2602,26,0.0,18,0.0,67444,0.0,17,10,2018-11-22 22:57:00
20181122 22:58,2602,2602,2602,2602,26,0.0,18,0.0,67444,0.0,11,9,2018-11-22 22:58:00
20181122 22:59,2602,2602,2602,2602,26,0.0,18,0.0,67444,0.0,10,9,2018-11-22 22:59:00
20181122 23:00,2602,2602,2602,2602,26,0.0,18,0.0,67444,0.0,45,37,2018-11-22 23:00:00
20181122 23:01,2602,2602,2602,2602,26,0.0,18,0.0,67444,0.0,41,25,2018-11-22 23:01:00
20181122 23:02,2602,2602,2602,2602,26,0.0,18,0.0,67444,0.0,26,16,2018-11-22 23:02:00
20181122 23:03,2602,2602,2602,2602,26,0.0,18,0.0,67444,0.0,5,5,2018-11-22 23:03:00
20181122 23:04,2602,2602,2602,2602,26,0.0,18,0.0,67444,0.0,12,12,2018-11-22 23:04:00
20181122 23:05,2602,2602,2602,2602,26,0.0,18,0.0,67444,0.0,9,9,2018-11-22 23:05:00
20181122 23:06,2602,2602,2602,2602,26,0.0,18,0.0,67444,0.0,4,4,2018-11-22 23:06:00
20181122 23:07,2602,2602,2602,2602,26,0.0,18,0.0,67444,0.0,16,16,2018-11-22 23:07:00
20181122 23:08,2602,2602,2602,2602,26,0.0,18,0.0,67444,0.0,11,11,2018-11-22 23:08:00
20181122 23:09,2602,2602,2602,2602,26,0.0,18,0.0,67444,0.0,9,9,2018-11-22 23:09:00
20181122 23:10,2602,2602,2602,2602,26,0.0,18,0.0,67444,0.0,6,6,2018-11-22 23:10:00
20181122 23:12,2602,2602,2602,2602,26,0.0,18,0.0,67444,0.0,5,5,2018-11-22 23:12:00
20181122 23:13,2602,2602,2602,2602,26,0.0,18,0.0,67444,0.0,2,2,2018-11-22 23:13:00
20181122 23:14,2602,2602,2602,2602,26,0.0,18,0.0,67444,0.0,10,10,2018-11-22 23:14:00
20181122 23:15,2602,2602,2602,2602,26,0.0,18,0.0,67444,0.0,20,20,2018-11-22 23:15:00
20181122 23:16,2602,2602,2602,2602,26,0.0,18,0.0,67444,0.0,9,9,2018-11-22 23:16:00
20181122 23:18,2602,2602,2602,2602,26,0.0,18,0.0,67444,0.0,14,12,2018-11-22 23:18:00
20181122 23:19,2602,2602,2602,2602,26,0.0,18,0.0,67444,0.0,19,18,2018-11-22 23:19:00
20181122 23:20,2602,2602,2602,2602,26,0.0,18,0.0,67444,0.0,11,11,2018-11-22 23:20:00
20181122 23:21,2602,2602,2602,2602,26,0.0,18,0.0,67444,0.0,13,13,2018-11-22 23:21:00
20181122 23:22,2602,2602,2602,2602,26,0.0,18,0.0,67444,0.0,5,5,2018-11-22 23:22:00
20181122 23:23,2602,2602,2602,2602,26,0.0,18,0.0,67444,0.0,6,6,2018-11-22 23:23:00
20181122 23:24,2602,2602,2602,2602,26,0.0,18,0.0,67444,0.0,6,6,2018-11-22 23:24:00
20181122 23:25,2602,2602,2602,2602,26,0.0,18,0.0,67444,0.0,8,8,2018-11-22 23:25:00
20181122 23:26,2602,2602,2602,2602,26,0.0,18,0.0,67444,0.0,5,5,2018-11-22 23:26:00
20181122 23:27,2602,2602,2602,2602,26,0.0,18,0.0,67444,0.0,7,7,2018-11-22 23:27:00
20181122 23:28,2602,2602,2602,2602,26,0.0,18,0.0,67444,0.0,8,8,2018-11-22 23:28:00
20181122 23:29,2602,2602,2602,2602,26,0.0,18,0.0,67444,0.0,10,10,2018-11-22 23:29:00
20181123 09:00,2602,2602,2602,2602,26,0.0,18,0.0,67444,0.0,13,13,2018-11-23 09:00:00
20181123 09:01,2602,2602,2602,2602,26,0.0,18,0.0,67444,0.0,6,9,2018-11-23 09:01:00
20181123 09:02,2602,2602,2602,2602,26,0.0,18,0.0,67444,0.0,10,16,2018-11-23 09:02:00
20181123 09:05,2602,2602,2602,2602,26,0.0,18,0.0,67444,0.0,16,31,2018-11-23 09:05:00
20181123 09:07,2602,2602,2602,2602,26,0.0,18,0.0,67444,0.0,2,3,2018-11-23 09:07:00
20181123 09:09,2602,2602,2602,2602,26,0.0,18,0.0,67444,0.0,2,3,2018-11-23 09:09:00
20181123 09:11,2602,2602,2602,2602,26,0.0,18,0.0,67444,0.0,1,3,2018-11-23 09:11:00
20181123 09:12,2602,2602,2602,2602,26,0.0,18,0.0,67444,0.0,6,14,2018-11-23 09:12:00
20181123 09:14,2602,2602,2602,2602,26,0.0,18,0.0,67444,0.0,1,2,2018-11-23 09:14:00
20181123 09:16,2602,2602,2602,2602,26,0.0,18,0.0,67444,0.0,2,6,2018-11-23 09:16:00
20181123 09:17,2602,2602,2602,2602,26,0.0,18,0.0,67444,0.0,6,12,2018-11-23 09:17:00
20181123 09:18,2602,2602,2602,2602,26,0.0,18,0.0,67444,0.0,1,3,2018-11-23 09:18:00
20181123 09:19,2602,2602,2602,2602,26,0.0,18,0.0,67444,0.0,1,2,2018-11-23 09:19:00
20181123 09:24,2602,2602,2602,2602,26,0.0,18,0.0,67444,0.0,2,3,2018-11-23 09:24:00
20181123 09:26,2602,2602,2602,2602,26,0.0,18,0.0,67444,0.0,1,1,2018-11-23 09:26:00
20181123 09:30,2602,2602,2602,2602,26,0.0,18,0.0,67444,0.0,4,4,2018-11-23 09:30:00
20181123 09:31,2602,2602,2602,2602,26,0.0,18,0.0,67444,0.0,4,6,2018-11-23 09:31:00
20181123 09:33,2602,2602,2602,2602,26,0.0,18,0.0,67444,0.0,2,3,2018-11-23 09:33:00
20181123 09:34,2602,2602,2602,2602,26,0.0,18,0.0,67444,0.0,3,5,2018-11-23 09:34:00
20181123 09:35,2602,2602,2602,2602,26,0.0,18,0.0,67444,0.0,2,2,2018-11-23 09:35:00
20181123 09:36,2602,2602,2602,2602,26,0.0,18,0.0,67444,0.0,4,4,2018-11-23 09:36:00
20181123 09:38,2602,2602,2602,2602,26,0.0,18,0.0,67444,0.0,11,20,2018-11-23 09:38:00
20181123 09:39,2602,2602,2602,2602,26,0.0,18,0.0,67444,0.0,2,2,2018-11-23 09:39:00
20181123 09:42,2602,2602,2602,2602,26,0.0,18,0.0,67444,0.0,2,3,2018-11-23 09:42:00
20181123 09:43,2602,2602,2602,2602,26,0.0,18,0.0,67444,0.0,3,4,2018-11-23 09:43:00
20181123 09:44,2602,2602,2602,2602,26,0.0,18,0.0,67444,0.0,2,2,2018-11-23 09:44:00
20181123 09:45,2602,2602,2602,2602,26,0.0,18,0.0,67444,0.0,4,8,2018-11-23 09:45:00
20181123 09:46,2602,2602,2602,2602,26,0.0,18,0.0,67444,0.0,31,31,2018-11-23 09:46:00
20181123 09:48,2602,2602,2602,2602,26,0.0,18,0.0,67444,0.0,13,27,2018-11-23 09:48:00
20181123 09:49,2602,2602,2602,2602,26,0.0,18,0.0,67444,0.0,9,16,2018-11-23 09:49:00
20181123 09:51,2602,2602,2602,2602,26,0.0,18,0.0,67444,0.0,1,1,2018-11-23 09:51:00
20181123 09:52,2602,2602,2602,2602,26,0.0,18,0.0,67444,0.0,5,11,2018-11-23 09:52:00
20181123 10:00,2602,2602,2602,2602,26,0.0,18,0.0,67444,0.0,1,4,2018-11-23 10:00:00
20181123 10:01,2602,2602,2602,2602,26,0.0,18,0.0,67444,0.0,4,14,2018-11-23 10:01:00
20181123 10:02,2602,2602,2602,2602,26,0.0,18,0.0,67444,0.0,3,6,2018-11-23 10:02:00
20181123 10:06,2602,2602,2602,2602,26,0.0,18,0.0,67444,0.0,1,3,2018-11-23 10:06:00
20181123 10:07,2602,2602,2602,2602,26,0.0,18,0.0,67444,0.0,1,3,2018-11-23 10:07:00
20181123 10:10,2602,2602,2602,2602,26,0.0,18,0.0,67444,0.0,3,11,2018-11-23 10:10:00
20181123 10:11,2602,2602,2602,2602,26,0.0,18,0.0,67444,0.0,1,3,2018-11-23 10:11:00
20181123 10:13,2602,2602,2602,2602,26,0.0,18,0.0,67444,0.0,5,6,2018-11-23 10:13:00
20181123 10:31,2602,2602,2602,2602,26,0.0,18,0.0,67444,0.0,14,25,2018-11-23 10:31:00
20181123 10:32,2602,2602,2602,2602,26,0.0,18,0.0,67444,0.0,7,9,2018-11-23 10:32:00
20181123 10:33,2602,2602,2602,2602,26,0.0,18,0.0,67444,0.0,6,9,2018-11-23 10:33:00
20181123 10:34,2602,2602,2602,2602,26,0.0,18,0.0,67444,0.0,5,9,2018-11-23 10:34:00
20181123 10:35,2602,2602,2602,2602,26,0.0,18,0.0,67444,0.0,4,10,2018-11-23 10:35:00
20181123 10:36,2602,2602,2602,2602,26,0.0,18,0.0,67444,0.0,7,7,2018-11-23 10:36:00
20181123 10:38,2602,2602,2602,2602,26,0.0,18,0.0,67444,0.0,1,3,2018-11-23 10:38:00
20181123 10:39,2602,2602,2602,2602,26,0.0,18,0.0,67444,0.0,1,3,2018-11-23 10:39:00
20181123 10:40,2602,2602,2602,2602,26,0.0,18,0.0,67444,0.0,7,16,2018-11-23 10:40:00
20181123 10:41,2602,2602,2602,2602,26,0.0,18,0.0,67444,0.0,16,48,2018-11-23 10:41:00
20181123 10:45,2602,2602,2602,2602,26,0.0,18,0.0,67444,0.0,7,18,2018-11-23 10:45:00
20181123 10:46,2602,2602,2602,2602,26,0.0,18,0.0,67444,0.0,2,7,2018-11-23 10:46:00
20181123 10:48,2602,2602,2602,2602,26,0.0,18,0.0,67444,0.0,2,2,2018-11-23 10:48:00
20181123 10:49,2602,2602,2602,2602,26,0.0,18,0.0,67444,0.0,2,1,2018-11-23 10:49:00
20181123 10:50,2602,2602,2602,2602,26,0.0,18,0.0,67444,0.0,3,3,2018-11-23 10:50:00
20181123 10:51,2602,2602,2602,2602,26,0.0,18,0.0,67444,0.0,12,15,2018-11-23 10:51:00
20181123 10:53,2602,2602,2602,2602,26,0.0,18,0.0,67444,0.0,4,13,2018-11-23 10:53:00
20181123 10:57,2602,2602,2602,2602,26,0.0,18,0.0,67444,0.0,1,2,2018-11-23 10:57:00
20181123 10:58,2602,2602,2602,2602,26,0.0,18,0.0,67444,0.0,5,9,2018-11-23 10:58:00
20181123 10:59,2602,2602,2602,2602,26,0.0,18,0.0,67444,0.0,10,22,2018-11-23 10:59:00
20181123 11:02,2602,2602,2602,2602,26,0.0,18,0.0,67444,0.0,1,3,2018-11-23 11:02:00
20181123 11:04,2602,2602,2602,2602,26,0.0,18,0.0,67444,0.0,3,8,2018-11-23 11:04:00
20181126 09:00,2458,2458,2458,2458,2,2.0,18,0.0,4916,4916.0,34,14,2018-11-26 09:00:00
20181126 09:01,2458,2458,2458,2458,2,0.0,18,0.0,4916,0.0,33,16,2018-11-26 09:01:00
20181126 09:02,2458,2458,2458,2458,2,0.0,18,0.0,4916,0.0,40,17,2018-11-26 09:02:00
20181126 09:03,2458,2458,2458,2458,2,0.0,18,0.0,4916,0.0,30,22,2018-11-26 09:03:00
20181126 09:04,2458,2458,2458,2458,2,0.0,18,0.0,4916,0.0,46,37,2018-11-26 09:04:00
20181126 09:05,2458,2458,2458,2458,2,0.0,18,0.0,4916,0.0,20,0,2018-11-26 09:05:00
20181126 09:06,2458,2458,2458,2458,2,0.0,18,0.0,4916,0.0,12,0,2018-11-26 09:06:00
20181126 09:07,2458,2458,2458,2458,2,0.0,18,0.0,4916,0.0,6,0,2018-11-26 09:07:00
20181126 09:08,2458,2458,2458,2458,2,0.0,18,0.0,4916,0.0,1,0,2018-11-26 09:08:00
20181126 09:09,2458,2458,2458,2458,2,0.0,18,0.0,4916,0.0,13,0,2018-11-26 09:09:00
20181126 09:10,2458,2458,2458,2458,2,0.0,18,0.0,4916,0.0,2,0,2018-11-26 09:10:00
20181126 09:11,2458,2458,2458,2458,2,0.0,18,0.0,4916,0.0,2,0,2018-11-26 09:11:00
20181126 09:12,2458,2458,2458,2458,2,0.0,18,0.0,4916,0.0,3,0,2018-11-26 09:12:00
20181126 09:14,2458,2458,2458,2458,2,0.0,18,0.0,4916,0.0,11,0,2018-11-26 09:14:00
20181126 09:15,2458,2458,2458,2458,2,0.0,18,0.0,4916,0.0,12,0,2018-11-26 09:15:00
20181126 09:16,2458,2458,2458,2458,2,0.0,18,0.0,4916,0.0,12,0,2018-11-26 09:16:00
20181126 09:17,2458,2458,2458,2458,2,0.0,18,0.0,4916,0.0,5,0,2018-11-26 09:17:00
20181126 09:18,2458,2458,2458,2458,2,0.0,18,0.0,4916,0.0,3,0,2018-11-26 09:18:00
20181126 09:19,2458,2458,2458,2458,2,0.0,18,0.0,4916,0.0,2,0,2018-11-26 09:19:00
20181126 09:21,2458,2458,2458,2458,2,0.0,18,0.0,4916,0.0,1,0,2018-11-26 09:21:00
20181126 09:22,2458,2458,2458,2458,2,0.0,18,0.0,4916,0.0,1,0,2018-11-26 09:22:00
20181126 09:23,2458,2458,2458,2458,2,0.0,18,0.0,4916,0.0,5,5,2018-11-26 09:23:00
20181126 09:25,2458,2458,2458,2458,2,0.0,18,0.0,4916,0.0,3,15,2018-11-26 09:25:00
20181126 09:26,2458,2458,2458,2458,2,0.0,18,0.0,4916,0.0,1,5,2018-11-26 09:26:00
20181126 09:27,2458,2458,2458,2458,2,0.0,18,0.0,4916,0.0,7,36,2018-11-26 09:27:00
20181126 09:28,2458,2458,2458,2458,2,0.0,18,0.0,4916,0.0,8,51,2018-11-26 09:28:00
20181126 09:29,2458,2458,2458,2458,2,0.0,18,0.0,4916,0.0,12,87,2018-11-26 09:29:00
20181126 09:30,2458,2458,2458,2458,2,0.0,18,0.0,4916,0.0,5,36,2018-11-26 09:30:00
20181126 09:31,2458,2482,2458,2482,8,6.0,24,6.0,19808,14892.0,8,48,2018-11-26 09:31:00
20181126 09:32,2482,2482,2482,2482,8,0.0,24,0.0,19808,0.0,1,7,2018-11-26 09:32:00
20181126 09:33,2482,2482,2482,2482,8,0.0,24,0.0,19808,0.0,6,27,2018-11-26 09:33:00
20181126 09:34,2482,2482,2482,2482,8,0.0,24,0.0,19808,0.0,5,12,2018-11-26 09:34:00
20181126 09:35,2482,2482,2482,2482,8,0.0,24,0.0,19808,0.0,4,18,2018-11-26 09:35:00
20181126 09:36,2482,2482,2482,2482,8,0.0,24,0.0,19808,0.0,4,18,2018-11-26 09:36:00
20181126 09:38,2482,2482,2482,2482,8,0.0,24,0.0,19808,0.0,12,49,2018-11-26 09:38:00
20181126 09:39,2482,2482,2482,2482,8,0.0,24,0.0,19808,0.0,2,5,2018-11-26 09:39:00
20181126 09:40,2482,2482,2482,2482,8,0.0,24,0.0,19808,0.0,2,11,2018-11-26 09:40:00
20181126 09:41,2482,2482,2482,2482,8,0.0,24,0.0,19808,0.0,7,35,2018-11-26 09:41:00
20181126 09:42,2482,2482,2482,2482,8,0.0,24,0.0,19808,0.0,14,52,2018-11-26 09:42:00
20181126 09:43,2482,2482,2482,2482,8,0.0,24,0.0,19808,0.0,6,20,2018-11-26 09:43:00
20181126 09:44,2482,2482,2482,2482,8,0.0,24,0.0,19808,0.0,4,3,2018-11-26 09:44:00
20181126 09:46,2482,2482,2482,2482,8,0.0,24,0.0,19808,0.0,5,10,2018-11-26 09:46:00
20181126 09:47,2482,2482,2482,2482,8,0.0,24,0.0,19808,0.0,1,2,2018-11-26 09:47:00
20181126 09:48,2482,2482,2482,2482,8,0.0,24,0.0,19808,0.0,8,17,2018-11-26 09:48:00
20181126 09:49,2482,2482,2482,2482,8,0.0,24,0.0,19808,0.0,3,5,2018-11-26 09:49:00
20181126 09:50,2482,2482,2482,2482,8,0.0,24,0.0,19808,0.0,8,18,2018-11-26 09:50:00
20181126 09:51,2482,2482,2482,2482,8,0.0,24,0.0,19808,0.0,3,6,2018-11-26 09:51:00
20181126 09:52,2482,2482,2482,2482,8,0.0,24,0.0,19808,0.0,15,18,2018-11-26 09:52:00
20181126 09:53,2482,2482,2482,2482,8,0.0,24,0.0,19808,0.0,3,6,2018-11-26 09:53:00
20181126 09:54,2482,2482,2482,2482,8,0.0,24,0.0,19808,0.0,1,2,2018-11-26 09:54:00
20181126 09:56,2482,2482,2482,2482,8,0.0,24,0.0,19808,0.0,2,3,2018-11-26 09:56:00
20181126 09:57,2482,2482,2482,2482,8,0.0,24,0.0,19808,0.0,1,3,2018-11-26 09:57:00
20181126 10:01,2482,2482,2482,2482,8,0.0,24,0.0,19808,0.0,4,9,2018-11-26 10:01:00
20181126 10:02,2482,2482,2482,2482,8,0.0,24,0.0,19808,0.0,6,6,2018-11-26 10:02:00
20181126 10:03,2482,2482,2482,2482,8,0.0,24,0.0,19808,0.0,3,4,2018-11-26 10:03:00
20181126 10:05,2482,2482,2482,2482,8,0.0,24,0.0,19808,0.0,25,19,2018-11-26 10:05:00
20181126 10:06,2482,2482,2482,2482,8,0.0,24,0.0,19808,0.0,3,1,2018-11-26 10:06:00
20181126 10:07,2482,2482,2482,2482,8,0.0,24,0.0,19808,0.0,9,6,2018-11-26 10:07:00
20181126 10:08,2482,2482,2482,2482,8,0.0,24,0.0,19808,0.0,12,9,2018-11-26 10:08:00
20181126 10:11,2482,2482,2482,2482,8,0.0,24,0.0,19808,0.0,1,2,2018-11-26 10:11:00
20181126 10:13,2482,2482,2482,2482,8,0.0,24,0.0,19808,0.0,1,3,2018-11-26 10:13:00
20181126 10:14,2482,2482,2482,2482,8,0.0,24,0.0,19808,0.0,2,2,2018-11-26 10:14:00
20181126 10:30,2482,2482,2482,2482,8,0.0,24,0.0,19808,0.0,4,2,2018-11-26 10:30:00
20181126 10:33,2482,2482,2482,2482,8,0.0,24,0.0,19808,0.0,2,2,2018-11-26 10:33:00
20181126 10:35,2482,2482,2458,2458,10,2.0,24,0.0,24720,4912.0,9,16,2018-11-26 10:35:00
20181126 10:38,2458,2458,2458,2458,10,0.0,24,0.0,24720,0.0,1,0,2018-11-26 10:38:00
20181126 10:45,2458,2458,2458,2458,10,0.0,24,0.0,24720,0.0,1,0,2018-11-26 10:45:00
20181126 10:46,2458,2458,2458,2458,10,0.0,24,0.0,24720,0.0,2,0,2018-11-26 10:46:00
20181126 10:51,2458,2458,2458,2458,10,0.0,24,0.0,24720,0.0,7,0,2018-11-26 10:51:00
20181126 10:53,2458,2458,2458,2458,10,0.0,24,0.0,24720,0.0,2,7,2018-11-26 10:53:00
20181126 10:54,2458,2458,2458,2458,10,0.0,24,0.0,24720,0.0,2,6,2018-11-26 10:54:00
20181126 10:56,2458,2458,2458,2458,10,0.0,24,0.0,24720,0.0,5,8,2018-11-26 10:56:00
20181126 10:57,2458,2458,2458,2458,10,0.0,24,0.0,24720,0.0,2,2,2018-11-26 10:57:00
20181126 10:58,2458,2458,2458,2458,10,0.0,24,0.0,24720,0.0,1,1,2018-11-26 10:58:00
20181126 10:59,2458,2458,2458,2458,10,0.0,24,0.0,24720,0.0,1,1,2018-11-26 10:59:00
20181126 11:02,2458,2458,2458,2458,10,0.0,24,0.0,24720,0.0,3,0,2018-11-26 11:02:00
20181126 11:03,2458,2458,2458,2458,10,0.0,24,0.0,24720,0.0,2,0,2018-11-26 11:03:00
20181126 11:11,2458,2458,2458,2458,10,0.0,24,0.0,24720,0.0,5,0,2018-11-26 11:11:00
20181126 11:15,2458,2458,2458,2458,10,0.0,24,0.0,24720,0.0,3,0,2018-11-26 11:15:00
20181126 11:16,2458,2458,2458,2458,10,0.0,24,0.0,24720,0.0,1,0,2018-11-26 11:16:00
20181126 11:19,2458,2458,2458,2458,10,0.0,24,0.0,24720,0.0,1,0,2018-11-26 11:19:00
20181126 11:25,2458,2458,2458,2458,10,0.0,24,0.0,24720,0.0,8,0,2018-11-26 11:25:00
20181126 13:30,2458,2458,2458,2458,10,0.0,24,0.0,24720,0.0,1,0,2018-11-26 13:30:00
20181126 13:33,2458,2458,2458,2458,10,0.0,24,0.0,24720,0.0,2,0,2018-11-26 13:33:00
20181126 13:34,2458,2458,2458,2458,10,0.0,24,0.0,24720,0.0,5,0,2018-11-26 13:34:00
20181126 13:37,2458,2458,2458,2458,10,0.0,24,0.0,24720,0.0,2,0,2018-11-26 13:37:00
20181126 13:38,2458,2458,2458,2458,10,0.0,24,0.0,24720,0.0,3,0,2018-11-26 13:38:00
20181126 13:39,2458,2458,2458,2458,10,0.0,24,0.0,24720,0.0,2,0,2018-11-26 13:39:00
20181126 13:41,2458,2458,2458,2458,10,0.0,24,0.0,24720,0.0,1,0,2018-11-26 13:41:00
20181126 13:42,2458,2458,2458,2458,10,0.0,24,0.0,24720,0.0,5,0,2018-11-26 13:42:00
20181126 13:44,2458,2458,2458,2458,10,0.0,24,0.0,24720,0.0,1,0,2018-11-26 13:44:00
20181126 13:51,2458,2458,2458,2458,10,0.0,24,0.0,24720,0.0,4,0,2018-11-26 13:51:00
20181127 10:48,2498,2498,2498,2498,10,0.0,30,6.0,24820,100.0,5,5,2018-11-27 10:48:00
20181127 10:49,2498,2498,2498,2498,10,0.0,30,0.0,24820,0.0,5,5,2018-11-27 10:49:00
20181127 10:50,2498,2498,2498,2498,10,0.0,30,0.0,24820,0.0,2,2,2018-11-27 10:50:00
20181127 10:51,2498,2498,2498,2498,10,0.0,30,0.0,24820,0.0,5,5,2018-11-27 10:51:00
20181127 10:52,2498,2498,2498,2498,10,0.0,30,0.0,24820,0.0,1,1,2018-11-27 10:52:00
20181127 10:53,2498,2498,2498,2498,10,0.0,30,0.0,24820,0.0,2,2,2018-11-27 10:53:00
20181127 10:55,2498,2498,2498,2498,10,0.0,30,0.0,24820,0.0,2,2,2018-11-27 10:55:00
20181127 10:56,2498,2498,2498,2498,10,0.0,30,0.0,24820,0.0,4,4,2018-11-27 10:56:00
20181127 10:58,2498,2498,2498,2498,10,0.0,30,0.0,24820,0.0,2,2,2018-11-27 10:58:00
20181127 10:59,2498,2498,2498,2498,10,0.0,30,0.0,24820,0.0,4,4,2018-11-27 10:59:00
20181127 11:00,2498,2498,2498,2498,10,0.0,30,0.0,24820,0.0,3,3,2018-11-27 11:00:00
20181127 11:01,2498,2498,2498,2498,10,0.0,30,0.0,24820,0.0,2,2,2018-11-27 11:01:00
20181127 11:02,2498,2498,2498,2498,10,0.0,30,0.0,24820,0.0,5,5,2018-11-27 11:02:00
20181127 11:03,2498,2498,2498,2498,10,0.0,30,0.0,24820,0.0,2,2,2018-11-27 11:03:00
20181127 11:04,2498,2498,2498,2498,10,0.0,30,0.0,24820,0.0,3,3,2018-11-27 11:04:00
20181127 11:05,2498,2498,2498,2498,10,0.0,30,0.0,24820,0.0,1,1,2018-11-27 11:05:00
20181127 11:08,2498,2498,2498,2498,10,0.0,30,0.0,24820,0.0,4,4,2018-11-27 11:08:00
20181127 11:09,2498,2498,2498,2498,10,0.0,30,0.0,24820,0.0,1,1,2018-11-27 11:09:00
20181127 11:10,2498,2498,2498,2498,10,0.0,30,0.0,24820,0.0,4,4,2018-11-27 11:10:00
20181127 11:12,2498,2498,2498,2498,10,0.0,30,0.0,24820,0.0,1,1,2018-11-27 11:12:00
20181127 11:13,2498,2498,2498,2498,10,0.0,30,0.0,24820,0.0,1,1,2018-11-27 11:13:00
20181127 11:14,2498,2498,2498,2498,10,0.0,30,0.0,24820,0.0,5,5,2018-11-27 11:14:00
20181127 11:17,2498,2498,2498,2498,10,0.0,30,0.0,24820,0.0,5,4,2018-11-27 11:17:00
20181127 11:20,2477,2477,2477,2477,14,4.0,28,-2.0,34734,9914.0,7,4,2018-11-27 11:20:00
20181127 11:21,2477,2477,2477,2477,14,0.0,28,0.0,34734,0.0,2,1,2018-11-27 11:21:00
20181127 11:22,2477,2477,2477,2477,14,0.0,28,0.0,34734,0.0,4,2,2018-11-27 11:22:00
20181127 11:23,2477,2477,2477,2477,14,0.0,28,0.0,34734,0.0,6,3,2018-11-27 11:23:00
20181127 11:24,2477,2477,2477,2477,14,0.0,28,0.0,34734,0.0,27,18,2018-11-27 11:24:00
20181127 11:25,2477,2477,2477,2477,14,0.0,28,0.0,34734,0.0,6,3,2018-11-27 11:25:00
20181127 11:26,2477,2477,2477,2477,14,0.0,28,0.0,34734,0.0,2,1,2018-11-27 11:26:00
20181127 11:27,2477,2477,2477,2477,14,0.0,28,0.0,34734,0.0,10,5,2018-11-27 11:27:00
20181127 11:28,2477,2477,2477,2477,14,0.0,28,0.0,34734,0.0,11,9,2018-11-27 11:28:00
20181127 11:29,2477,2477,2477,2477,14,0.0,28,0.0,34734,0.0,11,11,2018-11-27 11:29:00
20181127 13:30,2477,2477,2477,2477,14,0.0,28,0.0,34734,0.0,21,16,2018-11-27 13:30:00
20181127 13:31,2477,2477,2477,2477,14,0.0,28,0.0,34734,0.0,5,5,2018-11-27 13:31:00
20181127 13:32,2477,2477,2477,2477,14,0.0,28,0.0,34734,0.0,12,8,2018-11-27 13:32:00
20181127 13:33,2477,2477,2477,2477,14,0.0,28,0.0,34734,0.0,8,7,2018-11-27 13:33:00
20181127 13:34,2477,2477,2477,2477,14,0.0,28,0.0,34734,0.0,6,5,2018-11-27 13:34:00
20181127 13:36,2477,2477,2477,2477,14,0.0,28,0.0,34734,0.0,3,3,2018-11-27 13:36:00
20181127 13:38,2477,2477,2477,2477,14,0.0,28,0.0,34734,0.0,3,3,2018-11-27 13:38:00
20181127 13:39,2477,2477,2477,2477,14,0.0,28,0.0,34734,0.0,5,5,2018-11-27 13:39:00
20181127 13:40,2477,2477,2477,2477,14,0.0,28,0.0,34734,0.0,1,1,2018-11-27 13:40:00
20181127 13:42,2477,2477,2477,2477,14,0.0,28,0.0,34734,0.0,6,6,2018-11-27 13:42:00
20181127 13:43,2477,2477,2477,2477,14,0.0,28,0.0,34734,0.0,5,5,2018-11-27 13:43:00
20181127 13:44,2477,2477,2477,2477,14,0.0,28,0.0,34734,0.0,5,5,2018-11-27 13:44:00
20181127 13:45,2477,2477,2477,2477,14,0.0,28,0.0,34734,0.0,2,2,2018-11-27 13:45:00
20181127 13:46,2477,2477,2477,2477,14,0.0,28,0.0,34734,0.0,1,1,2018-11-27 13:46:00
20181127 13:47,2477,2477,2477,2477,14,0.0,28,0.0,34734,0.0,1,1,2018-11-27 13:47:00
20181127 13:48,2477,2477,2477,2477,14,0.0,28,0.0,34734,0.0,7,7,2018-11-27 13:48:00
20181127 13:49,2477,2477,2477,2477,14,0.0,28,0.0,34734,0.0,4,4,2018-11-27 13:49:00
20181127 13:50,2477,2477,2477,2477,14,0.0,28,0.0,34734,0.0,7,7,2018-11-27 13:50:00
20181127 13:51,2477,2477,2477,2477,14,0.0,28,0.0,34734,0.0,5,3,2018-11-27 13:51:00
20181127 13:52,2477,2477,2477,2477,14,0.0,28,0.0,34734,0.0,3,3,2018-11-27 13:52:00
20181127 13:53,2477,2477,2477,2477,14,0.0,28,0.0,34734,0.0,2,2,2018-11-27 13:53:00
20181127 13:55,2477,2477,2477,2477,14,0.0,28,0.0,34734,0.0,1,1,2018-11-27 13:55:00
20181127 13:56,2477,2477,2477,2477,14,0.0,28,0.0,34734,0.0,3,3,2018-11-27 13:56:00
20181127 13:57,2477,2477,2477,2477,14,0.0,28,0.0,34734,0.0,1,1,2018-11-27 13:57:00
20181127 13:58,2477,2477,2477,2477,14,0.0,28,0.0,34734,0.0,3,3,2018-11-27 13:58:00
20181127 13:59,2477,2477,2477,2477,14,0.0,28,0.0,34734,0.0,3,3,2018-11-27 13:59:00
20181127 14:02,2477,2477,2477,2477,14,0.0,28,0.0,34734,0.0,1,1,2018-11-27 14:02:00
20181127 14:06,2477,2477,2477,2477,14,0.0,28,0.0,34734,0.0,5,5,2018-11-27 14:06:00
20181127 14:07,2477,2477,2477,2477,14,0.0,28,0.0,34734,0.0,4,4,2018-11-27 14:07:00
20181127 14:09,2477,2477,2477,2477,14,0.0,28,0.0,34734,0.0,4,4,2018-11-27 14:09:00
20181127 14:10,2477,2477,2477,2477,14,0.0,28,0.0,34734,0.0,1,1,2018-11-27 14:10:00
20181127 14:11,2477,2477,2477,2477,14,0.0,28,0.0,34734,0.0,8,8,2018-11-27 14:11:00
20181127 14:12,2477,2477,2477,2477,14,0.0,28,0.0,34734,0.0,4,4,2018-11-27 14:12:00
20181127 14:13,2477,2477,2477,2477,14,0.0,28,0.0,34734,0.0,3,3,2018-11-27 14:13:00
20181127 14:14,2477,2477,2477,2477,14,0.0,28,0.0,34734,0.0,8,8,2018-11-27 14:14:00
20181127 14:15,2477,2477,2477,2477,14,0.0,28,0.0,34734,0.0,13,11,2018-11-27 14:15:00
20181127 14:16,2477,2477,2477,2477,14,0.0,28,0.0,34734,0.0,18,27,2018-11-27 14:16:00
20181127 14:17,2477,2477,2477,2477,14,0.0,28,0.0,34734,0.0,10,15,2018-11-27 14:17:00
20181127 14:18,2477,2477,2477,2477,14,0.0,28,0.0,34734,0.0,7,9,2018-11-27 14:18:00
20181127 14:19,2477,2477,2477,2477,14,0.0,28,0.0,34734,0.0,15,17,2018-11-27 14:19:00
20181127 14:20,2477,2477,2477,2477,14,0.0,28,0.0,34734,0.0,9,11,2018-11-27 14:20:00
20181127 14:22,2477,2477,2477,2477,14,0.0,28,0.0,34734,0.0,6,6,2018-11-27 14:22:00
20181127 14:23,2477,2477,2477,2477,14,0.0,28,0.0,34734,0.0,11,12,2018-11-27 14:23:00
20181127 14:24,2477,2477,2477,2477,14,0.0,28,0.0,34734,0.0,7,7,2018-11-27 14:24:00
20181127 14:25,2477,2477,2477,2477,14,0.0,28,0.0,34734,0.0,2,2,2018-11-27 14:25:00
20181127 14:26,2477,2477,2477,2477,14,0.0,28,0.0,34734,0.0,3,3,2018-11-27 14:26:00
20181127 14:27,2477,2477,2477,2477,14,0.0,28,0.0,34734,0.0,5,5,2018-11-27 14:27:00
20181127 14:29,2477,2477,2477,2477,14,0.0,28,0.0,34734,0.0,4,4,2018-11-27 14:29:00
20181127 14:30,2477,2477,2477,2477,14,0.0,28,0.0,34734,0.0,3,4,2018-11-27 14:30:00
20181127 14:31,2477,2477,2477,2477,14,0.0,28,0.0,34734,0.0,4,4,2018-11-27 14:31:00
20181127 14:32,2477,2477,2477,2477,14,0.0,28,0.0,34734,0.0,4,4,2018-11-27 14:32:00
20181127 14:33,2477,2477,2477,2477,14,0.0,28,0.0,34734,0.0,4,4,2018-11-27 14:33:00
20181127 14:34,2477,2477,2477,2477,14,0.0,28,0.0,34734,0.0,9,10,2018-11-27 14:34:00
20181127 14:35,2477,2477,2477,2477,14,0.0,28,0.0,34734,0.0,3,3,2018-11-27 14:35:00
20181127 14:36,2477,2477,2477,2477,14,0.0,28,0.0,34734,0.0,11,17,2018-11-27 14:36:00
20181127 14:37,2477,2477,2477,2477,14,0.0,28,0.0,34734,0.0,9,9,2018-11-27 14:37:00
20181127 14:38,2477,2477,2477,2477,14,0.0,28,0.0,34734,0.0,5,5,2018-11-27 14:38:00
20181127 14:39,2477,2477,2477,2477,14,0.0,28,0.0,34734,0.0,8,8,2018-11-27 14:39:00
20181127 14:40,2477,2477,2477,2477,14,0.0,28,0.0,34734,0.0,8,8,2018-11-27 14:40:00
20181127 14:41,2477,2477,2477,2477,14,0.0,28,0.0,34734,0.0,4,4,2018-11-27 14:41:00
20181127 14:42,2477,2477,2477,2477,14,0.0,28,0.0,34734,0.0,2,2,2018-11-27 14:42:00
20181127 14:43,2477,2477,2477,2477,14,0.0,28,0.0,34734,0.0,6,6,2018-11-27 14:43:00
20181127 14:44,2477,2477,2477,2477,14,0.0,28,0.0,34734,0.0,6,6,2018-11-27 14:44:00
20181127 14:45,2477,2477,2477,2477,14,0.0,28,0.0,34734,0.0,1,1,2018-11-27 14:45:00
20181127 14:46,2477,2477,2477,2477,14,0.0,28,0.0,34734,0.0,2,2,2018-11-27 14:46:00
20181127 14:47,2477,2477,2477,2477,14,0.0,28,0.0,34734,0.0,3,3,2018-11-27 14:47:00
20181127 14:48,2477,2477,2477,2477,14,0.0,28,0.0,34734,0.0,4,4,2018-11-27 14:48:00
20181127 14:49,2477,2477,2477,2477,14,0.0,28,0.0,34734,0.0,7,6,2018-11-27 14:49:00
20181127 14:50,2477,2477,2477,2477,14,0.0,28,0.0,34734,0.0,3,3,2018-11-27 14:50:00
20181127 14:53,2477,2477,2477,2477,14,0.0,28,0.0,34734,0.0,4,4,2018-11-27 14:53:00
20181127 14:54,2477,2477,2477,2477,14,0.0,28,0.0,34734,0.0,1,1,2018-11-27 14:54:00
20181127 14:55,2477,2477,2477,2477,14,0.0,28,0.0,34734,0.0,4,4,2018-11-27 14:55:00
20181127 14:56,2477,2477,2477,2477,14,0.0,28,0.0,34734,0.0,2,2,2018-11-27 14:56:00
20181127 14:57,2477,2477,2477,2477,14,0.0,28,0.0,34734,0.0,3,3,2018-11-27 14:57:00
20181127 14:58,2477,2477,2477,2477,14,0.0,28,0.0,34734,0.0,2,2,2018-11-27 14:58:00
20181127 14:59,2477,2477,2477,2477,14,0.0,28,0.0,34734,0.0,7,7,2018-11-27 14:59:00
20181127 21:00,2477,2477,2477,2477,0,0.0,28,0.0,0,0.0,72,20,2018-11-27 21:00:00
20181127 21:01,2477,2477,2477,2477,0,0.0,28,0.0,0,0.0,4,4,2018-11-27 21:01:00
20181127 21:02,2477,2477,2477,2477,0,0.0,28,0.0,0,0.0,3,3,2018-11-27 21:02:00
20181127 21:03,2477,2477,2477,2477,0,0.0,28,0.0,0,0.0,20,6,2018-11-27 21:03:00
20181127 21:04,2477,2477,2477,2477,0,0.0,28,0.0,0,0.0,37,9,2018-11-27 21:04:00
20181127 21:05,2477,2477,2477,2477,0,0.0,28,0.0,0,0.0,24,5,2018-11-27 21:05:00
20181127 21:06,2477,2477,2477,2477,0,0.0,28,0.0,0,0.0,53,8,2018-11-27 21:06:00
20181127 21:07,2477,2477,2477,2477,0,0.0,28,0.0,0,0.0,20,4,2018-11-27 21:07:00
20181127 21:08,2477,2477,2477,2477,0,0.0,28,0.0,0,0.0,46,6,2018-11-27 21:08:00
20181127 21:09,2477,2477,2477,2477,0,0.0,28,0.0,0,0.0,9,1,2018-11-27 21:09:00
20181127 21:10,2477,2477,2477,2477,0,0.0,28,0.0,0,0.0,10,3,2018-11-27 21:10:00
20181127 21:11,2477,2477,2477,2477,0,0.0,28,0.0,0,0.0,3,3,2018-11-27 21:11:00
20181127 21:12,2477,2477,2477,2477,0,0.0,28,0.0,0,0.0,4,4,2018-11-27 21:12:00
20181127 21:13,2477,2477,2477,2477,0,0.0,28,0.0,0,0.0,9,1,2018-11-27 21:13:00
20181127 21:14,2477,2477,2477,2477,0,0.0,28,0.0,0,0.0,22,7,2018-11-27 21:14:00
20181127 21:15,2477,2477,2477,2477,0,0.0,28,0.0,0,0.0,25,13,2018-11-27 21:15:00
20181127 21:16,2477,2477,2477,2477,0,0.0,28,0.0,0,0.0,7,7,2018-11-27 21:16:00
20181127 21:17,2477,2477,2477,2477,0,0.0,28,0.0,0,0.0,21,14,2018-11-27 21:17:00
20181127 21:18,2477,2477,2477,2477,0,0.0,28,0.0,0,0.0,36,15,2018-11-27 21:18:00
20181127 21:19,2477,2477,2477,2477,0,0.0,28,0.0,0,0.0,21,14,2018-11-27 21:19:00
20181127 21:20,2477,2477,2477,2477,0,0.0,28,0.0,0,0.0,17,10,2018-11-27 21:20:00
20181127 21:21,2477,2477,2477,2477,0,0.0,28,0.0,0,0.0,75,17,2018-11-27 21:21:00
20181127 21:22,2477,2477,2477,2477,0,0.0,28,0.0,0,0.0,11,4,2018-11-27 21:22:00
20181127 21:23,2477,2477,2477,2477,0,0.0,28,0.0,0,0.0,14,7,2018-11-27 21:23:00
20181127 21:24,2477,2477,2477,2477,0,0.0,28,0.0,0,0.0,21,7,2018-11-27 21:24:00
20181127 21:25,2477,2477,2477,2477,0,0.0,28,0.0,0,0.0,5,5,2018-11-27 21:25:00
20181127 21:26,2477,2477,2477,2477,0,0.0,28,0.0,0,0.0,2,2,2018-11-27 21:26:00
20181127 21:27,2477,2477,2477,2477,0,0.0,28,0.0,0,0.0,52,8,2018-11-27 21:27:00
20181127 21:28,2477,2477,2477,2477,0,0.0,28,0.0,0,0.0,17,3,2018-11-27 21:28:00
20181127 21:29,2486,2486,2486,2486,2,2.0,26,-2.0,4972,4972.0,12,5,2018-11-27 21:29:00
20181127 21:30,2486,2486,2486,2486,2,0.0,26,0.0,4972,0.0,5,5,2018-11-27 21:30:00
20181127 21:31,2486,2486,2486,2486,2,0.0,26,0.0,4972,0.0,3,3,2018-11-27 21:31:00
20181127 21:32,2486,2486,2486,2486,2,0.0,26,0.0,4972,0.0,13,10,2018-11-27 21:32:00
20181127 21:33,2486,2486,2486,2486,2,0.0,26,0.0,4972,0.0,14,14,2018-11-27 21:33:00
20181127 21:34,2486,2486,2486,2486,2,0.0,26,0.0,4972,0.0,4,4,2018-11-27 21:34:00
20181127 21:35,2486,2486,2486,2486,2,0.0,26,0.0,4972,0.0,11,8,2018-11-27 21:35:00
20181127 21:36,2486,2486,2486,2486,2,0.0,26,0.0,4972,0.0,3,3,2018-11-27 21:36:00
20181127 21:37,2486,2486,2486,2486,2,0.0,26,0.0,4972,0.0,5,5,2018-11-27 21:37:00
20181127 21:38,2482,2482,2482,2482,4,2.0,24,-2.0,9936,4964.0,14,89,2018-11-27 21:38:00
20181127 21:39,2482,2482,2482,2482,4,0.0,24,0.0,9936,0.0,5,27,2018-11-27 21:39:00
20181127 21:40,2482,2482,2482,2482,4,0.0,24,0.0,9936,0.0,16,62,2018-11-27 21:40:00
20181127 21:41,2482,2482,2482,2482,4,0.0,24,0.0,9936,0.0,6,40,2018-11-27 21:41:00
20181127 21:42,2482,2482,2482,2482,4,0.0,24,0.0,9936,0.0,14,35,2018-11-27 21:42:00
20181127 21:43,2482,2482,2482,2482,4,0.0,24,0.0,9936,0.0,17,27,2018-11-27 21:43:00
20181127 21:44,2482,2482,2482,2482,4,0.0,24,0.0,9936,0.0,30,63,2018-11-27 21:44:00
20181127 21:45,2482,2482,2482,2482,4,0.0,24,0.0,9936,0.0,48,134,2018-11-27 21:45:00
20181127 21:46,2482,2482,2482,2482,4,0.0,24,0.0,9936,0.0,14,47,2018-11-27 21:46:00
20181127 21:47,2482,2482,2482,2482,4,0.0,24,0.0,9936,0.0,36,80,2018-11-27 21:47:00
20181127 21:48,2482,2482,2482,2482,4,0.0,24,0.0,9936,0.0,30,83,2018-11-27 21:48:00
20181127 21:49,2482,2482,2482,2482,4,0.0,24,0.0,9936,0.0,14,54,2018-11-27 21:49:00
20181127 21:50,2482,2482,2482,2482,4,0.0,24,0.0,9936,0.0,1,7,2018-11-27 21:50:00
20181127 21:51,2482,2482,2482,2482,4,0.0,24,0.0,9936,0.0,2,14,2018-11-27 21:51:00
20181127 21:54,2482,2482,2482,2482,4,0.0,24,0.0,9936,0.0,1,7,2018-11-27 21:54:00
20181127 21:55,2508,2508,2508,2508,12,8.0,32,8.0,30000,20064.0,17,45,2018-11-27 21:55:00
20181127 21:56,2508,2508,2508,2508,12,0.0,32,0.0,30000,0.0,14,35,2018-11-27 21:56:00
20181127 21:57,2508,2508,2485,2485,20,8.0,24,-8.0,49880,19880.0,19,21,2018-11-27 21:57:00
20181127 21:58,2485,2485,2485,2485,20,0.0,24,0.0,49880,0.0,23,14,2018-11-27 21:58:00
20181127 21:59,2485,2485,2485,2485,20,0.0,24,0.0,49880,0.0,20,21,2018-11-27 21:59:00
20181127 22:00,2485,2485,2485,2485,20,0.0,24,0.0,49880,0.0,2,4,2018-11-27 22:00:00
20181127 22:01,2485,2485,2485,2485,20,0.0,24,0.0,49880,0.0,1,2,2018-11-27 22:01:00
20181127 22:02,2485,2485,2485,2485,20,0.0,24,0.0,49880,0.0,3,7,2018-11-27 22:02:00
20181127 22:03,2485,2485,2485,2485,20,0.0,24,0.0,49880,0.0,2,4,2018-11-27 22:03:00
20181127 22:04,2485,2485,2485,2485,20,0.0,24,0.0,49880,0.0,24,47,2018-11-27 22:04:00
20181127 22:05,2485,2485,2485,2485,20,0.0,24,0.0,49880,0.0,11,27,2018-11-27 22:05:00
20181127 22:06,2485,2485,2485,2485,20,0.0,24,0.0,49880,0.0,4,9,2018-11-27 22:06:00
20181127 22:07,2485,2485,2485,2485,20,0.0,24,0.0,49880,0.0,5,11,2018-11-27 22:07:00
20181127 22:08,2485,2485,2485,2485,20,0.0,24,0.0,49880,0.0,9,20,2018-11-27 22:08:00
20181127 22:09,2485,2485,2485,2485,20,0.0,24,0.0,49880,0.0,60,80,2018-11-27 22:09:00
20181127 22:10,2485,2485,2485,2485,20,0.0,24,0.0,49880,0.0,28,33,2018-11-27 22:10:00
20181127 22:11,2485,2485,2485,2485,20,0.0,24,0.0,49880,0.0,14,16,2018-11-27 22:11:00
20181127 22:12,2485,2485,2485,2485,20,0.0,24,0.0,49880,0.0,27,21,2018-11-27 22:12:00
20181127 22:14,2485,2485,2485,2485,20,0.0,24,0.0,49880,0.0,30,22,2018-11-27 22:14:00
20181127 22:15,2485,2485,2485,2485,20,0.0,24,0.0,49880,0.0,23,19,2018-11-27 22:15:00
20181127 22:17,2485,2485,2485,2485,20,0.0,24,0.0,49880,0.0,6,6,2018-11-27 22:17:00
20181127 22:18,2485,2485,2485,2485,20,0.0,24,0.0,49880,0.0,20,16,2018-11-27 22:18:00
20181127 22:19,2485,2485,2485,2485,20,0.0,24,0.0,49880,0.0,39,18,2018-11-27 22:19:00
20181127 22:20,2485,2485,2485,2485,20,0.0,24,0.0,49880,0.0,23,15,2018-11-27 22:20:00
20181127 22:21,2485,2485,2485,2485,20,0.0,24,0.0,49880,0.0,5,4,2018-11-27 22:21:00
20181127 22:22,2485,2485,2485,2485,20,0.0,24,0.0,49880,0.0,4,3,2018-11-27 22:22:00
20181127 22:23,2485,2485,2485,2485,20,0.0,24,0.0,49880,0.0,4,5,2018-11-27 22:23:00
20181127 22:24,2485,2485,2485,2485,20,0.0,24,0.0,49880,0.0,12,9,2018-11-27 22:24:00
20181127 22:27,2485,2485,2485,2485,20,0.0,24,0.0,49880,0.0,2,2,2018-11-27 22:27:00
20181127 22:30,2485,2485,2485,2485,20,0.0,24,0.0,49880,0.0,2,3,2018-11-27 22:30:00
20181127 22:31,2485,2485,2485,2485,20,0.0,24,0.0,49880,0.0,6,6,2018-11-27 22:31:00
20181127 22:32,2485,2485,2485,2485,20,0.0,24,0.0,49880,0.0,6,6,2018-11-27 22:32:00
20181127 22:33,2485,2485,2485,2485,20,0.0,24,0.0,49880,0.0,18,12,2018-11-27 22:33:00
20181127 22:34,2485,2485,2485,2485,20,0.0,24,0.0,49880,0.0,4,2,2018-11-27 22:34:00
20181127 22:35,2485,2485,2485,2485,20,0.0,24,0.0,49880,0.0,3,2,2018-11-27 22:35:00
20181127 22:36,2485,2485,2485,2485,20,0.0,24,0.0,49880,0.0,22,21,2018-11-27 22:36:00
20181127 22:37,2485,2485,2485,2485,20,0.0,24,0.0,49880,0.0,10,19,2018-11-27 22:37:00
20181127 22:38,2485,2485,2485,2485,20,0.0,24,0.0,49880,0.0,4,10,2018-11-27 22:38:00
20181127 22:39,2485,2485,2485,2485,20,0.0,24,0.0,49880,0.0,5,8,2018-11-27 22:39:00
20181127 22:40,2485,2485,2485,2485,20,0.0,24,0.0,49880,0.0,1,1,2018-11-27 22:40:00
20181127 22:41,2485,2485,2485,2485,20,0.0,24,0.0,49880,0.0,5,8,2018-11-27 22:41:00
20181127 22:42,2485,2485,2485,2485,20,0.0,24,0.0,49880,0.0,7,14,2018-11-27 22:42:00
20181127 22:43,2485,2485,2485,2485,20,0.0,24,0.0,49880,0.0,2,4,2018-11-27 22:43:00
20181127 22:44,2485,2485,2485,2485,20,0.0,24,0.0,49880,0.0,8,16,2018-11-27 22:44:00
20181127 22:45,2485,2485,2485,2485,20,0.0,24,0.0,49880,0.0,1,3,2018-11-27 22:45:00
20181127 22:46,2485,2485,2485,2485,20,0.0,24,0.0,49880,0.0,2,6,2018-11-27 22:46:00
20181127 22:48,2485,2485,2485,2485,20,0.0,24,0.0,49880,0.0,10,19,2018-11-27 22:48:00
20181127 22:49,2485,2485,2485,2485,20,0.0,24,0.0,49880,0.0,4,7,2018-11-27 22:49:00
20181127 22:51,2485,2485,2485,2485,20,0.0,24,0.0,49880,0.0,1,3,2018-11-27 22:51:00
20181127 22:52,2485,2485,2485,2485,20,0.0,24,0.0,49880,0.0,2,3,2018-11-27 22:52:00
20181127 22:53,2485,2485,2485,2485,20,0.0,24,0.0,49880,0.0,10,23,2018-11-27 22:53:00
20181127 22:54,2485,2485,2485,2485,20,0.0,24,0.0,49880,0.0,1,3,2018-11-27 22:54:00
20181127 22:55,2485,2485,2485,2485,20,0.0,24,0.0,49880,0.0,5,9,2018-11-27 22:55:00
20181127 22:57,2485,2485,2485,2485,20,0.0,24,0.0,49880,0.0,7,15,2018-11-27 22:57:00
20181127 22:58,2485,2485,2485,2485,20,0.0,24,0.0,49880,0.0,3,6,2018-11-27 22:58:00
20181127 22:59,2485,2485,2485,2485,20,0.0,24,0.0,49880,0.0,5,9,2018-11-27 22:59:00
20181127 23:00,2485,2485,2485,2485,20,0.0,24,0.0,49880,0.0,1,3,2018-11-27 23:00:00
20181127 23:01,2485,2485,2485,2485,20,0.0,24,0.0,49880,0.0,2,6,2018-11-27 23:01:00
20181127 23:02,2485,2485,2485,2485,20,0.0,24,0.0,49880,0.0,3,6,2018-11-27 23:02:00
20181127 23:03,2485,2485,2485,2485,20,0.0,24,0.0,49880,0.0,5,8,2018-11-27 23:03:00
20181127 23:04,2485,2485,2485,2485,20,0.0,24,0.0,49880,0.0,14,15,2018-11-27 23:04:00
20181127 23:06,2485,2485,2485,2485,20,0.0,24,0.0,49880,0.0,10,9,2018-11-27 23:06:00
20181127 23:07,2485,2485,2485,2485,20,0.0,24,0.0,49880,0.0,4,3,2018-11-27 23:07:00
20181127 23:08,2485,2485,2485,2485,20,0.0,24,0.0,49880,0.0,8,8,2018-11-27 23:08:00
20181127 23:09,2485,2485,2485,2485,20,0.0,24,0.0,49880,0.0,22,22,2018-11-27 23:09:00
20181127 23:10,2485,2485,2485,2485,20,0.0,24,0.0,49880,0.0,4,3,2018-11-27 23:10:00
20181127 23:11,2485,2485,2485,2485,20,0.0,24,0.0,49880,0.0,6,6,2018-11-27 23:11:00
20181127 23:12,2485,2485,2485,2485,20,0.0,24,0.0,49880,0.0,8,7,2018-11-27 23:12:00
20181127 23:14,2485,2485,2485,2485,20,0.0,24,0.0,49880,0.0,10,7,2018-11-27 23:14:00
20181127 23:15,2485,2485,2485,2485,20,0.0,24,0.0,49880,0.0,8,9,2018-11-27 23:15:00
20181127 23:16,2485,2485,2485,2485,20,0.0,24,0.0,49880,0.0,6,4,2018-11-27 23:16:00
20181127 23:19,2485,2485,2485,2485,20,0.0,24,0.0,49880,0.0,6,4,2018-11-27 23:19:00
20181127 23:20,2485,2485,2485,2485,20,0.0,24,0.0,49880,0.0,5,3,2018-11-27 23:20:00
20181127 23:21,2485,2485,2485,2485,20,0.0,24,0.0,49880,0.0,6,2,2018-11-27 23:21:00
20181127 23:22,2485,2485,2485,2485,20,0.0,24,0.0,49880,0.0,8,4,2018-11-27 23:22:00
20181127 23:23,2485,2485,2485,2485,20,0.0,24,0.0,49880,0.0,2,1,2018-11-27 23:23:00
20181127 23:24,2485,2485,2485,2485,20,0.0,24,0.0,49880,0.0,10,5,2018-11-27 23:24:00
20181127 23:25,2485,2485,2485,2485,20,0.0,24,0.0,49880,0.0,4,2,2018-11-27 23:25:00
20181127 23:28,2485,2485,2485,2485,20,0.0,24,0.0,49880,0.0,9,4,2018-11-27 23:28:00
20181127 23:29,2485,2485,2485,2485,20,0.0,24,0.0,49880,0.0,6,5,2018-11-27 23:29:00
20181128 09:00,2485,2485,2485,2485,20,0.0,24,0.0,49880,0.0,22,16,2018-11-28 09:00:00
20181128 09:01,2485,2485,2485,2485,20,0.0,24,0.0,49880,0.0,8,8,2018-11-28 09:01:00
20181128 09:02,2485,2485,2485,2485,20,0.0,24,0.0,49880,0.0,7,6,2018-11-28 09:02:00
20181128 09:03,2485,2485,2485,2485,20,0.0,24,0.0,49880,0.0,3,3,2018-11-28 09:03:00
20181128 09:04,2485,2485,2485,2485,20,0.0,24,0.0,49880,0.0,4,4,2018-11-28 09:04:00
20181128 09:05,2485,2485,2485,2485,20,0.0,24,0.0,49880,0.0,11,9,2018-11-28 09:05:00
20181128 09:06,2485,2485,2485,2485,20,0.0,24,0.0,49880,0.0,5,4,2018-11-28 09:06:00
20181128 09:07,2485,2485,2485,2485,20,0.0,24,0.0,49880,0.0,6,6,2018-11-28 09:07:00
20181128 09:08,2485,2485,2485,2485,20,0.0,24,0.0,49880,0.0,12,9,2018-11-28 09:08:00
20181128 09:09,2485,2485,2485,2485,20,0.0,24,0.0,49880,0.0,3,2,2018-11-28 09:09:00
20181128 09:10,2485,2485,2485,2485,20,0.0,24,0.0,49880,0.0,8,6,2018-11-28 09:10:00
20181128 09:11,2485,2485,2485,2485,20,0.0,24,0.0,49880,0.0,4,4,2018-11-28 09:11:00
20181128 09:12,2485,2485,2485,2485,20,0.0,24,0.0,49880,0.0,4,4,2018-11-28 09:12:00
20181128 09:13,2485,2485,2485,2485,20,0.0,24,0.0,49880,0.0,8,7,2018-11-28 09:13:00
20181128 09:14,2499,2499,2499,2499,22,2.0,26,2.0,54868,4988.0,5,2,2018-11-28 09:14:00
20181128 09:15,2499,2499,2499,2499,22,0.0,26,0.0,54868,0.0,10,3,2018-11-28 09:15:00
20181128 09:16,2499,2499,2499,2499,22,0.0,26,0.0,54868,0.0,3,1,2018-11-28 09:16:00
20181128 09:17,2499,2499,2499,2499,22,0.0,26,0.0,54868,0.0,3,1,2018-11-28 09:17:00
20181128 09:18,2499,2499,2499,2499,22,0.0,26,0.0,54868,0.0,3,1,2018-11-28 09:18:00
20181128 09:20,2499,2499,2499,2499,22,0.0,26,0.0,54868,0.0,9,3,2018-11-28 09:20:00
20181128 09:21,2499,2499,2499,2499,22,0.0,26,0.0,54868,0.0,17,9,2018-11-28 09:21:00
20181128 09:22,2499,2499,2499,2499,22,0.0,26,0.0,54868,0.0,9,5,2018-11-28 09:22:00
20181128 09:23,2499,2499,2499,2499,22,0.0,26,0.0,54868,0.0,6,2,2018-11-28 09:23:00
20181128 09:24,2499,2499,2499,2499,22,0.0,26,0.0,54868,0.0,4,1,2018-11-28 09:24:00
20181128 09:25,2499,2499,2499,2499,22,0.0,26,0.0,54868,0.0,1,1,2018-11-28 09:25:00
20181128 09:26,2499,2499,2499,2499,22,0.0,26,0.0,54868,0.0,7,5,2018-11-28 09:26:00
20181128 09:28,2499,2499,2499,2499,22,0.0,26,0.0,54868,0.0,3,2,2018-11-28 09:28:00
20181128 09:29,2499,2499,2499,2499,22,0.0,26,0.0,54868,0.0,3,2,2018-11-28 09:29:00
20181128 09:30,2499,2499,2499,2499,22,0.0,26,0.0,54868,0.0,3,2,2018-11-28 09:30:00
20181128 09:31,2499,2499,2499,2499,22,0.0,26,0.0,54868,0.0,23,9,2018-11-28 09:31:00
20181128 09:32,2499,2499,2499,2499,22,0.0,26,0.0,54868,0.0,15,5,2018-11-28 09:32:00
20181128 09:33,2499,2499,2499,2499,22,0.0,26,0.0,54868,0.0,9,3,2018-11-28 09:33:00
20181128 09:34,2499,2499,2499,2499,22,0.0,26,0.0,54868,0.0,16,7,2018-11-28 09:34:00
20181128 09:35,2499,2499,2499,2499,22,0.0,26,0.0,54868,0.0,14,13,2018-11-28 09:35:00
20181128 09:36,2499,2499,2499,2499,22,0.0,26,0.0,54868,0.0,10,6,2018-11-28 09:36:00
20181128 09:37,2499,2499,2499,2499,22,0.0,26,0.0,54868,0.0,13,11,2018-11-28 09:37:00
20181128 09:38,2499,2499,2499,2499,22,0.0,26,0.0,54868,0.0,23,10,2018-11-28 09:38:00
20181128 09:39,2499,2499,2499,2499,22,0.0,26,0.0,54868,0.0,5,4,2018-11-28 09:39:00
20181128 09:40,2499,2499,2499,2499,22,0.0,26,0.0,54868,0.0,44,23,2018-11-28 09:40:00
20181128 09:41,2499,2499,2499,2499,22,0.0,26,0.0,54868,0.0,48,20,2018-11-28 09:41:00
20181128 09:42,2499,2499,2499,2499,22,0.0,26,0.0,54868,0.0,24,10,2018-11-28 09:42:00
20181128 09:43,2499,2499,2499,2499,22,0.0,26,0.0,54868,0.0,23,8,2018-11-28 09:43:00
20181128 09:44,2499,2499,2499,2499,22,0.0,26,0.0,54868,0.0,8,4,2018-11-28 09:44:00
20181128 09:45,2499,2499,2499,2499,22,0.0,26,0.0,54868,0.0,21,20,2018-11-28 09:45:00
20181128 09:46,2499,2499,2499,2499,22,0.0,26,0.0,54868,0.0,10,7,2018-11-28 09:46:00
20181128 09:47,2499,2499,2499,2499,22,0.0,26,0.0,54868,0.0,6,5,2018-11-28 09:47:00
20181128 09:48,2499,2499,2499,2499,22,0.0,26,0.0,54868,0.0,7,6,2018-11-28 09:48:00
20181128 09:49,2499,2499,2499,2499,22,0.0,26,0.0,54868,0.0,11,8,2018-11-28 09:49:00
20181128 09:50,2499,2499,2499,2499,22,0.0,26,0.0,54868,0.0,10,7,2018-11-28 09:50:00
20181128 09:51,2499,2499,2499,2499,22,0.0,26,0.0,54868,0.0,21,13,2018-11-28 09:51:00
20181128 09:52,2499,2499,2499,2499,22,0.0,26,0.0,54868,0.0,18,10,2018-11-28 09:52:00
20181128 09:53,2499,2499,2499,2499,22,0.0,26,0.0,54868,0.0,4,3,2018-11-28 09:53:00
20181128 09:54,2499,2499,2499,2499,22,0.0,26,0.0,54868,0.0,1,1,2018-11-28 09:54:00
20181128 09:55,2499,2499,2499,2499,22,0.0,26,0.0,54868,0.0,5,5,2018-11-28 09:55:00
20181128 09:56,2499,2499,2499,2499,22,0.0,26,0.0,54868,0.0,5,3,2018-11-28 09:56:00
20181128 09:57,2499,2499,2499,2499,22,0.0,26,0.0,54868,0.0,6,3,2018-11-28 09:57:00
20181128 09:58,2499,2499,2499,2499,22,0.0,26,0.0,54868,0.0,6,5,2018-11-28 09:58:00
20181128 09:59,2499,2499,2499,2499,22,0.0,26,0.0,54868,0.0,5,4,2018-11-28 09:59:00
20181128 10:00,2499,2499,2499,2499,22,0.0,26,0.0,54868,0.0,5,5,2018-11-28 10:00:00
20181128 10:01,2499,2499,2499,2499,22,0.0,26,0.0,54868,0.0,2,2,2018-11-28 10:01:00
20181128 10:03,2499,2499,2499,2499,22,0.0,26,0.0,54868,0.0,1,1,2018-11-28 10:03:00
20181128 10:04,2499,2499,2499,2499,22,0.0,26,0.0,54868,0.0,4,3,2018-11-28 10:04:00
20181128 10:05,2499,2499,2499,2499,22,0.0,26,0.0,54868,0.0,5,4,2018-11-28 10:05:00
20181128 10:06,2499,2499,2499,2499,22,0.0,26,0.0,54868,0.0,2,1,2018-11-28 10:06:00
20181128 10:07,2499,2499,2499,2499,22,0.0,26,0.0,54868,0.0,5,5,2018-11-28 10:07:00
20181128 10:08,2499,2499,2499,2499,22,0.0,26,0.0,54868,0.0,5,4,2018-11-28 10:08:00
20181128 10:09,2499,2499,2499,2499,22,0.0,26,0.0,54868,0.0,5,3,2018-11-28 10:09:00
20181128 10:10,2499,2499,2499,2499,22,0.0,26,0.0,54868,0.0,17,6,2018-11-28 10:10:00
20181128 10:11,2499,2499,2499,2499,22,0.0,26,0.0,54868,0.0,4,3,2018-11-28 10:11:00
20181128 10:12,2499,2499,2499,2499,22,0.0,26,0.0,54868,0.0,3,2,2018-11-28 10:12:00
20181128 10:13,2499,2499,2499,2499,22,0.0,26,0.0,54868,0.0,5,4,2018-11-28 10:13:00
20181128 10:33,2499,2499,2499,2499,22,0.0,26,0.0,54868,0.0,2,2,2018-11-28 10:33:00
20181128 10:34,2499,2499,2499,2499,22,0.0,26,0.0,54868,0.0,6,3,2018-11-28 10:34:00
20181128 10:35,2499,2499,2499,2499,22,0.0,26,0.0,54868,0.0,1,1,2018-11-28 10:35:00
20181128 10:37,2499,2499,2499,2499,22,0.0,26,0.0,54868,0.0,2,1,2018-11-28 10:37:00
20181128 10:38,2499,2499,2499,2499,22,0.0,26,0.0,54868,0.0,1,1,2018-11-28 10:38:00
20181128 10:39,2499,2499,2499,2499,22,0.0,26,0.0,54868,0.0,3,2,2018-11-28 10:39:00
20181128 10:41,2499,2499,2499,2499,22,0.0,26,0.0,54868,0.0,15,4,2018-11-28 10:41:00
20181128 10:48,2499,2499,2499,2499,22,0.0,26,0.0,54868,0.0,1,1,2018-11-28 10:48:00
20181128 10:49,2499,2499,2499,2499,22,0.0,26,0.0,54868,0.0,4,3,2018-11-28 10:49:00
20181128 10:50,2499,2499,2499,2499,22,0.0,26,0.0,54868,0.0,7,2,2018-11-28 10:50:00
20181128 10:51,2499,2499,2499,2499,22,0.0,26,0.0,54868,0.0,5,4,2018-11-28 10:51:00
20181128 10:52,2499,2499,2499,2499,22,0.0,26,0.0,54868,0.0,2,1,2018-11-28 10:52:00
20181128 10:53,2499,2499,2499,2499,22,0.0,26,0.0,54868,0.0,1,1,2018-11-28 10:53:00
20181128 10:54,2499,2499,2499,2499,22,0.0,26,0.0,54868,0.0,12,6,2018-11-28 10:54:00
20181128 10:56,2499,2499,2499,2499,22,0.0,26,0.0,54868,0.0,3,1,2018-11-28 10:56:00
20181128 10:57,2499,2499,2499,2499,22,0.0,26,0.0,54868,0.0,3,2,2018-11-28 10:57:00
20181128 10:58,2499,2499,2499,2499,22,0.0,26,0.0,54868,0.0,5,2,2018-11-28 10:58:00
20181128 11:01,2499,2499,2499,2499,22,0.0,26,0.0,54868,0.0,6,4,2018-11-28 11:01:00
20181128 11:03,2499,2512,2499,2512,24,2.0,26,0.0,59904,5036.0,3,2,2018-11-28 11:03:00
20181128 11:04,2512,2512,2512,2512,24,0.0,26,0.0,59904,0.0,1,1,2018-11-28 11:04:00
20181128 11:06,2512,2512,2512,2512,24,0.0,26,0.0,59904,0.0,4,5,2018-11-28 11:06:00
20181128 11:08,2512,2512,2512,2512,24,0.0,26,0.0,59904,0.0,2,2,2018-11-28 11:08:00
20181128 11:09,2512,2512,2512,2512,24,0.0,26,0.0,59904,0.0,1,1,2018-11-28 11:09:00
20181128 11:11,2512,2512,2512,2512,24,0.0,26,0.0,59904,0.0,1,1,2018-11-28 11:11:00
20181128 11:12,2512,2512,2512,2512,24,0.0,26,0.0,59904,0.0,3,2,2018-11-28 11:12:00
20181128 11:13,2512,2512,2512,2512,24,0.0,26,0.0,59904,0.0,6,6,2018-11-28 11:13:00
20181128 11:14,2512,2512,2512,2512,24,0.0,26,0.0,59904,0.0,12,16,2018-11-28 11:14:00
20181128 11:15,2512,2512,2512,2512,24,0.0,26,0.0,59904,0.0,20,23,2018-11-28 11:15:00
20181128 11:16,2512,2512,2512,2512,24,0.0,26,0.0,59904,0.0,14,19,2018-11-28 11:16:00
20181128 11:17,2512,2512,2512,2512,24,0.0,26,0.0,59904,0.0,1,1,2018-11-28 11:17:00
20181128 11:19,2512,2512,2512,2512,24,0.0,26,0.0,59904,0.0,4,4,2018-11-28 11:19:00
20181128 11:20,2512,2512,2512,2512,24,0.0,26,0.0,59904,0.0,1,1,2018-11-28 11:20:00
20181128 11:21,2512,2512,2512,2512,24,0.0,26,0.0,59904,0.0,7,6,2018-11-28 11:21:00
20181128 11:22,2512,2512,2512,2512,24,0.0,26,0.0,59904,0.0,3,4,2018-11-28 11:22:00
20181128 11:23,2512,2512,2512,2512,24,0.0,26,0.0,59904,0.0,2,2,2018-11-28 11:23:00
20181128 11:28,2512,2512,2512,2512,24,0.0,26,0.0,59904,0.0,3,3,2018-11-28 11:28:00
20181128 11:29,2512,2512,2512,2512,24,0.0,26,0.0,59904,0.0,3,3,2018-11-28 11:29:00
20181128 13:30,2512,2512,2512,2512,24,0.0,26,0.0,59904,0.0,30,43,2018-11-28 13:30:00
20181128 13:31,2512,2512,2512,2512,24,0.0,26,0.0,59904,0.0,19,27,2018-11-28 13:31:00
20181128 13:32,2512,2512,2512,2512,24,0.0,26,0.0,59904,0.0,2,2,2018-11-28 13:32:00
20181128 13:33,2512,2512,2512,2512,24,0.0,26,0.0,59904,0.0,11,10,2018-11-28 13:33:00
20181128 13:34,2512,2512,2512,2512,24,0.0,26,0.0,59904,0.0,10,7,2018-11-28 13:34:00
20181128 13:35,2512,2512,2512,2512,24,0.0,26,0.0,59904,0.0,20,23,2018-11-28 13:35:00
20181128 13:36,2512,2512,2512,2512,24,0.0,26,0.0,59904,0.0,24,18,2018-11-28 13:36:00
20181128 13:37,2512,2512,2512,2512,24,0.0,26,0.0,59904,0.0,35,31,2018-11-28 13:37:00
20181128 13:38,2512,2512,2512,2512,24,0.0,26,0.0,59904,0.0,30,22,2018-11-28 13:38:00
20181128 13:39,2512,2512,2512,2512,24,0.0,26,0.0,59904,0.0,34,24,2018-11-28 13:39:00
20181128 13:40,2512,2512,2512,2512,24,0.0,26,0.0,59904,0.0,6,5,2018-11-28 13:40:00
20181128 13:41,2512,2512,2512,2512,24,0.0,26,0.0,59904,0.0,1,1,2018-11-28 13:41:00
20181128 13:42,2512,2512,2512,2512,24,0.0,26,0.0,59904,0.0,12,10,2018-11-28 13:42:00
20181128 13:43,2512,2512,2512,2512,24,0.0,26,0.0,59904,0.0,11,10,2018-11-28 13:43:00
20181128 13:44,2512,2512,2512,2512,24,0.0,26,0.0,59904,0.0,17,21,2018-11-28 13:44:00
20181128 13:45,2512,2512,2512,2512,24,0.0,26,0.0,59904,0.0,9,7,2018-11-28 13:45:00
20181128 13:46,2512,2512,2512,2512,24,0.0,26,0.0,59904,0.0,8,5,2018-11-28 13:46:00
20181128 13:47,2512,2512,2512,2512,24,0.0,26,0.0,59904,0.0,8,5,2018-11-28 13:47:00
20181128 13:48,2512,2512,2512,2512,24,0.0,26,0.0,59904,0.0,3,2,2018-11-28 13:48:00
20181128 13:50,2512,2512,2512,2512,24,0.0,26,0.0,59904,0.0,4,3,2018-11-28 13:50:00
20181128 13:51,2512,2512,2512,2512,24,0.0,26,0.0,59904,0.0,10,6,2018-11-28 13:51:00
20181128 13:52,2512,2512,2512,2512,24,0.0,26,0.0,59904,0.0,4,3,2018-11-28 13:52:00
20181128 13:53,2512,2512,2512,2512,24,0.0,26,0.0,59904,0.0,6,5,2018-11-28 13:53:00
20181128 13:55,2512,2512,2512,2512,24,0.0,26,0.0,59904,0.0,10,7,2018-11-28 13:55:00
20181128 13:57,2512,2512,2512,2512,24,0.0,26,0.0,59904,0.0,9,7,2018-11-28 13:57:00
20181128 13:58,2512,2512,2512,2512,24,0.0,26,0.0,59904,0.0,10,9,2018-11-28 13:58:00
20181128 13:59,2512,2512,2512,2512,24,0.0,26,0.0,59904,0.0,8,11,2018-11-28 13:59:00
20181128 14:00,2512,2512,2512,2512,24,0.0,26,0.0,59904,0.0,9,11,2018-11-28 14:00:00
20181128 14:01,2512,2512,2512,2512,24,0.0,26,0.0,59904,0.0,25,20,2018-11-28 14:01:00
20181128 14:02,2512,2512,2512,2512,24,0.0,26,0.0,59904,0.0,14,9,2018-11-28 14:02:00
20181128 14:03,2512,2512,2512,2512,24,0.0,26,0.0,59904,0.0,16,13,2018-11-28 14:03:00
20181128 14:04,2512,2512,2512,2512,24,0.0,26,0.0,59904,0.0,8,6,2018-11-28 14:04:00
20181128 14:05,2512,2512,2512,2512,24,0.0,26,0.0,59904,0.0,10,7,2018-11-28 14:05:00
20181128 14:06,2512,2512,2512,2512,24,0.0,26,0.0,59904,0.0,3,2,2018-11-28 14:06:00
20181128 14:07,2512,2512,2512,2512,24,0.0,26,0.0,59904,0.0,3,3,2018-11-28 14:07:00
20181128 14:13,2512,2512,2512,2512,24,0.0,26,0.0,59904,0.0,2,2,2018-11-28 14:13:00
20181128 14:14,2512,2512,2512,2512,24,0.0,26,0.0,59904,0.0,6,3,2018-11-28 14:14:00
20181128 14:15,2512,2512,2512,2512,24,0.0,26,0.0,59904,0.0,2,1,2018-11-28 14:15:00
20181128 14:16,2512,2512,2512,2512,24,0.0,26,0.0,59904,0.0,5,3,2018-11-28 14:16:00
20181128 14:17,2512,2512,2512,2512,24,0.0,26,0.0,59904,0.0,1,1,2018-11-28 14:17:00
20181128 14:18,2512,2512,2512,2512,24,0.0,26,0.0,59904,0.0,1,1,2018-11-28 14:18:00
20181128 14:19,2512,2512,2512,2512,24,0.0,26,0.0,59904,0.0,1,1,2018-11-28 14:19:00
20181128 14:20,2512,2512,2512,2512,24,0.0,26,0.0,59904,0.0,3,3,2018-11-28 14:20:00
20181128 14:21,2512,2512,2512,2512,24,0.0,26,0.0,59904,0.0,10,7,2018-11-28 14:21:00
20181128 14:22,2512,2512,2512,2512,24,0.0,26,0.0,59904,0.0,13,10,2018-11-28 14:22:00
20181128 14:23,2512,2512,2512,2512,24,0.0,26,0.0,59904,0.0,10,7,2018-11-28 14:23:00
20181128 14:24,2512,2512,2512,2512,24,0.0,26,0.0,59904,0.0,4,3,2018-11-28 14:24:00
20181128 14:25,2512,2512,2512,2512,24,0.0,26,0.0,59904,0.0,17,20,2018-11-28 14:25:00
20181128 14:26,2512,2512,2512,2512,24,0.0,26,0.0,59904,0.0,2,2,2018-11-28 14:26:00
20181128 14:27,2512,2512,2512,2512,24,0.0,26,0.0,59904,0.0,3,3,2018-11-28 14:27:00
20181128 14:28,2512,2512,2512,2512,24,0.0,26,0.0,59904,0.0,3,3,2018-11-28 14:28:00
20181128 14:31,2512,2512,2512,2512,24,0.0,26,0.0,59904,0.0,3,3,2018-11-28 14:31:00
20181128 14:32,2512,2512,2512,2512,24,0.0,26,0.0,59904,0.0,4,5,2018-11-28 14:32:00
20181128 14:33,2512,2512,2512,2512,24,0.0,26,0.0,59904,0.0,7,9,2018-11-28 14:33:00
20181128 14:34,2512,2512,2512,2512,24,0.0,26,0.0,59904,0.0,1,1,2018-11-28 14:34:00
20181128 14:35,2512,2512,2512,2512,24,0.0,26,0.0,59904,0.0,2,2,2018-11-28 14:35:00
20181128 14:36,2512,2512,2512,2512,24,0.0,26,0.0,59904,0.0,1,1,2018-11-28 14:36:00
20181128 14:37,2512,2512,2512,2512,24,0.0,26,0.0,59904,0.0,6,6,2018-11-28 14:37:00
20181128 14:38,2512,2512,2512,2512,24,0.0,26,0.0,59904,0.0,4,5,2018-11-28 14:38:00
20181128 14:39,2512,2512,2512,2512,24,0.0,26,0.0,59904,0.0,4,6,2018-11-28 14:39:00
20181128 14:40,2512,2512,2512,2512,24,0.0,26,0.0,59904,0.0,8,12,2018-11-28 14:40:00
20181128 14:41,2512,2512,2512,2512,24,0.0,26,0.0,59904,0.0,5,7,2018-11-28 14:41:00
20181128 14:42,2512,2512,2512,2512,24,0.0,26,0.0,59904,0.0,8,4,2018-11-28 14:42:00
20181128 14:43,2512,2512,2512,2512,24,0.0,26,0.0,59904,0.0,10,7,2018-11-28 14:43:00
20181128 14:44,2512,2512,2512,2512,24,0.0,26,0.0,59904,0.0,12,8,2018-11-28 14:44:00
20181128 14:45,2512,2512,2512,2512,24,0.0,26,0.0,59904,0.0,12,6,2018-11-28 14:45:00
20181128 14:46,2512,2512,2512,2512,24,0.0,26,0.0,59904,0.0,14,11,2018-11-28 14:46:00
20181128 14:47,2512,2512,2512,2512,24,0.0,26,0.0,59904,0.0,10,7,2018-11-28 14:47:00
20181128 14:48,2512,2512,2512,2512,24,0.0,26,0.0,59904,0.0,16,15,2018-11-28 14:48:00
20181128 14:49,2512,2512,2512,2512,24,0.0,26,0.0,59904,0.0,19,21,2018-11-28 14:49:00
20181128 14:50,2512,2512,2512,2512,24,0.0,26,0.0,59904,0.0,14,11,2018-11-28 14:50:00
20181128 14:51,2512,2512,2512,2512,24,0.0,26,0.0,59904,0.0,9,11,2018-11-28 14:51:00
20181128 14:52,2512,2512,2512,2512,24,0.0,26,0.0,59904,0.0,9,14,2018-11-28 14:52:00
20181128 14:53,2512,2512,2512,2512,24,0.0,26,0.0,59904,0.0,10,17,2018-11-28 14:53:00
20181128 14:54,2512,2512,2498,2498,28,4.0,24,-2.0,69888,9984.0,13,14,2018-11-28 14:54:00
20181128 14:55,2498,2498,2498,2498,28,0.0,24,0.0,69888,0.0,9,8,2018-11-28 14:55:00
20181128 14:56,2498,2498,2498,2498,28,0.0,24,0.0,69888,0.0,17,14,2018-11-28 14:56:00
20181128 14:57,2498,2498,2498,2498,28,0.0,24,0.0,69888,0.0,13,11,2018-11-28 14:57:00
20181128 14:58,2498,2498,2498,2498,28,0.0,24,0.0,69888,0.0,3,4,2018-11-28 14:58:00
20181128 14:59,2498,2498,2498,2498,28,0.0,24,0.0,69888,0.0,10,9,2018-11-28 14:59:00
20181128 21:00,2498,2498,2498,2498,0,0.0,24,0.0,0,0.0,26,26,2018-11-28 21:00:00
20181128 21:01,2498,2498,2498,2498,0,0.0,24,0.0,0,0.0,7,7,2018-11-28 21:01:00
20181128 21:02,2498,2498,2498,2498,0,0.0,24,0.0,0,0.0,9,9,2018-11-28 21:02:00
20181128 21:03,2498,2498,2498,2498,0,0.0,24,0.0,0,0.0,11,11,2018-11-28 21:03:00
20181128 21:04,2498,2498,2498,2498,0,0.0,24,0.0,0,0.0,6,6,2018-11-28 21:04:00
20181128 21:05,2498,2498,2498,2498,0,0.0,24,0.0,0,0.0,6,6,2018-11-28 21:05:00
20181128 21:06,2498,2498,2498,2498,0,0.0,24,0.0,0,0.0,5,5,2018-11-28 21:06:00
20181128 21:07,2498,2498,2498,2498,0,0.0,24,0.0,0,0.0,4,4,2018-11-28 21:07:00
20181128 21:08,2498,2498,2498,2498,0,0.0,24,0.0,0,0.0,5,5,2018-11-28 21:08:00
20181128 21:09,2498,2498,2498,2498,0,0.0,24,0.0,0,0.0,8,8,2018-11-28 21:09:00
20181128 21:10,2498,2498,2498,2498,0,0.0,24,0.0,0,0.0,5,5,2018-11-28 21:10:00
20181128 21:11,2498,2498,2498,2498,0,0.0,24,0.0,0,0.0,5,5,2018-11-28 21:11:00
20181128 21:12,2498,2498,2498,2498,0,0.0,24,0.0,0,0.0,14,14,2018-11-28 21:12:00
20181128 21:13,2498,2498,2498,2498,0,0.0,24,0.0,0,0.0,12,12,2018-11-28 21:13:00
20181128 21:14,2498,2498,2498,2498,0,0.0,24,0.0,0,0.0,6,6,2018-11-28 21:14:00
20181128 21:15,2498,2498,2498,2498,0,0.0,24,0.0,0,0.0,3,3,2018-11-28 21:15:00
20181128 21:16,2498,2498,2498,2498,0,0.0,24,0.0,0,0.0,5,5,2018-11-28 21:16:00
20181128 21:17,2498,2498,2498,2498,0,0.0,24,0.0,0,0.0,3,3,2018-11-28 21:17:00
20181128 21:18,2498,2498,2498,2498,0,0.0,24,0.0,0,0.0,4,4,2018-11-28 21:18:00
20181128 21:19,2498,2498,2498,2498,0,0.0,24,0.0,0,0.0,3,3,2018-11-28 21:19:00
20181128 21:20,2498,2498,2498,2498,0,0.0,24,0.0,0,0.0,3,3,2018-11-28 21:20:00
20181128 21:21,2498,2498,2498,2498,0,0.0,24,0.0,0,0.0,5,5,2018-11-28 21:21:00
20181128 21:23,2498,2498,2498,2498,0,0.0,24,0.0,0,0.0,1,1,2018-11-28 21:23:00
20181128 21:24,2498,2498,2498,2498,0,0.0,24,0.0,0,0.0,3,3,2018-11-28 21:24:00
20181128 21:25,2498,2498,2498,2498,0,0.0,24,0.0,0,0.0,3,3,2018-11-28 21:25:00
20181128 21:26,2498,2498,2498,2498,0,0.0,24,0.0,0,0.0,7,7,2018-11-28 21:26:00
20181128 21:27,2498,2498,2498,2498,0,0.0,24,0.0,0,0.0,3,3,2018-11-28 21:27:00
20181128 21:30,2498,2498,2498,2498,0,0.0,24,0.0,0,0.0,4,4,2018-11-28 21:30:00
20181128 21:31,2498,2498,2498,2498,0,0.0,24,0.0,0,0.0,5,5,2018-11-28 21:31:00
20181128 21:32,2498,2498,2498,2498,0,0.0,24,0.0,0,0.0,3,3,2018-11-28 21:32:00
20181128 21:33,2498,2498,2498,2498,0,0.0,24,0.0,0,0.0,4,4,2018-11-28 21:33:00
20181128 21:34,2498,2498,2498,2498,0,0.0,24,0.0,0,0.0,3,3,2018-11-28 21:34:00
20181128 21:35,2498,2498,2498,2498,0,0.0,24,0.0,0,0.0,3,3,2018-11-28 21:35:00
20181128 21:36,2498,2498,2498,2498,0,0.0,24,0.0,0,0.0,4,4,2018-11-28 21:36:00
20181128 21:37,2498,2498,2498,2498,0,0.0,24,0.0,0,0.0,4,4,2018-11-28 21:37:00
20181128 21:39,2498,2498,2498,2498,0,0.0,24,0.0,0,0.0,2,2,2018-11-28 21:39:00
20181128 21:41,2498,2498,2498,2498,0,0.0,24,0.0,0,0.0,4,4,2018-11-28 21:41:00
20181128 21:42,2498,2498,2498,2498,0,0.0,24,0.0,0,0.0,1,1,2018-11-28 21:42:00
20181128 21:46,2498,2498,2498,2498,0,0.0,24,0.0,0,0.0,3,3,2018-11-28 21:46:00
20181128 21:47,2498,2498,2498,2498,0,0.0,24,0.0,0,0.0,8,8,2018-11-28 21:47:00
20181128 21:48,2498,2498,2498,2498,0,0.0,24,0.0,0,0.0,5,5,2018-11-28 21:48:00
20181128 21:50,2498,2498,2498,2498,0,0.0,24,0.0,0,0.0,2,2,2018-11-28 21:50:00
20181128 21:51,2498,2498,2498,2498,0,0.0,24,0.0,0,0.0,5,5,2018-11-28 21:51:00
20181128 21:52,2498,2498,2498,2498,0,0.0,24,0.0,0,0.0,1,1,2018-11-28 21:52:00
20181128 21:53,2498,2498,2498,2498,0,0.0,24,0.0,0,0.0,5,4,2018-11-28 21:53:00
20181128 21:54,2498,2498,2498,2498,0,0.0,24,0.0,0,0.0,3,2,2018-11-28 21:54:00
20181128 21:55,2498,2498,2498,2498,0,0.0,24,0.0,0,0.0,3,4,2018-11-28 21:55:00
20181128 21:56,2498,2498,2498,2498,0,0.0,24,0.0,0,0.0,1,1,2018-11-28 21:56:00
20181128 21:57,2498,2498,2498,2498,0,0.0,24,0.0,0,0.0,2,2,2018-11-28 21:57:00
20181128 21:58,2498,2498,2498,2498,0,0.0,24,0.0,0,0.0,11,16,2018-11-28 21:58:00
20181128 21:59,2498,2498,2498,2498,0,0.0,24,0.0,0,0.0,14,19,2018-11-28 21:59:00
20181128 22:00,2498,2498,2498,2498,0,0.0,24,0.0,0,0.0,5,5,2018-11-28 22:00:00
20181128 22:01,2498,2498,2498,2498,0,0.0,24,0.0,0,0.0,8,12,2018-11-28 22:01:00
20181128 22:02,2498,2498,2498,2498,0,0.0,24,0.0,0,0.0,2,2,2018-11-28 22:02:00
20181128 22:03,2498,2498,2498,2498,0,0.0,24,0.0,0,0.0,5,4,2018-11-28 22:03:00
20181128 22:04,2498,2498,2498,2498,0,0.0,24,0.0,0,0.0,1,1,2018-11-28 22:04:00
20181128 22:05,2498,2498,2498,2498,0,0.0,24,0.0,0,0.0,9,12,2018-11-28 22:05:00
20181128 22:06,2498,2498,2498,2498,0,0.0,24,0.0,0,0.0,5,6,2018-11-28 22:06:00
20181128 22:07,2498,2498,2498,2498,0,0.0,24,0.0,0,0.0,3,3,2018-11-28 22:07:00
20181128 22:08,2498,2498,2498,2498,0,0.0,24,0.0,0,0.0,8,11,2018-11-28 22:08:00
20181128 22:09,2498,2498,2498,2498,0,0.0,24,0.0,0,0.0,5,7,2018-11-28 22:09:00
20181128 22:10,2498,2498,2498,2498,0,0.0,24,0.0,0,0.0,7,11,2018-11-28 22:10:00
20181128 22:11,2498,2498,2498,2498,0,0.0,24,0.0,0,0.0,16,22,2018-11-28 22:11:00
20181128 22:12,2498,2498,2498,2498,0,0.0,24,0.0,0,0.0,23,23,2018-11-28 22:12:00
20181128 22:13,2498,2498,2498,2498,0,0.0,24,0.0,0,0.0,18,26,2018-11-28 22:13:00
20181128 22:14,2498,2498,2498,2498,0,0.0,24,0.0,0,0.0,13,19,2018-11-28 22:14:00
20181128 22:15,2498,2498,2498,2498,0,0.0,24,0.0,0,0.0,16,20,2018-11-28 22:15:00
20181128 22:16,2498,2498,2498,2498,0,0.0,24,0.0,0,0.0,10,14,2018-11-28 22:16:00
20181128 22:17,2498,2498,2498,2498,0,0.0,24,0.0,0,0.0,15,22,2018-11-28 22:17:00
20181128 22:18,2498,2498,2498,2498,0,0.0,24,0.0,0,0.0,9,14,2018-11-28 22:18:00
20181128 22:19,2498,2498,2498,2498,0,0.0,24,0.0,0,0.0,9,13,2018-11-28 22:19:00
20181128 22:20,2498,2498,2498,2498,0,0.0,24,0.0,0,0.0,2,3,2018-11-28 22:20:00
20181128 22:21,2498,2498,2498,2498,0,0.0,24,0.0,0,0.0,8,12,2018-11-28 22:21:00
20181128 22:22,2498,2498,2498,2498,0,0.0,24,0.0,0,0.0,12,18,2018-11-28 22:22:00
20181128 22:23,2498,2498,2498,2498,0,0.0,24,0.0,0,0.0,12,11,2018-11-28 22:23:00
20181128 22:24,2498,2498,2498,2498,0,0.0,24,0.0,0,0.0,20,24,2018-11-28 22:24:00
20181128 22:25,2498,2498,2498,2498,0,0.0,24,0.0,0,0.0,16,20,2018-11-28 22:25:00
20181128 22:26,2498,2498,2498,2498,0,0.0,24,0.0,0,0.0,14,18,2018-11-28 22:26:00
20181128 22:27,2498,2498,2498,2498,0,0.0,24,0.0,0,0.0,11,15,2018-11-28 22:27:00
20181128 22:28,2498,2498,2498,2498,0,0.0,24,0.0,0,0.0,9,11,2018-11-28 22:28:00
20181128 22:29,2498,2498,2498,2498,0,0.0,24,0.0,0,0.0,8,8,2018-11-28 22:29:00
20181128 22:30,2498,2498,2498,2498,0,0.0,24,0.0,0,0.0,4,5,2018-11-28 22:30:00
20181128 22:31,2498,2498,2498,2498,0,0.0,24,0.0,0,0.0,13,18,2018-11-28 22:31:00
20181128 22:32,2498,2498,2498,2498,0,0.0,24,0.0,0,0.0,7,10,2018-11-28 22:32:00
20181128 22:33,2498,2498,2498,2498,0,0.0,24,0.0,0,0.0,9,13,2018-11-28 22:33:00
20181128 22:34,2498,2498,2498,2498,0,0.0,24,0.0,0,0.0,3,5,2018-11-28 22:34:00
20181128 22:35,2498,2498,2498,2498,0,0.0,24,0.0,0,0.0,8,9,2018-11-28 22:35:00
20181128 22:36,2498,2498,2498,2498,0,0.0,24,0.0,0,0.0,14,14,2018-11-28 22:36:00
20181128 22:37,2498,2498,2498,2498,0,0.0,24,0.0,0,0.0,15,18,2018-11-28 22:37:00
20181128 22:38,2498,2498,2498,2498,0,0.0,24,0.0,0,0.0,7,7,2018-11-28 22:38:00
20181128 22:39,2514,2514,2514,2514,2,2.0,26,2.0,5028,5028.0,6,9,2018-11-28 22:39:00
20181128 22:40,2514,2514,2497,2497,4,2.0,24,-2.0,10024,4996.0,4,3,2018-11-28 22:40:00
20181128 22:41,2497,2497,2497,2497,4,0.0,24,0.0,10024,0.0,39,35,2018-11-28 22:41:00
20181128 22:42,2497,2497,2497,2497,4,0.0,24,0.0,10024,0.0,10,13,2018-11-28 22:42:00
20181128 22:43,2497,2497,2497,2497,4,0.0,24,0.0,10024,0.0,16,16,2018-11-28 22:43:00
20181128 22:44,2497,2497,2497,2497,4,0.0,24,0.0,10024,0.0,13,8,2018-11-28 22:44:00
20181128 22:45,2497,2497,2497,2497,4,0.0,24,0.0,10024,0.0,15,8,2018-11-28 22:45:00
20181128 22:46,2497,2497,2497,2497,4,0.0,24,0.0,10024,0.0,18,15,2018-11-28 22:46:00
20181128 22:47,2497,2497,2497,2497,4,0.0,24,0.0,10024,0.0,5,4,2018-11-28 22:47:00
20181128 22:48,2497,2497,2497,2497,4,0.0,24,0.0,10024,0.0,25,16,2018-11-28 22:48:00
20181128 22:49,2497,2497,2497,2497,4,0.0,24,0.0,10024,0.0,2,1,2018-11-28 22:49:00
20181128 22:50,2497,2497,2497,2497,4,0.0,24,0.0,10024,0.0,5,2,2018-11-28 22:50:00
20181128 22:51,2497,2497,2497,2497,4,0.0,24,0.0,10024,0.0,4,2,2018-11-28 22:51:00
20181128 22:52,2497,2497,2497,2497,4,0.0,24,0.0,10024,0.0,3,1,2018-11-28 22:52:00
20181128 22:55,2497,2497,2497,2497,4,0.0,24,0.0,10024,0.0,7,3,2018-11-28 22:55:00
20181128 22:56,2497,2497,2497,2497,4,0.0,24,0.0,10024,0.0,3,2,2018-11-28 22:56:00
20181128 22:58,2497,2497,2497,2497,4,0.0,24,0.0,10024,0.0,14,10,2018-11-28 22:58:00
20181128 22:59,2497,2497,2497,2497,4,0.0,24,0.0,10024,0.0,2,1,2018-11-28 22:59:00
20181128 23:00,2497,2497,2497,2497,4,0.0,24,0.0,10024,0.0,1,1,2018-11-28 23:00:00
20181128 23:01,2497,2497,2497,2497,4,0.0,24,0.0,10024,0.0,1,1,2018-11-28 23:01:00
20181128 23:06,2497,2497,2497,2497,4,0.0,24,0.0,10024,0.0,3,4,2018-11-28 23:06:00
20181128 23:07,2497,2497,2497,2497,4,0.0,24,0.0,10024,0.0,10,14,2018-11-28 23:07:00
20181128 23:08,2497,2497,2497,2497,4,0.0,24,0.0,10024,0.0,5,8,2018-11-28 23:08:00
20181128 23:09,2497,2497,2497,2497,4,0.0,24,0.0,10024,0.0,16,15,2018-11-28 23:09:00
20181128 23:11,2497,2497,2497,2497,4,0.0,24,0.0,10024,0.0,11,10,2018-11-28 23:11:00
20181128 23:12,2497,2497,2497,2497,4,0.0,24,0.0,10024,0.0,5,5,2018-11-28 23:12:00
20181128 23:13,2497,2497,2497,2497,4,0.0,24,0.0,10024,0.0,2,1,2018-11-28 23:13:00
20181128 23:14,2497,2497,2497,2497,4,0.0,24,0.0,10024,0.0,6,5,2018-11-28 23:14:00
20181128 23:15,2497,2497,2497,2497,4,0.0,24,0.0,10024,0.0,19,20,2018-11-28 23:15:00
20181128 23:16,2497,2497,2497,2497,4,0.0,24,0.0,10024,0.0,26,13,2018-11-28 23:16:00
20181128 23:18,2497,2497,2497,2497,4,0.0,24,0.0,10024,0.0,21,11,2018-11-28 23:18:00
20181128 23:19,2497,2497,2497,2497,4,0.0,24,0.0,10024,0.0,9,5,2018-11-28 23:19:00
20181128 23:20,2497,2497,2497,2497,4,0.0,24,0.0,10024,0.0,9,7,2018-11-28 23:20:00
20181128 23:21,2497,2497,2497,2497,4,0.0,24,0.0,10024,0.0,3,4,2018-11-28 23:21:00
20181128 23:25,2497,2497,2497,2497,4,0.0,24,0.0,10024,0.0,15,7,2018-11-28 23:25:00
20181128 23:26,2497,2497,2497,2497,4,0.0,24,0.0,10024,0.0,2,1,2018-11-28 23:26:00
20181128 23:27,2497,2497,2497,2497,4,0.0,24,0.0,10024,0.0,14,15,2018-11-28 23:27:00
20181128 23:28,2497,2497,2497,2497,4,0.0,24,0.0,10024,0.0,5,4,2018-11-28 23:28:00
20181128 23:29,2497,2497,2497,2497,4,0.0,24,0.0,10024,0.0,4,5,2018-11-28 23:29:00
20181129 09:00,2497,2497,2497,2497,4,0.0,24,0.0,10024,0.0,54,52,2018-11-29 09:00:00
20181129 09:01,2497,2497,2497,2497,4,0.0,24,0.0,10024,0.0,21,22,2018-11-29 09:01:00
20181129 09:02,2497,2497,2497,2497,4,0.0,24,0.0,10024,0.0,18,19,2018-11-29 09:02:00
20181129 09:03,2497,2497,2497,2497,4,0.0,24,0.0,10024,0.0,19,27,2018-11-29 09:03:00
20181129 09:04,2497,2497,2497,2497,4,0.0,24,0.0,10024,0.0,16,24,2018-11-29 09:04:00
20181129 09:05,2497,2497,2497,2497,4,0.0,24,0.0,10024,0.0,4,6,2018-11-29 09:05:00
20181129 09:06,2497,2497,2497,2497,4,0.0,24,0.0,10024,0.0,4,4,2018-11-29 09:06:00
20181129 09:07,2497,2497,2497,2497,4,0.0,24,0.0,10024,0.0,14,18,2018-11-29 09:07:00
20181129 09:08,2497,2497,2497,2497,4,0.0,24,0.0,10024,0.0,14,20,2018-11-29 09:08:00
20181129 09:09,2497,2497,2497,2497,4,0.0,24,0.0,10024,0.0,17,19,2018-11-29 09:09:00
20181129 09:10,2497,2509,2497,2509,6,2.0,22,-2.0,15042,5018.0,23,18,2018-11-29 09:10:00
20181129 09:11,2509,2509,2509,2509,6,0.0,22,0.0,15042,0.0,5,3,2018-11-29 09:11:00
20181129 09:12,2509,2509,2509,2509,6,0.0,22,0.0,15042,0.0,2,2,2018-11-29 09:12:00
20181129 09:13,2509,2509,2509,2509,6,0.0,22,0.0,15042,0.0,1,1,2018-11-29 09:13:00
20181129 09:14,2509,2509,2509,2509,6,0.0,22,0.0,15042,0.0,3,3,2018-11-29 09:14:00
20181129 09:15,2509,2509,2509,2509,6,0.0,22,0.0,15042,0.0,1,1,2018-11-29 09:15:00
20181129 09:16,2509,2509,2509,2509,6,0.0,22,0.0,15042,0.0,3,3,2018-11-29 09:16:00
20181129 09:17,2509,2509,2509,2509,6,0.0,22,0.0,15042,0.0,8,6,2018-11-29 09:17:00
20181129 09:18,2509,2509,2509,2509,6,0.0,22,0.0,15042,0.0,2,2,2018-11-29 09:18:00
20181129 09:19,2509,2509,2509,2509,6,0.0,22,0.0,15042,0.0,13,16,2018-11-29 09:19:00
20181129 09:20,2509,2509,2509,2509,6,0.0,22,0.0,15042,0.0,1,1,2018-11-29 09:20:00
20181129 09:21,2509,2509,2509,2509,6,0.0,22,0.0,15042,0.0,9,9,2018-11-29 09:21:00
20181129 09:22,2509,2509,2509,2509,6,0.0,22,0.0,15042,0.0,8,7,2018-11-29 09:22:00
20181129 09:23,2509,2509,2509,2509,6,0.0,22,0.0,15042,0.0,6,3,2018-11-29 09:23:00
20181129 09:24,2509,2509,2509,2509,6,0.0,22,0.0,15042,0.0,2,1,2018-11-29 09:24:00
20181129 09:25,2509,2509,2509,2509,6,0.0,22,0.0,15042,0.0,2,1,2018-11-29 09:25:00
20181129 09:26,2509,2509,2509,2509,6,0.0,22,0.0,15042,0.0,6,4,2018-11-29 09:26:00
20181129 09:27,2509,2509,2509,2509,6,0.0,22,0.0,15042,0.0,6,3,2018-11-29 09:27:00
20181129 09:28,2509,2509,2509,2509,6,0.0,22,0.0,15042,0.0,12,8,2018-11-29 09:28:00
20181129 09:29,2509,2509,2509,2509,6,0.0,22,0.0,15042,0.0,5,4,2018-11-29 09:29:00
20181129 09:30,2509,2509,2509,2509,6,0.0,22,0.0,15042,0.0,1,1,2018-11-29 09:30:00
20181129 09:31,2509,2509,2509,2509,6,0.0,22,0.0,15042,0.0,1,1,2018-11-29 09:31:00
20181129 09:32,2509,2509,2509,2509,6,0.0,22,0.0,15042,0.0,10,8,2018-11-29 09:32:00
20181129 09:33,2509,2509,2509,2509,6,0.0,22,0.0,15042,0.0,14,10,2018-11-29 09:33:00
20181129 09:34,2509,2509,2509,2509,6,0.0,22,0.0,15042,0.0,1,1,2018-11-29 09:34:00
20181129 09:35,2509,2509,2509,2509,6,0.0,22,0.0,15042,0.0,1,1,2018-11-29 09:35:00
20181129 09:36,2509,2509,2509,2509,6,0.0,22,0.0,15042,0.0,6,4,2018-11-29 09:36:00
20181129 09:37,2509,2509,2509,2509,6,0.0,22,0.0,15042,0.0,5,3,2018-11-29 09:37:00
20181129 09:39,2509,2509,2509,2509,6,0.0,22,0.0,15042,0.0,4,3,2018-11-29 09:39:00
20181129 09:40,2509,2509,2509,2509,6,0.0,22,0.0,15042,0.0,3,3,2018-11-29 09:40:00
20181129 09:41,2509,2509,2509,2509,6,0.0,22,0.0,15042,0.0,2,2,2018-11-29 09:41:00
20181129 09:44,2509,2509,2509,2509,6,0.0,22,0.0,15042,0.0,8,6,2018-11-29 09:44:00
20181129 09:45,2509,2509,2509,2509,6,0.0,22,0.0,15042,0.0,3,2,2018-11-29 09:45:00
20181129 09:46,2509,2509,2509,2509,6,0.0,22,0.0,15042,0.0,5,3,2018-11-29 09:46:00
20181129 09:47,2509,2509,2509,2509,6,0.0,22,0.0,15042,0.0,7,4,2018-11-29 09:47:00
20181129 09:48,2509,2509,2509,2509,6,0.0,22,0.0,15042,0.0,6,5,2018-11-29 09:48:00
20181129 09:49,2509,2509,2509,2509,6,0.0,22,0.0,15042,0.0,2,1,2018-11-29 09:49:00
20181129 09:50,2509,2509,2509,2509,6,0.0,22,0.0,15042,0.0,11,7,2018-11-29 09:50:00
20181129 09:51,2509,2509,2509,2509,6,0.0,22,0.0,15042,0.0,5,5,2018-11-29 09:51:00
20181129 09:52,2509,2509,2509,2509,6,0.0,22,0.0,15042,0.0,14,10,2018-11-29 09:52:00
20181129 09:53,2509,2509,2509,2509,6,0.0,22,0.0,15042,0.0,3,2,2018-11-29 09:53:00
20181129 09:55,2509,2509,2509,2509,6,0.0,22,0.0,15042,0.0,7,5,2018-11-29 09:55:00
20181129 09:56,2509,2509,2509,2509,6,0.0,22,0.0,15042,0.0,8,6,2018-11-29 09:56:00
20181129 09:58,2509,2509,2509,2509,6,0.0,22,0.0,15042,0.0,2,2,2018-11-29 09:58:00
20181129 09:59,2509,2509,2509,2509,6,0.0,22,0.0,15042,0.0,2,2,2018-11-29 09:59:00
20181129 10:00,2509,2509,2509,2509,6,0.0,22,0.0,15042,0.0,4,3,2018-11-29 10:00:00
20181129 10:01,2509,2509,2509,2509,6,0.0,22,0.0,15042,0.0,4,3,2018-11-29 10:01:00
20181129 10:02,2509,2509,2509,2509,6,0.0,22,0.0,15042,0.0,9,7,2018-11-29 10:02:00
20181129 10:03,2509,2509,2509,2509,6,0.0,22,0.0,15042,0.0,8,6,2018-11-29 10:03:00
20181129 10:04,2509,2509,2509,2509,6,0.0,22,0.0,15042,0.0,3,2,2018-11-29 10:04:00
20181129 10:05,2509,2509,2509,2509,6,0.0,22,0.0,15042,0.0,3,2,2018-11-29 10:05:00
20181129 10:06,2509,2509,2509,2509,6,0.0,22,0.0,15042,0.0,5,3,2018-11-29 10:06:00
20181129 10:07,2509,2509,2509,2509,6,0.0,22,0.0,15042,0.0,10,6,2018-11-29 10:07:00
20181129 10:08,2509,2509,2509,2509,6,0.0,22,0.0,15042,0.0,4,2,2018-11-29 10:08:00
20181129 10:09,2509,2509,2509,2509,6,0.0,22,0.0,15042,0.0,2,1,2018-11-29 10:09:00
20181129 10:10,2509,2509,2509,2509,6,0.0,22,0.0,15042,0.0,7,5,2018-11-29 10:10:00
20181129 10:11,2509,2509,2509,2509,6,0.0,22,0.0,15042,0.0,20,12,2018-11-29 10:11:00
20181129 10:12,2509,2509,2509,2509,6,0.0,22,0.0,15042,0.0,4,3,2018-11-29 10:12:00
20181129 10:14,2509,2509,2509,2509,6,0.0,22,0.0,15042,0.0,3,3,2018-11-29 10:14:00
20181129 10:30,2509,2509,2509,2509,6,0.0,22,0.0,15042,0.0,3,3,2018-11-29 10:30:00
20181129 10:31,2509,2509,2509,2509,6,0.0,22,0.0,15042,0.0,2,2,2018-11-29 10:31:00
20181129 10:32,2509,2509,2508,2508,8,2.0,22,0.0,20056,5014.0,6,4,2018-11-29 10:32:00
20181129 10:33,2508,2508,2508,2508,8,0.0,22,0.0,20056,0.0,6,5,2018-11-29 10:33:00
20181129 10:34,2508,2508,2508,2508,8,0.0,22,0.0,20056,0.0,6,4,2018-11-29 10:34:00
20181129 10:35,2508,2508,2508,2508,8,0.0,22,0.0,20056,0.0,8,6,2018-11-29 10:35:00
20181129 10:36,2508,2508,2508,2508,8,0.0,22,0.0,20056,0.0,1,1,2018-11-29 10:36:00
20181129 10:37,2508,2508,2508,2508,8,0.0,22,0.0,20056,0.0,8,6,2018-11-29 10:37:00
20181129 10:38,2508,2508,2508,2508,8,0.0,22,0.0,20056,0.0,5,4,2018-11-29 10:38:00
20181129 10:39,2508,2508,2508,2508,8,0.0,22,0.0,20056,0.0,3,2,2018-11-29 10:39:00
20181129 10:40,2508,2508,2508,2508,8,0.0,22,0.0,20056,0.0,7,6,2018-11-29 10:40:00
20181129 10:41,2508,2508,2508,2508,8,0.0,22,0.0,20056,0.0,3,3,2018-11-29 10:41:00
20181129 10:42,2508,2508,2508,2508,8,0.0,22,0.0,20056,0.0,2,2,2018-11-29 10:42:00
20181129 10:44,2508,2508,2508,2508,8,0.0,22,0.0,20056,0.0,2,1,2018-11-29 10:44:00
20181129 10:45,2508,2508,2508,2508,8,0.0,22,0.0,20056,0.0,4,3,2018-11-29 10:45:00
20181129 10:46,2508,2508,2508,2508,8,0.0,22,0.0,20056,0.0,3,2,2018-11-29 10:46:00
20181129 10:47,2508,2508,2508,2508,8,0.0,22,0.0,20056,0.0,2,1,2018-11-29 10:47:00
20181129 10:50,2508,2508,2508,2508,8,0.0,22,0.0,20056,0.0,2,1,2018-11-29 10:50:00
20181129 10:51,2508,2508,2508,2508,8,0.0,22,0.0,20056,0.0,1,1,2018-11-29 10:51:00
20181129 10:53,2508,2508,2508,2508,8,0.0,22,0.0,20056,0.0,1,1,2018-11-29 10:53:00
20181129 10:54,2508,2508,2508,2508,8,0.0,22,0.0,20056,0.0,2,1,2018-11-29 10:54:00
20181129 10:55,2508,2508,2508,2508,8,0.0,22,0.0,20056,0.0,1,1,2018-11-29 10:55:00
20181129 10:56,2508,2508,2508,2508,8,0.0,22,0.0,20056,0.0,2,2,2018-11-29 10:56:00
20181129 10:57,2508,2508,2508,2508,8,0.0,22,0.0,20056,0.0,6,6,2018-11-29 10:57:00
20181129 10:58,2508,2508,2508,2508,8,0.0,22,0.0,20056,0.0,6,4,2018-11-29 10:58:00
20181129 10:59,2508,2508,2508,2508,8,0.0,22,0.0,20056,0.0,1,1,2018-11-29 10:59:00
20181129 11:00,2508,2508,2508,2508,8,0.0,22,0.0,20056,0.0,1,1,2018-11-29 11:00:00
20181129 11:01,2508,2508,2508,2508,8,0.0,22,0.0,20056,0.0,3,3,2018-11-29 11:01:00
20181129 11:02,2508,2508,2508,2508,8,0.0,22,0.0,20056,0.0,5,4,2018-11-29 11:02:00
20181129 11:04,2508,2508,2508,2508,8,0.0,22,0.0,20056,0.0,11,4,2018-11-29 11:04:00
20181129 11:05,2508,2508,2508,2508,8,0.0,22,0.0,20056,0.0,6,3,2018-11-29 11:05:00
20181129 11:06,2508,2508,2508,2508,8,0.0,22,0.0,20056,0.0,7,4,2018-11-29 11:06:00
20181129 11:07,2508,2508,2508,2508,8,0.0,22,0.0,20056,0.0,8,6,2018-11-29 11:07:00
20181129 11:08,2508,2508,2508,2508,8,0.0,22,0.0,20056,0.0,8,3,2018-11-29 11:08:00
20181129 11:09,2508,2508,2508,2508,8,0.0,22,0.0,20056,0.0,17,9,2018-11-29 11:09:00
20181129 11:10,2508,2508,2508,2508,8,0.0,22,0.0,20056,0.0,20,13,2018-11-29 11:10:00
20181129 11:11,2508,2508,2508,2508,8,0.0,22,0.0,20056,0.0,3,3,2018-11-29 11:11:00
20181129 11:12,2508,2508,2508,2508,8,0.0,22,0.0,20056,0.0,9,8,2018-11-29 11:12:00
20181129 11:13,2508,2508,2508,2508,8,0.0,22,0.0,20056,0.0,17,13,2018-11-29 11:13:00
20181129 11:14,2508,2508,2508,2508,8,0.0,22,0.0,20056,0.0,9,8,2018-11-29 11:14:00
20181129 11:15,2508,2508,2508,2508,8,0.0,22,0.0,20056,0.0,10,10,2018-11-29 11:15:00
20181129 11:16,2508,2508,2508,2508,8,0.0,22,0.0,20056,0.0,26,24,2018-11-29 11:16:00
20181129 11:17,2508,2508,2508,2508,8,0.0,22,0.0,20056,0.0,12,9,2018-11-29 11:17:00
20181129 11:18,2508,2508,2508,2508,8,0.0,22,0.0,20056,0.0,9,9,2018-11-29 11:18:00
20181129 11:19,2508,2508,2508,2508,8,0.0,22,0.0,20056,0.0,1,1,2018-11-29 11:19:00
20181129 11:20,2508,2508,2508,2508,8,0.0,22,0.0,20056,0.0,1,1,2018-11-29 11:20:00
20181129 11:21,2508,2508,2508,2508,8,0.0,22,0.0,20056,0.0,6,6,2018-11-29 11:21:00
20181129 11:22,2508,2508,2508,2508,8,0.0,22,0.0,20056,0.0,6,6,2018-11-29 11:22:00
20181129 11:23,2508,2508,2508,2508,8,0.0,22,0.0,20056,0.0,5,5,2018-11-29 11:23:00
20181129 11:24,2508,2508,2508,2508,8,0.0,22,0.0,20056,0.0,7,7,2018-11-29 11:24:00
20181129 11:25,2508,2508,2508,2508,8,0.0,22,0.0,20056,0.0,7,7,2018-11-29 11:25:00
20181129 11:26,2508,2508,2508,2508,8,0.0,22,0.0,20056,0.0,8,7,2018-11-29 11:26:00
20181129 11:27,2508,2508,2508,2508,8,0.0,22,0.0,20056,0.0,12,9,2018-11-29 11:27:00
20181129 11:28,2508,2508,2508,2508,8,0.0,22,0.0,20056,0.0,4,3,2018-11-29 11:28:00
20181129 11:29,2508,2508,2508,2508,8,0.0,22,0.0,20056,0.0,30,22,2018-11-29 11:29:00
20181129 13:30,2508,2508,2508,2508,8,0.0,22,0.0,20056,0.0,23,17,2018-11-29 13:30:00
20181129 13:31,2508,2508,2508,2508,8,0.0,22,0.0,20056,0.0,28,20,2018-11-29 13:31:00
20181129 13:32,2508,2508,2508,2508,8,0.0,22,0.0,20056,0.0,21,21,2018-11-29 13:32:00
20181129 13:33,2508,2508,2508,2508,8,0.0,22,0.0,20056,0.0,13,13,2018-11-29 13:33:00
20181129 13:34,2508,2508,2508,2508,8,0.0,22,0.0,20056,0.0,26,21,2018-11-29 13:34:00
20181129 13:35,2508,2508,2508,2508,8,0.0,22,0.0,20056,0.0,24,17,2018-11-29 13:35:00
20181129 13:36,2508,2508,2508,2508,8,0.0,22,0.0,20056,0.0,7,7,2018-11-29 13:36:00
20181129 13:37,2508,2508,2508,2508,8,0.0,22,0.0,20056,0.0,9,9,2018-11-29 13:37:00
20181129 13:38,2508,2508,2508,2508,8,0.0,22,0.0,20056,0.0,18,18,2018-11-29 13:38:00
20181129 13:39,2508,2508,2508,2508,8,0.0,22,0.0,20056,0.0,8,8,2018-11-29 13:39:00
20181129 13:40,2508,2508,2508,2508,8,0.0,22,0.0,20056,0.0,12,12,2018-11-29 13:40:00
20181129 13:41,2508,2508,2508,2508,8,0.0,22,0.0,20056,0.0,6,6,2018-11-29 13:41:00
20181129 13:42,2508,2508,2508,2508,8,0.0,22,0.0,20056,0.0,9,9,2018-11-29 13:42:00
20181129 13:43,2508,2508,2508,2508,8,0.0,22,0.0,20056,0.0,8,8,2018-11-29 13:43:00
20181129 13:44,2508,2508,2508,2508,8,0.0,22,0.0,20056,0.0,5,5,2018-11-29 13:44:00
20181129 13:45,2508,2508,2508,2508,8,0.0,22,0.0,20056,0.0,4,4,2018-11-29 13:45:00
20181129 13:46,2508,2508,2508,2508,8,0.0,22,0.0,20056,0.0,3,3,2018-11-29 13:46:00
20181129 13:47,2508,2508,2508,2508,8,0.0,22,0.0,20056,0.0,5,5,2018-11-29 13:47:00
20181129 13:48,2508,2508,2508,2508,8,0.0,22,0.0,20056,0.0,5,5,2018-11-29 13:48:00
20181129 13:49,2508,2508,2508,2508,8,0.0,22,0.0,20056,0.0,7,7,2018-11-29 13:49:00
20181129 13:50,2508,2508,2508,2508,8,0.0,22,0.0,20056,0.0,3,3,2018-11-29 13:50:00
20181129 13:51,2508,2508,2508,2508,8,0.0,22,0.0,20056,0.0,1,1,2018-11-29 13:51:00
20181129 13:52,2508,2508,2508,2508,8,0.0,22,0.0,20056,0.0,12,12,2018-11-29 13:52:00
20181129 13:53,2508,2508,2508,2508,8,0.0,22,0.0,20056,0.0,8,8,2018-11-29 13:53:00
20181129 13:54,2508,2508,2508,2508,8,0.0,22,0.0,20056,0.0,17,17,2018-11-29 13:54:00
20181129 13:55,2508,2508,2508,2508,8,0.0,22,0.0,20056,0.0,13,13,2018-11-29 13:55:00
20181129 13:56,2508,2508,2508,2508,8,0.0,22,0.0,20056,0.0,17,17,2018-11-29 13:56:00
20181129 13:57,2508,2508,2508,2508,8,0.0,22,0.0,20056,0.0,9,9,2018-11-29 13:57:00
20181129 13:58,2508,2508,2508,2508,8,0.0,22,0.0,20056,0.0,8,8,2018-11-29 13:58:00
20181129 13:59,2508,2508,2508,2508,8,0.0,22,0.0,20056,0.0,13,13,2018-11-29 13:59:00
20181129 14:00,2508,2508,2508,2508,8,0.0,22,0.0,20056,0.0,10,10,2018-11-29 14:00:00
20181129 14:01,2508,2508,2508,2508,8,0.0,22,0.0,20056,0.0,3,3,2018-11-29 14:01:00
20181129 14:02,2508,2508,2508,2508,8,0.0,22,0.0,20056,0.0,9,9,2018-11-29 14:02:00
20181129 14:03,2508,2508,2508,2508,8,0.0,22,0.0,20056,0.0,11,11,2018-11-29 14:03:00
20181129 14:04,2508,2508,2508,2508,8,0.0,22,0.0,20056,0.0,7,7,2018-11-29 14:04:00
20181129 14:05,2508,2508,2508,2508,8,0.0,22,0.0,20056,0.0,9,9,2018-11-29 14:05:00
20181129 14:06,2508,2508,2508,2508,8,0.0,22,0.0,20056,0.0,11,11,2018-11-29 14:06:00
20181129 14:07,2508,2508,2508,2508,8,0.0,22,0.0,20056,0.0,5,5,2018-11-29 14:07:00
20181129 14:08,2508,2508,2508,2508,8,0.0,22,0.0,20056,0.0,18,18,2018-11-29 14:08:00
20181129 14:09,2508,2508,2508,2508,8,0.0,22,0.0,20056,0.0,23,23,2018-11-29 14:09:00
20181129 14:10,2508,2508,2508,2508,8,0.0,22,0.0,20056,0.0,16,16,2018-11-29 14:10:00
20181129 14:11,2508,2508,2508,2508,8,0.0,22,0.0,20056,0.0,19,19,2018-11-29 14:11:00
20181129 14:12,2508,2508,2508,2508,8,0.0,22,0.0,20056,0.0,14,14,2018-11-29 14:12:00
20181129 14:13,2508,2508,2508,2508,8,0.0,22,0.0,20056,0.0,25,25,2018-11-29 14:13:00
20181129 14:14,2508,2508,2508,2508,8,0.0,22,0.0,20056,0.0,15,15,2018-11-29 14:14:00
20181129 14:15,2508,2508,2490,2499,14,6.0,28,6.0,35028,14972.0,15,13,2018-11-29 14:15:00
20181129 14:16,2499,2499,2499,2499,14,0.0,28,0.0,35028,0.0,8,7,2018-11-29 14:16:00
20181129 14:17,2499,2499,2499,2499,14,0.0,28,0.0,35028,0.0,11,9,2018-11-29 14:17:00
20181129 14:18,2499,2499,2499,2499,14,0.0,28,0.0,35028,0.0,8,6,2018-11-29 14:18:00
20181129 14:19,2499,2499,2499,2499,14,0.0,28,0.0,35028,0.0,6,5,2018-11-29 14:19:00
20181129 14:20,2499,2499,2499,2499,14,0.0,28,0.0,35028,0.0,6,4,2018-11-29 14:20:00
20181129 14:21,2499,2499,2499,2499,14,0.0,28,0.0,35028,0.0,7,5,2018-11-29 14:21:00
20181129 14:22,2499,2499,2499,2499,14,0.0,28,0.0,35028,0.0,2,1,2018-11-29 14:22:00
20181129 14:23,2499,2499,2499,2499,14,0.0,28,0.0,35028,0.0,12,7,2018-11-29 14:23:00
20181129 14:24,2499,2499,2499,2499,14,0.0,28,0.0,35028,0.0,3,3,2018-11-29 14:24:00
20181129 14:25,2499,2499,2499,2499,14,0.0,28,0.0,35028,0.0,6,5,2018-11-29 14:25:00
20181129 14:26,2499,2499,2499,2499,14,0.0,28,0.0,35028,0.0,5,3,2018-11-29 14:26:00
20181129 14:27,2499,2499,2499,2499,14,0.0,28,0.0,35028,0.0,1,1,2018-11-29 14:27:00
20181129 14:28,2499,2499,2499,2499,14,0.0,28,0.0,35028,0.0,3,2,2018-11-29 14:28:00
20181129 14:29,2499,2499,2499,2499,14,0.0,28,0.0,35028,0.0,1,1,2018-11-29 14:29:00
20181129 14:30,2499,2499,2499,2499,14,0.0,28,0.0,35028,0.0,3,2,2018-11-29 14:30:00
20181129 14:31,2499,2499,2499,2499,14,0.0,28,0.0,35028,0.0,3,2,2018-11-29 14:31:00
20181129 14:32,2499,2499,2499,2499,14,0.0,28,0.0,35028,0.0,9,7,2018-11-29 14:32:00
20181129 14:33,2499,2499,2499,2499,14,0.0,28,0.0,35028,0.0,7,6,2018-11-29 14:33:00
20181129 14:35,2499,2499,2499,2499,14,0.0,28,0.0,35028,0.0,8,5,2018-11-29 14:35:00
20181129 14:36,2499,2499,2499,2499,14,0.0,28,0.0,35028,0.0,8,4,2018-11-29 14:36:00
20181129 14:37,2499,2499,2499,2499,14,0.0,28,0.0,35028,0.0,2,1,2018-11-29 14:37:00
20181129 14:39,2499,2499,2499,2499,14,0.0,28,0.0,35028,0.0,8,7,2018-11-29 14:39:00
20181129 14:41,2499,2499,2499,2499,14,0.0,28,0.0,35028,0.0,3,2,2018-11-29 14:41:00
20181129 14:42,2499,2499,2499,2499,14,0.0,28,0.0,35028,0.0,4,2,2018-11-29 14:42:00
20181129 14:43,2499,2499,2499,2499,14,0.0,28,0.0,35028,0.0,13,7,2018-11-29 14:43:00
20181129 14:44,2499,2499,2499,2499,14,0.0,28,0.0,35028,0.0,4,3,2018-11-29 14:44:00
20181129 14:45,2499,2499,2499,2499,14,0.0,28,0.0,35028,0.0,4,3,2018-11-29 14:45:00
20181129 14:46,2499,2499,2499,2499,14,0.0,28,0.0,35028,0.0,6,5,2018-11-29 14:46:00
20181129 14:47,2499,2499,2499,2499,14,0.0,28,0.0,35028,0.0,6,4,2018-11-29 14:47:00
20181129 14:48,2499,2499,2499,2499,14,0.0,28,0.0,35028,0.0,13,10,2018-11-29 14:48:00
20181129 14:49,2499,2499,2499,2499,14,0.0,28,0.0,35028,0.0,2,2,2018-11-29 14:49:00
20181129 14:50,2499,2499,2499,2499,14,0.0,28,0.0,35028,0.0,3,2,2018-11-29 14:50:00
20181129 14:51,2499,2499,2499,2499,14,0.0,28,0.0,35028,0.0,2,2,2018-11-29 14:51:00
20181129 14:52,2499,2499,2499,2499,14,0.0,28,0.0,35028,0.0,6,4,2018-11-29 14:52:00
20181129 14:53,2499,2499,2499,2499,14,0.0,28,0.0,35028,0.0,9,11,2018-11-29 14:53:00
20181129 14:54,2499,2499,2499,2499,14,0.0,28,0.0,35028,0.0,7,5,2018-11-29 14:54:00
20181129 14:55,2499,2499,2499,2499,14,0.0,28,0.0,35028,0.0,9,7,2018-11-29 14:55:00
20181129 14:56,2499,2499,2499,2499,14,0.0,28,0.0,35028,0.0,10,6,2018-11-29 14:56:00
20181129 14:57,2499,2499,2499,2499,14,0.0,28,0.0,35028,0.0,5,3,2018-11-29 14:57:00
20181129 14:58,2499,2499,2499,2499,14,0.0,28,0.0,35028,0.0,6,4,2018-11-29 14:58:00
20181129 14:59,2499,2499,2499,2499,14,0.0,28,0.0,35028,0.0,8,8,2018-11-29 14:59:00
20181129 23:29,2497,2497,2497,2497,4,4.0,24,-4.0,10024,10024.0,1,1,2018-11-29 23:29:00
