date_time,OpenPrice,HighPrice,LowPrice,CLosePrice,Volume,ChgVolume,OpenInterest,ChgOI,Turnover,ChgTurnover,AskVolume1,BidVolume1,TradingTime
20180627 11:19,464.5,464.5,464.5,464.5,59612,59612.0,108758,108758.0,2767150000.0,2767150000.0,420,998,2018-06-27 11:19:00
20180627 11:20,464.5,464.5,464.5,464.5,59612,0.0,108758,0.0,2767150000.0,0.0,844,1963,2018-06-27 11:20:00
20180627 11:21,464.5,464.5,464.5,464.5,59930,318.0,108722,-36.0,2781920000.0,14770000.0,1836,3517,2018-06-27 11:21:00
20180627 11:22,464.5,464.5,464.5,464.5,60644,714.0,108642,-80.0,2815090000.0,33170000.0,1616,3872,2018-06-27 11:22:00
20180627 11:23,464.5,464.5,464.5,464.5,60644,0.0,108642,0.0,2815090000.0,0.0,392,487,2018-06-27 11:23:00
20180627 11:24,464.5,464.5,464.5,464.5,60674,30.0,108622,-20.0,2816480000.0,1390000.0,264,331,2018-06-27 11:24:00
20180627 11:25,464.5,465.0,464.5,465.0,60710,36.0,108614,-8.0,2818150000.0,1670000.0,590,1192,2018-06-27 11:25:00
20180627 11:26,465.0,465.0,465.0,465.0,61080,370.0,108604,-10.0,2835360000.0,17210000.0,1336,3077,2018-06-27 11:26:00
20180627 11:27,465.0,465.0,464.5,464.5,61082,2.0,108602,-2.0,2835450000.0,90000.0,127,444,2018-06-27 11:27:00
20180627 11:28,464.5,464.5,464.5,464.5,61084,2.0,108600,-2.0,2835540000.0,90000.0,106,288,2018-06-27 11:28:00
20180627 11:29,464.5,464.5,464.5,464.5,61140,56.0,108590,-10.0,2838140000.0,2600000.0,256,746,2018-06-27 11:29:00
20180627 13:30,464.5,464.5,464.0,464.0,61224,84.0,108582,-8.0,2842040000.0,3900000.0,2625,2517,2018-06-27 13:30:00
20180627 13:31,464.0,464.0,464.0,464.0,61224,0.0,108582,0.0,2842040000.0,0.0,1031,389,2018-06-27 13:31:00
20180627 13:32,464.0,464.0,464.0,464.0,61228,4.0,108580,-2.0,2842230000.0,190000.0,736,277,2018-06-27 13:32:00
20180627 13:33,464.0,464.5,463.5,464.0,61420,192.0,108586,6.0,2851140000.0,8910000.0,3822,1400,2018-06-27 13:33:00
20180627 13:34,464.0,464.0,464.0,464.0,61424,4.0,108584,-2.0,2851320000.0,180000.0,640,89,2018-06-27 13:34:00
20180627 13:35,464.0,464.0,464.0,464.0,61438,14.0,108582,-2.0,2851970000.0,650000.0,3376,1567,2018-06-27 13:35:00
20180627 13:36,464.0,464.0,464.0,464.0,61456,18.0,108580,-2.0,2852810000.0,840000.0,911,189,2018-06-27 13:36:00
20180627 13:37,464.0,464.0,464.0,464.0,61462,6.0,108578,-2.0,2853090000.0,280000.0,125,1,2018-06-27 13:37:00
20180627 13:38,464.0,464.0,464.0,464.0,61504,42.0,108564,-14.0,2855030000.0,1940000.0,255,1723,2018-06-27 13:38:00
20180627 13:39,464.0,464.0,464.0,464.0,61506,2.0,108564,0.0,2855130000.0,100000.0,786,1462,2018-06-27 13:39:00
20180627 13:40,464.0,464.0,463.5,463.5,61512,6.0,108570,6.0,2855410000.0,280000.0,527,1232,2018-06-27 13:40:00
20180627 13:41,463.5,463.5,463.5,463.5,62726,1214.0,108778,208.0,2911670000.0,56260000.0,3166,4111,2018-06-27 13:41:00
20180627 13:42,463.5,463.5,463.5,463.5,63272,546.0,109116,338.0,2936980000.0,25310000.0,1641,1630,2018-06-27 13:42:00
20180627 13:43,463.5,464.0,463.5,464.0,64356,1084.0,108774,-342.0,2987230000.0,50250000.0,5760,5060,2018-06-27 13:43:00
20180627 13:45,464.0,464.0,463.5,463.5,64650,294.0,108818,44.0,3000850000.0,13620000.0,2443,2429,2018-06-27 13:45:00
20180627 13:46,463.5,463.5,463.5,463.5,64890,240.0,108672,-146.0,3011980000.0,11130000.0,2955,1199,2018-06-27 13:46:00
20180627 13:47,463.5,463.5,463.5,463.5,65134,244.0,108518,-154.0,3023290000.0,11310000.0,781,230,2018-06-27 13:47:00
20180627 13:48,463.5,463.5,463.5,463.5,65182,48.0,108500,-18.0,3025510000.0,2220000.0,1270,744,2018-06-27 13:48:00
20180627 13:49,463.5,463.5,463.5,463.5,65444,262.0,108570,70.0,3037650000.0,12140000.0,391,1235,2018-06-27 13:49:00
20180627 13:50,463.5,463.5,463.0,463.5,67100,1656.0,109366,796.0,3114410000.0,76760000.0,4316,7935,2018-06-27 13:50:00
20180627 13:51,463.5,463.5,463.5,463.5,70196,3096.0,109192,-174.0,3257910000.0,143500000.0,5503,8833,2018-06-27 13:51:00
20180627 13:52,463.5,463.5,463.5,463.5,70322,126.0,109104,-88.0,3263750000.0,5840000.0,982,894,2018-06-27 13:52:00
20180627 13:53,463.5,463.5,463.5,463.5,73402,3080.0,109358,254.0,3406510000.0,142760000.0,6328,7595,2018-06-27 13:53:00
20180627 13:54,463.5,464.0,463.5,463.5,75310,1908.0,108580,-778.0,3494940000.0,88430000.0,4305,5728,2018-06-27 13:54:00
20180627 13:55,463.5,464.0,463.5,463.5,75488,178.0,108714,134.0,3503190000.0,8250000.0,1263,2998,2018-06-27 13:55:00
20180627 13:56,463.5,463.5,463.5,463.5,76000,512.0,108230,-484.0,3526930000.0,23740000.0,1442,2350,2018-06-27 13:56:00
20180627 13:57,463.5,463.5,463.5,463.5,76000,0.0,108230,0.0,3526930000.0,0.0,52,13,2018-06-27 13:57:00
20180627 13:58,463.5,463.5,463.5,463.5,76000,0.0,108230,0.0,3526930000.0,0.0,994,271,2018-06-27 13:58:00
20180627 13:59,463.5,463.5,463.5,463.5,76768,768.0,108194,-36.0,3562520000.0,35590000.0,1695,3750,2018-06-27 13:59:00
20180627 14:00,463.5,463.5,463.5,463.5,76768,0.0,108194,0.0,3562520000.0,0.0,764,683,2018-06-27 14:00:00
20180627 14:01,463.5,463.5,463.5,463.5,76768,0.0,108194,0.0,3562520000.0,0.0,420,262,2018-06-27 14:01:00
20180627 14:02,463.5,463.5,463.0,463.0,76972,204.0,108098,-96.0,3571980000.0,9460000.0,3577,1843,2018-06-27 14:02:00
20180627 14:03,463.5,464.0,463.0,463.5,77556,584.0,108370,272.0,3599050000.0,27070000.0,1895,2466,2018-06-27 14:03:00
20180627 14:04,463.5,463.5,463.0,463.0,77728,172.0,108376,6.0,3607020000.0,7970000.0,3746,2314,2018-06-27 14:04:00
20180627 14:05,463.0,463.0,463.0,463.0,79948,2220.0,108424,48.0,3709800000.0,102780000.0,4162,8369,2018-06-27 14:05:00
20180627 14:06,463.0,463.0,463.0,463.0,81768,1820.0,108174,-250.0,3794070000.0,84270000.0,5569,6078,2018-06-27 14:06:00
20180627 14:07,463.0,463.0,463.0,463.0,81952,184.0,108142,-32.0,3802590000.0,8520000.0,1887,1809,2018-06-27 14:07:00
20180627 14:08,463.0,463.0,463.0,463.0,84282,2330.0,108840,698.0,3910470000.0,107880000.0,2847,6586,2018-06-27 14:08:00
20180627 14:09,463.0,463.0,463.0,463.0,87762,3480.0,108566,-274.0,4071590000.0,161120000.0,6692,10075,2018-06-27 14:09:00
20180627 14:10,463.0,463.0,463.0,463.0,89626,1864.0,108246,-320.0,4157890000.0,86300000.0,4032,5950,2018-06-27 14:10:00
20180627 14:11,463.0,463.0,463.0,463.0,90868,1242.0,108782,536.0,4215400000.0,57510000.0,1714,4737,2018-06-27 14:11:00
20180627 14:12,463.0,463.0,463.0,463.0,93932,3064.0,108752,-30.0,4357260000.0,141860000.0,4671,9375,2018-06-27 14:12:00
20180627 14:13,463.0,463.0,463.0,463.0,94232,300.0,108604,-148.0,4371150000.0,13890000.0,1297,2295,2018-06-27 14:13:00
20180627 14:14,463.0,463.0,463.0,463.0,97146,2914.0,108950,346.0,4506070000.0,134920000.0,4092,6379,2018-06-27 14:14:00
20180627 14:15,463.0,463.0,463.0,463.0,97146,0.0,108950,0.0,4506070000.0,0.0,116,147,2018-06-27 14:15:00
20180627 14:16,463.0,463.0,463.0,463.0,97186,40.0,108934,-16.0,4507920000.0,1850000.0,473,577,2018-06-27 14:16:00
20180627 14:17,463.0,463.0,463.0,463.0,97534,348.0,109020,86.0,4524030000.0,16110000.0,1963,2333,2018-06-27 14:17:00
20180627 14:18,463.0,463.0,463.0,463.0,97534,0.0,109020,0.0,4524030000.0,0.0,878,3811,2018-06-27 14:18:00
20180627 14:19,463.0,463.0,463.0,463.0,97534,0.0,109020,0.0,4524030000.0,0.0,886,3772,2018-06-27 14:19:00
20180627 14:20,463.0,463.0,463.0,463.0,97534,0.0,109020,0.0,4524030000.0,0.0,1099,2265,2018-06-27 14:20:00
20180627 14:22,463.5,463.5,463.5,463.5,97734,200.0,109208,188.0,4533300000.0,9270000.0,906,1121,2018-06-27 14:22:00
20180627 14:23,463.0,463.0,462.5,463.0,98124,390.0,109132,-76.0,4551360000.0,18060000.0,2018,1683,2018-06-27 14:23:00
20180627 14:24,463.0,463.0,463.0,463.0,98408,284.0,109312,180.0,4564510000.0,13150000.0,3438,2743,2018-06-27 14:24:00
20180627 14:25,463.0,463.0,463.0,463.0,98670,262.0,109114,-198.0,4576640000.0,12130000.0,1514,773,2018-06-27 14:25:00
20180627 14:26,463.0,463.5,463.0,463.5,99022,352.0,109414,300.0,4592950000.0,16310000.0,739,2993,2018-06-27 14:26:00
20180627 14:27,463.5,463.5,463.5,463.5,99368,346.0,109142,-272.0,4608990000.0,16040000.0,4204,2639,2018-06-27 14:27:00
20180627 14:28,463.5,464.0,463.5,464.0,99928,560.0,108648,-494.0,4634960000.0,25970000.0,5548,3928,2018-06-27 14:28:00
20180627 14:29,464.0,464.0,463.5,463.5,102156,2228.0,108328,-320.0,4738220000.0,103260000.0,8487,8776,2018-06-27 14:29:00
20180627 14:30,463.5,463.5,463.5,463.5,105282,3126.0,108960,632.0,4883110000.0,144890000.0,10797,11567,2018-06-27 14:30:00
20180627 14:31,463.5,463.5,463.5,463.5,106528,1246.0,108602,-358.0,4940870000.0,57760000.0,3997,4910,2018-06-27 14:31:00
20180627 14:32,463.5,463.5,463.5,463.5,106528,0.0,108602,0.0,4940870000.0,0.0,2274,3985,2018-06-27 14:32:00
20180627 14:33,463.5,463.5,463.5,463.5,106528,0.0,108602,0.0,4940870000.0,0.0,2667,3271,2018-06-27 14:33:00
20180627 14:34,463.5,463.5,463.5,463.5,106528,0.0,108602,0.0,4940870000.0,0.0,309,579,2018-06-27 14:34:00
20180627 14:35,463.5,464.0,463.5,464.0,106556,28.0,108606,4.0,4942160000.0,1290000.0,393,2137,2018-06-27 14:35:00
20180627 14:36,464.0,464.0,464.0,464.0,106586,30.0,108626,20.0,4943560000.0,1400000.0,2714,2746,2018-06-27 14:36:00
20180627 14:37,464.0,464.0,464.0,464.0,106586,0.0,108626,0.0,4943560000.0,0.0,368,580,2018-06-27 14:37:00
20180627 14:38,464.0,464.0,463.5,463.5,106596,10.0,108618,-8.0,4944020000.0,460000.0,634,1010,2018-06-27 14:38:00
20180627 14:39,463.5,463.5,463.5,463.5,106596,0.0,108618,0.0,4944020000.0,0.0,125,221,2018-06-27 14:39:00
20180627 14:40,463.5,463.5,463.5,463.5,106596,0.0,108618,0.0,4944020000.0,0.0,288,442,2018-06-27 14:40:00
20180627 14:42,463.5,463.5,463.5,463.5,106596,0.0,108618,0.0,4944020000.0,0.0,125,220,2018-06-27 14:42:00
20180627 14:43,463.5,463.5,463.5,463.5,106598,2.0,108618,0.0,4944110000.0,90000.0,251,439,2018-06-27 14:43:00
20180627 14:44,464.0,464.0,464.0,464.0,106600,2.0,108620,2.0,4944210000.0,100000.0,992,1728,2018-06-27 14:44:00
20180627 14:46,464.0,464.0,464.0,464.0,106600,0.0,108620,0.0,4944210000.0,0.0,248,423,2018-06-27 14:46:00
20180627 14:47,464.0,464.0,464.0,464.0,106600,0.0,108620,0.0,4944210000.0,0.0,1484,2569,2018-06-27 14:47:00
20180627 14:48,464.0,464.0,463.0,463.0,107064,464.0,108502,-118.0,4965700000.0,21490000.0,6961,5832,2018-06-27 14:48:00
20180627 14:49,463.0,463.0,462.5,463.0,107156,92.0,108448,-54.0,4969960000.0,4260000.0,5265,2551,2018-06-27 14:49:00
20180627 14:50,463.0,463.0,463.0,463.0,107268,112.0,108522,74.0,4975150000.0,5190000.0,6657,5772,2018-06-27 14:50:00
20180627 14:51,463.0,463.0,463.0,463.0,107294,26.0,108520,-2.0,4976350000.0,1200000.0,4101,1746,2018-06-27 14:51:00
20180627 14:52,463.0,463.0,463.0,463.0,107294,0.0,108520,0.0,4976350000.0,0.0,6311,1436,2018-06-27 14:52:00
20180627 14:53,463.0,463.5,463.0,463.5,107382,88.0,108546,26.0,4980430000.0,4080000.0,3988,2264,2018-06-27 14:53:00
20180627 14:54,463.5,463.5,463.0,463.0,107420,38.0,108558,12.0,4982190000.0,1760000.0,2573,729,2018-06-27 14:54:00
20180627 14:55,463.0,463.0,463.0,463.0,107514,94.0,108524,-34.0,4986540000.0,4350000.0,5305,734,2018-06-27 14:55:00
20180627 14:56,463.0,463.0,463.0,463.0,107586,72.0,108504,-20.0,4989880000.0,3340000.0,2207,843,2018-06-27 14:56:00
20180627 14:57,463.0,463.5,462.5,463.0,107680,94.0,108534,30.0,4994230000.0,4350000.0,2731,1338,2018-06-27 14:57:00
20180627 14:58,463.0,463.0,463.0,463.0,107684,4.0,108534,0.0,4994410000.0,180000.0,673,209,2018-06-27 14:58:00
20180627 14:59,463.0,463.0,462.5,463.0,107714,30.0,108554,20.0,4995800000.0,1390000.0,3138,475,2018-06-27 14:59:00
20180627 15:00,463.0,463.0,463.0,463.0,107714,0.0,108554,0.0,4995800000.0,0.0,8,18,2018-06-27 15:00:00
20180628 09:00,469.0,469.0,468.0,468.0,11050,11050.0,105560,-2994.0,515171000.0,515171000.0,2140,4674,2018-06-28 09:00:00
20180628 09:01,468.0,468.5,468.0,468.5,11174,124.0,105584,24.0,520980000.0,5809000.0,3137,3477,2018-06-28 09:01:00
20180628 09:02,468.5,468.5,468.0,468.0,11210,36.0,105598,14.0,522666000.0,1686000.0,2436,1490,2018-06-28 09:02:00
20180628 09:03,468.0,468.0,468.0,468.0,11214,4.0,105598,0.0,522854000.0,188000.0,3633,790,2018-06-28 09:03:00
20180628 09:04,468.0,468.0,468.0,468.0,11222,8.0,105594,-4.0,523228000.0,374000.0,6164,1157,2018-06-28 09:04:00
20180628 09:05,468.0,469.0,468.0,469.0,11538,316.0,105794,200.0,538034000.0,14806000.0,6889,5878,2018-06-28 09:05:00
20180628 09:06,469.0,469.0,468.5,468.5,11792,254.0,106012,218.0,549934000.0,11900000.0,5605,5640,2018-06-28 09:06:00
20180628 09:07,468.5,469.0,468.5,469.0,11802,10.0,106022,10.0,550403000.0,469000.0,2160,2508,2018-06-28 09:07:00
20180628 09:08,469.0,469.0,468.0,468.5,13426,1624.0,106864,842.0,626487000.0,76084000.0,6170,5801,2018-06-28 09:08:00
20180628 09:09,468.5,468.5,468.5,468.5,18344,4918.0,106468,-396.0,856895000.0,230408000.0,10450,12504,2018-06-28 09:09:00
20180628 09:10,468.5,468.5,468.5,468.5,20502,2158.0,106400,-68.0,957997000.0,101102000.0,9154,14055,2018-06-28 09:10:00
20180628 09:11,468.5,469.0,468.5,468.5,24646,4144.0,106234,-166.0,1152150000.0,194153000.0,6847,13041,2018-06-28 09:11:00
20180628 09:12,468.5,468.5,468.5,468.5,27150,2504.0,106268,34.0,1269460000.0,117310000.0,8878,7340,2018-06-28 09:12:00
20180628 09:13,468.5,468.5,468.5,468.5,27150,0.0,106268,0.0,1269460000.0,0.0,3167,231,2018-06-28 09:13:00
20180628 09:14,468.0,468.0,468.0,468.0,28150,1000.0,106396,128.0,1316260000.0,46800000.0,4017,9706,2018-06-28 09:14:00
20180628 09:15,468.0,468.0,468.0,468.0,28578,428.0,106428,32.0,1336290000.0,20030000.0,4099,5695,2018-06-28 09:15:00
20180628 09:16,468.0,468.0,468.0,468.0,32262,3684.0,105990,-438.0,1508700000.0,172410000.0,11765,13377,2018-06-28 09:16:00
20180628 09:17,468.0,468.0,468.0,468.0,35886,3624.0,106246,256.0,1678300000.0,169600000.0,10029,16367,2018-06-28 09:17:00
20180628 09:18,468.0,468.0,467.5,467.5,35930,44.0,106266,20.0,1680360000.0,2060000.0,3436,5146,2018-06-28 09:18:00
20180628 09:19,467.5,467.5,467.0,467.5,35948,18.0,106260,-6.0,1681200000.0,840000.0,934,2753,2018-06-28 09:19:00
20180628 09:20,467.5,467.5,467.5,467.5,35996,48.0,106274,14.0,1683450000.0,2250000.0,499,1959,2018-06-28 09:20:00
20180628 09:21,467.5,467.5,467.5,467.5,36154,158.0,106348,74.0,1690830000.0,7380000.0,3073,3158,2018-06-28 09:21:00
20180628 09:22,467.5,467.5,467.5,467.5,36174,20.0,106348,0.0,1691770000.0,940000.0,1056,552,2018-06-28 09:22:00
20180628 09:23,467.5,467.5,467.5,467.5,36194,20.0,106348,0.0,1692700000.0,930000.0,1033,395,2018-06-28 09:23:00
20180628 09:24,467.5,468.0,467.5,467.5,36496,302.0,106422,74.0,1706830000.0,14130000.0,3712,2303,2018-06-28 09:24:00
20180628 09:25,467.5,467.5,467.5,467.5,36810,314.0,106442,20.0,1721510000.0,14680000.0,3383,3322,2018-06-28 09:25:00
20180628 09:26,467.5,467.5,467.0,467.5,37582,772.0,106690,248.0,1757600000.0,36090000.0,5144,3291,2018-06-28 09:26:00
20180628 09:27,467.5,467.5,467.0,467.5,37846,264.0,106516,-174.0,1769940000.0,12340000.0,2203,2098,2018-06-28 09:27:00
20180628 09:28,467.5,467.5,467.5,467.5,37846,0.0,106516,0.0,1769940000.0,0.0,1195,901,2018-06-28 09:28:00
20180628 09:29,467.5,467.5,467.5,467.5,37846,0.0,106516,0.0,1769940000.0,0.0,510,713,2018-06-28 09:29:00
20180628 09:30,467.5,467.5,467.5,467.5,40590,2744.0,106646,130.0,1898220000.0,128280000.0,5497,9081,2018-06-28 09:30:00
20180628 09:31,467.5,467.5,467.5,467.5,42926,2336.0,106754,108.0,2007430000.0,109210000.0,7131,10295,2018-06-28 09:31:00
20180628 09:32,467.5,468.0,467.5,468.0,43152,226.0,106744,-10.0,2018000000.0,10570000.0,7475,5526,2018-06-28 09:32:00
20180628 09:33,468.0,468.5,468.0,468.5,43408,256.0,106698,-46.0,2030000000.0,12000000.0,7127,5676,2018-06-28 09:33:00
20180628 09:34,468.5,468.5,468.5,468.5,43414,6.0,106704,6.0,2030280000.0,280000.0,1381,3353,2018-06-28 09:34:00
20180628 09:35,468.5,468.5,468.5,468.5,43434,20.0,106718,14.0,2031220000.0,940000.0,5270,6185,2018-06-28 09:35:00
20180628 09:36,468.5,468.5,468.5,468.5,43434,0.0,106718,0.0,2031220000.0,0.0,2423,2601,2018-06-28 09:36:00
20180628 09:37,468.0,468.0,467.5,467.5,43692,258.0,106580,-138.0,2043290000.0,12070000.0,2961,2223,2018-06-28 09:37:00
20180628 09:38,467.5,468.0,467.5,468.0,45038,1346.0,106324,-256.0,2106280000.0,62990000.0,6034,8219,2018-06-28 09:38:00
20180628 09:39,468.0,468.0,468.0,468.0,46706,1668.0,106550,226.0,2184350000.0,78070000.0,7685,4647,2018-06-28 09:39:00
20180628 09:40,468.0,468.0,468.0,468.0,46708,2.0,106552,2.0,2184440000.0,90000.0,1918,1211,2018-06-28 09:40:00
20180628 09:41,468.0,468.0,468.0,468.0,46708,0.0,106552,0.0,2184440000.0,0.0,220,128,2018-06-28 09:41:00
20180628 09:42,468.0,468.0,468.0,468.0,46708,0.0,106552,0.0,2184440000.0,0.0,2188,1602,2018-06-28 09:42:00
20180628 09:43,468.0,468.0,468.0,468.0,46708,0.0,106552,0.0,2184440000.0,0.0,648,465,2018-06-28 09:43:00
20180628 09:44,468.0,468.0,468.0,468.0,46708,0.0,106552,0.0,2184440000.0,0.0,1096,730,2018-06-28 09:44:00
20180628 09:45,468.0,468.0,468.0,468.0,46708,0.0,106552,0.0,2184440000.0,0.0,656,428,2018-06-28 09:45:00
20180628 09:46,468.0,468.0,467.5,467.5,46716,8.0,106558,6.0,2184810000.0,370000.0,1561,674,2018-06-28 09:46:00
20180628 09:47,467.5,467.5,467.5,467.5,46716,0.0,106558,0.0,2184810000.0,0.0,1123,588,2018-06-28 09:47:00
20180628 09:48,467.5,467.5,467.5,467.5,46716,0.0,106558,0.0,2184810000.0,0.0,1354,713,2018-06-28 09:48:00
20180628 09:49,467.5,467.5,467.5,467.5,46796,80.0,106550,-8.0,2188550000.0,3740000.0,3906,2370,2018-06-28 09:49:00
20180628 09:50,467.5,467.5,467.5,467.5,46818,22.0,106560,10.0,2189580000.0,1030000.0,857,4783,2018-06-28 09:50:00
20180628 09:51,467.5,467.5,467.5,467.5,48454,1636.0,106630,70.0,2266060000.0,76480000.0,5467,6120,2018-06-28 09:51:00
20180628 09:52,467.5,467.5,467.5,467.5,48568,114.0,106712,82.0,2271390000.0,5330000.0,3554,2656,2018-06-28 09:52:00
20180628 09:53,467.5,467.5,467.5,467.5,48568,0.0,106712,0.0,2271390000.0,0.0,1831,1630,2018-06-28 09:53:00
20180628 09:54,467.5,467.5,467.5,467.5,48568,0.0,106712,0.0,2271390000.0,0.0,912,776,2018-06-28 09:54:00
20180628 09:55,467.5,467.5,467.5,467.5,48568,0.0,106712,0.0,2271390000.0,0.0,230,196,2018-06-28 09:55:00
20180628 09:56,467.5,467.5,467.5,467.5,48568,0.0,106712,0.0,2271390000.0,0.0,460,388,2018-06-28 09:56:00
20180628 09:57,467.5,467.5,467.5,467.5,48568,0.0,106712,0.0,2271390000.0,0.0,1360,1242,2018-06-28 09:57:00
20180628 09:58,467.5,467.5,467.5,467.5,48568,0.0,106712,0.0,2271390000.0,0.0,5743,4269,2018-06-28 09:58:00
20180628 09:59,467.5,467.5,467.5,467.5,48568,0.0,106712,0.0,2271390000.0,0.0,2965,4816,2018-06-28 09:59:00
20180628 10:00,468.0,468.0,468.0,468.0,48608,40.0,106672,-40.0,2273270000.0,1880000.0,956,1783,2018-06-28 10:00:00
20180628 10:01,468.0,468.0,468.0,468.0,48608,0.0,106672,0.0,2273270000.0,0.0,1144,1326,2018-06-28 10:01:00
20180628 10:02,468.0,468.0,468.0,468.0,48750,142.0,106560,-112.0,2279910000.0,6640000.0,2513,3737,2018-06-28 10:02:00
20180628 10:03,468.0,468.0,468.0,468.0,49610,860.0,106402,-158.0,2320160000.0,40250000.0,3969,7733,2018-06-28 10:03:00
20180628 10:04,468.0,468.0,468.0,468.0,49672,62.0,106412,10.0,2323060000.0,2900000.0,1016,483,2018-06-28 10:04:00
20180628 10:05,468.0,468.0,468.0,468.0,49898,226.0,106274,-138.0,2333640000.0,10580000.0,1298,4312,2018-06-28 10:05:00
20180628 10:06,468.0,468.5,468.0,468.5,50238,340.0,106180,-94.0,2349570000.0,15930000.0,1244,1416,2018-06-28 10:06:00
20180628 10:07,468.5,468.5,468.5,468.5,50238,0.0,106180,0.0,2349570000.0,0.0,910,536,2018-06-28 10:07:00
20180628 10:08,468.5,468.5,468.5,468.5,50238,0.0,106180,0.0,2349570000.0,0.0,387,279,2018-06-28 10:08:00
20180628 10:09,468.5,468.5,468.0,468.0,50316,78.0,106224,44.0,2353220000.0,3650000.0,896,1562,2018-06-28 10:09:00
20180628 10:10,468.0,468.0,468.0,468.0,50598,282.0,106394,170.0,2366410000.0,13190000.0,2234,1689,2018-06-28 10:10:00
20180628 10:11,468.0,468.0,468.0,468.0,50658,60.0,106356,-38.0,2369220000.0,2810000.0,1088,812,2018-06-28 10:11:00
20180628 10:12,468.0,468.0,468.0,468.0,50660,2.0,106358,2.0,2369320000.0,100000.0,676,547,2018-06-28 10:12:00
20180628 10:13,468.0,468.0,468.0,468.0,50660,0.0,106358,0.0,2369320000.0,0.0,331,546,2018-06-28 10:13:00
20180628 10:14,468.0,468.0,467.5,467.5,50896,236.0,106260,-98.0,2380360000.0,11040000.0,1852,1661,2018-06-28 10:14:00
20180628 10:30,467.5,467.5,467.5,467.5,50926,30.0,106272,12.0,2381760000.0,1400000.0,449,3506,2018-06-28 10:30:00
20180628 10:31,467.5,467.5,467.5,467.5,50926,0.0,106272,0.0,2381760000.0,0.0,400,3686,2018-06-28 10:31:00
20180628 10:32,467.5,467.5,467.5,467.5,50926,0.0,106272,0.0,2381760000.0,0.0,251,1966,2018-06-28 10:32:00
20180628 10:33,467.5,467.5,467.0,467.0,50994,68.0,106290,18.0,2384940000.0,3180000.0,1174,4056,2018-06-28 10:33:00
20180628 10:34,467.0,467.0,467.0,467.0,51052,58.0,106300,10.0,2387650000.0,2710000.0,1219,733,2018-06-28 10:34:00
20180628 10:35,467.0,467.0,467.0,467.0,51052,0.0,106300,0.0,2387650000.0,0.0,368,1042,2018-06-28 10:35:00
20180628 10:36,467.0,467.0,466.5,466.5,51150,98.0,106296,-4.0,2392220000.0,4570000.0,1823,4219,2018-06-28 10:36:00
20180628 10:37,466.5,466.5,466.5,466.5,51206,56.0,106258,-38.0,2394830000.0,2610000.0,1424,2779,2018-06-28 10:37:00
20180628 10:38,466.5,467.0,466.5,467.0,51210,4.0,106260,2.0,2395020000.0,190000.0,863,4798,2018-06-28 10:38:00
20180628 10:39,467.0,467.0,467.0,467.0,51220,10.0,106264,4.0,2395480000.0,460000.0,2400,4605,2018-06-28 10:39:00
20180628 10:40,467.0,467.0,467.0,467.0,51220,0.0,106264,0.0,2395480000.0,0.0,1501,1956,2018-06-28 10:40:00
20180628 10:41,467.0,467.0,467.0,467.0,51220,0.0,106264,0.0,2395480000.0,0.0,598,1685,2018-06-28 10:41:00
20180628 10:42,467.0,467.0,467.0,467.0,51252,32.0,106240,-24.0,2396980000.0,1500000.0,1859,1897,2018-06-28 10:42:00
20180628 10:43,467.0,467.0,467.0,467.0,51252,0.0,106240,0.0,2396980000.0,0.0,259,276,2018-06-28 10:43:00
20180628 10:44,467.0,467.0,467.0,467.0,51252,0.0,106240,0.0,2396980000.0,0.0,732,1847,2018-06-28 10:44:00
20180628 10:45,467.0,467.0,467.0,467.0,51252,0.0,106240,0.0,2396980000.0,0.0,457,2151,2018-06-28 10:45:00
20180628 10:46,467.0,467.0,467.0,467.0,51252,0.0,106240,0.0,2396980000.0,0.0,502,2072,2018-06-28 10:46:00
20180628 10:47,467.0,467.0,467.0,467.0,51252,0.0,106240,0.0,2396980000.0,0.0,574,1848,2018-06-28 10:47:00
20180628 10:48,467.0,467.0,467.0,467.0,51252,0.0,106240,0.0,2396980000.0,0.0,312,914,2018-06-28 10:48:00
20180628 10:49,467.0,467.0,467.0,467.0,51252,0.0,106240,0.0,2396980000.0,0.0,514,1943,2018-06-28 10:49:00
20180628 10:50,467.0,467.0,467.0,467.0,51252,0.0,106240,0.0,2396980000.0,0.0,505,1835,2018-06-28 10:50:00
20180628 10:51,467.0,467.0,467.0,467.0,51252,0.0,106240,0.0,2396980000.0,0.0,795,3129,2018-06-28 10:51:00
20180628 10:52,467.0,467.0,467.0,467.0,51252,0.0,106240,0.0,2396980000.0,0.0,340,1330,2018-06-28 10:52:00
20180628 10:53,467.0,467.0,467.0,467.0,51252,0.0,106240,0.0,2396980000.0,0.0,200,1223,2018-06-28 10:53:00
20180628 10:54,467.0,468.0,467.0,468.0,51318,66.0,106262,22.0,2400060000.0,3080000.0,1538,3296,2018-06-28 10:54:00
20180628 10:55,468.0,468.0,468.0,468.0,51318,0.0,106262,0.0,2400060000.0,0.0,1998,1611,2018-06-28 10:55:00
20180628 10:56,468.0,468.0,468.0,468.0,51790,472.0,106672,410.0,2422150000.0,22090000.0,2996,3687,2018-06-28 10:56:00
20180628 10:57,468.0,468.5,468.0,468.5,51792,2.0,106672,0.0,2422250000.0,100000.0,977,2055,2018-06-28 10:57:00
20180628 10:58,468.5,468.5,468.5,468.5,51794,2.0,106672,0.0,2422340000.0,90000.0,602,172,2018-06-28 10:58:00
20180628 10:59,468.5,468.5,468.5,468.5,51794,0.0,106672,0.0,2422340000.0,0.0,375,104,2018-06-28 10:59:00
20180628 11:00,468.0,468.0,468.0,468.0,51836,42.0,106700,28.0,2424310000.0,1970000.0,1654,999,2018-06-28 11:00:00
20180628 11:01,468.0,468.0,468.0,468.0,52308,472.0,107116,416.0,2446400000.0,22090000.0,3912,1561,2018-06-28 11:01:00
20180628 11:02,468.0,468.0,468.0,468.0,52508,200.0,106916,-200.0,2455760000.0,9360000.0,3367,2843,2018-06-28 11:02:00
20180628 11:03,468.0,468.0,468.0,468.0,52686,178.0,106738,-178.0,2464090000.0,8330000.0,3696,1668,2018-06-28 11:03:00
20180628 11:04,468.0,468.0,468.0,468.0,53130,444.0,106298,-440.0,2484870000.0,20780000.0,1944,1649,2018-06-28 11:04:00
20180628 11:05,468.0,468.0,468.0,468.0,53130,0.0,106298,0.0,2484870000.0,0.0,163,404,2018-06-28 11:05:00
20180628 11:06,468.0,468.0,468.0,468.0,53130,0.0,106298,0.0,2484870000.0,0.0,440,449,2018-06-28 11:06:00
20180628 11:07,468.0,468.0,468.0,468.0,53130,0.0,106298,0.0,2484870000.0,0.0,84,75,2018-06-28 11:07:00
20180628 11:08,468.0,468.0,468.0,468.0,53130,0.0,106298,0.0,2484870000.0,0.0,744,353,2018-06-28 11:08:00
20180628 11:09,468.0,468.0,468.0,468.0,53130,0.0,106298,0.0,2484870000.0,0.0,293,199,2018-06-28 11:09:00
20180628 11:10,468.0,468.0,468.0,468.0,53130,0.0,106298,0.0,2484870000.0,0.0,328,98,2018-06-28 11:10:00
20180628 11:11,467.5,467.5,467.5,467.5,53140,10.0,106298,0.0,2485330000.0,460000.0,440,61,2018-06-28 11:11:00
20180628 11:12,467.5,467.5,467.5,467.5,53140,0.0,106298,0.0,2485330000.0,0.0,763,2098,2018-06-28 11:12:00
20180628 11:13,467.5,467.5,467.5,467.5,53540,400.0,106686,388.0,2504030000.0,18700000.0,1176,2191,2018-06-28 11:13:00
20180628 11:14,467.5,467.5,467.5,467.5,53620,80.0,106678,-8.0,2507770000.0,3740000.0,1435,5085,2018-06-28 11:14:00
20180628 11:15,467.5,467.5,467.5,467.5,54030,410.0,106668,-10.0,2526940000.0,19170000.0,1893,2341,2018-06-28 11:15:00
20180628 11:16,467.5,467.5,467.5,467.5,54432,402.0,106654,-14.0,2545730000.0,18790000.0,770,583,2018-06-28 11:16:00
20180628 11:17,467.5,467.5,467.5,467.5,54462,30.0,106644,-10.0,2547140000.0,1410000.0,2802,4626,2018-06-28 11:17:00
20180628 11:18,467.5,467.5,467.0,467.0,54882,420.0,106626,-18.0,2566770000.0,19630000.0,2290,3011,2018-06-28 11:18:00
20180628 11:19,467.0,467.5,467.0,467.5,55020,138.0,106618,-8.0,2573220000.0,6450000.0,4010,5785,2018-06-28 11:19:00
20180628 11:20,467.5,467.5,467.5,467.5,55020,0.0,106618,0.0,2573220000.0,0.0,15,1221,2018-06-28 11:20:00
20180628 11:21,467.5,467.5,467.5,467.5,55030,10.0,106608,-10.0,2573690000.0,470000.0,579,284,2018-06-28 11:21:00
20180628 11:22,467.5,467.5,467.5,467.5,55032,2.0,106606,-2.0,2573780000.0,90000.0,874,1666,2018-06-28 11:22:00
20180628 11:23,467.5,467.5,467.5,467.5,55032,0.0,106606,0.0,2573780000.0,0.0,418,1365,2018-06-28 11:23:00
20180628 11:24,467.5,468.0,467.5,468.0,55124,92.0,106608,2.0,2578090000.0,4310000.0,1348,5369,2018-06-28 11:24:00
20180628 11:25,468.0,468.0,467.5,467.5,55640,516.0,106622,14.0,2602210000.0,24120000.0,840,2048,2018-06-28 11:25:00
20180628 11:26,467.5,467.5,467.5,467.5,55678,38.0,106628,6.0,2603990000.0,1780000.0,1104,1296,2018-06-28 11:26:00
20180628 11:27,467.5,467.5,467.5,467.5,55740,62.0,106604,-24.0,2606890000.0,2900000.0,2045,532,2018-06-28 11:27:00
20180628 11:28,467.5,468.0,467.5,468.0,55762,22.0,106614,10.0,2607920000.0,1030000.0,1389,483,2018-06-28 11:28:00
20180628 11:29,468.0,468.0,467.5,467.5,55780,18.0,106614,0.0,2608760000.0,840000.0,725,753,2018-06-28 11:29:00
20180628 13:30,467.5,467.5,466.0,467.0,55846,66.0,106626,12.0,2611840000.0,3080000.0,1980,1752,2018-06-28 13:30:00
20180628 13:31,467.0,467.0,467.0,467.0,55868,22.0,106614,-12.0,2612870000.0,1030000.0,1316,1404,2018-06-28 13:31:00
20180628 13:32,467.0,467.0,467.0,467.0,55938,70.0,106648,34.0,2616140000.0,3270000.0,1981,3098,2018-06-28 13:32:00
20180628 13:33,467.0,467.0,467.0,467.0,55944,6.0,106648,0.0,2616420000.0,280000.0,1660,4270,2018-06-28 13:33:00
20180628 13:34,467.0,467.0,467.0,467.0,55982,38.0,106658,10.0,2618190000.0,1770000.0,1731,4119,2018-06-28 13:34:00
20180628 13:35,467.0,467.0,466.5,466.5,56040,58.0,106680,22.0,2620900000.0,2710000.0,1048,1734,2018-06-28 13:35:00
20180628 13:36,466.5,466.5,466.5,466.5,56144,104.0,106728,48.0,2625750000.0,4850000.0,1693,3376,2018-06-28 13:36:00
20180628 13:37,466.5,467.0,466.5,467.0,56206,62.0,106776,48.0,2628640000.0,2890000.0,1276,4894,2018-06-28 13:37:00
20180628 13:38,467.0,467.0,467.0,467.0,56208,2.0,106776,0.0,2628730000.0,90000.0,810,3525,2018-06-28 13:38:00
20180628 13:39,467.0,467.0,467.0,467.0,56210,2.0,106776,0.0,2628830000.0,100000.0,298,1650,2018-06-28 13:39:00
20180628 13:40,467.0,467.0,467.0,467.0,56210,0.0,106776,0.0,2628830000.0,0.0,364,1775,2018-06-28 13:40:00
20180628 13:41,467.0,467.0,467.0,467.0,56210,0.0,106776,0.0,2628830000.0,0.0,168,890,2018-06-28 13:41:00
20180628 13:42,467.0,467.0,467.0,467.0,56210,0.0,106776,0.0,2628830000.0,0.0,364,1774,2018-06-28 13:42:00
20180628 13:43,467.0,467.0,466.5,466.5,56214,4.0,106774,-2.0,2629010000.0,180000.0,206,1092,2018-06-28 13:43:00
20180628 13:44,466.5,466.5,466.5,466.5,56214,0.0,106774,0.0,2629010000.0,0.0,205,1107,2018-06-28 13:44:00
20180628 13:45,466.5,466.5,466.5,466.5,56214,0.0,106774,0.0,2629010000.0,0.0,389,2142,2018-06-28 13:45:00
20180628 13:46,466.5,466.5,466.5,466.5,56214,0.0,106774,0.0,2629010000.0,0.0,693,890,2018-06-28 13:46:00
20180628 13:47,466.5,466.5,466.5,466.5,56214,0.0,106774,0.0,2629010000.0,0.0,376,479,2018-06-28 13:47:00
20180628 13:48,466.5,466.5,466.5,466.5,56214,0.0,106774,0.0,2629010000.0,0.0,70,84,2018-06-28 13:48:00
20180628 13:49,466.5,466.5,466.5,466.5,56214,0.0,106774,0.0,2629010000.0,0.0,721,740,2018-06-28 13:49:00
20180628 13:50,466.5,466.5,466.5,466.5,56214,0.0,106774,0.0,2629010000.0,0.0,537,492,2018-06-28 13:50:00
20180628 13:51,466.5,466.5,466.5,466.5,56230,16.0,106774,0.0,2629760000.0,750000.0,1350,1250,2018-06-28 13:51:00
20180628 13:52,466.5,466.5,466.5,466.5,56230,0.0,106774,0.0,2629760000.0,0.0,219,356,2018-06-28 13:52:00
20180628 13:53,466.5,466.5,466.5,466.5,56230,0.0,106774,0.0,2629760000.0,0.0,522,2397,2018-06-28 13:53:00
20180628 13:54,466.5,467.5,466.5,467.5,56288,58.0,106796,22.0,2632470000.0,2710000.0,825,3052,2018-06-28 13:54:00
20180628 13:55,467.0,467.0,467.0,467.0,56332,44.0,106806,10.0,2634520000.0,2050000.0,1149,4936,2018-06-28 13:55:00
20180628 13:56,467.0,467.0,467.0,467.0,56364,32.0,106808,2.0,2636020000.0,1500000.0,850,2053,2018-06-28 13:56:00
20180628 13:57,467.0,467.0,467.0,467.0,56412,48.0,106814,6.0,2638260000.0,2240000.0,1746,3089,2018-06-28 13:57:00
20180628 13:58,467.0,467.0,467.0,467.0,56412,0.0,106814,0.0,2638260000.0,0.0,322,2761,2018-06-28 13:58:00
20180628 13:59,467.0,467.0,466.5,466.5,56564,152.0,106802,-12.0,2645350000.0,7090000.0,1799,3252,2018-06-28 13:59:00
20180628 14:00,466.5,467.0,466.5,467.0,56782,218.0,106900,98.0,2655530000.0,10180000.0,1923,1586,2018-06-28 14:00:00
20180628 14:01,467.0,467.0,467.0,467.0,56884,102.0,106940,40.0,2660290000.0,4760000.0,2967,4408,2018-06-28 14:01:00
20180628 14:02,467.0,467.0,467.0,467.0,56898,14.0,106948,8.0,2660940000.0,650000.0,202,985,2018-06-28 14:02:00
20180628 14:03,467.0,467.0,467.0,467.0,56898,0.0,106948,0.0,2660940000.0,0.0,217,1427,2018-06-28 14:03:00
20180628 14:04,467.0,467.0,467.0,467.0,57018,120.0,106984,36.0,2666550000.0,5610000.0,1079,2436,2018-06-28 14:04:00
20180628 14:05,467.0,467.0,467.0,467.0,57294,276.0,106784,-200.0,2679440000.0,12890000.0,2205,1837,2018-06-28 14:05:00
20180628 14:06,467.0,467.0,467.0,467.0,57294,0.0,106784,0.0,2679440000.0,0.0,2377,3614,2018-06-28 14:06:00
20180628 14:07,467.0,467.0,467.0,467.0,57294,0.0,106784,0.0,2679440000.0,0.0,996,1103,2018-06-28 14:07:00
20180628 14:08,467.0,467.0,467.0,467.0,57784,490.0,106626,-158.0,2702320000.0,22880000.0,1409,3379,2018-06-28 14:08:00
20180628 14:09,467.0,467.0,467.0,467.0,58196,412.0,107024,398.0,2721560000.0,19240000.0,1965,2569,2018-06-28 14:09:00
20180628 14:10,467.0,467.5,467.0,467.5,58272,76.0,107072,48.0,2725110000.0,3550000.0,2232,2901,2018-06-28 14:10:00
20180628 14:11,467.5,468.0,467.5,468.0,58320,48.0,107068,-4.0,2727360000.0,2250000.0,1926,3638,2018-06-28 14:11:00
20180628 14:12,468.0,468.0,467.5,467.5,58428,108.0,107046,-22.0,2732410000.0,5050000.0,1805,2794,2018-06-28 14:12:00
20180628 14:13,467.5,467.5,467.5,467.5,58492,64.0,107010,-36.0,2735400000.0,2990000.0,1944,3267,2018-06-28 14:13:00
20180628 14:14,467.5,467.5,467.5,467.5,58496,4.0,107012,2.0,2735590000.0,190000.0,434,3385,2018-06-28 14:14:00
20180628 14:15,467.5,467.5,467.5,467.5,58496,0.0,107012,0.0,2735590000.0,0.0,792,4128,2018-06-28 14:15:00
20180628 14:16,467.5,468.0,467.5,468.0,58964,468.0,107438,426.0,2757470000.0,21880000.0,3256,4880,2018-06-28 14:16:00
20180628 14:17,468.0,468.0,467.5,467.5,59024,60.0,107420,-18.0,2760280000.0,2810000.0,1644,3325,2018-06-28 14:17:00
20180628 14:18,467.5,467.5,467.5,467.5,59024,0.0,107420,0.0,2760280000.0,0.0,1575,1280,2018-06-28 14:18:00
20180628 14:19,467.5,467.5,467.5,467.5,59026,2.0,107420,0.0,2760370000.0,90000.0,2223,2213,2018-06-28 14:19:00
20180628 14:20,467.5,467.5,467.5,467.5,59224,198.0,107222,-198.0,2769630000.0,9260000.0,1205,2398,2018-06-28 14:20:00
20180628 14:21,467.5,467.5,467.5,467.5,59426,202.0,107022,-200.0,2779070000.0,9440000.0,663,1168,2018-06-28 14:21:00
20180628 14:22,467.5,467.5,467.5,467.5,59872,446.0,106784,-238.0,2799920000.0,20850000.0,1380,2960,2018-06-28 14:22:00
20180628 14:23,467.5,467.5,467.5,467.5,59872,0.0,106784,0.0,2799920000.0,0.0,642,1758,2018-06-28 14:23:00
20180628 14:24,468.0,468.0,468.0,468.0,59920,48.0,106798,14.0,2802170000.0,2250000.0,557,9424,2018-06-28 14:24:00
20180628 14:25,468.0,468.0,468.0,468.0,59960,40.0,106808,10.0,2804040000.0,1870000.0,800,2690,2018-06-28 14:25:00
20180628 14:26,468.0,468.0,468.0,468.0,60292,332.0,106498,-310.0,2819580000.0,15540000.0,2792,3038,2018-06-28 14:26:00
20180628 14:27,468.0,468.0,468.0,468.0,60292,0.0,106498,0.0,2819580000.0,0.0,334,2758,2018-06-28 14:27:00
20180628 14:28,468.0,468.0,468.0,468.0,60292,0.0,106498,0.0,2819580000.0,0.0,1139,2977,2018-06-28 14:28:00
20180628 14:29,468.0,468.0,467.0,467.5,60380,88.0,106530,32.0,2823690000.0,4110000.0,1991,3589,2018-06-28 14:29:00
20180628 14:30,467.5,467.5,467.5,467.5,60380,0.0,106530,0.0,2823690000.0,0.0,505,2135,2018-06-28 14:30:00
20180628 14:31,467.5,467.5,467.5,467.5,60380,0.0,106530,0.0,2823690000.0,0.0,420,1176,2018-06-28 14:31:00
20180628 14:32,467.5,467.5,467.5,467.5,60652,272.0,106562,32.0,2836400000.0,12710000.0,1255,2035,2018-06-28 14:32:00
20180628 14:33,467.5,467.5,467.5,467.5,61282,630.0,106362,-200.0,2865860000.0,29460000.0,2001,1301,2018-06-28 14:33:00
20180628 14:34,467.5,467.5,467.5,467.5,61282,0.0,106362,0.0,2865860000.0,0.0,1609,1417,2018-06-28 14:34:00
20180628 14:35,467.5,467.5,467.5,467.5,61722,440.0,106344,-18.0,2886430000.0,20570000.0,2297,2055,2018-06-28 14:35:00
20180628 14:36,467.5,467.5,467.5,467.5,61722,0.0,106344,0.0,2886430000.0,0.0,403,224,2018-06-28 14:36:00
20180628 14:37,467.5,468.0,467.5,468.0,62110,388.0,106412,68.0,2904570000.0,18140000.0,3098,1479,2018-06-28 14:37:00
20180628 14:38,467.5,467.5,467.5,467.5,62270,160.0,106494,82.0,2912050000.0,7480000.0,1245,1649,2018-06-28 14:38:00
20180628 14:39,467.5,467.5,467.5,467.5,62270,0.0,106494,0.0,2912050000.0,0.0,321,298,2018-06-28 14:39:00
20180628 14:40,467.5,467.5,467.5,467.5,62270,0.0,106494,0.0,2912050000.0,0.0,428,342,2018-06-28 14:40:00
20180628 14:41,467.5,467.5,467.5,467.5,62692,422.0,106260,-234.0,2931780000.0,19730000.0,1844,1364,2018-06-28 14:41:00
20180628 14:42,467.5,468.0,467.5,468.0,63156,464.0,106334,74.0,2953490000.0,21710000.0,3583,2364,2018-06-28 14:42:00
20180628 14:43,468.0,468.0,467.5,467.5,63262,106.0,106430,96.0,2958450000.0,4960000.0,1035,2363,2018-06-28 14:43:00
20180628 14:44,467.5,467.5,467.5,467.5,63262,0.0,106430,0.0,2958450000.0,0.0,211,683,2018-06-28 14:44:00
20180628 14:45,467.5,468.0,467.5,468.0,63392,130.0,106378,-52.0,2964530000.0,6080000.0,2074,2269,2018-06-28 14:45:00
20180628 14:46,468.0,468.5,468.0,468.0,63486,94.0,106390,12.0,2968930000.0,4400000.0,1826,2458,2018-06-28 14:46:00
20180628 14:47,468.0,468.0,468.0,468.0,63494,8.0,106398,8.0,2969300000.0,370000.0,3557,172,2018-06-28 14:47:00
20180628 14:48,468.0,468.0,468.0,468.0,63498,4.0,106402,4.0,2969490000.0,190000.0,4611,2071,2018-06-28 14:48:00
20180628 14:49,468.0,468.5,468.0,468.5,63656,158.0,106454,52.0,2976890000.0,7400000.0,2272,957,2018-06-28 14:49:00
20180628 14:50,468.5,468.5,468.5,468.5,63686,30.0,106456,2.0,2978300000.0,1410000.0,2454,2471,2018-06-28 14:50:00
20180628 14:51,468.5,468.5,468.5,468.5,64566,880.0,106562,106.0,3019530000.0,41230000.0,1905,3214,2018-06-28 14:51:00
20180628 14:52,468.5,468.5,468.5,468.5,64566,0.0,106562,0.0,3019530000.0,0.0,539,842,2018-06-28 14:52:00
20180628 14:53,468.5,468.5,468.5,468.5,64566,0.0,106562,0.0,3019530000.0,0.0,139,294,2018-06-28 14:53:00
20180628 14:54,468.5,468.5,468.5,468.5,64566,0.0,106562,0.0,3019530000.0,0.0,307,417,2018-06-28 14:54:00
20180628 14:55,468.5,468.5,468.5,468.5,64570,4.0,106564,2.0,3019710000.0,180000.0,746,875,2018-06-28 14:55:00
20180628 14:56,468.0,468.5,468.0,468.5,64714,144.0,106592,28.0,3026460000.0,6750000.0,1142,1877,2018-06-28 14:56:00
20180628 14:57,468.5,469.5,468.5,469.0,65538,824.0,106582,-10.0,3065110000.0,38650000.0,3511,1790,2018-06-28 14:57:00
20180628 14:58,469.0,469.0,469.0,469.0,65790,252.0,106350,-232.0,3076920000.0,11810000.0,1997,461,2018-06-28 14:58:00
20180628 14:59,469.0,469.5,469.0,469.0,66298,508.0,106444,94.0,3100750000.0,23830000.0,4395,2796,2018-06-28 14:59:00
20180628 15:00,469.0,469.0,469.0,469.0,66298,0.0,106444,0.0,3100750000.0,0.0,206,2,2018-06-28 15:00:00
20180628 20:59,463.5,463.5,463.5,463.5,4256,4256.0,104688,-1756.0,197266000.0,197266000.0,1,1,2018-06-28 20:59:00
20180628 21:00,463.5,464.5,463.5,464.0,4338,82.0,104678,-10.0,201070000.0,3804000.0,2343,4523,2018-06-28 21:00:00
20180628 21:01,464.0,464.0,464.0,464.0,4370,32.0,104672,-6.0,202555000.0,1485000.0,2326,2739,2018-06-28 21:01:00
20180628 21:02,464.0,464.5,464.0,464.5,4462,92.0,104642,-30.0,206828000.0,4273000.0,4373,5421,2018-06-28 21:02:00
20180628 21:03,464.5,464.5,464.5,464.5,4550,88.0,104650,8.0,210916000.0,4088000.0,2633,3525,2018-06-28 21:03:00
20180628 21:04,464.5,465.0,464.5,465.0,4652,102.0,104598,-52.0,215658000.0,4742000.0,3361,2738,2018-06-28 21:04:00
20180628 21:05,465.0,465.0,464.5,465.0,4694,42.0,104602,4.0,217611000.0,1953000.0,5795,3639,2018-06-28 21:05:00
20180628 21:06,465.0,465.0,465.0,465.0,4716,22.0,104602,0.0,218634000.0,1023000.0,5413,2401,2018-06-28 21:06:00
20180628 21:07,465.0,465.0,465.0,465.0,4828,112.0,104616,14.0,223842000.0,5208000.0,4533,2664,2018-06-28 21:07:00
20180628 21:08,465.0,465.0,465.0,465.0,4876,48.0,104624,8.0,226074000.0,2232000.0,7508,7077,2018-06-28 21:08:00
20180628 21:09,465.0,465.0,465.0,465.0,4904,28.0,104646,22.0,227376000.0,1302000.0,6779,595,2018-06-28 21:09:00
20180628 21:10,465.0,465.0,465.0,465.0,4904,0.0,104646,0.0,227376000.0,0.0,3616,4109,2018-06-28 21:10:00
20180628 21:11,465.5,466.0,465.5,466.0,5010,106.0,104646,0.0,232314000.0,4938000.0,4186,3169,2018-06-28 21:11:00
20180628 21:12,466.0,466.0,466.0,466.0,5070,60.0,104676,30.0,235110000.0,2796000.0,3310,4000,2018-06-28 21:12:00
20180628 21:13,466.0,466.0,466.0,466.0,5070,0.0,104676,0.0,235110000.0,0.0,2937,4076,2018-06-28 21:13:00
20180628 21:14,466.0,466.0,466.0,466.0,5070,0.0,104676,0.0,235110000.0,0.0,537,2551,2018-06-28 21:14:00
20180628 21:15,466.0,466.5,466.0,466.5,5306,236.0,104728,52.0,246115000.0,11005000.0,6702,6711,2018-06-28 21:15:00
20180628 21:16,466.5,466.5,466.5,466.5,5372,66.0,104738,10.0,249194000.0,3079000.0,8176,2478,2018-06-28 21:16:00
20180628 21:17,466.5,466.5,466.5,466.5,5372,0.0,104738,0.0,249194000.0,0.0,2847,663,2018-06-28 21:17:00
20180628 21:18,466.5,466.5,466.5,466.5,5372,0.0,104738,0.0,249194000.0,0.0,2096,434,2018-06-28 21:18:00
20180628 21:19,466.5,466.5,466.5,466.5,5384,12.0,104738,0.0,249754000.0,560000.0,3146,856,2018-06-28 21:19:00
20180628 21:20,466.5,467.0,466.5,467.0,5424,40.0,104770,32.0,251622000.0,1868000.0,5854,3875,2018-06-28 21:20:00
20180628 21:21,467.0,467.0,466.5,466.5,5504,80.0,104738,-32.0,255354000.0,3732000.0,6154,4506,2018-06-28 21:21:00
20180628 21:22,466.5,466.5,466.5,466.5,5504,0.0,104738,0.0,255354000.0,0.0,537,1594,2018-06-28 21:22:00
20180628 21:23,466.5,466.5,466.5,466.5,5504,0.0,104738,0.0,255354000.0,0.0,587,1225,2018-06-28 21:23:00
20180628 21:24,466.5,466.5,466.5,466.5,5504,0.0,104738,0.0,255354000.0,0.0,487,752,2018-06-28 21:24:00
20180628 21:25,466.5,466.5,466.0,466.0,5512,8.0,104736,-2.0,255727000.0,373000.0,1982,2279,2018-06-28 21:25:00
20180628 21:26,466.0,466.0,466.0,466.0,5560,48.0,104698,-38.0,257963000.0,2236000.0,2927,3273,2018-06-28 21:26:00
20180628 21:27,466.0,466.5,466.0,466.5,5562,2.0,104700,2.0,258057000.0,94000.0,223,392,2018-06-28 21:27:00
20180628 21:28,466.5,466.5,466.5,466.5,5562,0.0,104700,0.0,258057000.0,0.0,234,397,2018-06-28 21:28:00
20180628 21:29,466.5,467.0,466.0,467.0,5616,54.0,104734,34.0,260576000.0,2519000.0,1489,1258,2018-06-28 21:29:00
20180628 21:30,466.5,466.5,466.5,466.5,5618,2.0,104734,0.0,260669000.0,93000.0,3353,768,2018-06-28 21:30:00
20180628 21:31,466.5,466.5,466.5,466.5,5656,38.0,104748,14.0,262442000.0,1773000.0,1961,3181,2018-06-28 21:31:00
20180628 21:32,466.5,466.5,466.5,466.5,5706,50.0,104704,-44.0,264774000.0,2332000.0,3091,3501,2018-06-28 21:32:00
20180628 21:33,466.5,466.5,466.5,466.5,5726,20.0,104696,-8.0,265707000.0,933000.0,2542,1808,2018-06-28 21:33:00
20180628 21:34,466.5,468.0,466.5,468.0,6112,386.0,104738,42.0,283748000.0,18041000.0,5040,5042,2018-06-28 21:34:00
20180628 21:35,468.0,468.0,467.5,467.5,6280,168.0,104774,36.0,291607000.0,7859000.0,5468,4557,2018-06-28 21:35:00
20180628 21:36,467.5,468.0,467.5,468.0,6300,20.0,104756,-18.0,292543000.0,936000.0,3282,3594,2018-06-28 21:36:00
20180628 21:37,468.0,468.0,467.5,467.5,6370,70.0,104750,-6.0,295815000.0,3272000.0,2436,10682,2018-06-28 21:37:00
20180628 21:38,467.5,467.5,467.0,467.5,6376,6.0,104746,-4.0,296096000.0,281000.0,2352,7076,2018-06-28 21:38:00
20180628 21:39,467.5,467.5,467.5,467.5,6376,0.0,104746,0.0,296096000.0,0.0,2326,2184,2018-06-28 21:39:00
20180628 21:40,467.5,467.5,467.5,467.5,6444,68.0,104734,-12.0,299275000.0,3179000.0,7922,8420,2018-06-28 21:40:00
20180628 21:41,467.5,467.5,467.5,467.5,6446,2.0,104736,2.0,299368000.0,93000.0,6263,6746,2018-06-28 21:41:00
20180628 21:42,467.5,467.5,467.5,467.5,6450,4.0,104732,-4.0,299555000.0,187000.0,2769,425,2018-06-28 21:42:00
20180628 21:43,467.5,468.0,467.5,467.5,6456,6.0,104728,-4.0,299836000.0,281000.0,4551,2172,2018-06-28 21:43:00
20180628 21:44,467.5,468.0,467.5,468.0,6526,70.0,104774,46.0,303112000.0,3276000.0,4480,3764,2018-06-28 21:44:00
20180628 21:45,468.0,468.0,467.5,467.5,6590,64.0,104746,-28.0,306105000.0,2993000.0,5039,4099,2018-06-28 21:45:00
20180628 21:46,467.5,467.5,467.0,467.0,6730,140.0,104718,-28.0,312643000.0,6538000.0,8000,7039,2018-06-28 21:46:00
20180628 21:47,467.0,467.0,466.5,466.5,6932,202.0,104762,44.0,322067000.0,9424000.0,6921,11197,2018-06-28 21:47:00
20180628 21:48,466.5,466.5,466.5,466.5,6932,0.0,104762,0.0,322067000.0,0.0,4196,2098,2018-06-28 21:48:00
20180628 21:49,466.5,466.5,466.5,466.5,6934,2.0,104764,2.0,322160000.0,93000.0,2675,2716,2018-06-28 21:49:00
20180628 21:50,466.5,467.0,466.5,467.0,6938,4.0,104764,0.0,322347000.0,187000.0,1406,3034,2018-06-28 21:50:00
20180628 21:51,467.0,467.0,467.0,467.0,6938,0.0,104764,0.0,322347000.0,0.0,1677,5714,2018-06-28 21:51:00
20180628 21:52,467.0,467.0,466.5,466.5,6946,8.0,104760,-4.0,322720000.0,373000.0,1841,4219,2018-06-28 21:52:00
20180628 21:53,466.5,466.5,466.5,466.5,6946,0.0,104760,0.0,322720000.0,0.0,2632,3224,2018-06-28 21:53:00
20180628 21:54,466.5,466.5,466.5,466.5,6948,2.0,104760,0.0,322814000.0,94000.0,3461,2737,2018-06-28 21:54:00
20180628 21:55,466.5,466.5,466.5,466.5,6948,0.0,104760,0.0,322814000.0,0.0,1408,3598,2018-06-28 21:55:00
20180628 21:56,466.5,467.0,466.5,467.0,6954,6.0,104756,-4.0,323094000.0,280000.0,905,5568,2018-06-28 21:56:00
20180628 21:57,467.0,467.0,467.0,467.0,6954,0.0,104756,0.0,323094000.0,0.0,1202,3679,2018-06-28 21:57:00
20180628 21:58,467.0,467.0,467.0,467.0,6954,0.0,104756,0.0,323094000.0,0.0,733,2824,2018-06-28 21:58:00
20180628 21:59,467.0,467.5,467.0,467.0,7124,170.0,104790,34.0,331036000.0,7942000.0,4306,6719,2018-06-28 21:59:00
20180628 22:00,467.0,467.5,467.0,467.0,7156,32.0,104814,24.0,332530000.0,1494000.0,2825,3004,2018-06-28 22:00:00
20180628 22:01,467.0,467.0,467.0,467.0,7156,0.0,104814,0.0,332530000.0,0.0,3078,5453,2018-06-28 22:01:00
20180628 22:02,467.0,467.0,467.0,467.0,7158,2.0,104814,0.0,332624000.0,94000.0,4044,5535,2018-06-28 22:02:00
20180628 22:03,467.0,467.0,467.0,467.0,7158,0.0,104814,0.0,332624000.0,0.0,627,18,2018-06-28 22:03:00
20180628 22:04,467.0,467.0,467.0,467.0,7158,0.0,104814,0.0,332624000.0,0.0,1185,2186,2018-06-28 22:04:00
20180628 22:05,467.0,467.5,467.0,467.5,7176,18.0,104796,-18.0,333465000.0,841000.0,734,4162,2018-06-28 22:05:00
20180628 22:06,467.5,467.5,467.5,467.5,7176,0.0,104796,0.0,333465000.0,0.0,502,2020,2018-06-28 22:06:00
20180628 22:07,467.5,467.5,467.5,467.5,7204,28.0,104772,-24.0,334774000.0,1309000.0,2127,1125,2018-06-28 22:07:00
20180628 22:08,467.5,467.5,467.5,467.5,7214,10.0,104782,10.0,335242000.0,468000.0,3817,2868,2018-06-28 22:08:00
20180628 22:09,467.5,468.0,467.5,468.0,7216,2.0,104782,0.0,335335000.0,93000.0,3355,3655,2018-06-28 22:09:00
20180628 22:10,468.0,468.0,468.0,468.0,7250,34.0,104790,8.0,336926000.0,1591000.0,3882,2811,2018-06-28 22:10:00
20180628 22:11,468.0,468.0,468.0,468.0,7250,0.0,104790,0.0,336926000.0,0.0,5027,7345,2018-06-28 22:11:00
20180628 22:12,468.0,468.0,468.0,468.0,7292,42.0,104768,-22.0,338892000.0,1966000.0,3105,2566,2018-06-28 22:12:00
20180628 22:13,468.0,468.0,467.5,467.5,7372,80.0,104778,10.0,342632000.0,3740000.0,4887,7423,2018-06-28 22:13:00
20180628 22:14,467.5,467.5,467.5,467.5,7470,98.0,104868,90.0,347213000.0,4581000.0,862,8568,2018-06-28 22:14:00
20180628 22:15,467.5,467.5,467.5,467.5,7494,24.0,104860,-8.0,348335000.0,1122000.0,827,8257,2018-06-28 22:15:00
20180628 22:16,467.5,467.5,467.0,467.0,7496,2.0,104860,0.0,348429000.0,94000.0,669,5752,2018-06-28 22:16:00
20180628 22:17,467.0,467.5,467.0,467.5,7528,32.0,104838,-22.0,349925000.0,1496000.0,2956,9751,2018-06-28 22:17:00
20180628 22:18,467.5,467.5,467.5,467.5,7534,6.0,104844,6.0,350205000.0,280000.0,7699,10946,2018-06-28 22:18:00
20180628 22:19,467.5,467.5,467.5,467.5,7552,18.0,104842,-2.0,351047000.0,842000.0,9053,9827,2018-06-28 22:19:00
20180628 22:20,467.5,467.5,467.5,467.5,7604,52.0,104848,6.0,353478000.0,2431000.0,3957,3430,2018-06-28 22:20:00
20180628 22:21,467.5,467.5,467.5,467.5,7604,0.0,104848,0.0,353478000.0,0.0,3795,1027,2018-06-28 22:21:00
20180628 22:22,467.5,467.5,467.5,467.5,7604,0.0,104848,0.0,353478000.0,0.0,4909,2153,2018-06-28 22:22:00
20180628 22:23,467.5,467.5,467.5,467.5,7604,0.0,104848,0.0,353478000.0,0.0,2261,2686,2018-06-28 22:23:00
20180628 22:24,467.5,467.5,467.5,467.5,7604,0.0,104848,0.0,353478000.0,0.0,773,2906,2018-06-28 22:24:00
20180628 22:25,467.5,468.0,467.5,468.0,7668,64.0,104862,14.0,356473000.0,2995000.0,5017,6113,2018-06-28 22:25:00
20180628 22:26,468.0,468.5,468.0,468.5,7670,2.0,104860,-2.0,356567000.0,94000.0,3356,2784,2018-06-28 22:26:00
20180628 22:27,468.5,468.5,468.5,468.5,7670,0.0,104860,0.0,356567000.0,0.0,3629,2592,2018-06-28 22:27:00
20180628 22:28,468.5,468.5,468.0,468.0,7672,2.0,104860,0.0,356660000.0,93000.0,3324,589,2018-06-28 22:28:00
20180628 22:29,468.0,468.0,468.0,468.0,7684,12.0,104862,2.0,357222000.0,562000.0,7051,7597,2018-06-28 22:29:00
20180628 22:30,468.0,469.0,468.0,468.5,7746,62.0,104872,10.0,360127000.0,2905000.0,5180,7503,2018-06-28 22:30:00
20180628 22:31,468.5,468.5,468.0,468.0,7834,88.0,104908,36.0,364246000.0,4119000.0,5084,9278,2018-06-28 22:31:00
20180628 22:32,468.0,468.0,468.0,468.0,7850,16.0,104902,-6.0,364994000.0,748000.0,1002,7686,2018-06-28 22:32:00
20180628 22:33,468.0,468.0,468.0,468.0,7854,4.0,104904,2.0,365182000.0,188000.0,1251,9049,2018-06-28 22:33:00
20180628 22:34,468.0,468.0,468.0,468.0,7868,14.0,104896,-8.0,365837000.0,655000.0,1411,4531,2018-06-28 22:34:00
20180628 22:35,468.0,468.0,468.0,468.0,7988,120.0,105006,110.0,371453000.0,5616000.0,2522,3623,2018-06-28 22:35:00
20180628 22:36,468.0,468.5,468.0,468.5,8384,396.0,105020,14.0,389991000.0,18538000.0,6457,12530,2018-06-28 22:36:00
20180628 22:37,468.5,470.5,468.5,470.0,8936,552.0,105192,172.0,415889000.0,25898000.0,6143,3958,2018-06-28 22:37:00
20180628 22:38,470.0,470.0,469.5,469.5,9002,66.0,105156,-36.0,418989000.0,3100000.0,2083,988,2018-06-28 22:38:00
20180628 22:39,469.5,469.5,469.0,469.0,9066,64.0,105170,14.0,421993000.0,3004000.0,2711,15184,2018-06-28 22:39:00
20180628 22:40,469.0,469.5,469.0,469.0,9152,86.0,105178,8.0,426028000.0,4035000.0,397,674,2018-06-28 22:40:00
20180628 22:41,469.0,469.0,468.5,468.5,9282,130.0,105274,96.0,432120000.0,6092000.0,642,2294,2018-06-28 22:41:00
20180628 22:42,468.5,468.5,468.5,468.5,9402,120.0,105324,50.0,437742000.0,5622000.0,1190,779,2018-06-28 22:42:00
20180628 22:43,468.5,468.5,468.5,468.5,9404,2.0,105322,-2.0,437836000.0,94000.0,1273,67,2018-06-28 22:43:00
20180628 22:44,468.5,469.0,468.5,469.0,9492,88.0,105390,68.0,441963000.0,4127000.0,4135,2705,2018-06-28 22:44:00
20180628 22:45,469.0,469.0,469.0,469.0,9492,0.0,105390,0.0,441963000.0,0.0,546,14,2018-06-28 22:45:00
20180628 22:46,469.0,469.0,469.0,469.0,9506,14.0,105388,-2.0,442620000.0,657000.0,1732,910,2018-06-28 22:46:00
20180628 22:47,469.0,469.0,468.5,468.5,9508,2.0,105390,2.0,442714000.0,94000.0,457,359,2018-06-28 22:47:00
20180628 22:48,468.5,469.0,468.5,469.0,9568,60.0,105370,-20.0,445528000.0,2814000.0,1180,350,2018-06-28 22:48:00
20180628 22:49,469.0,469.0,469.0,469.0,9578,10.0,105360,-10.0,445997000.0,469000.0,791,2662,2018-06-28 22:49:00
20180628 22:50,469.0,469.0,469.0,469.0,9644,66.0,105362,2.0,449092000.0,3095000.0,917,3553,2018-06-28 22:50:00
20180628 22:51,469.0,469.5,469.0,469.5,9706,62.0,105372,10.0,452003000.0,2911000.0,3528,5505,2018-06-28 22:51:00
20180628 22:52,469.5,469.5,469.5,469.5,9706,0.0,105372,0.0,452003000.0,0.0,2170,4445,2018-06-28 22:52:00
20180628 22:53,469.5,469.5,469.5,469.5,9754,48.0,105370,-2.0,454256000.0,2253000.0,941,4993,2018-06-28 22:53:00
20180628 22:54,469.5,469.5,469.5,469.5,9794,40.0,105366,-4.0,456134000.0,1878000.0,3174,7120,2018-06-28 22:54:00
20180628 22:55,469.5,469.5,469.5,469.5,9794,0.0,105366,0.0,456134000.0,0.0,3623,555,2018-06-28 22:55:00
20180628 22:56,469.5,469.5,469.5,469.5,9796,2.0,105366,0.0,456228000.0,94000.0,3669,10110,2018-06-28 22:56:00
20180628 22:57,469.5,469.5,469.5,469.5,9796,0.0,105366,0.0,456228000.0,0.0,2952,8997,2018-06-28 22:57:00
20180628 22:58,470.0,470.0,469.5,469.5,9810,14.0,105376,10.0,456886000.0,658000.0,2643,3960,2018-06-28 22:58:00
20180628 22:59,469.5,469.5,469.5,469.5,9810,0.0,105376,0.0,456886000.0,0.0,32,1077,2018-06-28 22:59:00
20180628 23:00,469.5,470.5,469.5,470.5,10094,284.0,105500,124.0,470241000.0,13355000.0,6375,8679,2018-06-28 23:00:00
20180628 23:01,470.5,471.0,470.5,470.5,10194,100.0,105530,30.0,474949000.0,4708000.0,6119,12021,2018-06-28 23:01:00
20180628 23:02,470.5,470.5,470.5,470.5,10214,20.0,105542,12.0,475890000.0,941000.0,1457,13730,2018-06-28 23:02:00
20180628 23:03,470.5,471.0,470.5,471.0,10276,62.0,105554,12.0,478807000.0,2917000.0,5101,6973,2018-06-28 23:03:00
20180628 23:04,471.0,471.0,470.0,470.5,10630,354.0,105606,52.0,495462000.0,16655000.0,8382,11115,2018-06-28 23:04:00
20180628 23:05,470.5,470.5,470.5,470.5,10658,28.0,105582,-24.0,496780000.0,1318000.0,5233,3919,2018-06-28 23:05:00
20180628 23:06,470.5,470.5,470.5,470.5,10662,4.0,105586,4.0,496968000.0,188000.0,3433,5652,2018-06-28 23:06:00
20180628 23:07,470.5,470.5,470.0,470.0,10720,58.0,105558,-28.0,499694000.0,2726000.0,1981,3638,2018-06-28 23:07:00
20180628 23:08,470.0,470.0,469.5,469.5,10732,12.0,105550,-8.0,500257000.0,563000.0,4677,1599,2018-06-28 23:08:00
20180628 23:09,469.5,469.5,469.5,469.5,10732,0.0,105550,0.0,500257000.0,0.0,2495,412,2018-06-28 23:09:00
20180628 23:10,469.5,469.5,469.0,469.5,10804,72.0,105612,62.0,503638000.0,3381000.0,3059,1455,2018-06-28 23:10:00
20180628 23:11,469.5,469.5,469.5,469.5,10804,0.0,105612,0.0,503638000.0,0.0,2106,731,2018-06-28 23:11:00
20180628 23:12,469.5,469.5,469.5,469.5,10808,4.0,105612,0.0,503826000.0,188000.0,644,249,2018-06-28 23:12:00
20180628 23:14,469.5,469.5,469.5,469.5,10808,0.0,105612,0.0,503826000.0,0.0,668,255,2018-06-28 23:14:00
20180628 23:15,469.5,469.5,469.0,469.0,10812,4.0,105608,-4.0,504013000.0,187000.0,568,194,2018-06-28 23:15:00
20180628 23:16,469.0,469.5,469.0,469.5,10828,16.0,105624,16.0,504764000.0,751000.0,802,799,2018-06-28 23:16:00
20180628 23:17,469.5,469.5,469.5,469.5,10828,0.0,105624,0.0,504764000.0,0.0,484,810,2018-06-28 23:17:00
20180628 23:18,469.5,469.5,469.5,469.5,10828,0.0,105624,0.0,504764000.0,0.0,299,472,2018-06-28 23:18:00
20180628 23:19,469.5,469.5,469.0,469.0,10856,28.0,105600,-24.0,506078000.0,1314000.0,684,942,2018-06-28 23:19:00
20180628 23:20,469.0,469.0,469.0,469.0,10856,0.0,105600,0.0,506078000.0,0.0,1184,2302,2018-06-28 23:20:00
20180628 23:21,469.0,469.0,469.0,469.0,10864,8.0,105592,-8.0,506453000.0,375000.0,3025,7288,2018-06-28 23:21:00
20180628 23:22,469.0,469.0,469.0,469.0,10864,0.0,105592,0.0,506453000.0,0.0,104,1556,2018-06-28 23:22:00
20180628 23:23,469.0,469.0,469.0,469.0,10864,0.0,105592,0.0,506453000.0,0.0,694,4635,2018-06-28 23:23:00
20180628 23:24,469.0,469.0,469.0,469.0,10878,14.0,105578,-14.0,507109000.0,656000.0,1282,2278,2018-06-28 23:24:00
20180628 23:25,469.0,469.0,469.0,469.0,10878,0.0,105578,0.0,507109000.0,0.0,1102,1474,2018-06-28 23:25:00
20180628 23:26,469.0,469.0,469.0,469.0,10878,0.0,105578,0.0,507109000.0,0.0,354,652,2018-06-28 23:26:00
20180628 23:27,469.0,469.0,468.5,469.0,10882,4.0,105576,-2.0,507297000.0,188000.0,813,708,2018-06-28 23:27:00
20180628 23:28,469.0,469.0,469.0,469.0,10908,26.0,105554,-22.0,508516000.0,1219000.0,868,590,2018-06-28 23:28:00
20180628 23:29,469.0,469.0,469.0,469.0,10968,60.0,105574,20.0,511330000.0,2814000.0,282,189,2018-06-28 23:29:00
20180628 23:30,469.0,469.0,469.0,469.0,10968,0.0,105574,0.0,511330000.0,0.0,1,20,2018-06-28 23:30:00
20180629 09:00,473.5,473.5,473.0,473.5,9842,9842.0,106548,974.0,465131000.0,465131000.0,2161,1382,2018-06-29 09:00:00
20180629 09:01,473.5,473.5,473.0,473.0,9894,52.0,106512,-36.0,467590000.0,2459000.0,3820,1465,2018-06-29 09:01:00
20180629 09:02,473.0,473.0,472.5,472.5,9946,52.0,106468,-44.0,470047000.0,2457000.0,3665,1920,2018-06-29 09:02:00
20180629 09:03,472.5,472.5,472.0,472.5,10032,86.0,106412,-56.0,474110000.0,4063000.0,944,1225,2018-06-29 09:03:00
20180629 09:04,472.5,473.5,472.5,473.5,10232,200.0,106324,-88.0,483579000.0,9469000.0,1933,1897,2018-06-29 09:04:00
20180629 09:05,473.5,474.0,473.0,473.5,10314,82.0,106278,-46.0,487462000.0,3883000.0,2021,2970,2018-06-29 09:05:00
20180629 09:06,473.5,473.5,473.5,473.5,10388,74.0,106260,-18.0,490966000.0,3504000.0,617,1073,2018-06-29 09:06:00
20180629 09:07,473.5,473.5,473.5,473.5,10526,138.0,106222,-38.0,497500000.0,6534000.0,1323,4848,2018-06-29 09:07:00
20180629 09:08,473.5,474.5,473.5,474.5,10626,100.0,106236,14.0,502243000.0,4743000.0,2147,2110,2018-06-29 09:08:00
20180629 09:09,474.5,475.5,474.5,475.5,10820,194.0,106166,-70.0,511451000.0,9208000.0,2650,5667,2018-06-29 09:09:00
20180629 09:10,475.5,475.5,475.0,475.0,10968,148.0,106178,12.0,518481000.0,7030000.0,2978,6533,2018-06-29 09:10:00
20180629 09:11,475.0,475.0,475.0,475.0,11396,428.0,105798,-380.0,538811000.0,20330000.0,2242,5334,2018-06-29 09:11:00
20180629 09:12,475.0,475.0,475.0,475.0,11406,10.0,105788,-10.0,539286000.0,475000.0,1364,3307,2018-06-29 09:12:00
20180629 09:13,475.0,475.0,474.5,474.5,11408,2.0,105786,-2.0,539381000.0,95000.0,1644,3308,2018-06-29 09:13:00
20180629 09:14,474.5,475.0,474.5,474.5,11784,376.0,106092,306.0,557241000.0,17860000.0,3354,3046,2018-06-29 09:14:00
20180629 09:15,474.5,474.5,474.0,474.5,13220,1436.0,105954,-138.0,625378000.0,68137000.0,3636,6348,2018-06-29 09:15:00
20180629 09:16,474.5,474.5,474.5,474.5,13682,462.0,106136,182.0,647300000.0,21922000.0,745,4820,2018-06-29 09:16:00
20180629 09:17,474.5,474.5,474.5,474.5,15018,1336.0,105744,-392.0,710693000.0,63393000.0,992,4276,2018-06-29 09:17:00
20180629 09:18,474.5,474.5,474.0,474.0,15034,16.0,105742,-2.0,711452000.0,759000.0,5024,2147,2018-06-29 09:18:00
20180629 09:19,474.0,474.0,474.0,474.0,15046,12.0,105736,-6.0,712021000.0,569000.0,2246,367,2018-06-29 09:19:00
20180629 09:20,474.0,474.0,474.0,474.0,15046,0.0,105736,0.0,712021000.0,0.0,1322,292,2018-06-29 09:20:00
20180629 09:21,474.0,474.0,474.0,474.0,15846,800.0,105608,-128.0,749941000.0,37920000.0,3033,1123,2018-06-29 09:21:00
20180629 09:22,474.0,474.0,474.0,474.0,15856,10.0,105610,2.0,750415000.0,474000.0,577,30,2018-06-29 09:22:00
20180629 09:23,474.0,474.0,473.5,474.0,16686,830.0,106238,628.0,789756000.0,39341000.0,2527,2467,2018-06-29 09:23:00
20180629 09:24,474.0,474.0,473.5,473.5,17210,524.0,105896,-342.0,814567000.0,24811000.0,2479,2587,2018-06-29 09:24:00
20180629 09:25,473.5,473.5,473.0,473.5,17244,34.0,105880,-16.0,816175000.0,1608000.0,2844,2658,2018-06-29 09:25:00
20180629 09:26,473.5,473.5,473.0,473.0,17304,60.0,105876,-4.0,819013000.0,2838000.0,1063,1390,2018-06-29 09:26:00
20180629 09:27,473.0,473.0,473.0,473.0,17664,360.0,106220,344.0,836041000.0,17028000.0,6752,3707,2018-06-29 09:27:00
20180629 09:28,473.0,473.5,473.0,473.5,18096,432.0,106258,38.0,856497000.0,20456000.0,2921,1414,2018-06-29 09:28:00
20180629 09:29,473.5,473.5,473.5,473.5,18118,22.0,106276,18.0,857538000.0,1041000.0,1134,1143,2018-06-29 09:29:00
20180629 09:30,473.0,473.0,473.0,473.0,18746,628.0,106456,180.0,887243000.0,29705000.0,1497,1337,2018-06-29 09:30:00
20180629 09:31,473.0,473.0,473.0,473.0,18750,4.0,106456,0.0,887432000.0,189000.0,510,256,2018-06-29 09:31:00
20180629 09:32,473.0,473.0,473.0,473.0,18814,64.0,106500,44.0,890459000.0,3027000.0,878,988,2018-06-29 09:32:00
20180629 09:33,473.0,473.0,472.5,472.5,19192,378.0,106236,-264.0,908320000.0,17861000.0,1519,2572,2018-06-29 09:33:00
20180629 09:34,472.5,472.5,472.5,472.5,19320,128.0,106258,22.0,914368000.0,6048000.0,1077,911,2018-06-29 09:34:00
20180629 09:35,472.5,472.5,472.5,472.5,19320,0.0,106258,0.0,914368000.0,0.0,988,293,2018-06-29 09:35:00
20180629 09:36,472.5,472.5,472.5,472.5,19320,0.0,106258,0.0,914368000.0,0.0,740,302,2018-06-29 09:36:00
20180629 09:37,472.5,472.5,472.5,472.5,19320,0.0,106258,0.0,914368000.0,0.0,712,307,2018-06-29 09:37:00
20180629 09:38,472.5,472.5,472.0,472.5,19858,538.0,106476,218.0,939787000.0,25419000.0,1337,711,2018-06-29 09:38:00
20180629 09:39,472.5,472.5,472.5,472.5,19878,20.0,106490,14.0,940732000.0,945000.0,562,1287,2018-06-29 09:39:00
20180629 09:40,472.5,473.0,472.5,472.5,20422,544.0,106074,-416.0,966437000.0,25705000.0,1507,616,2018-06-29 09:40:00
20180629 09:41,472.5,472.5,472.5,472.5,20506,84.0,106122,48.0,970406000.0,3969000.0,2562,1347,2018-06-29 09:41:00
20180629 09:42,472.5,472.5,472.5,472.5,20896,390.0,106112,-10.0,988834000.0,18428000.0,1420,696,2018-06-29 09:42:00
20180629 09:43,472.5,472.5,472.5,472.5,20952,56.0,106088,-24.0,991480000.0,2646000.0,989,877,2018-06-29 09:43:00
20180629 09:44,472.5,472.5,472.5,472.5,20962,10.0,106086,-2.0,991952000.0,472000.0,149,618,2018-06-29 09:44:00
20180629 09:45,472.5,472.5,472.5,472.5,20968,6.0,106092,6.0,992236000.0,284000.0,147,568,2018-06-29 09:45:00
20180629 09:46,472.5,472.5,472.5,472.5,21232,264.0,106336,244.0,1004710000.0,12474000.0,2438,1894,2018-06-29 09:46:00
20180629 09:47,472.5,472.5,470.5,470.5,21758,526.0,106434,98.0,1029520000.0,24810000.0,3065,1134,2018-06-29 09:47:00
20180629 09:48,470.5,471.5,470.5,471.5,22138,380.0,106488,54.0,1047410000.0,17890000.0,3574,2639,2018-06-29 09:48:00
20180629 09:49,471.5,471.5,471.0,471.5,22212,74.0,106490,2.0,1050900000.0,3490000.0,1738,1173,2018-06-29 09:49:00
20180629 09:50,471.5,471.5,471.5,471.5,22288,76.0,106504,14.0,1054480000.0,3580000.0,1447,1029,2018-06-29 09:50:00
20180629 09:51,471.5,471.5,471.5,471.5,22308,20.0,106510,6.0,1055420000.0,940000.0,1093,2888,2018-06-29 09:51:00
20180629 09:52,471.5,471.5,471.0,471.0,22348,40.0,106510,0.0,1057310000.0,1890000.0,981,1437,2018-06-29 09:52:00
20180629 09:53,471.0,471.0,470.5,471.0,22394,46.0,106490,-20.0,1059480000.0,2170000.0,2510,2591,2018-06-29 09:53:00
20180629 09:54,471.0,471.0,471.0,471.0,22394,0.0,106490,0.0,1059480000.0,0.0,238,190,2018-06-29 09:54:00
20180629 09:55,471.0,471.0,471.0,471.0,22466,72.0,106478,-12.0,1062870000.0,3390000.0,625,437,2018-06-29 09:55:00
20180629 09:56,471.0,471.0,471.0,471.0,22468,2.0,106478,0.0,1062960000.0,90000.0,280,140,2018-06-29 09:56:00
20180629 09:57,471.0,471.0,471.0,471.0,22468,0.0,106478,0.0,1062960000.0,0.0,240,80,2018-06-29 09:57:00
20180629 09:58,471.0,471.0,471.0,471.0,22468,0.0,106478,0.0,1062960000.0,0.0,564,377,2018-06-29 09:58:00
20180629 09:59,471.0,471.0,471.0,471.0,22468,0.0,106478,0.0,1062960000.0,0.0,234,278,2018-06-29 09:59:00
20180629 10:01,471.0,471.5,471.0,471.5,23290,822.0,106418,-60.0,1101720000.0,38760000.0,982,973,2018-06-29 10:01:00
20180629 10:02,471.5,471.5,471.5,471.5,23364,74.0,106416,-2.0,1105210000.0,3490000.0,1087,456,2018-06-29 10:02:00
20180629 10:03,471.5,471.5,471.5,471.5,23948,584.0,106590,174.0,1132740000.0,27530000.0,3223,2132,2018-06-29 10:03:00
20180629 10:04,471.5,472.0,471.5,472.0,27434,3486.0,107058,468.0,1297150000.0,164410000.0,7077,9028,2018-06-29 10:04:00
20180629 10:05,472.0,472.0,472.0,472.0,27436,2.0,107058,0.0,1297250000.0,100000.0,620,1215,2018-06-29 10:05:00
20180629 10:06,472.0,472.0,471.0,471.5,28238,802.0,107374,316.0,1335060000.0,37810000.0,4301,2116,2018-06-29 10:06:00
20180629 10:07,471.5,471.5,471.5,471.5,29832,1594.0,106830,-544.0,1410220000.0,75160000.0,4428,3848,2018-06-29 10:07:00
20180629 10:08,471.5,471.5,471.5,471.5,29928,96.0,106754,-76.0,1414740000.0,4520000.0,1511,1912,2018-06-29 10:08:00
20180629 10:09,471.5,471.5,471.5,471.5,29932,4.0,106752,-2.0,1414930000.0,190000.0,1634,1480,2018-06-29 10:09:00
20180629 10:10,471.5,471.5,471.5,471.5,30980,1048.0,106926,174.0,1464350000.0,49420000.0,3823,2968,2018-06-29 10:10:00
20180629 10:11,471.5,471.5,471.5,471.5,30980,0.0,106926,0.0,1464350000.0,0.0,668,324,2018-06-29 10:11:00
20180629 10:12,471.5,471.5,471.5,471.5,30980,0.0,106926,0.0,1464350000.0,0.0,167,75,2018-06-29 10:12:00
20180629 10:13,471.5,471.5,471.5,471.5,30994,14.0,106912,-14.0,1465010000.0,660000.0,1396,707,2018-06-29 10:13:00
20180629 10:14,471.5,472.0,471.5,471.5,31178,184.0,106896,-16.0,1473680000.0,8670000.0,635,865,2018-06-29 10:14:00
20180629 10:30,471.5,471.5,471.5,471.5,31660,482.0,106560,-336.0,1496410000.0,22730000.0,1752,1190,2018-06-29 10:30:00
20180629 10:31,471.5,471.5,471.5,471.5,32134,474.0,106952,392.0,1518760000.0,22350000.0,1612,1555,2018-06-29 10:31:00
20180629 10:32,471.5,471.5,471.5,471.5,32144,10.0,106952,0.0,1519230000.0,470000.0,891,585,2018-06-29 10:32:00
20180629 10:33,471.5,471.5,471.5,471.5,32440,296.0,107054,102.0,1533190000.0,13960000.0,3057,1791,2018-06-29 10:33:00
20180629 10:34,471.5,471.5,471.0,471.0,33800,1360.0,106240,-814.0,1597310000.0,64120000.0,4620,2778,2018-06-29 10:34:00
20180629 10:35,471.0,471.5,471.0,471.5,33804,4.0,106238,-2.0,1597500000.0,190000.0,2931,3032,2018-06-29 10:35:00
20180629 10:36,471.5,471.5,471.5,471.5,33804,0.0,106238,0.0,1597500000.0,0.0,3215,2102,2018-06-29 10:36:00
20180629 10:37,471.5,471.5,471.5,471.5,33804,0.0,106238,0.0,1597500000.0,0.0,2039,958,2018-06-29 10:37:00
20180629 10:38,471.5,471.5,471.5,471.5,33804,0.0,106238,0.0,1597500000.0,0.0,735,324,2018-06-29 10:38:00
20180629 10:39,471.5,472.0,471.5,472.0,34364,560.0,106580,342.0,1623900000.0,26400000.0,3898,1882,2018-06-29 10:39:00
20180629 10:40,472.0,472.0,471.5,471.5,34648,284.0,106740,160.0,1637290000.0,13390000.0,2780,2537,2018-06-29 10:40:00
20180629 10:41,471.5,471.5,471.5,471.5,37076,2428.0,106796,56.0,1751770000.0,114480000.0,4862,4861,2018-06-29 10:41:00
20180629 10:42,471.5,471.5,471.5,471.5,37192,116.0,106794,-2.0,1757240000.0,5470000.0,1497,1089,2018-06-29 10:42:00
20180629 10:43,471.5,471.5,471.5,471.5,37422,230.0,106888,94.0,1768090000.0,10850000.0,1118,1255,2018-06-29 10:43:00
20180629 10:44,471.5,472.0,471.5,472.0,37428,6.0,106884,-4.0,1768370000.0,280000.0,1521,3586,2018-06-29 10:44:00
20180629 10:45,472.0,472.0,471.5,471.5,37506,78.0,106816,-68.0,1772050000.0,3680000.0,1215,2312,2018-06-29 10:45:00
20180629 10:46,471.5,471.5,471.5,471.5,37506,0.0,106816,0.0,1772050000.0,0.0,1029,1599,2018-06-29 10:46:00
20180629 10:47,471.5,471.5,471.5,471.5,38028,522.0,106466,-350.0,1796660000.0,24610000.0,1416,974,2018-06-29 10:47:00
20180629 10:48,471.5,472.0,471.5,472.0,39604,1576.0,106592,126.0,1870970000.0,74310000.0,3248,4910,2018-06-29 10:48:00
20180629 10:49,472.0,472.0,472.0,472.0,39604,0.0,106592,0.0,1870970000.0,0.0,971,2385,2018-06-29 10:49:00
20180629 10:50,472.0,472.0,472.0,472.0,39604,0.0,106592,0.0,1870970000.0,0.0,1151,1827,2018-06-29 10:50:00
20180629 10:51,472.0,472.0,471.5,471.5,39634,30.0,106612,20.0,1872390000.0,1420000.0,462,177,2018-06-29 10:51:00
20180629 10:52,471.5,472.0,471.5,471.5,39814,180.0,106624,12.0,1880870000.0,8480000.0,980,1344,2018-06-29 10:52:00
20180629 10:53,471.5,471.5,471.5,471.5,39904,90.0,106624,0.0,1885120000.0,4250000.0,1749,599,2018-06-29 10:53:00
20180629 10:54,471.5,472.0,471.5,472.0,39960,56.0,106664,40.0,1887760000.0,2640000.0,2999,2604,2018-06-29 10:54:00
20180629 10:55,472.0,472.5,472.0,472.5,39974,14.0,106664,0.0,1888420000.0,660000.0,2348,1716,2018-06-29 10:55:00
20180629 10:56,472.5,472.5,472.5,472.5,40054,80.0,106732,68.0,1892200000.0,3780000.0,1568,819,2018-06-29 10:56:00
20180629 10:57,472.5,472.5,472.5,472.5,40158,104.0,106832,100.0,1897120000.0,4920000.0,1638,1969,2018-06-29 10:57:00
20180629 10:58,472.5,472.5,472.0,472.0,40296,138.0,106866,34.0,1903630000.0,6510000.0,1582,435,2018-06-29 10:58:00
20180629 10:59,472.0,472.0,471.5,471.5,40854,558.0,106788,-78.0,1929970000.0,26340000.0,2842,2574,2018-06-29 10:59:00
20180629 11:00,471.5,472.0,471.5,472.0,40996,142.0,106792,4.0,1936670000.0,6700000.0,4581,3462,2018-06-29 11:00:00
20180629 11:01,472.0,472.0,472.0,472.0,41450,454.0,106934,142.0,1958100000.0,21430000.0,1732,905,2018-06-29 11:01:00
20180629 11:02,472.0,472.0,472.0,472.0,41450,0.0,106934,0.0,1958100000.0,0.0,594,338,2018-06-29 11:02:00
20180629 11:03,472.0,472.0,472.0,472.0,41450,0.0,106934,0.0,1958100000.0,0.0,146,79,2018-06-29 11:03:00
20180629 11:04,472.0,472.0,472.0,472.0,41864,414.0,106960,26.0,1977640000.0,19540000.0,1949,1365,2018-06-29 11:04:00
20180629 11:05,472.0,472.0,472.0,472.0,43424,1560.0,106990,30.0,2051270000.0,73630000.0,6450,4375,2018-06-29 11:05:00
20180629 11:06,472.0,472.0,471.5,471.5,43684,260.0,107190,200.0,2063530000.0,12260000.0,1015,910,2018-06-29 11:06:00
20180629 11:07,471.5,471.5,471.5,471.5,44312,628.0,107102,-88.0,2093140000.0,29610000.0,3750,5086,2018-06-29 11:07:00
20180629 11:08,471.5,471.5,471.5,471.5,44414,102.0,107010,-92.0,2097950000.0,4810000.0,1600,1825,2018-06-29 11:08:00
20180629 11:09,471.5,472.0,471.5,472.0,44630,216.0,107190,180.0,2108140000.0,10190000.0,435,996,2018-06-29 11:09:00
20180629 11:10,472.0,472.0,471.5,471.5,44896,266.0,107090,-100.0,2120690000.0,12550000.0,2553,791,2018-06-29 11:10:00
20180629 11:11,471.5,471.5,471.0,471.0,45558,662.0,107244,154.0,2151890000.0,31200000.0,4636,1656,2018-06-29 11:11:00
20180629 11:12,471.0,471.5,471.0,471.5,46732,1174.0,107082,-162.0,2207230000.0,55340000.0,4821,3768,2018-06-29 11:12:00
20180629 11:13,471.5,471.5,471.5,471.5,46732,0.0,107082,0.0,2207230000.0,0.0,147,253,2018-06-29 11:13:00
20180629 11:14,471.5,471.5,471.0,471.0,47050,318.0,107168,86.0,2222210000.0,14980000.0,303,1017,2018-06-29 11:14:00
20180629 11:15,471.0,471.0,471.0,471.0,47050,0.0,107168,0.0,2222210000.0,0.0,479,1025,2018-06-29 11:15:00
20180629 11:16,471.0,471.0,471.0,471.0,47290,240.0,107098,-70.0,2233520000.0,11310000.0,999,1297,2018-06-29 11:16:00
20180629 11:17,471.0,471.0,471.0,471.0,47290,0.0,107098,0.0,2233520000.0,0.0,331,600,2018-06-29 11:17:00
20180629 11:18,471.0,471.0,471.0,471.0,47312,22.0,107098,0.0,2234550000.0,1030000.0,951,549,2018-06-29 11:18:00
20180629 11:19,471.0,471.0,471.0,471.0,47312,0.0,107098,0.0,2234550000.0,0.0,481,1103,2018-06-29 11:19:00
20180629 11:20,471.0,471.0,471.0,471.0,47312,0.0,107098,0.0,2234550000.0,0.0,333,520,2018-06-29 11:20:00
20180629 11:21,471.0,471.0,471.0,471.0,47312,0.0,107098,0.0,2234550000.0,0.0,684,1012,2018-06-29 11:21:00
20180629 11:22,471.0,471.0,471.0,471.0,47324,12.0,107098,0.0,2235120000.0,570000.0,1155,1053,2018-06-29 11:22:00
20180629 11:23,471.0,471.0,471.0,471.0,47324,0.0,107098,0.0,2235120000.0,0.0,770,1110,2018-06-29 11:23:00
20180629 11:24,471.0,471.0,471.0,471.0,47334,10.0,107098,0.0,2235590000.0,470000.0,214,482,2018-06-29 11:24:00
20180629 11:25,471.0,471.0,471.0,471.0,47334,0.0,107098,0.0,2235590000.0,0.0,154,345,2018-06-29 11:25:00
20180629 11:26,471.5,471.5,471.5,471.5,47618,284.0,107206,108.0,2248980000.0,13390000.0,772,648,2018-06-29 11:26:00
20180629 11:27,472.5,472.5,472.0,472.0,47778,160.0,107294,88.0,2256530000.0,7550000.0,1147,1648,2018-06-29 11:27:00
20180629 11:28,472.5,472.5,472.0,472.0,48626,848.0,107194,-100.0,2296580000.0,40050000.0,3849,2492,2018-06-29 11:28:00
20180629 11:29,472.0,472.5,471.5,472.5,49054,428.0,107336,142.0,2316790000.0,20210000.0,1721,4123,2018-06-29 11:29:00
20180629 13:30,472.5,472.5,472.5,472.5,49258,204.0,107354,18.0,2326430000.0,9640000.0,2298,1065,2018-06-29 13:30:00
20180629 13:31,472.5,473.5,472.5,473.0,49680,422.0,107416,62.0,2346410000.0,19980000.0,2882,969,2018-06-29 13:31:00
20180629 13:32,473.0,473.0,473.0,473.0,49912,232.0,107384,-32.0,2357380000.0,10970000.0,4333,1837,2018-06-29 13:32:00
20180629 13:33,473.0,473.0,472.5,472.5,50024,112.0,107428,44.0,2362670000.0,5290000.0,2791,3056,2018-06-29 13:33:00
20180629 13:34,472.5,472.5,472.5,472.5,50030,6.0,107434,6.0,2362960000.0,290000.0,1716,295,2018-06-29 13:34:00
20180629 13:35,472.5,473.0,472.0,472.0,50082,52.0,107446,12.0,2365410000.0,2450000.0,1975,1433,2018-06-29 13:35:00
20180629 13:36,472.0,472.0,472.0,472.0,50084,2.0,107446,0.0,2365510000.0,100000.0,412,630,2018-06-29 13:36:00
20180629 13:37,472.0,472.0,472.0,472.0,50100,16.0,107434,-12.0,2366260000.0,750000.0,531,930,2018-06-29 13:37:00
20180629 13:38,472.0,472.0,472.0,472.0,50102,2.0,107432,-2.0,2366360000.0,100000.0,152,199,2018-06-29 13:38:00
20180629 13:40,472.0,472.0,472.0,472.0,50104,2.0,107430,-2.0,2366450000.0,90000.0,321,494,2018-06-29 13:40:00
20180629 13:41,472.5,472.5,472.5,472.5,50106,2.0,107428,-2.0,2366550000.0,100000.0,345,364,2018-06-29 13:41:00
20180629 13:42,472.5,472.5,472.5,472.5,50106,0.0,107428,0.0,2366550000.0,0.0,883,870,2018-06-29 13:42:00
20180629 13:43,472.0,472.5,472.0,472.5,50512,406.0,107446,18.0,2385730000.0,19180000.0,1353,1582,2018-06-29 13:43:00
20180629 13:44,472.5,472.5,472.5,472.5,53380,2868.0,107542,96.0,2521240000.0,135510000.0,5917,7389,2018-06-29 13:44:00
20180629 13:45,472.5,473.0,472.5,473.0,53384,4.0,107538,-4.0,2521430000.0,190000.0,2924,5562,2018-06-29 13:45:00
20180629 13:46,473.0,473.0,473.0,473.0,53384,0.0,107538,0.0,2521430000.0,0.0,2175,2406,2018-06-29 13:46:00
20180629 13:47,473.0,473.0,473.0,473.0,53384,0.0,107538,0.0,2521430000.0,0.0,1636,2095,2018-06-29 13:47:00
20180629 13:49,473.0,473.0,473.0,473.0,55584,2200.0,107738,200.0,2625490000.0,104060000.0,7408,5185,2018-06-29 13:49:00
20180629 13:50,473.0,473.0,473.0,473.0,55588,4.0,107740,2.0,2625680000.0,190000.0,180,2126,2018-06-29 13:50:00
20180629 13:51,473.0,473.0,473.0,473.0,56434,846.0,107608,-132.0,2665700000.0,40020000.0,2358,2511,2018-06-29 13:51:00
20180629 13:52,473.0,473.0,473.0,473.0,57672,1238.0,108416,808.0,2724250000.0,58550000.0,6419,6306,2018-06-29 13:52:00
20180629 13:53,473.0,473.0,473.0,473.0,58956,1284.0,108428,12.0,2784990000.0,60740000.0,3088,1661,2018-06-29 13:53:00
20180629 13:54,473.0,473.0,473.0,473.0,58966,10.0,108438,10.0,2785460000.0,470000.0,2022,207,2018-06-29 13:54:00
20180629 13:55,473.0,473.0,473.0,473.0,58966,0.0,108438,0.0,2785460000.0,0.0,1065,354,2018-06-29 13:55:00
20180629 13:56,473.0,473.0,473.0,473.0,59224,258.0,108564,126.0,2797660000.0,12200000.0,886,326,2018-06-29 13:56:00
20180629 13:57,473.0,473.0,473.0,473.0,59244,20.0,108574,10.0,2798610000.0,950000.0,1003,293,2018-06-29 13:57:00
20180629 13:58,473.5,473.5,473.5,473.5,59440,196.0,108422,-152.0,2807890000.0,9280000.0,1237,806,2018-06-29 13:58:00
20180629 13:59,473.5,473.5,473.0,473.0,59526,86.0,108420,-2.0,2811960000.0,4070000.0,1789,3024,2018-06-29 13:59:00
20180629 14:00,473.0,473.0,473.0,473.0,59548,22.0,108410,-10.0,2813000000.0,1040000.0,1798,3096,2018-06-29 14:00:00
20180629 14:01,473.0,473.5,473.0,473.5,59654,106.0,108434,24.0,2818020000.0,5020000.0,3498,3241,2018-06-29 14:01:00
20180629 14:02,473.5,473.5,473.0,473.0,60358,704.0,108144,-290.0,2851330000.0,33310000.0,2305,4979,2018-06-29 14:02:00
20180629 14:03,473.0,473.0,473.0,473.0,60428,70.0,108192,48.0,2854640000.0,3310000.0,929,1073,2018-06-29 14:03:00
20180629 14:04,473.0,473.0,473.0,473.0,60922,494.0,108142,-50.0,2878000000.0,23360000.0,944,2426,2018-06-29 14:04:00
20180629 14:05,473.0,473.0,473.0,473.0,61198,276.0,108320,178.0,2891060000.0,13060000.0,861,332,2018-06-29 14:05:00
20180629 14:06,473.0,473.0,473.0,473.0,61456,258.0,108282,-38.0,2903260000.0,12200000.0,1709,2962,2018-06-29 14:06:00
20180629 14:07,473.0,473.0,472.5,472.5,61688,232.0,108338,56.0,2914220000.0,10960000.0,1603,1759,2018-06-29 14:07:00
20180629 14:08,472.5,472.5,472.5,472.5,62048,360.0,108450,112.0,2931230000.0,17010000.0,3541,1157,2018-06-29 14:08:00
20180629 14:09,472.5,472.5,472.5,472.5,62284,236.0,108598,148.0,2942390000.0,11160000.0,2247,2390,2018-06-29 14:09:00
20180629 14:10,472.5,472.5,472.5,472.5,62284,0.0,108598,0.0,2942390000.0,0.0,1100,2387,2018-06-29 14:10:00
20180629 14:11,472.5,472.5,472.5,472.5,62284,0.0,108598,0.0,2942390000.0,0.0,770,1719,2018-06-29 14:11:00
20180629 14:12,472.5,472.5,472.5,472.5,62284,0.0,108598,0.0,2942390000.0,0.0,220,474,2018-06-29 14:12:00
20180629 14:13,472.5,472.5,472.5,472.5,62286,2.0,108596,-2.0,2942480000.0,90000.0,219,484,2018-06-29 14:13:00
20180629 14:14,472.5,472.5,472.5,472.5,62752,466.0,108624,28.0,2964500000.0,22020000.0,3637,1785,2018-06-29 14:14:00
20180629 14:15,472.5,472.5,472.5,472.5,62752,0.0,108624,0.0,2964500000.0,0.0,1994,1275,2018-06-29 14:15:00
20180629 14:16,472.5,472.5,472.5,472.5,62752,0.0,108624,0.0,2964500000.0,0.0,2990,1764,2018-06-29 14:16:00
20180629 14:17,472.5,472.5,472.5,472.5,62752,0.0,108624,0.0,2964500000.0,0.0,2530,1075,2018-06-29 14:17:00
20180629 14:18,473.0,473.0,473.0,473.0,62756,4.0,108624,0.0,2964690000.0,190000.0,1591,888,2018-06-29 14:18:00
20180629 14:19,473.0,473.0,473.0,473.0,62860,104.0,108566,-58.0,2969610000.0,4920000.0,912,3632,2018-06-29 14:19:00
20180629 14:20,473.0,473.0,473.0,473.0,62864,4.0,108564,-2.0,2969800000.0,190000.0,1498,4396,2018-06-29 14:20:00
20180629 14:21,473.0,473.0,473.0,473.0,62924,60.0,108596,32.0,2972630000.0,2830000.0,1187,2560,2018-06-29 14:21:00
20180629 14:22,473.0,473.5,473.0,473.0,63064,140.0,108590,-6.0,2979260000.0,6630000.0,4403,929,2018-06-29 14:22:00
20180629 14:23,473.5,473.5,473.5,473.5,63066,2.0,108592,2.0,2979350000.0,90000.0,344,37,2018-06-29 14:23:00
20180629 14:24,473.0,473.0,472.5,472.5,63108,42.0,108626,34.0,2981340000.0,1990000.0,2646,1210,2018-06-29 14:24:00
20180629 14:25,472.5,473.0,472.5,473.0,63376,268.0,108654,28.0,2994010000.0,12670000.0,567,3268,2018-06-29 14:25:00
20180629 14:26,473.0,473.0,473.0,473.0,63646,270.0,108622,-32.0,3006790000.0,12780000.0,2016,1634,2018-06-29 14:26:00
20180629 14:27,473.0,473.0,473.0,473.0,63646,0.0,108622,0.0,3006790000.0,0.0,1122,1089,2018-06-29 14:27:00
20180629 14:28,473.0,473.0,473.0,473.0,63674,28.0,108634,12.0,3008110000.0,1320000.0,1033,1221,2018-06-29 14:28:00
20180629 14:29,473.0,473.0,473.0,473.0,63674,0.0,108634,0.0,3008110000.0,0.0,10,96,2018-06-29 14:29:00
20180629 14:30,473.0,473.0,473.0,473.0,63674,0.0,108634,0.0,3008110000.0,0.0,188,576,2018-06-29 14:30:00
20180629 14:31,473.0,473.0,473.0,473.0,63726,52.0,108650,16.0,3010570000.0,2460000.0,539,1061,2018-06-29 14:31:00
20180629 14:32,473.0,473.0,473.0,473.0,63726,0.0,108650,0.0,3010570000.0,0.0,287,440,2018-06-29 14:32:00
20180629 14:33,473.0,473.0,473.0,473.0,63782,56.0,108656,6.0,3013220000.0,2650000.0,1448,2090,2018-06-29 14:33:00
20180629 14:34,473.0,473.0,473.0,473.0,64668,886.0,108712,56.0,3055130000.0,41910000.0,2748,1597,2018-06-29 14:34:00
20180629 14:35,473.0,473.0,472.5,472.5,64886,218.0,108782,70.0,3065430000.0,10300000.0,3244,1532,2018-06-29 14:35:00
20180629 14:36,472.5,472.5,472.5,472.5,64886,0.0,108782,0.0,3065430000.0,0.0,314,198,2018-06-29 14:36:00
20180629 14:37,472.5,472.5,472.5,472.5,64886,0.0,108782,0.0,3065430000.0,0.0,357,228,2018-06-29 14:37:00
20180629 14:38,472.5,472.5,472.5,472.5,64888,2.0,108784,2.0,3065520000.0,90000.0,939,603,2018-06-29 14:38:00
20180629 14:39,472.5,472.5,472.5,472.5,64888,0.0,108784,0.0,3065520000.0,0.0,910,875,2018-06-29 14:39:00
20180629 14:40,472.5,472.5,472.5,472.5,64888,0.0,108784,0.0,3065520000.0,0.0,166,330,2018-06-29 14:40:00
20180629 14:41,472.5,472.5,472.5,472.5,64888,0.0,108784,0.0,3065520000.0,0.0,318,468,2018-06-29 14:41:00
20180629 14:42,472.5,472.5,472.5,472.5,64888,0.0,108784,0.0,3065520000.0,0.0,212,289,2018-06-29 14:42:00
20180629 14:43,472.5,472.5,472.5,472.5,64888,0.0,108784,0.0,3065520000.0,0.0,106,168,2018-06-29 14:43:00
20180629 14:45,472.5,473.0,472.5,473.0,65106,218.0,108840,56.0,3075830000.0,10310000.0,1188,2677,2018-06-29 14:45:00
20180629 14:46,473.0,473.5,473.0,473.5,65162,56.0,108868,28.0,3078480000.0,2650000.0,1311,1858,2018-06-29 14:46:00
20180629 14:47,473.5,473.5,473.5,473.5,65162,0.0,108868,0.0,3078480000.0,0.0,1102,1839,2018-06-29 14:47:00
20180629 14:48,473.5,474.0,473.5,474.0,65370,208.0,108966,98.0,3088340000.0,9860000.0,1800,1421,2018-06-29 14:48:00
20180629 14:49,474.0,474.0,474.0,474.0,65370,0.0,108966,0.0,3088340000.0,0.0,597,313,2018-06-29 14:49:00
20180629 14:50,474.0,474.0,473.5,473.5,65420,50.0,108966,0.0,3090710000.0,2370000.0,1344,1615,2018-06-29 14:50:00
20180629 14:51,473.5,473.5,473.5,473.5,65442,22.0,108986,20.0,3091750000.0,1040000.0,2046,2803,2018-06-29 14:51:00
20180629 14:52,473.5,473.5,473.5,473.5,65568,126.0,108926,-60.0,3097720000.0,5970000.0,1281,1289,2018-06-29 14:52:00
20180629 14:53,473.5,473.5,473.5,473.5,65568,0.0,108926,0.0,3097720000.0,0.0,1179,686,2018-06-29 14:53:00
20180629 14:54,473.5,473.5,473.5,473.5,65568,0.0,108926,0.0,3097720000.0,0.0,347,612,2018-06-29 14:54:00
20180629 14:55,473.5,473.5,473.5,473.5,65568,0.0,108926,0.0,3097720000.0,0.0,337,458,2018-06-29 14:55:00
20180629 14:56,473.5,474.0,473.5,474.0,65604,36.0,108920,-6.0,3099420000.0,1700000.0,481,442,2018-06-29 14:56:00
20180629 14:57,474.0,474.0,474.0,474.0,65648,44.0,108926,6.0,3101510000.0,2090000.0,931,483,2018-06-29 14:57:00
20180629 14:58,474.0,474.0,474.0,474.0,65664,16.0,108942,16.0,3102270000.0,760000.0,502,1041,2018-06-29 14:58:00
20180629 14:59,474.0,475.0,474.0,475.0,65978,314.0,108984,42.0,3117170000.0,14900000.0,826,1892,2018-06-29 14:59:00
20180629 15:00,475.0,475.0,475.0,475.0,65978,0.0,108984,0.0,3117170000.0,0.0,26,150,2018-06-29 15:00:00
20180629 20:59,470.0,470.0,470.0,470.0,20,20.0,106424,-2560.0,940000.0,940000.0,15,3,2018-06-29 20:59:00
20180629 21:00,470.0,470.5,468.5,469.0,376,356.0,106304,-120.0,17655900.0,16715900.0,2133,1371,2018-06-29 21:00:00
20180629 21:01,469.0,469.5,469.0,469.5,458,82.0,106276,-28.0,21504300.0,3848400.0,803,2081,2018-06-29 21:01:00
20180629 21:02,469.5,469.5,469.0,469.5,670,212.0,106252,-24.0,31454600.0,9950300.0,3319,2582,2018-06-29 21:02:00
20180629 21:03,469.5,469.5,469.5,469.5,688,18.0,106248,-4.0,32299700.0,845100.0,1236,1873,2018-06-29 21:03:00
20180629 21:04,469.5,469.5,469.5,469.5,762,74.0,106220,-28.0,35774000.0,3474300.0,947,1146,2018-06-29 21:04:00
20180629 21:05,469.5,469.5,469.5,469.5,852,90.0,106234,14.0,39999500.0,4225500.0,1761,1536,2018-06-29 21:05:00
20180629 21:06,469.5,469.5,469.5,469.5,854,2.0,106234,0.0,40093400.0,93900.0,254,879,2018-06-29 21:06:00
20180629 21:07,469.5,469.5,469.5,469.5,854,0.0,106234,0.0,40093400.0,0.0,687,1801,2018-06-29 21:07:00
20180629 21:08,469.5,469.5,469.5,469.5,854,0.0,106234,0.0,40093400.0,0.0,1555,2241,2018-06-29 21:08:00
20180629 21:09,469.5,470.0,469.5,470.0,1066,212.0,106184,-50.0,50055900.0,9962500.0,1241,1996,2018-06-29 21:09:00
20180629 21:10,470.0,470.5,470.0,470.0,1126,60.0,106224,40.0,52877900.0,2822000.0,3154,1741,2018-06-29 21:10:00
20180629 21:11,470.0,470.5,470.0,470.5,1236,110.0,106260,36.0,58053400.0,5175500.0,4846,3611,2018-06-29 21:11:00
20180629 21:12,470.5,471.0,470.5,471.0,1296,60.0,106288,28.0,60879400.0,2826000.0,7006,5800,2018-06-29 21:12:00
20180629 21:13,471.0,471.0,470.5,470.5,1336,40.0,106274,-14.0,62763200.0,1883800.0,5710,5302,2018-06-29 21:13:00
20180629 21:14,470.5,471.0,470.5,471.0,1720,384.0,106574,300.0,80849600.0,18086400.0,2231,4401,2018-06-29 21:14:00
20180629 21:15,471.0,471.0,471.0,471.0,1732,12.0,106568,-6.0,81414800.0,565200.0,2747,1429,2018-06-29 21:15:00
20180629 21:16,471.0,471.0,471.0,471.0,1738,6.0,106562,-6.0,81697400.0,282600.0,790,247,2018-06-29 21:16:00
20180629 21:17,471.0,471.0,470.5,470.5,2158,420.0,106576,14.0,101473000.0,19775600.0,3029,2648,2018-06-29 21:17:00
20180629 21:18,470.5,470.5,470.0,470.0,2168,10.0,106572,-4.0,101944000.0,471000.0,616,2665,2018-06-29 21:18:00
20180629 21:19,470.0,470.0,470.0,470.0,2168,0.0,106572,0.0,101944000.0,0.0,2145,3639,2018-06-29 21:19:00
20180629 21:20,470.0,473.0,470.0,473.0,2844,676.0,106594,22.0,133824000.0,31880000.0,4023,5387,2018-06-29 21:20:00
20180629 21:21,472.5,472.5,472.0,472.5,3058,214.0,106564,-30.0,143936000.0,10112000.0,2201,2042,2018-06-29 21:21:00
20180629 21:22,472.5,472.5,472.0,472.0,3170,112.0,106460,-104.0,149226000.0,5290000.0,942,1633,2018-06-29 21:22:00
20180629 21:23,472.0,473.0,472.0,473.0,3222,52.0,106462,2.0,151685000.0,2459000.0,2690,1531,2018-06-29 21:23:00
20180629 21:24,473.0,473.5,472.5,473.0,3310,88.0,106456,-6.0,155847000.0,4162000.0,3549,4392,2018-06-29 21:24:00
20180629 21:25,473.0,473.5,473.0,473.5,3356,46.0,106478,22.0,158025000.0,2178000.0,1575,3109,2018-06-29 21:25:00
20180629 21:26,473.5,474.0,473.5,474.0,3558,202.0,106538,60.0,167596000.0,9571000.0,2487,2545,2018-06-29 21:26:00
20180629 21:27,474.0,474.0,474.0,474.0,3558,0.0,106538,0.0,167596000.0,0.0,398,294,2018-06-29 21:27:00
20180629 21:28,474.0,474.0,474.0,474.0,3558,0.0,106538,0.0,167596000.0,0.0,719,209,2018-06-29 21:28:00
20180629 21:29,474.0,474.0,473.5,473.5,3600,42.0,106512,-26.0,169585000.0,1989000.0,1898,2390,2018-06-29 21:29:00
20180629 21:30,473.5,473.5,473.0,473.0,3654,54.0,106536,24.0,172141000.0,2556000.0,3445,2835,2018-06-29 21:30:00
20180629 21:31,473.0,473.0,473.0,473.0,3712,58.0,106490,-46.0,174885000.0,2744000.0,4300,1640,2018-06-29 21:31:00
20180629 21:32,473.0,473.0,473.0,473.0,3734,22.0,106478,-12.0,175925000.0,1040000.0,820,227,2018-06-29 21:32:00
20180629 21:33,473.0,473.0,473.0,473.0,3812,78.0,106474,-4.0,179615000.0,3690000.0,2995,2117,2018-06-29 21:33:00
20180629 21:34,473.0,473.0,473.0,473.0,3826,14.0,106480,6.0,180277000.0,662000.0,2371,82,2018-06-29 21:34:00
20180629 21:35,473.0,473.0,473.0,473.0,3828,2.0,106480,0.0,180372000.0,95000.0,1923,75,2018-06-29 21:35:00
20180629 21:36,473.0,473.0,472.5,472.5,3846,18.0,106486,6.0,181223000.0,851000.0,461,875,2018-06-29 21:36:00
20180629 21:37,472.5,472.5,472.5,472.5,3856,10.0,106488,2.0,181695000.0,472000.0,478,1457,2018-06-29 21:37:00
20180629 21:38,472.5,472.5,472.5,472.5,3890,34.0,106490,2.0,183302000.0,1607000.0,1235,2189,2018-06-29 21:38:00
20180629 21:39,472.5,472.5,472.5,472.5,3890,0.0,106490,0.0,183302000.0,0.0,1550,963,2018-06-29 21:39:00
20180629 21:40,472.5,472.5,472.5,472.5,3976,86.0,106428,-62.0,187365000.0,4063000.0,2936,1893,2018-06-29 21:40:00
20180629 21:41,472.5,472.5,472.5,472.5,3994,18.0,106428,0.0,188216000.0,851000.0,968,790,2018-06-29 21:41:00
20180629 21:42,472.5,472.5,472.5,472.5,4106,112.0,106520,92.0,193508000.0,5292000.0,321,258,2018-06-29 21:42:00
20180629 21:43,472.5,472.5,472.5,472.5,4146,40.0,106524,4.0,195398000.0,1890000.0,394,169,2018-06-29 21:43:00
20180629 21:44,472.5,472.5,472.5,472.5,4186,40.0,106524,0.0,197288000.0,1890000.0,136,232,2018-06-29 21:44:00
20180629 21:46,472.5,472.5,472.5,472.5,4222,36.0,106488,-36.0,198989000.0,1701000.0,118,712,2018-06-29 21:46:00
20180629 21:47,472.5,472.5,472.5,472.5,4222,0.0,106488,0.0,198989000.0,0.0,74,270,2018-06-29 21:47:00
20180629 21:48,472.5,472.5,472.0,472.0,4316,94.0,106470,-18.0,203426000.0,4437000.0,632,273,2018-06-29 21:48:00
20180629 21:49,472.0,472.0,471.5,471.5,4348,32.0,106456,-14.0,204936000.0,1510000.0,546,709,2018-06-29 21:49:00
20180629 21:50,471.5,471.5,471.5,471.5,4348,0.0,106456,0.0,204936000.0,0.0,47,106,2018-06-29 21:50:00
20180629 21:51,471.5,472.0,471.5,472.0,4350,2.0,106456,0.0,205030000.0,94000.0,120,389,2018-06-29 21:51:00
20180629 21:52,472.0,472.0,472.0,472.0,4372,22.0,106448,-8.0,206069000.0,1039000.0,1065,614,2018-06-29 21:52:00
20180629 21:53,472.0,472.5,472.0,472.5,4374,2.0,106446,-2.0,206163000.0,94000.0,193,693,2018-06-29 21:53:00
20180629 21:54,472.5,472.5,472.5,472.5,4420,46.0,106450,4.0,208337000.0,2174000.0,1049,2025,2018-06-29 21:54:00
20180629 21:55,472.5,472.5,472.0,472.0,4442,22.0,106440,-10.0,209376000.0,1039000.0,64,606,2018-06-29 21:55:00
20180629 21:56,472.5,472.5,472.5,472.5,4456,14.0,106440,0.0,210038000.0,662000.0,495,517,2018-06-29 21:56:00
20180629 21:57,472.5,472.5,472.0,472.0,4628,172.0,106554,114.0,218157000.0,8119000.0,1522,1385,2018-06-29 21:57:00
20180629 21:58,472.0,472.0,472.0,472.0,4628,0.0,106554,0.0,218157000.0,0.0,94,53,2018-06-29 21:58:00
20180629 21:59,472.0,472.0,472.0,472.0,4628,0.0,106554,0.0,218157000.0,0.0,48,25,2018-06-29 21:59:00
20180629 22:00,472.0,472.5,472.0,472.5,4672,44.0,106532,-22.0,220236000.0,2079000.0,329,238,2018-06-29 22:00:00
20180629 22:01,472.5,473.0,472.5,473.0,4686,14.0,106534,2.0,220898000.0,662000.0,595,767,2018-06-29 22:01:00
20180629 22:02,473.0,473.0,473.0,473.0,4692,6.0,106536,2.0,221182000.0,284000.0,275,913,2018-06-29 22:02:00
20180629 22:03,473.0,473.0,473.0,473.0,4752,60.0,106502,-34.0,224020000.0,2838000.0,657,588,2018-06-29 22:03:00
20180629 22:04,473.0,473.0,473.0,473.0,4766,14.0,106488,-14.0,224682000.0,662000.0,531,249,2018-06-29 22:04:00
20180629 22:05,473.0,473.0,473.0,473.0,4766,0.0,106488,0.0,224682000.0,0.0,216,115,2018-06-29 22:05:00
20180629 22:06,473.0,473.0,473.0,473.0,4766,0.0,106488,0.0,224682000.0,0.0,166,341,2018-06-29 22:06:00
20180629 22:07,473.0,473.0,472.5,472.5,4770,4.0,106484,-4.0,224871000.0,189000.0,3362,1780,2018-06-29 22:07:00
20180629 22:08,472.5,472.5,472.5,472.5,4772,2.0,106484,0.0,224966000.0,95000.0,366,101,2018-06-29 22:08:00
20180629 22:09,472.5,473.0,472.5,473.0,4776,4.0,106482,-2.0,225155000.0,189000.0,1383,1903,2018-06-29 22:09:00
20180629 22:10,473.0,473.0,473.0,473.0,4776,0.0,106482,0.0,225155000.0,0.0,360,651,2018-06-29 22:10:00
20180629 22:11,473.0,473.0,473.0,473.0,4810,34.0,106456,-26.0,226763000.0,1608000.0,2017,203,2018-06-29 22:11:00
20180629 22:12,473.0,473.0,473.0,473.0,4834,24.0,106432,-24.0,227898000.0,1135000.0,464,402,2018-06-29 22:12:00
20180629 22:13,473.0,473.0,473.0,473.0,4838,4.0,106430,-2.0,228088000.0,190000.0,88,268,2018-06-29 22:13:00
20180629 22:14,473.0,473.0,473.0,473.0,4868,30.0,106422,-8.0,229507000.0,1419000.0,4315,721,2018-06-29 22:14:00
20180629 22:15,473.0,473.0,473.0,473.0,4868,0.0,106422,0.0,229507000.0,0.0,103,265,2018-06-29 22:15:00
20180629 22:16,473.0,473.0,473.0,473.0,4868,0.0,106422,0.0,229507000.0,0.0,255,104,2018-06-29 22:16:00
20180629 22:17,473.0,473.0,473.0,473.0,4868,0.0,106422,0.0,229507000.0,0.0,162,85,2018-06-29 22:17:00
20180629 22:18,473.0,473.0,473.0,473.0,4868,0.0,106422,0.0,229507000.0,0.0,1220,1834,2018-06-29 22:18:00
20180629 22:19,473.0,473.5,473.0,473.5,4904,36.0,106438,16.0,231211000.0,1704000.0,892,964,2018-06-29 22:19:00
20180629 22:20,474.0,474.5,473.5,473.5,5020,116.0,106424,-14.0,236710000.0,5499000.0,1882,1104,2018-06-29 22:20:00
20180629 22:21,473.5,473.5,473.5,473.5,5064,44.0,106438,14.0,238793000.0,2083000.0,1208,1383,2018-06-29 22:21:00
20180629 22:22,473.5,473.5,473.5,473.5,5066,2.0,106438,0.0,238888000.0,95000.0,683,692,2018-06-29 22:22:00
20180629 22:23,473.5,473.5,473.5,473.5,5068,2.0,106438,0.0,238983000.0,95000.0,131,623,2018-06-29 22:23:00
20180629 22:24,473.5,473.5,473.5,473.5,5114,46.0,106408,-30.0,241161000.0,2178000.0,873,150,2018-06-29 22:24:00
20180629 22:25,473.5,473.5,473.5,473.5,5114,0.0,106408,0.0,241161000.0,0.0,215,91,2018-06-29 22:25:00
20180629 22:26,473.5,473.5,473.5,473.5,5114,0.0,106408,0.0,241161000.0,0.0,50,28,2018-06-29 22:26:00
20180629 22:27,473.5,473.5,473.5,473.5,5114,0.0,106408,0.0,241161000.0,0.0,267,208,2018-06-29 22:27:00
20180629 22:28,473.5,474.0,473.5,474.0,5120,6.0,106406,-2.0,241445000.0,284000.0,266,631,2018-06-29 22:28:00
20180629 22:29,474.0,474.0,474.0,474.0,5142,22.0,106408,2.0,242488000.0,1043000.0,793,793,2018-06-29 22:29:00
20180629 22:30,474.5,475.0,474.5,474.5,5218,76.0,106414,6.0,246094000.0,3606000.0,344,124,2018-06-29 22:30:00
20180629 22:31,474.5,474.5,474.0,474.0,5324,106.0,106352,-62.0,251121000.0,5027000.0,774,3274,2018-06-29 22:31:00
20180629 22:32,474.0,474.0,474.0,474.0,5386,62.0,106344,-8.0,254060000.0,2939000.0,367,194,2018-06-29 22:32:00
20180629 22:33,474.0,474.0,473.5,473.5,5410,24.0,106320,-24.0,255196000.0,1136000.0,1805,2775,2018-06-29 22:33:00
20180629 22:35,473.5,473.5,473.5,473.5,5810,400.0,106656,336.0,274136000.0,18940000.0,1917,773,2018-06-29 22:35:00
20180629 22:36,473.5,473.5,473.5,473.5,5814,4.0,106660,4.0,274326000.0,190000.0,304,30,2018-06-29 22:36:00
20180629 22:37,473.5,473.5,473.5,473.5,5814,0.0,106660,0.0,274326000.0,0.0,675,860,2018-06-29 22:37:00
20180629 22:38,473.5,474.0,473.5,474.0,6160,346.0,106332,-328.0,290726000.0,16400000.0,639,655,2018-06-29 22:38:00
20180629 22:39,474.0,474.0,473.5,473.5,6182,22.0,106312,-20.0,291769000.0,1043000.0,102,146,2018-06-29 22:39:00
20180629 22:40,473.5,473.5,473.5,473.5,6182,0.0,106312,0.0,291769000.0,0.0,300,165,2018-06-29 22:40:00
20180629 22:41,473.5,473.5,473.5,473.5,6182,0.0,106312,0.0,291769000.0,0.0,231,79,2018-06-29 22:41:00
20180629 22:42,473.5,473.5,473.5,473.5,6182,0.0,106312,0.0,291769000.0,0.0,486,207,2018-06-29 22:42:00
20180629 22:43,473.5,473.5,473.5,473.5,6182,0.0,106312,0.0,291769000.0,0.0,43,25,2018-06-29 22:43:00
20180629 22:45,473.5,473.5,473.5,473.5,6182,0.0,106312,0.0,291769000.0,0.0,43,44,2018-06-29 22:45:00
20180629 22:46,473.5,473.5,473.5,473.5,6182,0.0,106312,0.0,291769000.0,0.0,83,184,2018-06-29 22:46:00
20180629 22:47,473.5,474.0,473.5,474.0,6558,376.0,106612,300.0,309591000.0,17822000.0,669,433,2018-06-29 22:47:00
20180629 22:48,474.0,474.0,474.0,474.0,6914,356.0,106330,-282.0,326465000.0,16874000.0,471,1295,2018-06-29 22:48:00
20180629 22:49,474.0,474.0,474.0,474.0,6928,14.0,106330,0.0,327129000.0,664000.0,398,459,2018-06-29 22:49:00
20180629 22:50,474.0,474.0,474.0,474.0,6928,0.0,106330,0.0,327129000.0,0.0,1087,339,2018-06-29 22:50:00
20180629 22:51,474.0,474.0,473.5,473.5,6930,2.0,106330,0.0,327224000.0,95000.0,672,275,2018-06-29 22:51:00
20180629 22:52,473.5,473.5,473.5,473.5,7622,692.0,106352,22.0,359990000.0,32766000.0,2327,640,2018-06-29 22:52:00
20180629 22:53,473.5,473.5,473.5,473.5,7624,2.0,106354,2.0,360085000.0,95000.0,3771,125,2018-06-29 22:53:00
20180629 22:54,473.5,473.5,473.5,473.5,7644,20.0,106346,-8.0,361032000.0,947000.0,1218,70,2018-06-29 22:54:00
20180629 22:55,473.5,473.5,473.5,473.5,8082,438.0,106514,168.0,381771000.0,20739000.0,2493,1178,2018-06-29 22:55:00
20180629 22:56,473.5,473.5,473.5,473.5,8082,0.0,106514,0.0,381771000.0,0.0,51,48,2018-06-29 22:56:00
20180629 22:57,473.5,473.5,473.5,473.5,8082,0.0,106514,0.0,381771000.0,0.0,102,94,2018-06-29 22:57:00
20180629 22:58,473.5,473.5,473.5,473.5,8082,0.0,106514,0.0,381771000.0,0.0,1020,525,2018-06-29 22:58:00
20180629 22:59,473.5,473.5,473.5,473.5,8082,0.0,106514,0.0,381771000.0,0.0,548,341,2018-06-29 22:59:00
20180629 23:00,473.5,473.5,473.5,473.5,8082,0.0,106514,0.0,381771000.0,0.0,225,188,2018-06-29 23:00:00
20180629 23:01,473.5,473.5,473.5,473.5,8082,0.0,106514,0.0,381771000.0,0.0,103,94,2018-06-29 23:01:00
20180629 23:02,473.5,473.5,473.5,473.5,8082,0.0,106514,0.0,381771000.0,0.0,586,480,2018-06-29 23:02:00
20180629 23:03,473.5,473.5,473.5,473.5,8082,0.0,106514,0.0,381771000.0,0.0,394,349,2018-06-29 23:03:00
20180629 23:04,473.5,473.5,473.5,473.5,8082,0.0,106514,0.0,381771000.0,0.0,51,51,2018-06-29 23:04:00
20180629 23:06,473.5,473.5,473.5,473.5,8082,0.0,106514,0.0,381771000.0,0.0,71,51,2018-06-29 23:06:00
20180629 23:07,473.5,473.5,473.5,473.5,8082,0.0,106514,0.0,381771000.0,0.0,139,102,2018-06-29 23:07:00
20180629 23:08,473.5,473.5,473.5,473.5,8086,4.0,106516,2.0,381960000.0,189000.0,138,99,2018-06-29 23:08:00
20180629 23:09,473.5,473.5,473.5,473.5,8086,0.0,106516,0.0,381960000.0,0.0,69,48,2018-06-29 23:09:00
20180629 23:11,473.5,473.5,473.5,473.5,8086,0.0,106516,0.0,381960000.0,0.0,686,1075,2018-06-29 23:11:00
20180629 23:12,473.5,474.0,473.5,474.0,8184,98.0,106566,50.0,386606000.0,4646000.0,368,293,2018-06-29 23:12:00
20180629 23:13,474.0,474.0,474.0,474.0,8558,374.0,106268,-298.0,404333000.0,17727000.0,951,606,2018-06-29 23:13:00
20180629 23:14,474.0,474.0,474.0,474.0,8558,0.0,106268,0.0,404333000.0,0.0,143,238,2018-06-29 23:14:00
20180629 23:15,474.0,474.0,473.5,473.5,8898,340.0,106542,274.0,420432000.0,16099000.0,692,437,2018-06-29 23:15:00
20180629 23:16,473.5,473.5,473.5,473.5,9326,428.0,106330,-212.0,440698000.0,20266000.0,864,757,2018-06-29 23:16:00
20180629 23:17,473.5,474.0,473.5,474.0,9340,14.0,106344,14.0,441362000.0,664000.0,239,301,2018-06-29 23:17:00
20180629 23:18,473.5,473.5,473.5,473.5,9370,30.0,106318,-26.0,442782000.0,1420000.0,120,18,2018-06-29 23:18:00
20180629 23:19,473.5,473.5,473.5,473.5,9374,4.0,106320,2.0,442971000.0,189000.0,734,240,2018-06-29 23:19:00
20180629 23:20,473.5,473.5,473.5,473.5,9374,0.0,106320,0.0,442971000.0,0.0,320,91,2018-06-29 23:20:00
20180629 23:21,473.5,473.5,473.5,473.5,9706,332.0,106582,262.0,458692000.0,15721000.0,495,530,2018-06-29 23:21:00
20180629 23:22,473.5,473.5,473.5,473.5,9706,0.0,106582,0.0,458692000.0,0.0,495,348,2018-06-29 23:22:00
20180629 23:23,473.5,473.5,473.5,473.5,9706,0.0,106582,0.0,458692000.0,0.0,330,432,2018-06-29 23:23:00
20180629 23:24,473.5,474.0,473.5,474.0,9708,2.0,106582,0.0,458786000.0,94000.0,221,174,2018-06-29 23:24:00
20180629 23:25,474.0,474.0,473.5,473.5,9710,2.0,106582,0.0,458881000.0,95000.0,681,116,2018-06-29 23:25:00
20180629 23:26,473.5,473.5,473.5,473.5,9714,4.0,106582,0.0,459071000.0,190000.0,741,329,2018-06-29 23:26:00
20180629 23:27,473.5,474.0,473.5,474.0,9718,4.0,106580,-2.0,459260000.0,189000.0,365,46,2018-06-29 23:27:00
20180629 23:29,474.0,474.0,473.0,473.5,9786,68.0,106558,-22.0,462480000.0,3220000.0,2745,203,2018-06-29 23:29:00
20180702 09:00,469.0,469.5,467.0,468.0,33584,23798.0,102174,-4384.0,1581400000.0,1118920000.0,1406,1291,2018-07-02 09:00:00
20180702 09:01,468.0,468.0,467.0,467.5,33672,88.0,102150,-24.0,1585510000.0,4110000.0,1476,1562,2018-07-02 09:01:00
20180702 09:02,467.5,467.5,465.5,466.5,34106,434.0,102040,-110.0,1605750000.0,20240000.0,2795,1567,2018-07-02 09:02:00
20180702 09:03,466.5,467.0,466.5,467.0,34176,70.0,102008,-32.0,1609020000.0,3270000.0,4580,2156,2018-07-02 09:03:00
20180702 09:04,467.0,467.5,467.0,467.0,34354,178.0,101990,-18.0,1617330000.0,8310000.0,4071,2788,2018-07-02 09:04:00
20180702 09:05,467.0,467.0,466.0,467.0,34566,212.0,101990,0.0,1627220000.0,9890000.0,3418,2861,2018-07-02 09:05:00
20180702 09:06,467.0,467.5,467.0,467.0,34584,18.0,101980,-10.0,1628060000.0,840000.0,512,81,2018-07-02 09:06:00
20180702 09:07,467.0,467.5,467.0,467.5,34620,36.0,101986,6.0,1629750000.0,1690000.0,1165,2791,2018-07-02 09:07:00
20180702 09:08,467.5,467.5,467.5,467.5,34620,0.0,101986,0.0,1629750000.0,0.0,1309,2263,2018-07-02 09:08:00
20180702 09:09,467.5,468.0,467.5,468.0,34656,36.0,101962,-24.0,1631430000.0,1680000.0,1009,2326,2018-07-02 09:09:00
20180702 09:10,468.0,468.0,467.5,467.5,34848,192.0,101964,2.0,1640410000.0,8980000.0,2101,2490,2018-07-02 09:10:00
20180702 09:11,467.5,467.5,467.5,467.5,34858,10.0,101968,4.0,1640880000.0,470000.0,2644,340,2018-07-02 09:11:00
20180702 09:12,467.5,468.5,467.5,468.0,35028,170.0,101912,-56.0,1648830000.0,7950000.0,3167,2224,2018-07-02 09:12:00
20180702 09:13,468.0,468.5,468.0,468.5,35080,52.0,101882,-30.0,1651270000.0,2440000.0,677,1395,2018-07-02 09:13:00
20180702 09:14,469.0,469.0,469.0,469.0,35448,368.0,101862,-20.0,1668520000.0,17250000.0,4305,1628,2018-07-02 09:14:00
20180702 09:15,469.0,469.0,469.0,469.0,35554,106.0,101918,56.0,1673500000.0,4980000.0,2152,811,2018-07-02 09:15:00
20180702 09:16,469.0,469.0,469.0,469.0,35574,20.0,101924,6.0,1674430000.0,930000.0,2660,1931,2018-07-02 09:16:00
20180702 09:17,469.0,469.0,468.5,469.0,35580,6.0,101924,0.0,1674720000.0,290000.0,1541,401,2018-07-02 09:17:00
20180702 09:18,469.0,469.0,469.0,469.0,35580,0.0,101924,0.0,1674720000.0,0.0,291,90,2018-07-02 09:18:00
20180702 09:19,469.0,469.0,468.5,468.5,35642,62.0,101950,26.0,1677620000.0,2900000.0,778,561,2018-07-02 09:19:00
20180702 09:20,468.5,468.5,468.0,468.0,35656,14.0,101950,0.0,1678280000.0,660000.0,1182,2906,2018-07-02 09:20:00
20180702 09:21,468.0,468.0,468.0,468.0,35656,0.0,101950,0.0,1678280000.0,0.0,1084,1377,2018-07-02 09:21:00
20180702 09:22,468.0,468.0,468.0,468.0,35696,40.0,101966,16.0,1680150000.0,1870000.0,2253,1851,2018-07-02 09:22:00
20180702 09:23,468.0,469.5,468.0,469.0,35840,144.0,101966,0.0,1686900000.0,6750000.0,1988,1022,2018-07-02 09:23:00
20180702 09:24,469.0,469.0,468.0,468.0,35888,48.0,102006,40.0,1689150000.0,2250000.0,1261,1876,2018-07-02 09:24:00
20180702 09:25,468.0,468.5,468.0,468.5,36070,182.0,102020,14.0,1697670000.0,8520000.0,2505,1390,2018-07-02 09:25:00
20180702 09:26,468.5,468.5,468.5,468.5,36092,22.0,102010,-10.0,1698700000.0,1030000.0,2792,3596,2018-07-02 09:26:00
20180702 09:27,468.5,468.5,468.5,468.5,36142,50.0,102032,22.0,1701050000.0,2350000.0,923,2706,2018-07-02 09:27:00
20180702 09:28,468.5,468.5,468.0,468.0,36154,12.0,102028,-4.0,1701610000.0,560000.0,1272,2768,2018-07-02 09:28:00
20180702 09:29,468.0,468.0,468.0,468.0,36154,0.0,102028,0.0,1701610000.0,0.0,1305,1291,2018-07-02 09:29:00
20180702 09:30,468.0,468.0,468.0,468.0,36154,0.0,102028,0.0,1701610000.0,0.0,662,365,2018-07-02 09:30:00
20180702 09:31,468.0,468.0,468.0,468.0,36156,2.0,102026,-2.0,1701700000.0,90000.0,1282,568,2018-07-02 09:31:00
20180702 09:32,468.0,468.0,468.0,468.0,36156,0.0,102026,0.0,1701700000.0,0.0,296,140,2018-07-02 09:32:00
20180702 09:33,468.0,468.0,468.0,468.0,36176,20.0,102014,-12.0,1702640000.0,940000.0,742,237,2018-07-02 09:33:00
20180702 09:34,468.0,469.0,468.0,469.0,36454,278.0,102030,16.0,1715650000.0,13010000.0,4005,2744,2018-07-02 09:34:00
20180702 09:35,469.0,469.0,469.0,469.0,36454,0.0,102030,0.0,1715650000.0,0.0,1043,325,2018-07-02 09:35:00
20180702 09:36,469.0,469.0,469.0,469.0,37088,634.0,101578,-452.0,1745390000.0,29740000.0,2681,2973,2018-07-02 09:36:00
20180702 09:37,469.0,469.0,468.0,468.0,37698,610.0,101156,-422.0,1773940000.0,28550000.0,2445,3266,2018-07-02 09:37:00
20180702 09:38,468.0,468.0,468.0,468.0,37698,0.0,101156,0.0,1773940000.0,0.0,450,196,2018-07-02 09:38:00
20180702 09:39,468.0,468.5,468.0,468.5,37700,2.0,101158,2.0,1774040000.0,100000.0,226,87,2018-07-02 09:39:00
20180702 09:40,468.5,468.5,468.5,468.5,37702,2.0,101158,0.0,1774130000.0,90000.0,147,66,2018-07-02 09:40:00
20180702 09:41,468.5,468.5,468.5,468.5,37964,262.0,101204,46.0,1786400000.0,12270000.0,1447,4746,2018-07-02 09:41:00
20180702 09:42,468.5,468.5,468.5,468.5,38112,148.0,101130,-74.0,1793340000.0,6940000.0,331,3322,2018-07-02 09:42:00
20180702 09:43,468.5,468.5,468.5,468.5,38114,2.0,101130,0.0,1793430000.0,90000.0,176,1722,2018-07-02 09:43:00
20180702 09:44,468.5,468.5,468.0,468.5,38186,72.0,101076,-54.0,1796800000.0,3370000.0,577,3410,2018-07-02 09:44:00
20180702 09:45,468.5,468.5,468.5,468.5,38188,2.0,101076,0.0,1796900000.0,100000.0,304,1387,2018-07-02 09:45:00
20180702 09:46,468.5,468.5,468.5,468.5,38192,4.0,101076,0.0,1797080000.0,180000.0,241,1015,2018-07-02 09:46:00
20180702 09:47,468.5,468.5,468.0,468.0,38194,2.0,101078,2.0,1797180000.0,100000.0,97,413,2018-07-02 09:47:00
20180702 09:48,468.0,468.0,468.0,468.0,38194,0.0,101078,0.0,1797180000.0,0.0,588,1876,2018-07-02 09:48:00
20180702 09:49,468.0,468.0,468.0,468.0,38194,0.0,101078,0.0,1797180000.0,0.0,335,1156,2018-07-02 09:49:00
20180702 09:50,468.0,468.0,468.0,468.0,38194,0.0,101078,0.0,1797180000.0,0.0,574,1729,2018-07-02 09:50:00
20180702 09:51,468.0,468.5,468.0,468.5,38200,6.0,101076,-2.0,1797460000.0,280000.0,697,2485,2018-07-02 09:51:00
20180702 09:52,468.5,468.5,468.5,468.5,38888,688.0,101140,64.0,1829690000.0,32230000.0,2936,4949,2018-07-02 09:52:00
20180702 09:53,468.5,468.5,468.5,468.5,38946,58.0,101094,-46.0,1832410000.0,2720000.0,1844,1454,2018-07-02 09:53:00
20180702 09:54,468.5,468.5,468.5,468.5,39566,620.0,101148,54.0,1861450000.0,29040000.0,1504,7728,2018-07-02 09:54:00
20180702 09:55,468.5,468.5,468.5,468.5,39808,242.0,101250,102.0,1872790000.0,11340000.0,3285,6206,2018-07-02 09:55:00
20180702 09:56,468.5,468.5,468.5,468.5,41156,1348.0,101096,-154.0,1935940000.0,63150000.0,3425,4061,2018-07-02 09:56:00
20180702 09:57,468.5,468.5,468.5,468.5,41808,652.0,101600,504.0,1966490000.0,30550000.0,2721,2487,2018-07-02 09:57:00
20180702 09:58,468.5,468.5,468.5,468.5,42192,384.0,101590,-10.0,1984480000.0,17990000.0,1227,1115,2018-07-02 09:58:00
20180702 09:59,468.5,468.5,468.5,468.5,42192,0.0,101590,0.0,1984480000.0,0.0,274,106,2018-07-02 09:59:00
20180702 10:00,468.5,468.5,468.5,468.5,43578,1386.0,102386,796.0,2049420000.0,64940000.0,3796,8493,2018-07-02 10:00:00
20180702 10:01,468.5,468.5,468.5,468.5,44246,668.0,102744,358.0,2080710000.0,31290000.0,3378,2247,2018-07-02 10:01:00
20180702 10:02,468.5,468.5,468.5,468.5,45048,802.0,102910,166.0,2118280000.0,37570000.0,2215,2791,2018-07-02 10:02:00
20180702 10:03,468.5,468.5,468.5,468.5,45052,4.0,102910,0.0,2118470000.0,190000.0,801,317,2018-07-02 10:03:00
20180702 10:04,468.5,468.5,468.5,468.5,45054,2.0,102910,0.0,2118570000.0,100000.0,2831,1857,2018-07-02 10:04:00
20180702 10:05,468.5,468.5,468.5,468.5,45778,724.0,103602,692.0,2152490000.0,33920000.0,2452,4816,2018-07-02 10:05:00
20180702 10:06,468.5,468.5,468.5,468.5,45778,0.0,103602,0.0,2152490000.0,0.0,908,501,2018-07-02 10:06:00
20180702 10:07,468.5,468.5,468.5,468.5,45778,0.0,103602,0.0,2152490000.0,0.0,468,226,2018-07-02 10:07:00
20180702 10:08,468.5,468.5,468.5,468.5,46046,268.0,103820,218.0,2165040000.0,12550000.0,1988,2231,2018-07-02 10:08:00
20180702 10:09,468.5,468.5,468.5,468.5,46046,0.0,103820,0.0,2165040000.0,0.0,214,78,2018-07-02 10:09:00
20180702 10:10,468.5,468.5,468.5,468.5,46050,4.0,103820,0.0,2165230000.0,190000.0,940,2108,2018-07-02 10:10:00
20180702 10:12,468.5,468.5,468.5,468.5,46050,0.0,103820,0.0,2165230000.0,0.0,157,812,2018-07-02 10:12:00
20180702 10:13,468.5,468.5,468.5,468.5,46842,792.0,103254,-566.0,2202330000.0,37100000.0,1336,2153,2018-07-02 10:13:00
20180702 10:14,468.5,468.5,468.0,468.0,46882,40.0,103214,-40.0,2204210000.0,1880000.0,631,1389,2018-07-02 10:14:00
20180702 10:30,468.0,468.0,468.0,468.0,46888,6.0,103208,-6.0,2204490000.0,280000.0,673,1082,2018-07-02 10:30:00
20180702 10:31,468.0,468.0,467.5,467.5,47604,716.0,103418,210.0,2238000000.0,33510000.0,2163,5065,2018-07-02 10:31:00
20180702 10:32,467.5,467.5,467.5,467.5,47604,0.0,103418,0.0,2238000000.0,0.0,348,630,2018-07-02 10:32:00
20180702 10:33,467.5,468.0,467.5,468.0,47608,4.0,103422,4.0,2238180000.0,180000.0,470,882,2018-07-02 10:33:00
20180702 10:34,468.0,468.0,468.0,468.0,47608,0.0,103422,0.0,2238180000.0,0.0,260,524,2018-07-02 10:34:00
20180702 10:35,467.5,468.0,467.5,468.0,48408,800.0,103426,4.0,2275590000.0,37410000.0,2838,6813,2018-07-02 10:35:00
20180702 10:36,468.0,468.0,468.0,468.0,48408,0.0,103426,0.0,2275590000.0,0.0,334,3540,2018-07-02 10:36:00
20180702 10:37,468.0,468.0,468.0,468.0,48588,180.0,103410,-16.0,2284010000.0,8420000.0,881,8818,2018-07-02 10:37:00
20180702 10:38,468.0,468.0,468.0,468.0,48588,0.0,103410,0.0,2284010000.0,0.0,331,2768,2018-07-02 10:38:00
20180702 10:39,468.0,468.0,468.0,468.0,48600,12.0,103400,-10.0,2284570000.0,560000.0,387,5538,2018-07-02 10:39:00
20180702 10:40,468.0,468.0,467.5,467.5,49706,1106.0,104352,952.0,2336300000.0,51730000.0,2542,6601,2018-07-02 10:40:00
20180702 10:41,467.5,467.5,467.5,467.5,49706,0.0,104352,0.0,2336300000.0,0.0,939,470,2018-07-02 10:41:00
20180702 10:42,467.5,467.5,467.5,467.5,51014,1308.0,103254,-1098.0,2397450000.0,61150000.0,5025,8382,2018-07-02 10:42:00
20180702 10:43,467.5,467.5,467.5,467.5,51014,0.0,103254,0.0,2397450000.0,0.0,246,84,2018-07-02 10:43:00
20180702 10:44,467.5,467.5,467.5,467.5,51014,0.0,103254,0.0,2397450000.0,0.0,957,453,2018-07-02 10:44:00
20180702 10:45,467.5,467.5,466.5,466.5,52440,1426.0,104356,1102.0,2464000000.0,66550000.0,3702,3314,2018-07-02 10:45:00
20180702 10:46,466.5,467.0,466.5,467.0,52844,404.0,104310,-46.0,2482860000.0,18860000.0,3871,2916,2018-07-02 10:46:00
20180702 10:47,467.0,467.5,467.0,467.5,52914,70.0,104328,18.0,2486130000.0,3270000.0,504,429,2018-07-02 10:47:00
20180702 10:48,467.5,467.5,467.0,467.0,53024,110.0,104338,10.0,2491270000.0,5140000.0,521,816,2018-07-02 10:48:00
20180702 10:49,467.0,467.0,467.0,467.0,53024,0.0,104338,0.0,2491270000.0,0.0,412,268,2018-07-02 10:49:00
20180702 10:50,467.0,467.0,467.0,467.0,53024,0.0,104338,0.0,2491270000.0,0.0,550,322,2018-07-02 10:50:00
20180702 10:51,467.0,467.0,467.0,467.0,53024,0.0,104338,0.0,2491270000.0,0.0,150,136,2018-07-02 10:51:00
20180702 10:52,467.0,467.0,466.5,466.5,54524,1500.0,103340,-998.0,2561250000.0,69980000.0,3732,5575,2018-07-02 10:52:00
20180702 10:53,466.5,466.5,466.5,466.5,54524,0.0,103340,0.0,2561250000.0,0.0,122,272,2018-07-02 10:53:00
20180702 10:54,466.5,466.5,466.5,466.5,54524,0.0,103340,0.0,2561250000.0,0.0,212,325,2018-07-02 10:54:00
20180702 10:55,466.5,466.5,466.0,466.0,54554,30.0,103324,-16.0,2562650000.0,1400000.0,402,484,2018-07-02 10:55:00
20180702 10:56,466.0,466.5,466.0,466.0,54564,10.0,103328,4.0,2563120000.0,470000.0,433,861,2018-07-02 10:56:00
20180702 10:57,466.0,467.0,466.0,467.0,54624,60.0,103322,-6.0,2565920000.0,2800000.0,398,503,2018-07-02 10:57:00
20180702 10:58,467.0,467.0,466.5,466.5,54634,10.0,103330,8.0,2566380000.0,460000.0,256,240,2018-07-02 10:58:00
20180702 10:59,466.5,466.5,466.5,466.5,55252,618.0,103562,232.0,2595210000.0,28830000.0,1320,2634,2018-07-02 10:59:00
20180702 11:00,466.5,466.5,466.0,466.0,55362,110.0,103548,-14.0,2600340000.0,5130000.0,924,1068,2018-07-02 11:00:00
20180702 11:01,466.0,466.0,466.0,466.0,55976,614.0,103176,-372.0,2628950000.0,28610000.0,1046,3636,2018-07-02 11:01:00
20180702 11:02,466.0,466.0,466.0,466.0,56782,806.0,103950,774.0,2666510000.0,37560000.0,1640,1905,2018-07-02 11:02:00
20180702 11:03,466.0,466.0,465.5,465.5,57542,760.0,103202,-748.0,2701890000.0,35380000.0,1771,2977,2018-07-02 11:03:00
20180702 11:04,465.5,465.5,465.5,465.5,57544,2.0,103202,0.0,2701990000.0,100000.0,788,264,2018-07-02 11:04:00
20180702 11:05,465.5,466.0,465.5,466.0,57646,102.0,103186,-16.0,2706740000.0,4750000.0,2761,1272,2018-07-02 11:05:00
20180702 11:06,466.0,466.0,466.0,466.0,57672,26.0,103192,6.0,2707950000.0,1210000.0,3060,1990,2018-07-02 11:06:00
20180702 11:07,466.0,466.0,466.0,466.0,57672,0.0,103192,0.0,2707950000.0,0.0,636,666,2018-07-02 11:07:00
20180702 11:08,466.0,466.0,466.0,466.0,58860,1188.0,103030,-162.0,2763310000.0,55360000.0,3756,3727,2018-07-02 11:08:00
20180702 11:09,466.0,466.0,466.0,466.0,58958,98.0,103058,28.0,2767880000.0,4570000.0,3481,2407,2018-07-02 11:09:00
20180702 11:10,466.0,466.0,466.0,466.0,59544,586.0,103362,304.0,2795190000.0,27310000.0,6805,3033,2018-07-02 11:10:00
20180702 11:11,466.0,466.0,466.0,466.0,60294,750.0,104076,714.0,2830140000.0,34950000.0,3538,8028,2018-07-02 11:11:00
20180702 11:12,466.0,466.0,466.0,466.0,60304,10.0,104084,8.0,2830600000.0,460000.0,1148,737,2018-07-02 11:12:00
20180702 11:13,466.0,466.0,465.5,465.5,60380,76.0,104108,24.0,2834140000.0,3540000.0,542,957,2018-07-02 11:13:00
20180702 11:14,465.5,465.5,464.5,465.0,60738,358.0,104226,118.0,2850790000.0,16650000.0,3213,1793,2018-07-02 11:14:00
20180702 11:15,465.0,465.5,465.0,465.5,61722,984.0,103550,-676.0,2896600000.0,45810000.0,8592,2802,2018-07-02 11:15:00
20180702 11:16,465.5,465.5,464.5,465.0,62766,1044.0,103182,-368.0,2945140000.0,48540000.0,1308,2782,2018-07-02 11:16:00
20180702 11:17,465.0,465.5,465.0,465.5,62772,6.0,103184,2.0,2945420000.0,280000.0,652,308,2018-07-02 11:17:00
20180702 11:18,465.5,465.5,465.0,465.5,62862,90.0,103162,-22.0,2949610000.0,4190000.0,1206,649,2018-07-02 11:18:00
20180702 11:19,465.5,465.5,465.5,465.5,62862,0.0,103162,0.0,2949610000.0,0.0,288,149,2018-07-02 11:19:00
20180702 11:20,465.5,465.5,465.5,465.5,62862,0.0,103162,0.0,2949610000.0,0.0,504,235,2018-07-02 11:20:00
20180702 11:21,465.5,465.5,465.5,465.5,63796,934.0,103526,364.0,2993090000.0,43480000.0,2604,1203,2018-07-02 11:21:00
20180702 11:22,465.5,465.5,465.5,465.5,63826,30.0,103526,0.0,2994490000.0,1400000.0,933,969,2018-07-02 11:22:00
20180702 11:23,465.5,466.0,465.5,466.0,63938,112.0,103540,14.0,2999700000.0,5210000.0,807,2751,2018-07-02 11:23:00
20180702 11:24,466.0,467.0,466.0,467.0,64040,102.0,103530,-10.0,3004460000.0,4760000.0,3463,1154,2018-07-02 11:24:00
20180702 11:25,467.0,467.0,466.5,466.5,64864,824.0,104270,740.0,3042900000.0,38440000.0,4687,2227,2018-07-02 11:25:00
20180702 11:26,466.5,466.5,466.5,466.5,65776,912.0,103890,-380.0,3085440000.0,42540000.0,4069,1528,2018-07-02 11:26:00
20180702 11:27,466.5,466.5,466.5,466.5,65786,10.0,103880,-10.0,3085910000.0,470000.0,2866,1802,2018-07-02 11:27:00
20180702 11:28,466.5,466.5,466.5,466.5,66666,880.0,104712,832.0,3126960000.0,41050000.0,1151,846,2018-07-02 11:28:00
20180702 11:29,466.5,467.0,466.0,466.0,66974,308.0,104704,-8.0,3141330000.0,14370000.0,3714,1664,2018-07-02 11:29:00
20180702 13:30,466.0,466.0,465.5,465.5,67726,752.0,104354,-350.0,3176360000.0,35030000.0,15276,4015,2018-07-02 13:30:00
20180702 13:31,465.5,465.5,465.0,465.5,67756,30.0,104354,0.0,3177760000.0,1400000.0,1320,1220,2018-07-02 13:31:00
20180702 13:32,465.5,465.5,465.5,465.5,67756,0.0,104354,0.0,3177760000.0,0.0,320,235,2018-07-02 13:32:00
20180702 13:33,465.5,465.5,465.0,465.0,70288,2532.0,103408,-946.0,3295500000.0,117740000.0,2585,5943,2018-07-02 13:33:00
20180702 13:34,465.0,465.0,465.0,465.0,70288,0.0,103408,0.0,3295500000.0,0.0,575,271,2018-07-02 13:34:00
20180702 13:35,465.0,465.0,465.0,465.0,70590,302.0,103368,-40.0,3309540000.0,14040000.0,1010,1028,2018-07-02 13:35:00
20180702 13:36,465.0,465.5,465.0,465.0,70596,6.0,103368,0.0,3309820000.0,280000.0,1139,1247,2018-07-02 13:36:00
20180702 13:37,465.0,465.0,465.0,465.0,70596,0.0,103368,0.0,3309820000.0,0.0,202,235,2018-07-02 13:37:00
20180702 13:38,465.0,465.0,465.0,465.0,72208,1612.0,101872,-1496.0,3384780000.0,74960000.0,2786,3278,2018-07-02 13:38:00
20180702 13:39,465.0,465.0,465.0,465.0,73388,1180.0,100920,-952.0,3439650000.0,54870000.0,1337,2964,2018-07-02 13:39:00
20180702 13:40,465.0,466.0,465.0,466.0,74644,1256.0,100696,-224.0,3498060000.0,58410000.0,1422,3952,2018-07-02 13:40:00
20180702 13:41,466.0,466.0,465.5,466.0,74778,134.0,100712,16.0,3504300000.0,6240000.0,375,4776,2018-07-02 13:41:00
20180702 13:42,466.0,466.0,466.0,466.0,74778,0.0,100712,0.0,3504300000.0,0.0,423,5133,2018-07-02 13:42:00
20180702 13:43,466.0,466.0,466.0,466.0,74818,40.0,100712,0.0,3506170000.0,1870000.0,174,192,2018-07-02 13:43:00
20180702 13:44,466.0,466.0,465.5,465.5,75364,546.0,101196,484.0,3531580000.0,25410000.0,1384,2299,2018-07-02 13:44:00
20180702 13:46,465.5,466.0,465.5,466.0,75474,110.0,101124,-72.0,3536710000.0,5130000.0,736,821,2018-07-02 13:46:00
20180702 13:47,466.0,466.0,466.0,466.0,75474,0.0,101124,0.0,3536710000.0,0.0,626,561,2018-07-02 13:47:00
20180702 13:48,465.5,465.5,465.5,465.5,75482,8.0,101132,8.0,3537080000.0,370000.0,355,221,2018-07-02 13:48:00
20180702 13:49,465.5,466.0,465.5,466.0,75484,2.0,101134,2.0,3537170000.0,90000.0,266,167,2018-07-02 13:49:00
20180702 13:50,466.0,466.0,466.0,466.0,75484,0.0,101134,0.0,3537170000.0,0.0,284,157,2018-07-02 13:50:00
20180702 13:51,466.0,466.0,466.0,466.0,75484,0.0,101134,0.0,3537170000.0,0.0,98,55,2018-07-02 13:51:00
20180702 13:52,466.0,466.0,466.0,466.0,76246,762.0,101002,-132.0,3572680000.0,35510000.0,3002,1923,2018-07-02 13:52:00
20180702 13:53,466.0,466.0,466.0,466.0,77246,1000.0,101774,772.0,3619280000.0,46600000.0,2331,2457,2018-07-02 13:53:00
20180702 13:54,466.0,466.0,465.0,465.0,77746,500.0,101930,156.0,3642540000.0,23260000.0,3113,2142,2018-07-02 13:54:00
20180702 13:55,465.0,465.0,464.5,464.5,77888,142.0,101990,60.0,3649140000.0,6600000.0,1074,2521,2018-07-02 13:55:00
20180702 13:56,464.5,465.0,464.5,464.5,78894,1006.0,102752,762.0,3695870000.0,46730000.0,2940,3068,2018-07-02 13:56:00
20180702 13:57,464.5,465.0,464.5,465.0,78914,20.0,102742,-10.0,3696800000.0,930000.0,1839,889,2018-07-02 13:57:00
20180702 13:58,465.0,465.0,465.0,465.0,78954,40.0,102746,4.0,3698660000.0,1860000.0,1837,1937,2018-07-02 13:58:00
20180702 13:59,465.0,466.0,465.0,466.0,79604,650.0,102588,-158.0,3728910000.0,30250000.0,4986,3755,2018-07-02 13:59:00
20180702 14:00,466.0,466.0,465.5,466.0,80584,980.0,102770,182.0,3774550000.0,45640000.0,5137,9141,2018-07-02 14:00:00
20180702 14:01,466.0,466.0,466.0,466.0,80584,0.0,102770,0.0,3774550000.0,0.0,4506,3960,2018-07-02 14:01:00
20180702 14:02,466.0,466.0,466.0,466.0,80584,0.0,102770,0.0,3774550000.0,0.0,952,425,2018-07-02 14:02:00
20180702 14:03,466.0,466.0,465.5,465.5,80588,4.0,102774,4.0,3774740000.0,190000.0,929,364,2018-07-02 14:03:00
20180702 14:04,465.5,465.5,465.0,465.5,81760,1172.0,103054,280.0,3829290000.0,54550000.0,3923,3407,2018-07-02 14:04:00
20180702 14:05,465.5,465.5,465.5,465.5,81760,0.0,103054,0.0,3829290000.0,0.0,1403,510,2018-07-02 14:05:00
20180702 14:06,465.5,465.5,465.5,465.5,81760,0.0,103054,0.0,3829290000.0,0.0,1263,471,2018-07-02 14:06:00
20180702 14:07,465.5,465.5,465.5,465.5,81760,0.0,103054,0.0,3829290000.0,0.0,471,167,2018-07-02 14:07:00
20180702 14:08,466.0,466.0,466.0,466.0,82824,1064.0,103814,760.0,3878880000.0,49590000.0,3798,1247,2018-07-02 14:08:00
20180702 14:09,466.0,466.0,466.0,466.0,82834,10.0,103822,8.0,3879340000.0,460000.0,313,1051,2018-07-02 14:09:00
20180702 14:10,466.0,466.0,466.0,466.0,82834,0.0,103822,0.0,3879340000.0,0.0,1585,1159,2018-07-02 14:10:00
20180702 14:11,466.0,466.0,466.0,466.0,82834,0.0,103822,0.0,3879340000.0,0.0,2436,1345,2018-07-02 14:11:00
20180702 14:12,466.0,466.0,466.0,466.0,83336,502.0,104308,486.0,3902740000.0,23400000.0,6258,2259,2018-07-02 14:12:00
20180702 14:13,466.0,466.0,466.0,466.0,83406,70.0,104328,20.0,3906000000.0,3260000.0,9407,5696,2018-07-02 14:13:00
20180702 14:14,466.0,466.0,466.0,466.0,83766,360.0,104648,320.0,3922770000.0,16770000.0,9358,3851,2018-07-02 14:14:00
20180702 14:15,466.0,466.0,465.0,465.5,84760,994.0,105268,620.0,3969040000.0,46270000.0,6881,2745,2018-07-02 14:15:00
20180702 14:16,465.5,465.5,465.5,465.5,84852,92.0,105316,48.0,3973330000.0,4290000.0,1825,3091,2018-07-02 14:16:00
20180702 14:17,465.5,465.5,465.0,465.0,84862,10.0,105312,-4.0,3973790000.0,460000.0,380,647,2018-07-02 14:17:00
20180702 14:18,465.0,465.0,465.0,465.0,84960,98.0,105310,-2.0,3978350000.0,4560000.0,1343,1254,2018-07-02 14:18:00
20180702 14:19,465.0,465.0,465.0,465.0,86562,1602.0,104922,-388.0,4052840000.0,74490000.0,4243,3812,2018-07-02 14:19:00
20180702 14:20,465.0,465.0,465.0,465.0,87176,614.0,104920,-2.0,4081390000.0,28550000.0,8722,2521,2018-07-02 14:20:00
20180702 14:21,465.0,465.5,465.0,465.5,87222,46.0,104874,-46.0,4083530000.0,2140000.0,1321,2551,2018-07-02 14:21:00
20180702 14:22,465.5,465.5,465.5,465.5,87222,0.0,104874,0.0,4083530000.0,0.0,166,499,2018-07-02 14:22:00
20180702 14:23,465.5,465.5,465.0,465.0,87750,528.0,104660,-214.0,4108090000.0,24560000.0,5504,1715,2018-07-02 14:23:00
20180702 14:24,465.0,465.0,464.5,464.5,87920,170.0,104722,62.0,4115980000.0,7890000.0,3371,1630,2018-07-02 14:24:00
20180702 14:25,464.5,465.5,464.5,465.0,88648,728.0,104658,-64.0,4149800000.0,33820000.0,5277,1891,2018-07-02 14:25:00
20180702 14:26,465.0,465.0,465.0,465.0,88648,0.0,104658,0.0,4149800000.0,0.0,2337,430,2018-07-02 14:26:00
20180702 14:27,465.0,465.0,465.0,465.0,88648,0.0,104658,0.0,4149800000.0,0.0,3020,1794,2018-07-02 14:27:00
20180702 14:28,465.0,465.0,465.0,465.0,88710,62.0,104674,16.0,4152690000.0,2890000.0,2063,1892,2018-07-02 14:28:00
20180702 14:29,465.0,465.0,465.0,465.0,88798,88.0,104630,-44.0,4156780000.0,4090000.0,1783,2822,2018-07-02 14:29:00
20180702 14:30,465.0,465.0,464.5,464.5,89416,618.0,104648,18.0,4185510000.0,28730000.0,4509,4590,2018-07-02 14:30:00
20180702 14:31,464.5,465.0,464.5,465.0,89480,64.0,104634,-14.0,4188490000.0,2980000.0,392,1824,2018-07-02 14:31:00
20180702 14:32,465.0,465.0,465.0,465.0,89486,6.0,104634,0.0,4188770000.0,280000.0,267,1487,2018-07-02 14:32:00
20180702 14:33,465.0,465.0,465.0,465.0,89558,72.0,104614,-20.0,4192120000.0,3350000.0,1885,1722,2018-07-02 14:33:00
20180702 14:34,465.0,465.0,465.0,465.0,89558,0.0,104614,0.0,4192120000.0,0.0,750,851,2018-07-02 14:34:00
20180702 14:35,465.0,465.0,465.0,465.0,89642,84.0,104648,34.0,4196020000.0,3900000.0,1026,2479,2018-07-02 14:35:00
20180702 14:36,465.0,465.0,464.5,464.5,90100,458.0,104812,164.0,4217300000.0,21280000.0,1177,4832,2018-07-02 14:36:00
20180702 14:37,464.5,465.0,464.5,465.0,90300,200.0,104812,0.0,4226590000.0,9290000.0,2699,3726,2018-07-02 14:37:00
20180702 14:38,465.0,465.0,464.5,464.5,90474,174.0,104694,-118.0,4234670000.0,8080000.0,1701,4015,2018-07-02 14:38:00
20180702 14:39,464.5,464.5,464.0,464.0,91018,544.0,104814,120.0,4259910000.0,25240000.0,4799,7235,2018-07-02 14:39:00
20180702 14:40,464.0,464.0,463.5,463.5,91026,8.0,104814,0.0,4260280000.0,370000.0,2038,1358,2018-07-02 14:40:00
20180702 14:41,463.5,463.5,462.5,462.5,91394,368.0,104874,60.0,4277310000.0,17030000.0,2495,3881,2018-07-02 14:41:00
20180702 14:42,462.5,463.5,462.5,463.5,91752,358.0,104828,-46.0,4293890000.0,16580000.0,2536,1161,2018-07-02 14:42:00
20180702 14:43,463.5,463.5,463.0,463.0,91754,2.0,104830,2.0,4293990000.0,100000.0,181,544,2018-07-02 14:43:00
20180702 14:44,463.0,463.0,463.0,463.0,91830,76.0,104820,-10.0,4297510000.0,3520000.0,2570,1458,2018-07-02 14:44:00
20180702 14:45,463.0,464.0,463.0,463.5,92130,300.0,104738,-82.0,4311400000.0,13890000.0,4482,691,2018-07-02 14:45:00
20180702 14:46,463.5,464.0,463.5,464.0,93110,980.0,105370,632.0,4356830000.0,45430000.0,4825,2516,2018-07-02 14:46:00
20180702 14:47,463.5,463.5,463.5,463.5,93112,2.0,105370,0.0,4356920000.0,90000.0,8934,1421,2018-07-02 14:47:00
20180702 14:48,463.5,463.5,463.5,463.5,93114,2.0,105370,0.0,4357010000.0,90000.0,11134,2810,2018-07-02 14:48:00
20180702 14:49,463.5,464.0,463.5,463.5,93148,34.0,105368,-2.0,4358590000.0,1580000.0,5620,1519,2018-07-02 14:49:00
20180702 14:50,463.5,464.5,463.5,464.5,94182,1034.0,105626,258.0,4406570000.0,47980000.0,5739,2224,2018-07-02 14:50:00
20180702 14:51,464.5,465.0,464.5,465.0,94220,38.0,105604,-22.0,4408340000.0,1770000.0,2173,881,2018-07-02 14:51:00
20180702 14:52,465.0,465.0,465.0,465.0,94280,60.0,105618,14.0,4411130000.0,2790000.0,6289,2314,2018-07-02 14:52:00
20180702 14:53,465.0,465.0,465.0,465.0,94280,0.0,105618,0.0,4411130000.0,0.0,1495,414,2018-07-02 14:53:00
20180702 14:54,465.0,465.0,465.0,465.0,94282,2.0,105620,2.0,4411220000.0,90000.0,2951,1419,2018-07-02 14:54:00
20180702 14:55,465.0,465.0,464.5,465.0,94810,528.0,106036,416.0,4435770000.0,24550000.0,2312,1408,2018-07-02 14:55:00
20180702 14:56,465.0,465.0,465.0,465.0,94810,0.0,106036,0.0,4435770000.0,0.0,1018,1335,2018-07-02 14:56:00
20180702 14:57,465.0,465.0,464.5,464.5,95762,952.0,106158,122.0,4480040000.0,44270000.0,1603,5403,2018-07-02 14:57:00
20180702 14:58,464.5,465.0,464.5,465.0,96376,614.0,106226,68.0,4508590000.0,28550000.0,903,3812,2018-07-02 14:58:00
20180702 14:59,465.0,465.5,465.0,465.5,96970,594.0,106150,-76.0,4536220000.0,27630000.0,2824,1831,2018-07-02 14:59:00
20180702 15:00,466.0,466.0,465.5,465.5,96976,6.0,106152,2.0,4536500000.0,280000.0,433,119,2018-07-02 15:00:00
20180702 20:59,473.0,473.0,473.0,473.0,4336,4336.0,104648,-1504.0,205093000.0,205093000.0,1,8,2018-07-02 20:59:00
20180702 21:00,474.0,474.0,473.0,473.0,5488,1152.0,103740,-908.0,259595000.0,54502000.0,1127,4507,2018-07-02 21:00:00
20180702 21:01,473.0,473.0,473.0,473.0,8128,2640.0,102386,-1354.0,384467000.0,124872000.0,1438,1194,2018-07-02 21:01:00
20180702 21:02,473.0,473.0,472.5,472.5,8794,666.0,101732,-654.0,415936000.0,31469000.0,2570,4614,2018-07-02 21:02:00
20180702 21:03,472.5,472.5,472.5,472.5,8794,0.0,101732,0.0,415936000.0,0.0,1329,1121,2018-07-02 21:03:00
20180702 21:04,472.5,472.5,471.5,472.0,8844,50.0,101700,-32.0,418296000.0,2360000.0,2198,3024,2018-07-02 21:04:00
20180702 21:05,472.0,472.0,472.0,472.0,8880,36.0,101674,-26.0,419995000.0,1699000.0,1375,3394,2018-07-02 21:05:00
20180702 21:06,472.0,472.5,472.0,472.5,8932,52.0,101640,-34.0,422452000.0,2457000.0,2180,8463,2018-07-02 21:06:00
20180702 21:07,472.5,472.5,472.5,472.5,8946,14.0,101640,0.0,423113000.0,661000.0,1604,2055,2018-07-02 21:07:00
20180702 21:08,472.5,472.5,472.5,472.5,8946,0.0,101640,0.0,423113000.0,0.0,833,371,2018-07-02 21:08:00
20180702 21:09,472.5,472.5,472.5,472.5,8946,0.0,101640,0.0,423113000.0,0.0,178,64,2018-07-02 21:09:00
20180702 21:10,472.5,472.5,472.5,472.5,8990,44.0,101626,-14.0,425192000.0,2079000.0,5151,12232,2018-07-02 21:10:00
20180702 21:11,472.5,472.5,472.5,472.5,9006,16.0,101638,12.0,425948000.0,756000.0,2341,8921,2018-07-02 21:11:00
20180702 21:12,472.5,472.5,472.5,472.5,9006,0.0,101638,0.0,425948000.0,0.0,251,922,2018-07-02 21:12:00
20180702 21:13,472.5,472.5,472.5,472.5,9006,0.0,101638,0.0,425948000.0,0.0,681,244,2018-07-02 21:13:00
20180702 21:14,472.5,472.5,472.5,472.5,9006,0.0,101638,0.0,425948000.0,0.0,159,118,2018-07-02 21:14:00
20180702 21:15,472.5,472.5,472.5,472.5,9022,16.0,101622,-16.0,426704000.0,756000.0,299,623,2018-07-02 21:15:00
20180702 21:16,472.5,472.5,472.0,472.0,9790,768.0,101618,-4.0,462954000.0,36250000.0,420,846,2018-07-02 21:16:00
20180702 21:17,472.0,472.0,471.5,471.5,10580,790.0,100852,-766.0,500203000.0,37249000.0,1501,2308,2018-07-02 21:17:00
20180702 21:18,471.5,471.5,471.5,471.5,10638,58.0,100842,-10.0,502937000.0,2734000.0,1889,1774,2018-07-02 21:18:00
20180702 21:19,471.5,471.5,471.0,471.0,10658,20.0,100822,-20.0,503880000.0,943000.0,1558,2578,2018-07-02 21:19:00
20180702 21:20,471.0,471.5,470.5,471.5,10930,272.0,100848,26.0,516698000.0,12818000.0,2655,3884,2018-07-02 21:20:00
20180702 21:21,471.5,471.5,471.5,471.5,11854,924.0,101430,582.0,560265000.0,43567000.0,5184,1987,2018-07-02 21:21:00
20180702 21:22,471.5,471.5,471.5,471.5,11870,16.0,101430,0.0,561019000.0,754000.0,1467,1931,2018-07-02 21:22:00
20180702 21:23,471.5,471.5,470.0,470.0,12788,918.0,100806,-624.0,604249000.0,43230000.0,6963,4540,2018-07-02 21:23:00
20180702 21:24,470.0,470.0,469.5,470.0,12986,198.0,100806,0.0,613552000.0,9303000.0,849,1069,2018-07-02 21:24:00
20180702 21:25,470.0,471.0,470.0,471.0,13092,106.0,100736,-70.0,618537000.0,4985000.0,2447,4257,2018-07-02 21:25:00
20180702 21:26,471.0,471.5,471.0,471.5,14390,1298.0,101700,964.0,679674000.0,61137000.0,7587,3398,2018-07-02 21:26:00
20180702 21:27,471.5,471.5,471.0,471.0,14450,60.0,101720,20.0,682500000.0,2826000.0,2181,544,2018-07-02 21:27:00
20180702 21:28,471.0,471.0,471.0,471.0,14450,0.0,101720,0.0,682500000.0,0.0,142,360,2018-07-02 21:28:00
20180702 21:29,471.0,471.0,471.0,471.0,15246,796.0,101150,-570.0,719991000.0,37491000.0,2242,5333,2018-07-02 21:29:00
20180702 21:30,471.0,471.0,470.0,470.0,15352,106.0,101108,-42.0,724975000.0,4984000.0,2816,6245,2018-07-02 21:30:00
20180702 21:31,470.0,470.0,469.5,470.0,15456,104.0,101142,34.0,729858000.0,4883000.0,2959,8475,2018-07-02 21:31:00
20180702 21:32,470.0,470.0,469.5,469.5,15460,4.0,101142,0.0,730046000.0,188000.0,1202,2702,2018-07-02 21:32:00
20180702 21:33,469.5,470.0,469.5,470.0,15462,2.0,101144,2.0,730140000.0,94000.0,314,264,2018-07-02 21:33:00
20180702 21:34,470.0,470.0,470.0,470.0,15462,0.0,101144,0.0,730140000.0,0.0,59,54,2018-07-02 21:34:00
20180702 21:35,470.0,470.0,470.0,470.0,15466,4.0,101144,0.0,730328000.0,188000.0,385,394,2018-07-02 21:35:00
20180702 21:36,470.0,470.0,470.0,470.0,15466,0.0,101144,0.0,730328000.0,0.0,56,74,2018-07-02 21:36:00
20180702 21:37,470.0,470.0,469.5,469.5,15512,46.0,101174,30.0,732488000.0,2160000.0,366,777,2018-07-02 21:37:00
20180702 21:38,469.5,470.0,469.5,470.0,15570,58.0,101180,6.0,735212000.0,2724000.0,912,741,2018-07-02 21:38:00
20180702 21:39,470.0,470.0,470.0,470.0,15638,68.0,101154,-26.0,738408000.0,3196000.0,482,1099,2018-07-02 21:39:00
20180702 21:40,470.0,470.0,469.5,469.5,15736,98.0,101196,42.0,743011000.0,4603000.0,1002,2529,2018-07-02 21:40:00
20180702 21:41,469.5,469.5,469.5,469.5,15738,2.0,101196,0.0,743105000.0,94000.0,178,1311,2018-07-02 21:41:00
20180702 21:42,469.5,469.5,469.5,469.5,15738,0.0,101196,0.0,743105000.0,0.0,28,174,2018-07-02 21:42:00
20180702 21:43,469.5,469.5,469.5,469.5,15738,0.0,101196,0.0,743105000.0,0.0,91,519,2018-07-02 21:43:00
20180702 21:44,469.5,469.5,469.0,469.0,15792,54.0,101154,-42.0,745637000.0,2532000.0,423,1572,2018-07-02 21:44:00
20180702 21:45,469.0,469.0,469.0,469.0,15792,0.0,101154,0.0,745637000.0,0.0,239,823,2018-07-02 21:45:00
20180702 21:46,469.0,469.0,468.0,468.5,16140,348.0,101086,-68.0,761942000.0,16305000.0,3189,3845,2018-07-02 21:46:00
20180702 21:47,468.5,468.5,468.5,468.5,16144,4.0,101086,0.0,762129000.0,187000.0,1205,2830,2018-07-02 21:47:00
20180702 21:48,468.5,469.0,468.5,469.0,16916,772.0,101680,594.0,798332000.0,36203000.0,1978,10992,2018-07-02 21:48:00
20180702 21:49,469.0,469.0,469.0,469.0,16916,0.0,101680,0.0,798332000.0,0.0,4467,2635,2018-07-02 21:49:00
20180702 21:50,469.0,469.0,468.5,469.0,17576,660.0,101044,-636.0,829284000.0,30952000.0,3761,1849,2018-07-02 21:50:00
20180702 21:51,469.0,469.0,469.0,469.0,17576,0.0,101044,0.0,829284000.0,0.0,562,1702,2018-07-02 21:51:00
20180702 21:52,469.0,469.0,469.0,469.0,17646,70.0,101068,24.0,832567000.0,3283000.0,697,2110,2018-07-02 21:52:00
20180702 21:53,469.0,469.0,469.0,469.0,17664,18.0,101084,16.0,833411000.0,844000.0,1980,1495,2018-07-02 21:53:00
20180702 21:54,469.0,469.0,469.0,469.0,17664,0.0,101084,0.0,833411000.0,0.0,703,220,2018-07-02 21:54:00
20180702 21:55,469.0,469.0,469.0,469.0,18372,708.0,101638,554.0,866617000.0,33206000.0,818,1669,2018-07-02 21:55:00
20180702 21:56,469.0,469.5,469.0,469.5,18438,66.0,101596,-42.0,869715000.0,3098000.0,1187,2529,2018-07-02 21:56:00
20180702 21:57,469.5,469.5,469.5,469.5,18438,0.0,101596,0.0,869715000.0,0.0,1277,949,2018-07-02 21:57:00
20180702 21:58,469.5,470.0,469.5,470.0,18552,114.0,101636,40.0,875073000.0,5358000.0,1309,1442,2018-07-02 21:58:00
20180702 21:59,470.0,470.0,470.0,470.0,18602,50.0,101660,24.0,877423000.0,2350000.0,1266,1122,2018-07-02 21:59:00
20180702 22:00,470.0,470.0,470.0,470.0,19498,896.0,101128,-532.0,919535000.0,42112000.0,3093,2702,2018-07-02 22:00:00
20180702 22:01,470.0,470.0,470.0,470.0,19506,8.0,101120,-8.0,919911000.0,376000.0,540,141,2018-07-02 22:01:00
20180702 22:02,470.0,470.0,470.0,470.0,19616,110.0,101218,98.0,925081000.0,5170000.0,1561,1386,2018-07-02 22:02:00
20180702 22:03,470.0,470.0,470.0,470.0,19616,0.0,101218,0.0,925081000.0,0.0,259,138,2018-07-02 22:03:00
20180702 22:04,470.0,470.0,470.0,470.0,19616,0.0,101218,0.0,925081000.0,0.0,664,372,2018-07-02 22:04:00
20180702 22:05,470.0,470.0,470.0,470.0,19636,20.0,101204,-14.0,926021000.0,940000.0,1453,1056,2018-07-02 22:05:00
20180702 22:06,470.0,470.0,470.0,470.0,19742,106.0,101200,-4.0,931003000.0,4982000.0,1741,1868,2018-07-02 22:06:00
20180702 22:07,470.0,470.0,470.0,470.0,19750,8.0,101208,8.0,931379000.0,376000.0,1986,1211,2018-07-02 22:07:00
20180702 22:08,470.0,470.0,470.0,470.0,19752,2.0,101210,2.0,931473000.0,94000.0,968,204,2018-07-02 22:08:00
20180702 22:09,470.0,470.0,470.0,470.0,19754,2.0,101212,2.0,931567000.0,94000.0,2046,348,2018-07-02 22:09:00
20180702 22:10,470.0,470.0,469.5,469.5,20396,642.0,101808,596.0,961709000.0,30142000.0,5558,2796,2018-07-02 22:10:00
20180702 22:11,469.5,469.5,469.5,469.5,21114,718.0,101292,-516.0,995419000.0,33710000.0,4513,2005,2018-07-02 22:11:00
20180702 22:12,469.5,469.5,469.5,469.5,21116,2.0,101292,0.0,995513000.0,94000.0,2298,818,2018-07-02 22:12:00
20180702 22:13,469.5,469.5,469.5,469.5,21116,0.0,101292,0.0,995513000.0,0.0,1565,552,2018-07-02 22:13:00
20180702 22:14,469.5,469.5,469.5,469.5,21116,0.0,101292,0.0,995513000.0,0.0,663,364,2018-07-02 22:14:00
20180702 22:15,469.5,469.5,469.5,469.5,21118,2.0,101292,0.0,995607000.0,94000.0,1851,911,2018-07-02 22:15:00
20180702 22:16,469.5,469.5,469.5,469.5,21118,0.0,101292,0.0,995607000.0,0.0,1531,962,2018-07-02 22:16:00
20180702 22:17,469.5,469.5,469.5,469.5,21118,0.0,101292,0.0,995607000.0,0.0,66,53,2018-07-02 22:17:00
20180702 22:18,469.5,469.5,469.5,469.5,21118,0.0,101292,0.0,995607000.0,0.0,67,53,2018-07-02 22:18:00
20180702 22:19,469.5,469.5,469.5,469.5,21118,0.0,101292,0.0,995607000.0,0.0,209,111,2018-07-02 22:19:00
20180702 22:22,469.5,469.5,469.5,469.5,21118,0.0,101292,0.0,995607000.0,0.0,71,61,2018-07-02 22:22:00
20180702 22:23,469.5,470.0,469.5,470.0,21120,2.0,101292,0.0,995701000.0,94000.0,266,244,2018-07-02 22:23:00
20180702 22:24,470.0,470.5,470.0,470.0,21344,224.0,101338,46.0,1006230000.0,10529000.0,1353,1265,2018-07-02 22:24:00
20180702 22:25,470.0,470.5,470.0,470.0,21462,118.0,101430,92.0,1011780000.0,5550000.0,1101,841,2018-07-02 22:25:00
20180702 22:26,470.0,470.0,470.0,470.0,22184,722.0,101718,288.0,1045710000.0,33930000.0,3115,4636,2018-07-02 22:26:00
20180702 22:27,470.0,470.0,470.0,470.0,22582,398.0,101914,196.0,1064420000.0,18710000.0,1554,3855,2018-07-02 22:27:00
20180702 22:28,470.0,470.0,470.0,470.0,23354,772.0,102020,106.0,1100700000.0,36280000.0,1507,3709,2018-07-02 22:28:00
20180702 22:29,470.0,470.0,470.0,470.0,23580,226.0,102026,6.0,1111320000.0,10620000.0,948,1611,2018-07-02 22:29:00
20180702 22:30,470.0,470.0,470.0,470.0,23704,124.0,101906,-120.0,1117150000.0,5830000.0,426,4594,2018-07-02 22:30:00
20180702 22:31,470.0,470.0,470.0,470.0,23880,176.0,102008,102.0,1125420000.0,8270000.0,1436,1672,2018-07-02 22:31:00
20180702 22:32,470.0,470.0,470.0,470.0,23898,18.0,102026,18.0,1126270000.0,850000.0,450,288,2018-07-02 22:32:00
20180702 22:33,470.0,470.0,470.0,470.0,24030,132.0,101952,-74.0,1132470000.0,6200000.0,1296,1199,2018-07-02 22:33:00
20180702 22:34,470.0,470.5,470.0,470.0,24372,342.0,102026,74.0,1148550000.0,16080000.0,2545,2568,2018-07-02 22:34:00
20180702 22:35,470.0,470.0,470.0,470.0,24792,420.0,101972,-54.0,1168290000.0,19740000.0,3189,1728,2018-07-02 22:35:00
20180702 22:36,470.0,470.0,470.0,470.0,24822,30.0,101944,-28.0,1169700000.0,1410000.0,344,2000,2018-07-02 22:36:00
20180702 22:37,470.0,470.0,470.0,470.0,24822,0.0,101944,0.0,1169700000.0,0.0,3433,2688,2018-07-02 22:37:00
20180702 22:38,470.0,470.0,470.0,470.0,24822,0.0,101944,0.0,1169700000.0,0.0,527,1188,2018-07-02 22:38:00
20180702 22:40,470.0,470.0,470.0,470.0,24822,0.0,101944,0.0,1169700000.0,0.0,97,194,2018-07-02 22:40:00
20180702 22:41,470.0,470.0,470.0,470.0,24834,12.0,101942,-2.0,1170260000.0,560000.0,133,354,2018-07-02 22:41:00
20180702 22:42,470.0,470.0,470.0,470.0,24834,0.0,101942,0.0,1170260000.0,0.0,44,118,2018-07-02 22:42:00
20180702 22:44,470.0,470.0,470.0,470.0,24834,0.0,101942,0.0,1170260000.0,0.0,117,335,2018-07-02 22:44:00
20180702 22:45,470.0,470.0,470.0,470.0,24904,70.0,102012,70.0,1173550000.0,3290000.0,571,1297,2018-07-02 22:45:00
20180702 22:46,470.0,470.0,469.5,469.5,25020,116.0,102024,12.0,1179000000.0,5450000.0,330,686,2018-07-02 22:46:00
20180702 22:47,469.5,469.5,469.5,469.5,25062,42.0,102056,32.0,1180970000.0,1970000.0,435,810,2018-07-02 22:47:00
20180702 22:48,469.5,469.5,469.5,469.5,25062,0.0,102056,0.0,1180970000.0,0.0,403,109,2018-07-02 22:48:00
20180702 22:50,469.5,469.5,469.5,469.5,25102,40.0,102030,-26.0,1182850000.0,1880000.0,389,190,2018-07-02 22:50:00
20180702 22:51,469.5,470.0,469.5,470.0,25186,84.0,102074,44.0,1186790000.0,3940000.0,555,607,2018-07-02 22:51:00
20180702 22:52,470.0,470.0,470.0,470.0,25186,0.0,102074,0.0,1186790000.0,0.0,84,100,2018-07-02 22:52:00
20180702 22:53,470.0,470.0,470.0,470.0,25188,2.0,102076,2.0,1186890000.0,100000.0,248,298,2018-07-02 22:53:00
20180702 22:54,470.0,470.0,470.0,470.0,25188,0.0,102076,0.0,1186890000.0,0.0,245,232,2018-07-02 22:54:00
20180702 22:55,470.0,470.5,470.0,470.5,25200,12.0,102066,-10.0,1187450000.0,560000.0,147,82,2018-07-02 22:55:00
20180702 22:56,470.5,470.5,470.5,470.5,25202,2.0,102064,-2.0,1187550000.0,100000.0,93,58,2018-07-02 22:56:00
20180702 22:57,470.5,470.5,470.5,470.5,25254,52.0,102090,26.0,1189990000.0,2440000.0,502,284,2018-07-02 22:57:00
20180702 22:58,471.0,471.0,470.5,470.5,25346,92.0,102044,-46.0,1194320000.0,4330000.0,510,505,2018-07-02 22:58:00
20180702 22:59,470.0,470.0,470.0,470.0,25348,2.0,102044,0.0,1194420000.0,100000.0,129,40,2018-07-02 22:59:00
20180702 23:00,470.0,470.5,470.0,470.5,25350,2.0,102044,0.0,1194510000.0,90000.0,287,146,2018-07-02 23:00:00
20180702 23:02,470.5,470.5,470.5,470.5,25354,4.0,102040,-4.0,1194700000.0,190000.0,179,141,2018-07-02 23:02:00
20180702 23:03,470.5,470.5,470.5,470.5,25356,2.0,102040,0.0,1194790000.0,90000.0,53,47,2018-07-02 23:03:00
20180702 23:04,470.0,470.0,470.0,470.0,25416,60.0,102030,-10.0,1197610000.0,2820000.0,82,284,2018-07-02 23:04:00
20180702 23:05,470.0,470.0,470.0,470.0,25416,0.0,102030,0.0,1197610000.0,0.0,19,53,2018-07-02 23:05:00
20180702 23:07,470.0,470.0,470.0,470.0,25416,0.0,102030,0.0,1197610000.0,0.0,44,162,2018-07-02 23:07:00
20180702 23:08,470.0,470.0,470.0,470.0,25538,122.0,102140,110.0,1203350000.0,5740000.0,359,577,2018-07-02 23:08:00
20180702 23:09,470.0,470.0,470.0,470.0,25550,12.0,102140,0.0,1203910000.0,560000.0,105,318,2018-07-02 23:09:00
20180702 23:10,470.0,470.0,470.0,470.0,25794,244.0,102138,-2.0,1215380000.0,11470000.0,524,471,2018-07-02 23:10:00
20180702 23:11,470.0,470.0,470.0,470.0,26616,822.0,102042,-96.0,1254010000.0,38630000.0,4645,3487,2018-07-02 23:11:00
20180702 23:12,470.0,470.0,470.0,470.0,27876,1260.0,102146,104.0,1313230000.0,59220000.0,6138,3794,2018-07-02 23:12:00
20180702 23:13,470.0,470.0,470.0,470.0,29962,2086.0,102132,-14.0,1411280000.0,98050000.0,11627,6648,2018-07-02 23:13:00
20180702 23:14,470.0,470.0,470.0,470.0,30340,378.0,101990,-142.0,1429040000.0,17760000.0,4385,3030,2018-07-02 23:14:00
20180702 23:15,470.0,470.5,470.0,470.5,30408,68.0,101970,-20.0,1432240000.0,3200000.0,962,1146,2018-07-02 23:15:00
20180702 23:16,470.5,470.5,470.5,470.5,30408,0.0,101970,0.0,1432240000.0,0.0,19,46,2018-07-02 23:16:00
20180702 23:17,470.5,470.5,470.5,470.5,30408,0.0,101970,0.0,1432240000.0,0.0,345,97,2018-07-02 23:17:00
20180702 23:18,470.5,470.5,470.0,470.0,30448,40.0,101980,10.0,1434120000.0,1880000.0,267,44,2018-07-02 23:18:00
20180702 23:19,470.0,470.0,470.0,470.0,30604,156.0,102124,144.0,1441450000.0,7330000.0,408,150,2018-07-02 23:19:00
20180702 23:20,470.0,470.0,470.0,470.0,30776,172.0,102004,-120.0,1449530000.0,8080000.0,1452,619,2018-07-02 23:20:00
20180702 23:21,470.0,470.0,470.0,470.0,30802,26.0,102004,0.0,1450760000.0,1230000.0,1613,788,2018-07-02 23:21:00
20180702 23:22,470.0,470.0,470.0,470.0,30982,180.0,102130,126.0,1459220000.0,8460000.0,2623,925,2018-07-02 23:22:00
20180702 23:23,470.0,470.0,470.0,470.0,31336,354.0,102156,26.0,1475850000.0,16630000.0,4203,1065,2018-07-02 23:23:00
20180702 23:24,470.0,470.0,470.0,470.0,31846,510.0,101986,-170.0,1499820000.0,23970000.0,3862,1955,2018-07-02 23:24:00
20180702 23:25,470.0,470.0,470.0,470.0,32786,940.0,101986,0.0,1544000000.0,44180000.0,4418,3055,2018-07-02 23:25:00
20180702 23:26,470.0,470.0,470.0,470.0,32858,72.0,101980,-6.0,1547390000.0,3390000.0,520,548,2018-07-02 23:26:00
20180702 23:27,470.0,470.0,470.0,470.0,32870,12.0,101968,-12.0,1547950000.0,560000.0,198,229,2018-07-02 23:27:00
20180702 23:28,470.0,470.0,469.0,469.0,32920,50.0,101978,10.0,1550300000.0,2350000.0,86,140,2018-07-02 23:28:00
20180702 23:29,469.0,469.0,469.0,469.0,32960,40.0,101984,6.0,1552180000.0,1880000.0,404,627,2018-07-02 23:29:00
20180703 09:00,466.5,467.0,466.5,467.0,64700,31740.0,107030,5046.0,3018340000.0,1466160000.0,1137,890,2018-07-03 09:00:00
20180703 09:01,467.0,467.5,467.0,467.0,64718,18.0,107040,10.0,3019180000.0,840000.0,437,501,2018-07-03 09:01:00
20180703 09:02,467.0,467.0,467.0,467.0,64840,122.0,107038,-2.0,3024880000.0,5700000.0,1280,1099,2018-07-03 09:02:00
20180703 09:03,467.0,467.0,467.0,467.0,64978,138.0,107042,4.0,3031320000.0,6440000.0,1368,3300,2018-07-03 09:03:00
20180703 09:04,467.0,467.0,467.0,467.0,64978,0.0,107042,0.0,3031320000.0,0.0,162,184,2018-07-03 09:04:00
20180703 09:05,467.0,467.0,467.0,467.0,65014,36.0,107062,20.0,3033010000.0,1690000.0,871,3793,2018-07-03 09:05:00
20180703 09:06,467.0,467.0,466.5,466.5,65168,154.0,107076,14.0,3040190000.0,7180000.0,1106,3441,2018-07-03 09:06:00
20180703 09:07,466.5,466.5,466.5,466.5,65172,4.0,107076,0.0,3040380000.0,190000.0,182,3618,2018-07-03 09:07:00
20180703 09:08,466.5,466.5,466.5,466.5,65628,456.0,107062,-14.0,3061650000.0,21270000.0,2323,4926,2018-07-03 09:08:00
20180703 09:09,466.5,466.5,466.5,466.5,65630,2.0,107062,0.0,3061740000.0,90000.0,448,46,2018-07-03 09:09:00
20180703 09:10,466.5,466.5,466.0,466.0,65742,112.0,107128,66.0,3066960000.0,5220000.0,877,762,2018-07-03 09:10:00
20180703 09:11,466.0,466.0,466.0,466.0,65744,2.0,107128,0.0,3067050000.0,90000.0,210,140,2018-07-03 09:11:00
20180703 09:12,466.0,466.0,466.0,466.0,65778,34.0,107160,32.0,3068640000.0,1590000.0,510,313,2018-07-03 09:12:00
20180703 09:13,466.0,466.0,466.0,466.0,65778,0.0,107160,0.0,3068640000.0,0.0,247,184,2018-07-03 09:13:00
20180703 09:14,466.0,466.0,466.0,466.0,65778,0.0,107160,0.0,3068640000.0,0.0,228,190,2018-07-03 09:14:00
20180703 09:15,466.0,466.0,466.0,466.0,65778,0.0,107160,0.0,3068640000.0,0.0,1163,733,2018-07-03 09:15:00
20180703 09:16,466.0,466.0,466.0,466.0,65778,0.0,107160,0.0,3068640000.0,0.0,477,826,2018-07-03 09:16:00
20180703 09:17,466.0,466.0,466.0,466.0,65786,8.0,107160,0.0,3069010000.0,370000.0,91,191,2018-07-03 09:17:00
20180703 09:18,466.0,466.0,466.0,466.0,65786,0.0,107160,0.0,3069010000.0,0.0,83,122,2018-07-03 09:18:00
20180703 09:19,466.0,466.5,466.0,466.5,65806,20.0,107172,12.0,3069940000.0,930000.0,775,2006,2018-07-03 09:19:00
20180703 09:20,466.5,466.5,466.5,466.5,65806,0.0,107172,0.0,3069940000.0,0.0,1056,2024,2018-07-03 09:20:00
20180703 09:21,466.5,466.5,466.5,466.5,65806,0.0,107172,0.0,3069940000.0,0.0,121,128,2018-07-03 09:21:00
20180703 09:22,466.5,466.5,465.5,465.5,65878,72.0,107136,-36.0,3073300000.0,3360000.0,2885,2568,2018-07-03 09:22:00
20180703 09:23,465.5,465.5,465.0,465.0,66794,916.0,107824,688.0,3115930000.0,42630000.0,5049,1422,2018-07-03 09:23:00
20180703 09:24,465.0,465.0,465.0,465.0,67654,860.0,107058,-766.0,3155920000.0,39990000.0,2034,3640,2018-07-03 09:24:00
20180703 09:25,465.0,466.0,465.0,466.0,67902,248.0,107180,122.0,3167470000.0,11550000.0,1302,1219,2018-07-03 09:25:00
20180703 09:26,466.0,466.0,466.0,466.0,68022,120.0,107166,-14.0,3173060000.0,5590000.0,2303,939,2018-07-03 09:26:00
20180703 09:27,466.0,466.0,466.0,466.0,68022,0.0,107166,0.0,3173060000.0,0.0,418,366,2018-07-03 09:27:00
20180703 09:28,466.0,466.0,466.0,466.0,68022,0.0,107166,0.0,3173060000.0,0.0,994,653,2018-07-03 09:28:00
20180703 09:29,466.0,466.0,466.0,466.0,68122,100.0,107136,-30.0,3177720000.0,4660000.0,1920,2039,2018-07-03 09:29:00
20180703 09:30,466.0,466.5,466.0,466.0,68860,738.0,107528,392.0,3212110000.0,34390000.0,5270,4169,2018-07-03 09:30:00
20180703 09:31,466.0,466.0,466.0,466.0,68984,124.0,107578,50.0,3217890000.0,5780000.0,1728,4700,2018-07-03 09:31:00
20180703 09:32,466.0,466.0,466.0,466.0,68984,0.0,107578,0.0,3217890000.0,0.0,974,2350,2018-07-03 09:32:00
20180703 09:33,466.0,466.0,466.0,466.0,69082,98.0,107586,8.0,3222460000.0,4570000.0,1068,2545,2018-07-03 09:33:00
20180703 09:34,466.0,466.0,466.0,466.0,69086,4.0,107586,0.0,3222640000.0,180000.0,3062,3317,2018-07-03 09:34:00
20180703 09:35,466.0,466.0,466.0,466.0,69184,98.0,107586,0.0,3227210000.0,4570000.0,748,2132,2018-07-03 09:35:00
20180703 09:36,466.0,466.0,466.0,466.0,69206,22.0,107586,0.0,3228230000.0,1020000.0,1300,1293,2018-07-03 09:36:00
20180703 09:37,466.0,466.0,465.5,465.5,70080,874.0,107484,-102.0,3268960000.0,40730000.0,2128,3076,2018-07-03 09:37:00
20180703 09:38,465.5,465.5,465.5,465.5,70080,0.0,107484,0.0,3268960000.0,0.0,631,1957,2018-07-03 09:38:00
20180703 09:39,465.5,465.5,465.5,465.5,70080,0.0,107484,0.0,3268960000.0,0.0,48,155,2018-07-03 09:39:00
20180703 09:40,465.5,466.0,465.5,466.0,70170,90.0,107504,20.0,3273160000.0,4200000.0,754,1569,2018-07-03 09:40:00
20180703 09:42,466.0,466.0,466.0,466.0,70170,0.0,107504,0.0,3273160000.0,0.0,258,632,2018-07-03 09:42:00
20180703 09:43,466.0,466.0,466.0,466.0,70170,0.0,107504,0.0,3273160000.0,0.0,96,250,2018-07-03 09:43:00
20180703 09:44,466.0,467.5,466.0,467.5,70522,352.0,107642,138.0,3289590000.0,16430000.0,1126,526,2018-07-03 09:44:00
20180703 09:45,467.5,467.5,467.5,467.5,71282,760.0,107636,-6.0,3325120000.0,35530000.0,1023,1272,2018-07-03 09:45:00
20180703 09:46,467.5,467.5,467.5,467.5,71282,0.0,107636,0.0,3325120000.0,0.0,2871,1016,2018-07-03 09:46:00
20180703 09:47,467.5,468.0,467.5,467.5,72158,876.0,107486,-150.0,3366080000.0,40960000.0,1318,2450,2018-07-03 09:47:00
20180703 09:48,467.5,467.5,467.5,467.5,72158,0.0,107486,0.0,3366080000.0,0.0,497,436,2018-07-03 09:48:00
20180703 09:49,467.5,468.0,467.5,468.0,72162,4.0,107484,-2.0,3366260000.0,180000.0,525,500,2018-07-03 09:49:00
20180703 09:50,468.0,468.0,468.0,468.0,72162,0.0,107484,0.0,3366260000.0,0.0,385,850,2018-07-03 09:50:00
20180703 09:51,468.0,468.0,468.0,468.0,72264,102.0,107498,14.0,3371040000.0,4780000.0,607,1080,2018-07-03 09:51:00
20180703 09:52,468.0,468.0,468.0,468.0,74842,2578.0,107760,262.0,3491690000.0,120650000.0,9883,6332,2018-07-03 09:52:00
20180703 09:53,468.0,468.0,468.0,468.0,75058,216.0,107724,-36.0,3501800000.0,10110000.0,3644,1327,2018-07-03 09:53:00
20180703 09:54,468.0,468.5,468.0,468.5,78066,3008.0,107782,58.0,3642640000.0,140840000.0,5826,8058,2018-07-03 09:54:00
20180703 09:55,468.5,468.5,468.0,468.0,78070,4.0,107778,-4.0,3642820000.0,180000.0,1181,2638,2018-07-03 09:55:00
20180703 09:56,468.0,468.0,468.0,468.0,78070,0.0,107778,0.0,3642820000.0,0.0,667,1447,2018-07-03 09:56:00
20180703 09:57,468.0,468.5,468.0,468.5,78086,16.0,107782,4.0,3643570000.0,750000.0,710,1691,2018-07-03 09:57:00
20180703 09:58,468.5,469.0,468.5,469.0,79550,1464.0,107734,-48.0,3712160000.0,68590000.0,3046,11228,2018-07-03 09:58:00
20180703 09:59,469.0,469.0,468.5,469.0,79596,46.0,107720,-14.0,3714320000.0,2160000.0,486,1566,2018-07-03 09:59:00
20180703 10:00,469.0,469.0,469.0,469.0,80652,1056.0,107482,-238.0,3763850000.0,49530000.0,4061,5280,2018-07-03 10:00:00
20180703 10:01,469.0,469.0,468.5,469.0,81806,1154.0,107606,124.0,3817910000.0,54060000.0,5761,10008,2018-07-03 10:01:00
20180703 10:02,469.0,469.0,468.5,468.5,83148,1342.0,108086,480.0,3880790000.0,62880000.0,8646,9196,2018-07-03 10:02:00
20180703 10:03,468.5,468.5,468.5,468.5,84738,1590.0,108402,316.0,3955280000.0,74490000.0,9943,5155,2018-07-03 10:03:00
20180703 10:04,468.5,468.5,468.0,468.5,84938,200.0,108424,22.0,3964650000.0,9370000.0,4922,7112,2018-07-03 10:04:00
20180703 10:05,468.5,469.0,468.5,469.0,84976,38.0,108444,20.0,3966430000.0,1780000.0,10477,9292,2018-07-03 10:05:00
20180703 10:06,469.0,469.0,469.0,469.0,84976,0.0,108444,0.0,3966430000.0,0.0,139,1085,2018-07-03 10:06:00
20180703 10:07,469.0,469.0,469.0,469.0,86608,1632.0,108476,32.0,4042970000.0,76540000.0,4826,6057,2018-07-03 10:07:00
20180703 10:08,469.0,469.0,468.5,468.5,87814,1206.0,108770,294.0,4099490000.0,56520000.0,2754,3751,2018-07-03 10:08:00
20180703 10:09,468.5,469.0,468.5,469.0,90002,2188.0,108632,-138.0,4202060000.0,102570000.0,6936,10981,2018-07-03 10:09:00
20180703 10:10,469.0,469.0,468.5,468.5,91410,1408.0,108214,-418.0,4268080000.0,66020000.0,4209,1708,2018-07-03 10:10:00
20180703 10:11,468.5,468.5,468.5,468.5,91484,74.0,108226,12.0,4271550000.0,3470000.0,3602,2068,2018-07-03 10:11:00
20180703 10:12,468.5,468.5,468.5,468.5,92190,706.0,107988,-238.0,4304630000.0,33080000.0,10381,4935,2018-07-03 10:12:00
20180703 10:13,468.5,468.5,468.5,468.5,92190,0.0,107988,0.0,4304630000.0,0.0,2410,3732,2018-07-03 10:13:00
20180703 10:14,468.5,468.5,468.5,468.5,92202,12.0,107984,-4.0,4305190000.0,560000.0,176,451,2018-07-03 10:14:00
20180703 10:30,468.5,469.0,468.5,469.0,93412,1210.0,107984,0.0,4361940000.0,56750000.0,3862,4355,2018-07-03 10:30:00
20180703 10:31,469.0,469.0,469.0,469.0,93412,0.0,107984,0.0,4361940000.0,0.0,302,292,2018-07-03 10:31:00
20180703 10:32,469.0,469.5,469.0,469.0,95290,1878.0,109336,1352.0,4450020000.0,88080000.0,1976,7758,2018-07-03 10:32:00
20180703 10:33,469.0,469.5,469.0,469.5,95576,286.0,109446,110.0,4463430000.0,13410000.0,2787,2132,2018-07-03 10:33:00
20180703 10:34,469.0,469.0,468.5,468.5,96290,714.0,109180,-266.0,4496920000.0,33490000.0,1942,2895,2018-07-03 10:34:00
20180703 10:35,468.5,469.0,468.5,468.5,96988,698.0,109498,318.0,4529650000.0,32730000.0,4297,3562,2018-07-03 10:35:00
20180703 10:36,468.5,469.0,468.5,469.0,97000,12.0,109498,0.0,4530210000.0,560000.0,594,1528,2018-07-03 10:36:00
20180703 10:37,469.0,469.0,468.5,468.5,97018,18.0,109500,2.0,4531050000.0,840000.0,6345,1552,2018-07-03 10:37:00
20180703 10:38,468.5,468.5,468.5,468.5,97024,6.0,109500,0.0,4531340000.0,290000.0,550,656,2018-07-03 10:38:00
20180703 10:39,468.5,469.5,468.5,469.5,98586,1562.0,109822,322.0,4604550000.0,73210000.0,6107,7807,2018-07-03 10:39:00
20180703 10:40,469.5,469.5,469.5,469.5,99676,1090.0,110546,724.0,4655730000.0,51180000.0,10851,5011,2018-07-03 10:40:00
20180703 10:41,469.5,469.5,469.0,469.0,99690,14.0,110540,-6.0,4656390000.0,660000.0,2968,453,2018-07-03 10:41:00
20180703 10:42,469.0,469.0,469.0,469.0,99700,10.0,110540,0.0,4656860000.0,470000.0,1701,177,2018-07-03 10:42:00
20180703 10:43,469.0,469.0,469.0,469.0,99700,0.0,110540,0.0,4656860000.0,0.0,411,321,2018-07-03 10:43:00
20180703 10:44,469.0,469.0,469.0,469.0,99700,0.0,110540,0.0,4656860000.0,0.0,306,148,2018-07-03 10:44:00
20180703 10:45,469.0,469.5,469.0,469.5,99712,12.0,110540,0.0,4657420000.0,560000.0,915,908,2018-07-03 10:45:00
20180703 10:46,469.5,469.5,469.0,469.0,99732,20.0,110546,6.0,4658360000.0,940000.0,894,758,2018-07-03 10:46:00
20180703 10:47,469.0,469.0,469.0,469.0,99732,0.0,110546,0.0,4658360000.0,0.0,97,40,2018-07-03 10:47:00
20180703 10:48,469.0,469.0,469.0,469.0,99732,0.0,110546,0.0,4658360000.0,0.0,204,100,2018-07-03 10:48:00
20180703 10:49,469.0,469.0,469.0,469.0,99732,0.0,110546,0.0,4658360000.0,0.0,214,83,2018-07-03 10:49:00
20180703 10:50,469.0,469.0,469.0,469.0,99732,0.0,110546,0.0,4658360000.0,0.0,622,270,2018-07-03 10:50:00
20180703 10:51,469.0,469.0,469.0,469.0,99732,0.0,110546,0.0,4658360000.0,0.0,592,281,2018-07-03 10:51:00
20180703 10:52,469.0,469.0,469.0,469.0,99732,0.0,110546,0.0,4658360000.0,0.0,204,103,2018-07-03 10:52:00
20180703 10:53,469.0,469.0,469.0,469.0,99732,0.0,110546,0.0,4658360000.0,0.0,595,273,2018-07-03 10:53:00
20180703 10:54,469.0,469.0,469.0,469.0,102528,2796.0,110706,160.0,4789490000.0,131130000.0,5747,7194,2018-07-03 10:54:00
20180703 10:55,469.0,469.0,469.0,469.0,102530,2.0,110706,0.0,4789580000.0,90000.0,376,1304,2018-07-03 10:55:00
20180703 10:56,469.0,469.0,469.0,469.0,102530,0.0,110706,0.0,4789580000.0,0.0,289,632,2018-07-03 10:56:00
20180703 10:57,469.0,469.0,469.0,469.0,102530,0.0,110706,0.0,4789580000.0,0.0,142,300,2018-07-03 10:57:00
20180703 10:58,468.5,468.5,468.5,468.5,102536,6.0,110704,-2.0,4789860000.0,280000.0,8448,3742,2018-07-03 10:58:00
20180703 10:59,468.5,468.5,468.5,468.5,102538,2.0,110704,0.0,4789960000.0,100000.0,8124,3129,2018-07-03 10:59:00
20180703 11:00,468.5,468.5,468.0,468.5,106294,3756.0,109762,-942.0,4965930000.0,175970000.0,12500,9994,2018-07-03 11:00:00
20180703 11:01,468.5,469.0,468.5,468.5,106774,480.0,109932,170.0,4988410000.0,22480000.0,6165,3325,2018-07-03 11:01:00
20180703 11:02,468.5,468.5,468.5,468.5,106882,108.0,109860,-72.0,4993470000.0,5060000.0,7575,3797,2018-07-03 11:02:00
20180703 11:03,468.5,468.5,468.5,468.5,109688,2806.0,109864,4.0,5124940000.0,131470000.0,13683,5431,2018-07-03 11:03:00
20180703 11:04,468.5,468.5,468.5,468.5,109874,186.0,109738,-126.0,5133650000.0,8710000.0,4797,2512,2018-07-03 11:04:00
20180703 11:05,468.5,468.5,468.0,468.0,110126,252.0,109774,36.0,5145460000.0,11810000.0,8373,7056,2018-07-03 11:05:00
20180703 11:06,468.0,468.5,468.0,468.0,111662,1536.0,110242,468.0,5217340000.0,71880000.0,8378,3870,2018-07-03 11:06:00
20180703 11:07,468.0,468.0,468.0,468.0,112764,1102.0,110352,110.0,5268910000.0,51570000.0,5630,10582,2018-07-03 11:07:00
20180703 11:08,468.0,468.0,468.0,468.0,114194,1430.0,111162,810.0,5335840000.0,66930000.0,5374,10941,2018-07-03 11:08:00
20180703 11:09,468.0,468.0,467.5,467.5,114986,792.0,111762,600.0,5372870000.0,37030000.0,7268,7938,2018-07-03 11:09:00
20180703 11:10,467.5,468.0,467.5,468.0,115020,34.0,111770,8.0,5374460000.0,1590000.0,6881,13880,2018-07-03 11:10:00
20180703 11:11,468.0,468.0,468.0,468.0,116004,984.0,111768,-2.0,5420510000.0,46050000.0,6800,13266,2018-07-03 11:11:00
20180703 11:12,468.0,468.0,468.0,468.0,116004,0.0,111768,0.0,5420510000.0,0.0,2987,5575,2018-07-03 11:12:00
20180703 11:13,468.0,468.0,468.0,468.0,116004,0.0,111768,0.0,5420510000.0,0.0,169,362,2018-07-03 11:13:00
20180703 11:14,468.0,468.0,468.0,468.0,116004,0.0,111768,0.0,5420510000.0,0.0,3868,5480,2018-07-03 11:14:00
20180703 11:15,468.0,468.0,468.0,468.0,116090,86.0,111744,-24.0,5424540000.0,4030000.0,5853,11057,2018-07-03 11:15:00
20180703 11:16,468.0,468.0,468.0,468.0,116090,0.0,111744,0.0,5424540000.0,0.0,1170,2912,2018-07-03 11:16:00
20180703 11:17,468.0,468.5,467.5,468.0,118100,2010.0,112866,1122.0,5518600000.0,94060000.0,6496,11376,2018-07-03 11:17:00
20180703 11:18,468.0,468.0,467.5,467.5,119298,1198.0,112422,-444.0,5574620000.0,56020000.0,3989,5528,2018-07-03 11:18:00
20180703 11:19,467.5,467.5,467.0,467.5,120520,1222.0,112456,34.0,5631750000.0,57130000.0,4270,6493,2018-07-03 11:19:00
20180703 11:20,467.5,467.5,467.0,467.0,121990,1470.0,111460,-996.0,5700470000.0,68720000.0,5143,6976,2018-07-03 11:20:00
20180703 11:21,467.0,467.0,467.0,467.0,124788,2798.0,111502,42.0,5831140000.0,130670000.0,8205,11442,2018-07-03 11:21:00
20180703 11:22,467.0,467.0,467.0,467.0,128424,3636.0,112296,794.0,6000940000.0,169800000.0,6714,15840,2018-07-03 11:22:00
20180703 11:23,467.0,467.0,467.0,467.0,128424,0.0,112296,0.0,6000940000.0,0.0,4924,5785,2018-07-03 11:23:00
20180703 11:24,467.0,467.0,467.0,467.0,129040,616.0,111740,-556.0,6029710000.0,28770000.0,5175,3971,2018-07-03 11:24:00
20180703 11:25,467.0,467.0,467.0,467.0,129046,6.0,111734,-6.0,6029990000.0,280000.0,2563,822,2018-07-03 11:25:00
20180703 11:26,467.0,467.0,467.0,467.0,129184,138.0,111720,-14.0,6036430000.0,6440000.0,4584,2100,2018-07-03 11:26:00
20180703 11:27,467.0,467.0,467.0,467.0,129462,278.0,111796,76.0,6049420000.0,12990000.0,2409,2318,2018-07-03 11:27:00
20180703 11:28,467.0,467.0,467.0,467.0,129560,98.0,111772,-24.0,6053990000.0,4570000.0,8374,3537,2018-07-03 11:28:00
20180703 11:29,467.0,467.0,467.0,467.0,129668,108.0,111774,2.0,6059040000.0,5050000.0,2514,373,2018-07-03 11:29:00
20180703 13:30,467.0,468.0,467.0,468.0,130618,950.0,111750,-24.0,6103450000.0,44410000.0,4932,4845,2018-07-03 13:30:00
20180703 13:31,468.0,468.0,468.0,468.0,131504,886.0,111700,-50.0,6144910000.0,41460000.0,4310,1869,2018-07-03 13:31:00
20180703 13:32,468.0,468.5,468.0,468.5,131566,62.0,111722,22.0,6147820000.0,2910000.0,3241,1199,2018-07-03 13:32:00
20180703 13:33,468.0,468.5,468.0,468.5,131886,320.0,111982,260.0,6162810000.0,14990000.0,5085,2386,2018-07-03 13:33:00
20180703 13:34,468.5,468.5,468.5,468.5,132112,226.0,112156,174.0,6173400000.0,10590000.0,3791,1840,2018-07-03 13:34:00
20180703 13:35,468.5,468.5,468.5,468.5,132122,10.0,112156,0.0,6173860000.0,460000.0,6464,5118,2018-07-03 13:35:00
20180703 13:36,468.5,468.5,468.5,468.5,132122,0.0,112156,0.0,6173860000.0,0.0,5712,5054,2018-07-03 13:36:00
20180703 13:37,468.5,468.5,468.5,468.5,132126,4.0,112156,0.0,6174050000.0,190000.0,4176,4156,2018-07-03 13:37:00
20180703 13:38,468.5,469.0,468.5,469.0,132696,570.0,112606,450.0,6200770000.0,26720000.0,4983,6478,2018-07-03 13:38:00
20180703 13:39,469.0,469.0,468.5,469.0,133178,482.0,112612,6.0,6223360000.0,22590000.0,5230,6649,2018-07-03 13:39:00
20180703 13:40,469.0,469.0,469.0,469.0,133438,260.0,112716,104.0,6235560000.0,12200000.0,3655,5620,2018-07-03 13:40:00
20180703 13:41,469.0,469.0,469.0,469.0,133440,2.0,112716,0.0,6235650000.0,90000.0,314,781,2018-07-03 13:41:00
20180703 13:42,469.0,469.0,469.0,469.0,133452,12.0,112704,-12.0,6236210000.0,560000.0,2212,4868,2018-07-03 13:42:00
20180703 13:43,469.0,469.0,469.0,469.0,133452,0.0,112704,0.0,6236210000.0,0.0,1494,5386,2018-07-03 13:43:00
20180703 13:44,469.0,469.0,468.5,468.5,134972,1520.0,112954,250.0,6307430000.0,71220000.0,2364,4332,2018-07-03 13:44:00
20180703 13:45,468.5,468.5,468.0,468.5,136162,1190.0,113392,438.0,6363180000.0,55750000.0,8618,4092,2018-07-03 13:45:00
20180703 13:46,468.5,468.5,468.5,468.5,136162,0.0,113392,0.0,6363180000.0,0.0,4241,4100,2018-07-03 13:46:00
20180703 13:47,468.5,468.5,468.5,468.5,136162,0.0,113392,0.0,6363180000.0,0.0,4445,1742,2018-07-03 13:47:00
20180703 13:48,468.5,468.5,468.0,468.0,136182,20.0,113410,18.0,6364110000.0,930000.0,4713,5712,2018-07-03 13:48:00
20180703 13:49,468.0,468.0,468.0,468.0,136182,0.0,113410,0.0,6364110000.0,0.0,2060,2885,2018-07-03 13:49:00
20180703 13:50,468.0,468.0,468.0,468.0,136848,666.0,113950,540.0,6395280000.0,31170000.0,4551,4292,2018-07-03 13:50:00
20180703 13:51,468.0,468.0,468.0,468.0,136848,0.0,113950,0.0,6395280000.0,0.0,3726,6090,2018-07-03 13:51:00
20180703 13:52,468.0,468.5,468.0,468.5,136850,2.0,113952,2.0,6395380000.0,100000.0,2894,5501,2018-07-03 13:52:00
20180703 13:53,468.5,468.5,468.0,468.0,136854,4.0,113956,4.0,6395560000.0,180000.0,7336,6565,2018-07-03 13:53:00
20180703 13:54,468.0,468.0,468.0,468.0,136854,0.0,113956,0.0,6395560000.0,0.0,5303,4467,2018-07-03 13:54:00
20180703 13:55,468.0,468.0,468.0,468.0,136856,2.0,113958,2.0,6395660000.0,100000.0,3921,5277,2018-07-03 13:55:00
20180703 13:56,468.0,468.0,468.0,468.0,136856,0.0,113958,0.0,6395660000.0,0.0,2803,2268,2018-07-03 13:56:00
20180703 13:57,468.0,468.0,468.0,468.0,136858,2.0,113960,2.0,6395750000.0,90000.0,1402,794,2018-07-03 13:57:00
20180703 13:58,468.0,468.5,468.0,468.5,136860,2.0,113960,0.0,6395850000.0,100000.0,2759,3190,2018-07-03 13:58:00
20180703 13:59,468.5,468.5,468.5,468.5,136860,0.0,113960,0.0,6395850000.0,0.0,1802,2767,2018-07-03 13:59:00
20180703 14:00,468.5,468.5,468.0,468.0,136872,12.0,113966,6.0,6396410000.0,560000.0,1420,1158,2018-07-03 14:00:00
20180703 14:01,468.0,468.5,468.0,468.5,136874,2.0,113966,0.0,6396500000.0,90000.0,8929,4871,2018-07-03 14:01:00
20180703 14:02,468.5,468.5,468.5,468.5,136874,0.0,113966,0.0,6396500000.0,0.0,3524,2416,2018-07-03 14:02:00
20180703 14:03,468.5,468.5,468.5,468.5,136874,0.0,113966,0.0,6396500000.0,0.0,3145,2989,2018-07-03 14:03:00
20180703 14:04,468.5,468.5,468.5,468.5,136894,20.0,113986,20.0,6397440000.0,940000.0,1360,2667,2018-07-03 14:04:00
20180703 14:05,468.5,468.5,468.5,468.5,136894,0.0,113986,0.0,6397440000.0,0.0,665,1215,2018-07-03 14:05:00
20180703 14:06,468.5,468.5,468.0,468.0,139532,2638.0,113756,-230.0,6520900000.0,123460000.0,8917,4895,2018-07-03 14:06:00
20180703 14:07,468.0,468.5,468.0,468.5,141972,2440.0,114076,320.0,6635090000.0,114190000.0,9397,8101,2018-07-03 14:07:00
20180703 14:08,468.5,468.5,468.5,468.5,141972,0.0,114076,0.0,6635090000.0,0.0,1740,1844,2018-07-03 14:08:00
20180703 14:09,468.5,468.5,467.5,468.0,143928,1956.0,114488,412.0,6726630000.0,91540000.0,9208,4919,2018-07-03 14:09:00
20180703 14:10,468.0,468.0,468.0,468.0,146474,2546.0,114330,-158.0,6845780000.0,119150000.0,15229,8778,2018-07-03 14:10:00
20180703 14:11,468.0,468.5,468.0,468.5,148926,2452.0,114624,294.0,6960540000.0,114760000.0,11781,7601,2018-07-03 14:11:00
20180703 14:12,468.5,468.5,468.5,468.5,148926,0.0,114624,0.0,6960540000.0,0.0,947,422,2018-07-03 14:12:00
20180703 14:13,468.5,468.5,468.5,468.5,150594,1668.0,114754,130.0,7038680000.0,78140000.0,9173,10723,2018-07-03 14:13:00
20180703 14:14,468.5,469.0,468.5,468.5,152194,1600.0,114682,-72.0,7113640000.0,74960000.0,7573,6595,2018-07-03 14:14:00
20180703 14:15,468.5,468.5,468.5,468.5,158232,6038.0,114770,88.0,7396520000.0,282880000.0,14731,17331,2018-07-03 14:15:00
20180703 14:16,468.5,468.5,468.5,468.5,161066,2834.0,115142,372.0,7529290000.0,132770000.0,10750,8069,2018-07-03 14:16:00
20180703 14:17,468.5,468.5,468.5,468.5,161066,0.0,115142,0.0,7529290000.0,0.0,5019,2257,2018-07-03 14:17:00
20180703 14:18,468.5,468.5,468.5,468.5,161066,0.0,115142,0.0,7529290000.0,0.0,2079,821,2018-07-03 14:18:00
20180703 14:19,468.5,468.5,468.5,468.5,161066,0.0,115142,0.0,7529290000.0,0.0,3253,4418,2018-07-03 14:19:00
20180703 14:20,468.5,468.5,468.5,468.5,161066,0.0,115142,0.0,7529290000.0,0.0,2376,3965,2018-07-03 14:20:00
20180703 14:21,468.5,468.5,468.5,468.5,161108,42.0,115142,0.0,7531260000.0,1970000.0,2046,2987,2018-07-03 14:21:00
20180703 14:22,468.5,468.5,468.5,468.5,161134,26.0,115122,-20.0,7532480000.0,1220000.0,2966,2913,2018-07-03 14:22:00
20180703 14:23,468.5,468.5,468.5,468.5,162946,1812.0,114966,-156.0,7617370000.0,84890000.0,6025,6160,2018-07-03 14:23:00
20180703 14:24,468.5,469.0,468.5,469.0,162952,6.0,114972,6.0,7617650000.0,280000.0,1570,2489,2018-07-03 14:24:00
20180703 14:25,469.0,469.0,468.5,468.5,163142,190.0,115148,176.0,7626560000.0,8910000.0,841,1734,2018-07-03 14:25:00
20180703 14:26,468.5,468.5,468.0,468.5,163314,172.0,115114,-34.0,7634610000.0,8050000.0,2427,3817,2018-07-03 14:26:00
20180703 14:27,468.5,468.5,468.5,468.5,167112,3798.0,114968,-146.0,7812550000.0,177940000.0,11704,11885,2018-07-03 14:27:00
20180703 14:28,468.5,468.5,468.5,468.5,167172,60.0,114948,-20.0,7815360000.0,2810000.0,1501,1245,2018-07-03 14:28:00
20180703 14:29,468.5,468.5,468.5,468.5,167192,20.0,114950,2.0,7816300000.0,940000.0,1625,1536,2018-07-03 14:29:00
20180703 14:30,468.5,468.5,468.5,468.5,167234,42.0,114962,12.0,7818260000.0,1960000.0,2706,2727,2018-07-03 14:30:00
20180703 14:31,468.5,468.5,468.5,468.5,168536,1302.0,115134,172.0,7879260000.0,61000000.0,6529,6429,2018-07-03 14:31:00
20180703 14:32,468.5,468.5,468.5,468.5,168588,52.0,115162,28.0,7881700000.0,2440000.0,2223,4548,2018-07-03 14:32:00
20180703 14:33,468.5,468.5,468.5,468.5,169370,782.0,115274,112.0,7918340000.0,36640000.0,4377,3251,2018-07-03 14:33:00
20180703 14:34,468.5,468.5,468.5,468.5,169950,580.0,115332,58.0,7945510000.0,27170000.0,3910,2350,2018-07-03 14:34:00
20180703 14:35,468.5,468.5,468.5,468.5,171648,1698.0,114790,-542.0,8025060000.0,79550000.0,5239,4397,2018-07-03 14:35:00
20180703 14:36,468.5,468.5,468.5,468.5,173974,2326.0,114934,144.0,8134030000.0,108970000.0,5543,6302,2018-07-03 14:36:00
20180703 14:37,468.5,468.5,468.5,468.5,173974,0.0,114934,0.0,8134030000.0,0.0,260,360,2018-07-03 14:37:00
20180703 14:38,468.5,468.5,468.5,468.5,173974,0.0,114934,0.0,8134030000.0,0.0,426,478,2018-07-03 14:38:00
20180703 14:39,468.5,468.5,468.5,468.5,173974,0.0,114934,0.0,8134030000.0,0.0,896,572,2018-07-03 14:39:00
20180703 14:40,468.5,468.5,468.5,468.5,173974,0.0,114934,0.0,8134030000.0,0.0,1894,1104,2018-07-03 14:40:00
20180703 14:41,468.5,468.5,468.5,468.5,173974,0.0,114934,0.0,8134030000.0,0.0,153,84,2018-07-03 14:41:00
20180703 14:42,468.5,468.5,468.5,468.5,173988,14.0,114934,0.0,8134690000.0,660000.0,3127,2906,2018-07-03 14:42:00
20180703 14:43,468.5,468.5,468.0,468.0,175780,1792.0,115428,494.0,8218560000.0,83870000.0,6060,8978,2018-07-03 14:43:00
20180703 14:44,468.0,468.0,468.0,468.0,175820,40.0,115436,8.0,8220430000.0,1870000.0,5536,2341,2018-07-03 14:44:00
20180703 14:45,468.0,468.0,467.0,467.5,176048,228.0,115442,6.0,8231090000.0,10660000.0,4046,2803,2018-07-03 14:45:00
20180703 14:46,467.5,468.0,467.5,467.5,176656,608.0,116024,582.0,8259510000.0,28420000.0,2228,1556,2018-07-03 14:46:00
20180703 14:47,467.5,467.5,467.5,467.5,177676,1020.0,116408,384.0,8307200000.0,47690000.0,5994,4038,2018-07-03 14:47:00
20180703 14:48,467.5,467.5,467.0,467.0,178250,574.0,116540,132.0,8334000000.0,26800000.0,6695,5432,2018-07-03 14:48:00
20180703 14:49,467.0,467.0,467.0,467.0,178442,192.0,116602,62.0,8342970000.0,8970000.0,4696,2874,2018-07-03 14:49:00
20180703 14:50,467.0,467.0,467.0,467.0,178762,320.0,116580,-22.0,8357910000.0,14940000.0,2442,1102,2018-07-03 14:50:00
20180703 14:51,467.0,467.0,467.0,467.0,178762,0.0,116580,0.0,8357910000.0,0.0,1216,215,2018-07-03 14:51:00
20180703 14:52,467.0,467.0,467.0,467.0,178804,42.0,116620,40.0,8359870000.0,1960000.0,1798,240,2018-07-03 14:52:00
20180703 14:53,467.0,467.5,467.0,467.0,179926,1122.0,116504,-116.0,8412270000.0,52400000.0,5831,6779,2018-07-03 14:53:00
20180703 14:54,467.0,467.0,467.0,467.0,179980,54.0,116504,0.0,8414790000.0,2520000.0,3620,9012,2018-07-03 14:54:00
20180703 14:55,467.0,467.5,467.0,467.5,180042,62.0,116490,-14.0,8417690000.0,2900000.0,1432,3175,2018-07-03 14:55:00
20180703 14:56,467.5,467.5,467.0,467.5,180108,66.0,116502,12.0,8420770000.0,3080000.0,1431,3091,2018-07-03 14:56:00
20180703 14:57,467.5,467.5,467.0,467.5,180158,50.0,116460,-42.0,8423110000.0,2340000.0,5032,11341,2018-07-03 14:57:00
20180703 14:58,467.5,467.5,467.0,467.0,180310,152.0,116504,44.0,8430210000.0,7100000.0,1887,7859,2018-07-03 14:58:00
20180703 14:59,466.5,467.0,466.0,466.0,182504,2194.0,116424,-80.0,8532560000.0,102350000.0,3246,14054,2018-07-03 14:59:00
20180703 15:00,466.0,466.0,466.0,466.0,182504,0.0,116424,0.0,8532560000.0,0.0,44,14,2018-07-03 15:00:00
20180703 20:59,466.5,466.5,466.5,466.5,3324,3324.0,103832,-12592.0,155065000.0,155065000.0,1,4,2018-07-03 20:59:00
20180703 21:00,466.5,466.5,465.5,465.5,3540,216.0,103776,-56.0,165122000.0,10057000.0,1545,3096,2018-07-03 21:00:00
20180703 21:01,465.5,465.5,465.5,465.5,3648,108.0,103862,86.0,170149000.0,5027000.0,1472,283,2018-07-03 21:01:00
20180703 21:02,465.5,465.5,465.0,465.0,3920,272.0,103800,-62.0,182803000.0,12654000.0,3598,2543,2018-07-03 21:02:00
20180703 21:03,465.0,465.0,464.5,465.0,4116,196.0,103770,-30.0,191914000.0,9111000.0,4704,1981,2018-07-03 21:03:00
20180703 21:04,465.0,465.0,465.0,465.0,4242,126.0,103726,-44.0,197773000.0,5859000.0,6188,3621,2018-07-03 21:04:00
20180703 21:05,465.0,465.0,465.0,465.0,4274,32.0,103742,16.0,199261000.0,1488000.0,4182,3507,2018-07-03 21:05:00
20180703 21:06,465.0,465.0,465.0,465.0,4352,78.0,103748,6.0,202888000.0,3627000.0,3817,2237,2018-07-03 21:06:00
20180703 21:07,465.0,466.0,465.0,466.0,4602,250.0,103756,8.0,214524000.0,11636000.0,5291,3347,2018-07-03 21:07:00
20180703 21:08,466.0,466.0,465.5,465.5,4858,256.0,103752,-4.0,226441000.0,11917000.0,2665,811,2018-07-03 21:08:00
20180703 21:09,465.5,465.5,465.5,465.5,5002,144.0,103730,-22.0,233144000.0,6703000.0,2439,1043,2018-07-03 21:09:00
20180703 21:10,465.5,465.5,465.5,465.5,5002,0.0,103730,0.0,233144000.0,0.0,436,380,2018-07-03 21:10:00
20180703 21:11,465.5,465.5,465.0,465.0,5062,60.0,103684,-46.0,235934000.0,2790000.0,750,611,2018-07-03 21:11:00
20180703 21:12,465.0,465.0,465.0,465.0,5062,0.0,103684,0.0,235934000.0,0.0,164,136,2018-07-03 21:12:00
20180703 21:13,465.0,465.0,465.0,465.0,5062,0.0,103684,0.0,235934000.0,0.0,106,96,2018-07-03 21:13:00
20180703 21:14,465.0,465.0,465.0,465.0,5062,0.0,103684,0.0,235934000.0,0.0,213,215,2018-07-03 21:14:00
20180703 21:15,465.0,465.0,465.0,465.0,5062,0.0,103684,0.0,235934000.0,0.0,128,123,2018-07-03 21:15:00
20180703 21:17,465.0,465.0,465.0,465.0,5062,0.0,103684,0.0,235934000.0,0.0,64,55,2018-07-03 21:17:00
20180703 21:18,465.0,465.0,465.0,465.0,5242,180.0,103722,38.0,244304000.0,8370000.0,4645,385,2018-07-03 21:18:00
20180703 21:19,465.0,465.0,465.0,465.0,5242,0.0,103722,0.0,244304000.0,0.0,3407,1896,2018-07-03 21:19:00
20180703 21:20,465.0,466.0,465.0,465.5,5434,192.0,103692,-30.0,253242000.0,8938000.0,3789,1603,2018-07-03 21:20:00
20180703 21:21,465.5,465.5,465.5,465.5,5450,16.0,103694,2.0,253987000.0,745000.0,2896,392,2018-07-03 21:21:00
20180703 21:22,466.0,466.0,465.5,465.5,5582,132.0,103708,14.0,260132000.0,6145000.0,1692,1867,2018-07-03 21:22:00
20180703 21:23,465.5,465.5,465.5,465.5,5692,110.0,103698,-10.0,265252000.0,5120000.0,113,680,2018-07-03 21:23:00
20180703 21:24,465.5,465.5,465.5,465.5,5692,0.0,103698,0.0,265252000.0,0.0,64,571,2018-07-03 21:24:00
20180703 21:25,465.5,465.5,465.5,465.5,5692,0.0,103698,0.0,265252000.0,0.0,1181,1179,2018-07-03 21:25:00
20180703 21:26,465.5,465.5,465.5,465.5,5692,0.0,103698,0.0,265252000.0,0.0,105,134,2018-07-03 21:26:00
20180703 21:27,465.5,465.5,465.5,465.5,5692,0.0,103698,0.0,265252000.0,0.0,268,298,2018-07-03 21:27:00
20180703 21:28,465.5,465.5,465.0,465.0,5706,14.0,103704,6.0,265903000.0,651000.0,628,721,2018-07-03 21:28:00
20180703 21:29,465.0,465.5,465.0,465.5,6040,334.0,103666,-38.0,281451000.0,15548000.0,7761,2638,2018-07-03 21:29:00
20180703 21:30,465.5,465.5,465.5,465.5,6290,250.0,103566,-100.0,293088000.0,11637000.0,6786,693,2018-07-03 21:30:00
20180703 21:31,466.0,466.0,466.0,466.0,6390,100.0,103502,-64.0,297748000.0,4660000.0,1525,181,2018-07-03 21:31:00
20180703 21:32,466.0,466.0,466.0,466.0,6390,0.0,103502,0.0,297748000.0,0.0,864,104,2018-07-03 21:32:00
20180703 21:33,466.0,466.0,465.5,465.5,6440,50.0,103534,32.0,300076000.0,2328000.0,1075,891,2018-07-03 21:33:00
20180703 21:34,465.5,465.5,465.5,465.5,6530,90.0,103568,34.0,304265000.0,4189000.0,3216,2520,2018-07-03 21:34:00
20180703 21:35,465.5,465.5,465.5,465.5,6634,104.0,103580,12.0,309106000.0,4841000.0,172,1122,2018-07-03 21:35:00
20180703 21:36,465.5,465.5,465.5,465.5,6660,26.0,103554,-26.0,310317000.0,1211000.0,693,2166,2018-07-03 21:36:00
20180703 21:37,465.5,465.5,465.5,465.5,6660,0.0,103554,0.0,310317000.0,0.0,539,1904,2018-07-03 21:37:00
20180703 21:38,465.5,465.5,465.5,465.5,6660,0.0,103554,0.0,310317000.0,0.0,83,346,2018-07-03 21:38:00
20180703 21:39,465.5,465.5,465.5,465.5,6686,26.0,103548,-6.0,311527000.0,1210000.0,900,3650,2018-07-03 21:39:00
20180703 21:40,465.5,465.5,465.5,465.5,8122,1436.0,104724,1176.0,378372000.0,66845000.0,6427,2957,2018-07-03 21:40:00
20180703 21:41,465.5,465.5,465.5,465.5,9444,1322.0,105894,1170.0,439912000.0,61540000.0,1704,4177,2018-07-03 21:41:00
20180703 21:42,465.5,465.5,465.5,465.5,9506,62.0,105842,-52.0,442798000.0,2886000.0,2087,757,2018-07-03 21:42:00
20180703 21:43,465.5,465.5,465.5,465.5,9506,0.0,105842,0.0,442798000.0,0.0,1100,113,2018-07-03 21:43:00
20180703 21:44,465.5,465.5,465.5,465.5,9506,0.0,105842,0.0,442798000.0,0.0,1935,240,2018-07-03 21:44:00
20180703 21:45,465.5,465.5,465.5,465.5,9506,0.0,105842,0.0,442798000.0,0.0,1662,196,2018-07-03 21:45:00
20180703 21:46,465.5,466.5,465.5,466.5,10512,1006.0,106138,296.0,489681000.0,46883000.0,4722,3083,2018-07-03 21:46:00
20180703 21:47,466.5,466.5,466.0,466.0,10680,168.0,106116,-22.0,497518000.0,7837000.0,3360,4501,2018-07-03 21:47:00
20180703 21:48,466.0,466.0,466.0,466.0,10680,0.0,106116,0.0,497518000.0,0.0,644,4161,2018-07-03 21:48:00
20180703 21:49,466.0,466.0,466.0,466.0,10680,0.0,106116,0.0,497518000.0,0.0,336,3089,2018-07-03 21:49:00
20180703 21:50,466.0,466.5,466.0,466.5,10778,98.0,106128,12.0,502090000.0,4572000.0,645,6001,2018-07-03 21:50:00
20180703 21:51,466.5,466.5,466.5,466.5,10882,104.0,106136,8.0,506942000.0,4852000.0,325,3778,2018-07-03 21:51:00
20180703 21:52,466.5,466.5,466.5,466.5,11078,196.0,106136,0.0,516085000.0,9143000.0,433,4598,2018-07-03 21:52:00
20180703 21:53,466.5,466.5,466.5,466.5,11284,206.0,106040,-96.0,525695000.0,9610000.0,526,5510,2018-07-03 21:53:00
20180703 21:54,466.5,466.5,466.5,466.5,12026,742.0,106224,184.0,560309000.0,34614000.0,1414,6750,2018-07-03 21:54:00
20180703 21:55,466.5,466.5,466.5,466.5,12076,50.0,106228,4.0,562642000.0,2333000.0,316,3077,2018-07-03 21:55:00
20180703 21:56,466.5,466.5,466.5,466.5,12944,868.0,106284,56.0,603134000.0,40492000.0,1269,8507,2018-07-03 21:56:00
20180703 21:57,466.5,466.5,466.0,466.5,15322,2378.0,106280,-4.0,714063000.0,110929000.0,4695,8563,2018-07-03 21:57:00
20180703 21:58,466.5,466.5,466.5,466.5,15322,0.0,106280,0.0,714063000.0,0.0,446,173,2018-07-03 21:58:00
20180703 21:59,466.5,466.5,466.5,466.5,15324,2.0,106282,2.0,714156000.0,93000.0,723,251,2018-07-03 21:59:00
20180703 22:00,466.5,466.5,466.5,466.5,15324,0.0,106282,0.0,714156000.0,0.0,715,285,2018-07-03 22:00:00
20180703 22:01,466.5,466.5,466.5,466.5,15358,34.0,106282,0.0,715742000.0,1586000.0,810,356,2018-07-03 22:01:00
20180703 22:02,466.5,466.5,466.5,466.5,15358,0.0,106282,0.0,715742000.0,0.0,265,66,2018-07-03 22:02:00
20180703 22:03,466.5,466.5,466.0,466.5,15960,602.0,106500,218.0,743822000.0,28080000.0,2281,3332,2018-07-03 22:03:00
20180703 22:04,466.5,466.5,466.5,466.5,16420,460.0,106398,-102.0,765281000.0,21459000.0,1926,1476,2018-07-03 22:04:00
20180703 22:05,466.5,466.5,466.5,466.5,16568,148.0,106250,-148.0,772185000.0,6904000.0,750,160,2018-07-03 22:05:00
20180703 22:06,466.5,466.5,466.5,466.5,17104,536.0,106484,234.0,797190000.0,25005000.0,5307,2134,2018-07-03 22:06:00
20180703 22:07,466.5,467.0,466.5,466.5,17310,206.0,106520,36.0,806800000.0,9610000.0,4054,2549,2018-07-03 22:07:00
20180703 22:08,466.5,466.5,466.5,466.5,17322,12.0,106520,0.0,807360000.0,560000.0,1205,823,2018-07-03 22:08:00
20180703 22:09,466.5,466.5,466.5,466.5,17326,4.0,106522,2.0,807547000.0,187000.0,505,332,2018-07-03 22:09:00
20180703 22:10,466.5,467.0,466.5,467.0,18378,1052.0,106404,-118.0,856675000.0,49128000.0,3022,2121,2018-07-03 22:10:00
20180703 22:11,467.0,467.0,467.0,467.0,18378,0.0,106404,0.0,856675000.0,0.0,549,163,2018-07-03 22:11:00
20180703 22:12,467.5,467.5,467.0,467.0,18486,108.0,106424,20.0,861723000.0,5048000.0,851,270,2018-07-03 22:12:00
20180703 22:13,467.0,467.0,467.0,467.0,18486,0.0,106424,0.0,861723000.0,0.0,450,130,2018-07-03 22:13:00
20180703 22:14,467.0,467.0,467.0,467.0,18486,0.0,106424,0.0,861723000.0,0.0,747,244,2018-07-03 22:14:00
20180703 22:15,467.0,467.0,467.0,467.0,18486,0.0,106424,0.0,861723000.0,0.0,149,55,2018-07-03 22:15:00
20180703 22:16,467.0,467.0,467.0,467.0,18486,0.0,106424,0.0,861723000.0,0.0,154,55,2018-07-03 22:16:00
20180703 22:17,467.5,467.5,467.5,467.5,18488,2.0,106424,0.0,861817000.0,94000.0,153,55,2018-07-03 22:17:00
20180703 22:19,467.5,467.5,467.5,467.5,18488,0.0,106424,0.0,861817000.0,0.0,306,111,2018-07-03 22:19:00
20180703 22:20,467.5,467.5,467.5,467.5,18488,0.0,106424,0.0,861817000.0,0.0,306,94,2018-07-03 22:20:00
20180703 22:21,467.5,467.5,467.5,467.5,18488,0.0,106424,0.0,861817000.0,0.0,306,99,2018-07-03 22:21:00
20180703 22:22,467.0,467.0,467.0,467.0,18494,6.0,106430,6.0,862097000.0,280000.0,459,150,2018-07-03 22:22:00
20180703 22:23,467.0,467.0,467.0,467.0,18496,2.0,106432,2.0,862190000.0,93000.0,933,280,2018-07-03 22:23:00
20180703 22:24,467.0,467.0,467.0,467.0,18546,50.0,106482,50.0,864525000.0,2335000.0,1808,463,2018-07-03 22:24:00
20180703 22:25,467.0,467.0,466.5,466.5,20096,1550.0,106440,-42.0,936910000.0,72385000.0,3029,3896,2018-07-03 22:25:00
20180703 22:26,466.5,466.5,466.5,466.5,20098,2.0,106442,2.0,937004000.0,94000.0,460,184,2018-07-03 22:26:00
20180703 22:27,466.5,466.5,466.5,466.5,20102,4.0,106446,4.0,937190000.0,186000.0,690,228,2018-07-03 22:27:00
20180703 22:28,466.5,466.5,466.5,466.5,20128,26.0,106448,2.0,938403000.0,1213000.0,2589,831,2018-07-03 22:28:00
20180703 22:29,466.5,467.0,466.5,466.5,20162,34.0,106448,0.0,939990000.0,1587000.0,1754,505,2018-07-03 22:29:00
20180703 22:30,466.5,466.5,466.5,466.5,20192,30.0,106448,0.0,941390000.0,1400000.0,2866,664,2018-07-03 22:30:00
20180703 22:31,466.5,466.5,466.5,466.5,20192,0.0,106448,0.0,941390000.0,0.0,510,125,2018-07-03 22:31:00
20180703 22:32,466.5,466.5,466.5,466.5,21670,1478.0,106558,110.0,1010340000.0,68950000.0,6402,2874,2018-07-03 22:32:00
20180703 22:33,466.5,466.5,466.5,466.5,21674,4.0,106562,4.0,1010530000.0,190000.0,1099,364,2018-07-03 22:33:00
20180703 22:34,466.5,466.5,466.5,466.5,21674,0.0,106562,0.0,1010530000.0,0.0,650,309,2018-07-03 22:34:00
20180703 22:35,466.5,466.5,466.5,466.5,21744,70.0,106538,-24.0,1013790000.0,3260000.0,3823,597,2018-07-03 22:35:00
20180703 22:36,466.5,466.5,466.5,466.5,25390,3646.0,106740,202.0,1183880000.0,170090000.0,4132,7023,2018-07-03 22:36:00
20180703 22:37,466.5,466.5,466.5,466.5,25400,10.0,106740,0.0,1184340000.0,460000.0,704,1929,2018-07-03 22:37:00
20180703 22:38,466.5,466.5,466.5,466.5,26602,1202.0,106660,-80.0,1240420000.0,56080000.0,2099,2949,2018-07-03 22:38:00
20180703 22:39,466.0,466.0,466.0,466.0,27910,1308.0,106788,128.0,1301370000.0,60950000.0,5480,2854,2018-07-03 22:39:00
20180703 22:40,466.0,466.0,466.0,466.0,28166,256.0,106912,124.0,1313300000.0,11930000.0,4455,501,2018-07-03 22:40:00
20180703 22:41,466.0,466.0,466.0,466.0,28264,98.0,106926,14.0,1317870000.0,4570000.0,4672,2945,2018-07-03 22:41:00
20180703 22:42,466.0,466.0,466.0,466.0,28426,162.0,106990,64.0,1325410000.0,7540000.0,4537,717,2018-07-03 22:42:00
20180703 22:43,466.0,466.0,466.0,466.0,28426,0.0,106990,0.0,1325410000.0,0.0,414,105,2018-07-03 22:43:00
20180703 22:44,466.0,466.0,466.0,466.0,28426,0.0,106990,0.0,1325410000.0,0.0,1301,661,2018-07-03 22:44:00
20180703 22:45,466.0,466.5,466.0,466.0,28466,40.0,106990,0.0,1327280000.0,1870000.0,1957,3044,2018-07-03 22:45:00
20180703 22:46,466.0,466.5,466.0,466.0,28470,4.0,106992,2.0,1327470000.0,190000.0,274,924,2018-07-03 22:46:00
20180703 22:47,466.0,466.0,466.0,466.0,29566,1096.0,106898,-94.0,1378540000.0,51070000.0,4919,3341,2018-07-03 22:47:00
20180703 22:48,466.0,466.0,466.0,466.0,29566,0.0,106898,0.0,1378540000.0,0.0,2195,820,2018-07-03 22:48:00
20180703 22:49,466.0,466.0,466.0,466.0,29566,0.0,106898,0.0,1378540000.0,0.0,766,480,2018-07-03 22:49:00
20180703 22:50,466.0,466.0,466.0,466.0,32880,3314.0,107124,226.0,1532970000.0,154430000.0,11364,6464,2018-07-03 22:50:00
20180703 22:51,466.0,466.0,466.0,466.0,32994,114.0,107076,-48.0,1538290000.0,5320000.0,6345,3769,2018-07-03 22:51:00
20180703 22:52,466.0,466.0,466.0,466.0,33008,14.0,107072,-4.0,1538940000.0,650000.0,1345,1770,2018-07-03 22:52:00
20180703 22:53,466.0,466.0,466.0,466.0,33008,0.0,107072,0.0,1538940000.0,0.0,532,717,2018-07-03 22:53:00
20180703 22:54,466.0,466.0,466.0,466.0,33008,0.0,107072,0.0,1538940000.0,0.0,672,882,2018-07-03 22:54:00
20180703 22:55,466.0,466.0,466.0,466.0,33020,12.0,107060,-12.0,1539500000.0,560000.0,1836,1697,2018-07-03 22:55:00
20180703 22:56,466.0,466.0,466.0,466.0,33020,0.0,107060,0.0,1539500000.0,0.0,1274,1839,2018-07-03 22:56:00
20180703 22:58,466.5,466.5,466.5,466.5,33862,842.0,107186,126.0,1578780000.0,39280000.0,1597,2008,2018-07-03 22:58:00
20180703 22:59,466.5,466.5,466.5,466.5,33862,0.0,107186,0.0,1578780000.0,0.0,157,604,2018-07-03 22:59:00
20180703 23:00,466.5,466.5,466.5,466.5,33946,84.0,107202,16.0,1582690000.0,3910000.0,1243,480,2018-07-03 23:00:00
20180703 23:01,466.5,466.5,466.5,466.5,35322,1376.0,107198,-4.0,1646890000.0,64200000.0,4504,2925,2018-07-03 23:01:00
20180703 23:02,466.5,466.5,466.5,466.5,35322,0.0,107198,0.0,1646890000.0,0.0,209,31,2018-07-03 23:02:00
20180703 23:03,466.5,467.0,466.5,467.0,35528,206.0,107230,32.0,1656510000.0,9620000.0,943,99,2018-07-03 23:03:00
20180703 23:04,467.0,467.0,467.0,467.0,36852,1324.0,107298,68.0,1718340000.0,61830000.0,3609,3217,2018-07-03 23:04:00
20180703 23:05,467.0,467.0,467.0,467.0,38918,2066.0,107146,-152.0,1814820000.0,96480000.0,5286,4362,2018-07-03 23:05:00
20180703 23:06,467.0,467.0,467.0,467.0,39910,992.0,107262,116.0,1861140000.0,46320000.0,2953,2411,2018-07-03 23:06:00
20180703 23:07,467.0,467.0,467.0,467.0,43522,3612.0,107282,20.0,2029830000.0,168690000.0,8069,6745,2018-07-03 23:07:00
20180703 23:08,467.0,467.0,467.0,467.0,43994,472.0,107248,-34.0,2051870000.0,22040000.0,2524,1558,2018-07-03 23:08:00
20180703 23:09,467.0,467.0,467.0,467.0,45406,1412.0,107090,-158.0,2117810000.0,65940000.0,5495,5786,2018-07-03 23:09:00
20180703 23:10,467.0,467.0,467.0,467.0,45834,428.0,107186,96.0,2137800000.0,19990000.0,573,3068,2018-07-03 23:10:00
20180703 23:11,467.0,467.0,466.5,467.0,46220,386.0,107048,-138.0,2155820000.0,18020000.0,3451,3373,2018-07-03 23:11:00
20180703 23:12,467.0,467.0,467.0,467.0,46420,200.0,107134,86.0,2165160000.0,9340000.0,543,1579,2018-07-03 23:12:00
20180703 23:13,467.0,467.0,467.0,467.0,46420,0.0,107134,0.0,2165160000.0,0.0,834,1325,2018-07-03 23:13:00
20180703 23:14,467.0,467.0,467.0,467.0,46420,0.0,107134,0.0,2165160000.0,0.0,294,757,2018-07-03 23:14:00
20180703 23:15,467.0,467.0,466.5,466.5,46422,2.0,107134,0.0,2165250000.0,90000.0,331,733,2018-07-03 23:15:00
20180703 23:16,466.5,467.0,466.5,467.0,46880,458.0,107096,-38.0,2186640000.0,21390000.0,1036,2589,2018-07-03 23:16:00
20180703 23:17,467.0,467.0,466.5,467.0,49622,2742.0,107050,-46.0,2314690000.0,128050000.0,3876,3452,2018-07-03 23:17:00
20180703 23:18,467.0,467.0,467.0,467.0,51980,2358.0,106962,-88.0,2424810000.0,110120000.0,4893,4709,2018-07-03 23:18:00
20180703 23:19,467.0,467.0,467.0,467.0,52944,964.0,107044,82.0,2469830000.0,45020000.0,2035,2562,2018-07-03 23:19:00
20180703 23:20,467.0,467.0,467.0,467.0,54986,2042.0,107056,12.0,2565190000.0,95360000.0,5774,8673,2018-07-03 23:20:00
20180703 23:21,467.0,467.0,467.0,467.0,55952,966.0,106878,-178.0,2610300000.0,45110000.0,3810,7184,2018-07-03 23:21:00
20180703 23:22,467.0,467.0,466.5,467.0,57662,1710.0,106964,86.0,2690080000.0,79780000.0,4486,4147,2018-07-03 23:22:00
20180703 23:23,467.0,467.0,466.5,466.5,58670,1008.0,107212,248.0,2737100000.0,47020000.0,3089,2016,2018-07-03 23:23:00
20180703 23:24,466.5,466.5,466.5,466.5,58844,174.0,107128,-84.0,2745220000.0,8120000.0,900,1360,2018-07-03 23:24:00
20180703 23:25,466.5,466.5,466.5,466.5,58888,44.0,107130,2.0,2747270000.0,2050000.0,1005,2178,2018-07-03 23:25:00
20180703 23:26,466.5,467.0,466.5,466.5,59802,914.0,107078,-52.0,2789910000.0,42640000.0,4286,1508,2018-07-03 23:26:00
20180703 23:27,466.5,467.0,466.5,467.0,61330,1528.0,106892,-186.0,2861190000.0,71280000.0,4278,3751,2018-07-03 23:27:00
20180703 23:28,467.0,467.0,466.5,466.5,61882,552.0,106946,54.0,2886950000.0,25760000.0,1902,1570,2018-07-03 23:28:00
20180703 23:29,466.5,466.5,466.0,466.5,64478,2596.0,107012,66.0,3007970000.0,121020000.0,2125,3712,2018-07-03 23:29:00
20180704 09:00,464.5,465.0,464.5,465.0,20886,20886.0,117684,10672.0,973878000.0,973878000.0,2178,6295,2018-07-04 09:00:00
20180704 09:01,465.0,465.0,465.0,465.0,20886,0.0,117684,0.0,973878000.0,0.0,1815,3137,2018-07-04 09:01:00
20180704 09:02,465.0,465.0,464.5,464.5,20906,20.0,117680,-4.0,974807000.0,929000.0,735,3237,2018-07-04 09:02:00
20180704 09:03,464.5,464.5,464.5,464.5,21142,236.0,117666,-14.0,985769000.0,10962000.0,1469,3924,2018-07-04 09:03:00
20180704 09:04,464.5,464.5,464.5,464.5,21172,30.0,117678,12.0,987162000.0,1393000.0,1656,1394,2018-07-04 09:04:00
20180704 09:05,464.5,465.0,464.5,465.0,21384,212.0,117708,30.0,997020000.0,9858000.0,636,1406,2018-07-04 09:05:00
20180704 09:06,465.0,465.0,465.0,465.0,21646,262.0,117630,-78.0,1009200000.0,12180000.0,2739,2134,2018-07-04 09:06:00
20180704 09:07,465.0,465.0,465.0,465.0,21646,0.0,117630,0.0,1009200000.0,0.0,806,510,2018-07-04 09:07:00
20180704 09:08,465.0,466.0,465.0,466.0,21910,264.0,117630,0.0,1021500000.0,12300000.0,2684,2278,2018-07-04 09:08:00
20180704 09:09,466.0,466.0,466.0,466.0,21982,72.0,117608,-22.0,1024860000.0,3360000.0,2073,1219,2018-07-04 09:09:00
20180704 09:10,466.0,466.0,465.5,465.5,22314,332.0,117706,98.0,1040320000.0,15460000.0,6493,3251,2018-07-04 09:10:00
20180704 09:11,465.5,465.5,465.5,465.5,22322,8.0,117706,0.0,1040690000.0,370000.0,3624,860,2018-07-04 09:11:00
20180704 09:12,465.5,465.5,465.5,465.5,22542,220.0,117738,32.0,1050940000.0,10250000.0,4313,1078,2018-07-04 09:12:00
20180704 09:13,465.5,465.5,465.5,465.5,22542,0.0,117738,0.0,1050940000.0,0.0,3097,608,2018-07-04 09:13:00
20180704 09:14,465.5,465.5,465.5,465.5,22700,158.0,117672,-66.0,1058290000.0,7350000.0,1395,1389,2018-07-04 09:14:00
20180704 09:15,465.5,465.5,465.0,465.0,22868,168.0,117684,12.0,1066100000.0,7810000.0,2110,5498,2018-07-04 09:15:00
20180704 09:16,465.0,465.0,465.0,465.0,22868,0.0,117684,0.0,1066100000.0,0.0,1826,6244,2018-07-04 09:16:00
20180704 09:17,465.0,465.0,465.0,465.0,22900,32.0,117662,-22.0,1067590000.0,1490000.0,888,2169,2018-07-04 09:17:00
20180704 09:18,465.0,465.5,465.0,465.5,23126,226.0,117660,-2.0,1078100000.0,10510000.0,1407,3301,2018-07-04 09:18:00
20180704 09:19,465.5,465.5,465.5,465.5,23310,184.0,117680,20.0,1086660000.0,8560000.0,982,1606,2018-07-04 09:19:00
20180704 09:20,465.5,465.5,465.5,465.5,23310,0.0,117680,0.0,1086660000.0,0.0,743,864,2018-07-04 09:20:00
20180704 09:21,465.5,465.5,465.0,465.5,23810,500.0,117680,0.0,1109940000.0,23280000.0,4473,5914,2018-07-04 09:21:00
20180704 09:22,465.5,465.5,465.5,465.5,23810,0.0,117680,0.0,1109940000.0,0.0,1139,1079,2018-07-04 09:22:00
20180704 09:23,465.5,465.5,465.5,465.5,23810,0.0,117680,0.0,1109940000.0,0.0,1179,2013,2018-07-04 09:23:00
20180704 09:24,465.5,465.5,465.5,465.5,23810,0.0,117680,0.0,1109940000.0,0.0,81,88,2018-07-04 09:24:00
20180704 09:25,465.5,465.5,465.5,465.5,23950,140.0,117638,-42.0,1116460000.0,6520000.0,3683,3408,2018-07-04 09:25:00
20180704 09:26,465.5,465.5,465.5,465.5,24040,90.0,117612,-26.0,1120650000.0,4190000.0,2892,2056,2018-07-04 09:26:00
20180704 09:27,465.5,465.5,465.5,465.5,24142,102.0,117712,100.0,1125390000.0,4740000.0,3462,1155,2018-07-04 09:27:00
20180704 09:28,465.5,465.5,465.5,465.5,24180,38.0,117736,24.0,1127160000.0,1770000.0,4576,1070,2018-07-04 09:28:00
20180704 09:29,465.5,465.5,465.5,465.5,24966,786.0,118326,590.0,1163750000.0,36590000.0,4498,2143,2018-07-04 09:29:00
20180704 09:30,465.5,465.5,465.5,465.5,25146,180.0,118412,86.0,1172130000.0,8380000.0,632,1368,2018-07-04 09:30:00
20180704 09:31,465.5,465.5,465.5,465.5,25254,108.0,118412,0.0,1177160000.0,5030000.0,827,1458,2018-07-04 09:31:00
20180704 09:32,465.5,465.5,465.5,465.5,26314,1060.0,117670,-742.0,1226500000.0,49340000.0,2644,3420,2018-07-04 09:32:00
20180704 09:33,465.5,465.5,465.5,465.5,27558,1244.0,118456,786.0,1284410000.0,57910000.0,5828,7141,2018-07-04 09:33:00
20180704 09:34,465.5,465.5,465.5,465.5,27832,274.0,118386,-70.0,1297160000.0,12750000.0,1520,2691,2018-07-04 09:34:00
20180704 09:35,465.5,465.5,465.5,465.5,27832,0.0,118386,0.0,1297160000.0,0.0,1017,596,2018-07-04 09:35:00
20180704 09:36,465.5,465.5,465.5,465.5,27832,0.0,118386,0.0,1297160000.0,0.0,1305,537,2018-07-04 09:36:00
20180704 09:37,465.5,465.5,465.5,465.5,27832,0.0,118386,0.0,1297160000.0,0.0,261,101,2018-07-04 09:37:00
20180704 09:38,465.5,465.5,465.5,465.5,27832,0.0,118386,0.0,1297160000.0,0.0,487,193,2018-07-04 09:38:00
20180704 09:39,465.5,465.5,465.5,465.5,27832,0.0,118386,0.0,1297160000.0,0.0,884,468,2018-07-04 09:39:00
20180704 09:40,465.5,466.0,465.5,466.0,27842,10.0,118380,-6.0,1297630000.0,470000.0,2254,7120,2018-07-04 09:40:00
20180704 09:41,466.0,466.0,466.0,466.0,27910,68.0,118378,-2.0,1300800000.0,3170000.0,1640,6526,2018-07-04 09:41:00
20180704 09:42,466.0,466.5,466.0,466.5,27920,10.0,118370,-8.0,1301270000.0,470000.0,714,3150,2018-07-04 09:42:00
20180704 09:43,466.5,466.5,466.0,466.0,27958,38.0,118372,2.0,1303040000.0,1770000.0,4220,2386,2018-07-04 09:43:00
20180704 09:44,466.0,466.5,466.0,466.5,28164,206.0,118514,142.0,1312640000.0,9600000.0,4671,599,2018-07-04 09:44:00
20180704 09:45,466.5,466.5,466.0,466.0,28200,36.0,118550,36.0,1314310000.0,1670000.0,1900,560,2018-07-04 09:45:00
20180704 09:46,466.0,466.0,466.0,466.0,29068,868.0,118928,378.0,1354760000.0,40450000.0,6621,3591,2018-07-04 09:46:00
20180704 09:47,466.0,466.0,466.0,466.0,29068,0.0,118928,0.0,1354760000.0,0.0,1997,3516,2018-07-04 09:47:00
20180704 09:48,466.0,466.0,466.0,466.0,29068,0.0,118928,0.0,1354760000.0,0.0,1746,1181,2018-07-04 09:48:00
20180704 09:49,466.0,466.0,465.5,465.5,29070,2.0,118928,0.0,1354860000.0,100000.0,1607,1155,2018-07-04 09:49:00
20180704 09:50,465.5,466.0,465.5,466.0,29380,310.0,119228,300.0,1369300000.0,14440000.0,941,2003,2018-07-04 09:50:00
20180704 09:51,466.0,466.0,466.0,466.0,29426,46.0,119232,4.0,1371440000.0,2140000.0,2489,3226,2018-07-04 09:51:00
20180704 09:52,466.0,466.5,466.0,466.5,29822,396.0,119444,212.0,1389900000.0,18460000.0,2455,5440,2018-07-04 09:52:00
20180704 09:53,466.5,466.5,466.5,466.5,29822,0.0,119444,0.0,1389900000.0,0.0,1913,3900,2018-07-04 09:53:00
20180704 09:54,466.5,466.5,466.0,466.0,30118,296.0,119698,254.0,1403690000.0,13790000.0,8033,3835,2018-07-04 09:54:00
20180704 09:55,466.0,466.5,466.0,466.5,30154,36.0,119678,-20.0,1405370000.0,1680000.0,3522,2022,2018-07-04 09:55:00
20180704 09:56,466.5,466.5,466.0,466.0,30176,22.0,119668,-10.0,1406400000.0,1030000.0,3132,2348,2018-07-04 09:56:00
20180704 09:57,466.0,466.0,466.0,466.0,30192,16.0,119668,0.0,1407140000.0,740000.0,1768,846,2018-07-04 09:57:00
20180704 09:58,466.0,466.0,466.0,466.0,30414,222.0,119626,-42.0,1417490000.0,10350000.0,1023,1802,2018-07-04 09:58:00
20180704 09:59,466.0,466.5,466.0,466.5,30570,156.0,119606,-20.0,1424760000.0,7270000.0,5059,5761,2018-07-04 09:59:00
20180704 10:00,466.5,467.0,466.5,466.5,30832,262.0,119638,32.0,1436990000.0,12230000.0,2581,5715,2018-07-04 10:00:00
20180704 10:01,466.5,466.5,466.0,466.5,30992,160.0,119634,-4.0,1444450000.0,7460000.0,1437,4760,2018-07-04 10:01:00
20180704 10:02,466.5,466.5,466.5,466.5,31252,260.0,119624,-10.0,1456580000.0,12130000.0,1422,6035,2018-07-04 10:02:00
20180704 10:03,466.5,466.5,466.5,466.5,31252,0.0,119624,0.0,1456580000.0,0.0,434,3077,2018-07-04 10:03:00
20180704 10:04,466.5,466.5,466.5,466.5,31252,0.0,119624,0.0,1456580000.0,0.0,578,4184,2018-07-04 10:04:00
20180704 10:05,466.5,466.5,466.5,466.5,31500,248.0,119600,-24.0,1468150000.0,11570000.0,1591,7513,2018-07-04 10:05:00
20180704 10:06,466.5,466.5,466.5,466.5,31710,210.0,119620,20.0,1477950000.0,9800000.0,1283,6713,2018-07-04 10:06:00
20180704 10:07,466.5,466.5,466.5,466.5,31710,0.0,119620,0.0,1477950000.0,0.0,241,778,2018-07-04 10:07:00
20180704 10:08,466.5,466.5,466.5,466.5,31710,0.0,119620,0.0,1477950000.0,0.0,276,1302,2018-07-04 10:08:00
20180704 10:09,466.5,466.5,466.5,466.5,31710,0.0,119620,0.0,1477950000.0,0.0,1131,1627,2018-07-04 10:09:00
20180704 10:10,466.0,466.0,466.0,466.0,31712,2.0,119620,0.0,1478040000.0,90000.0,548,539,2018-07-04 10:10:00
20180704 10:11,466.0,466.0,466.0,466.0,31712,0.0,119620,0.0,1478040000.0,0.0,663,704,2018-07-04 10:11:00
20180704 10:12,466.0,466.0,466.0,466.0,31722,10.0,119620,0.0,1478510000.0,470000.0,801,879,2018-07-04 10:12:00
20180704 10:13,466.0,466.0,466.0,466.0,31722,0.0,119620,0.0,1478510000.0,0.0,2026,1789,2018-07-04 10:13:00
20180704 10:14,466.0,466.5,466.0,466.0,31756,34.0,119608,-12.0,1480090000.0,1580000.0,2724,2517,2018-07-04 10:14:00
20180704 10:30,466.5,466.5,466.5,466.5,31946,190.0,119430,-178.0,1488960000.0,8870000.0,241,1378,2018-07-04 10:30:00
20180704 10:31,466.5,466.5,466.5,466.5,31962,16.0,119436,6.0,1489700000.0,740000.0,184,1684,2018-07-04 10:31:00
20180704 10:32,466.5,466.5,466.5,466.5,31962,0.0,119436,0.0,1489700000.0,0.0,359,1346,2018-07-04 10:32:00
20180704 10:33,466.5,466.5,466.5,466.5,31962,0.0,119436,0.0,1489700000.0,0.0,120,336,2018-07-04 10:33:00
20180704 10:34,466.5,466.5,466.5,466.5,31962,0.0,119436,0.0,1489700000.0,0.0,120,336,2018-07-04 10:34:00
20180704 10:35,466.5,466.5,466.5,466.5,31962,0.0,119436,0.0,1489700000.0,0.0,200,712,2018-07-04 10:35:00
20180704 10:36,466.5,466.5,466.5,466.5,31962,0.0,119436,0.0,1489700000.0,0.0,188,1068,2018-07-04 10:36:00
20180704 10:37,466.5,466.5,466.5,466.5,31962,0.0,119436,0.0,1489700000.0,0.0,283,1246,2018-07-04 10:37:00
20180704 10:38,466.5,466.5,466.0,466.0,31964,2.0,119436,0.0,1489800000.0,100000.0,1876,3069,2018-07-04 10:38:00
20180704 10:39,466.0,466.5,466.0,466.5,32752,788.0,119592,156.0,1526560000.0,36760000.0,4171,6026,2018-07-04 10:39:00
20180704 10:40,466.5,466.5,466.5,466.5,32752,0.0,119592,0.0,1526560000.0,0.0,928,694,2018-07-04 10:40:00
20180704 10:41,466.5,466.5,466.5,466.5,32752,0.0,119592,0.0,1526560000.0,0.0,677,613,2018-07-04 10:41:00
20180704 10:42,466.5,466.5,466.5,466.5,34212,1460.0,120616,1024.0,1594670000.0,68110000.0,4308,8149,2018-07-04 10:42:00
20180704 10:43,466.0,466.0,466.0,466.0,34214,2.0,120614,-2.0,1594760000.0,90000.0,2154,3744,2018-07-04 10:43:00
20180704 10:44,466.0,466.0,466.0,466.0,34214,0.0,120614,0.0,1594760000.0,0.0,1087,945,2018-07-04 10:44:00
20180704 10:45,466.0,466.5,466.0,466.5,36176,1962.0,121600,986.0,1686290000.0,91530000.0,6091,7461,2018-07-04 10:45:00
20180704 10:46,466.5,466.5,466.5,466.5,36678,502.0,121600,0.0,1709710000.0,23420000.0,3318,3408,2018-07-04 10:46:00
20180704 10:47,466.5,466.5,466.5,466.5,36682,4.0,121604,4.0,1709890000.0,180000.0,1208,1195,2018-07-04 10:47:00
20180704 10:48,466.5,466.5,466.0,466.0,36700,18.0,121598,-6.0,1710730000.0,840000.0,5397,2977,2018-07-04 10:48:00
20180704 10:49,466.0,466.0,466.0,466.0,36700,0.0,121598,0.0,1710730000.0,0.0,4538,2222,2018-07-04 10:49:00
20180704 10:50,466.0,466.0,466.0,466.0,36700,0.0,121598,0.0,1710730000.0,0.0,1089,896,2018-07-04 10:50:00
20180704 10:51,466.0,466.0,466.0,466.0,36700,0.0,121598,0.0,1710730000.0,0.0,177,154,2018-07-04 10:51:00
20180704 10:52,466.0,466.0,466.0,466.0,36700,0.0,121598,0.0,1710730000.0,0.0,1947,1329,2018-07-04 10:52:00
20180704 10:53,466.0,466.0,466.0,466.0,36700,0.0,121598,0.0,1710730000.0,0.0,2655,2053,2018-07-04 10:53:00
20180704 10:55,466.0,466.0,466.0,466.0,36700,0.0,121598,0.0,1710730000.0,0.0,173,156,2018-07-04 10:55:00
20180704 10:56,466.5,466.5,466.5,466.5,38124,1424.0,121520,-78.0,1777160000.0,66430000.0,8311,7911,2018-07-04 10:56:00
20180704 10:57,466.5,466.5,466.5,466.5,38124,0.0,121520,0.0,1777160000.0,0.0,166,623,2018-07-04 10:57:00
20180704 10:58,466.5,466.5,466.5,466.5,38124,0.0,121520,0.0,1777160000.0,0.0,1557,3407,2018-07-04 10:58:00
20180704 10:59,466.5,466.5,466.5,466.5,38124,0.0,121520,0.0,1777160000.0,0.0,688,2039,2018-07-04 10:59:00
20180704 11:00,466.5,466.5,466.5,466.5,38124,0.0,121520,0.0,1777160000.0,0.0,1396,5111,2018-07-04 11:00:00
20180704 11:01,466.5,466.5,465.5,465.5,38168,44.0,121526,6.0,1779210000.0,2050000.0,1793,2340,2018-07-04 11:01:00
20180704 11:02,465.5,466.0,465.5,466.0,40810,2642.0,120842,-684.0,1902330000.0,123120000.0,7842,9038,2018-07-04 11:02:00
20180704 11:03,466.0,466.0,466.0,466.0,41902,1092.0,121054,212.0,1953210000.0,50880000.0,6049,3527,2018-07-04 11:03:00
20180704 11:04,466.0,466.0,466.0,466.0,41902,0.0,121054,0.0,1953210000.0,0.0,376,1850,2018-07-04 11:04:00
20180704 11:05,466.0,466.0,466.0,466.0,41902,0.0,121054,0.0,1953210000.0,0.0,421,1865,2018-07-04 11:05:00
20180704 11:06,466.0,466.0,466.0,466.0,41902,0.0,121054,0.0,1953210000.0,0.0,860,3121,2018-07-04 11:06:00
20180704 11:07,466.0,466.5,466.0,466.5,42084,182.0,121066,12.0,1961710000.0,8500000.0,1172,3479,2018-07-04 11:07:00
20180704 11:08,466.5,466.5,466.5,466.5,42084,0.0,121066,0.0,1961710000.0,0.0,152,600,2018-07-04 11:08:00
20180704 11:09,466.5,467.0,466.5,467.0,42362,278.0,120848,-218.0,1974680000.0,12970000.0,6843,3005,2018-07-04 11:09:00
20180704 11:10,467.0,467.0,467.0,467.0,42366,4.0,120848,0.0,1974870000.0,190000.0,1993,1468,2018-07-04 11:10:00
20180704 11:11,467.0,467.0,467.0,467.0,42982,616.0,121010,162.0,2003630000.0,28760000.0,4494,4797,2018-07-04 11:11:00
20180704 11:12,467.0,467.0,467.0,467.0,42984,2.0,121008,-2.0,2003730000.0,100000.0,5166,3183,2018-07-04 11:12:00
20180704 11:13,467.0,467.0,467.0,467.0,43274,290.0,121178,170.0,2017270000.0,13540000.0,4275,2427,2018-07-04 11:13:00
20180704 11:14,467.0,467.0,467.0,467.0,44600,1326.0,121440,262.0,2079190000.0,61920000.0,5131,3189,2018-07-04 11:14:00
20180704 11:15,467.0,467.0,467.0,467.0,44600,0.0,121440,0.0,2079190000.0,0.0,1946,728,2018-07-04 11:15:00
20180704 11:16,466.5,467.0,466.5,467.0,45020,420.0,121804,364.0,2098810000.0,19620000.0,1398,1036,2018-07-04 11:16:00
20180704 11:17,467.0,467.0,467.0,467.0,45852,832.0,121680,-124.0,2137660000.0,38850000.0,3502,2239,2018-07-04 11:17:00
20180704 11:18,467.0,467.5,467.0,467.5,46912,1060.0,122122,442.0,2187220000.0,49560000.0,10390,4400,2018-07-04 11:18:00
20180704 11:19,467.5,467.5,467.5,467.5,46912,0.0,122122,0.0,2187220000.0,0.0,1893,906,2018-07-04 11:19:00
20180704 11:20,467.5,468.5,467.5,468.5,47058,146.0,122080,-42.0,2194050000.0,6830000.0,6169,6078,2018-07-04 11:20:00
20180704 11:21,468.5,468.5,468.0,468.0,47272,214.0,122046,-34.0,2204070000.0,10020000.0,8271,9589,2018-07-04 11:21:00
20180704 11:22,468.0,468.0,467.5,467.5,47642,370.0,122022,-24.0,2221370000.0,17300000.0,14020,7571,2018-07-04 11:22:00
20180704 11:23,467.5,467.5,467.5,467.5,48280,638.0,122224,202.0,2251200000.0,29830000.0,8833,6289,2018-07-04 11:23:00
20180704 11:24,467.5,467.5,467.5,467.5,48430,150.0,122214,-10.0,2258210000.0,7010000.0,5454,3337,2018-07-04 11:24:00
20180704 11:25,467.5,467.5,467.5,467.5,48430,0.0,122214,0.0,2258210000.0,0.0,4678,1923,2018-07-04 11:25:00
20180704 11:26,467.5,467.5,467.5,467.5,48446,16.0,122204,-10.0,2258960000.0,750000.0,2669,1838,2018-07-04 11:26:00
20180704 11:27,467.5,468.0,467.5,468.0,48458,12.0,122204,0.0,2259520000.0,560000.0,3563,2537,2018-07-04 11:27:00
20180704 11:28,468.0,468.0,467.5,467.5,48538,80.0,122170,-34.0,2263270000.0,3750000.0,1840,1701,2018-07-04 11:28:00
20180704 11:29,467.5,468.0,467.5,467.5,48584,46.0,122144,-26.0,2265420000.0,2150000.0,5592,3617,2018-07-04 11:29:00
20180704 13:30,467.5,467.5,467.5,467.5,48972,388.0,122290,146.0,2283560000.0,18140000.0,2145,4228,2018-07-04 13:30:00
20180704 13:31,467.5,467.5,467.5,467.5,49072,100.0,122298,8.0,2288230000.0,4670000.0,3296,3635,2018-07-04 13:31:00
20180704 13:32,467.5,467.5,467.0,467.0,49324,252.0,122120,-178.0,2300010000.0,11780000.0,6766,2933,2018-07-04 13:32:00
20180704 13:33,467.0,467.0,466.5,466.5,49446,122.0,122042,-78.0,2305710000.0,5700000.0,5244,4411,2018-07-04 13:33:00
20180704 13:34,466.5,466.5,466.5,466.5,49636,190.0,121994,-48.0,2314570000.0,8860000.0,4577,3016,2018-07-04 13:34:00
20180704 13:35,466.5,466.5,466.5,466.5,50036,400.0,122058,64.0,2333230000.0,18660000.0,5517,6078,2018-07-04 13:35:00
20180704 13:36,466.5,466.5,466.5,466.5,50266,230.0,122084,26.0,2343960000.0,10730000.0,4907,3299,2018-07-04 13:36:00
20180704 13:37,466.5,466.5,466.5,466.5,50266,0.0,122084,0.0,2343960000.0,0.0,1089,1477,2018-07-04 13:37:00
20180704 13:38,466.5,466.5,466.5,466.5,50266,0.0,122084,0.0,2343960000.0,0.0,1242,1986,2018-07-04 13:38:00
20180704 13:39,466.5,466.5,466.5,466.5,50266,0.0,122084,0.0,2343960000.0,0.0,342,617,2018-07-04 13:39:00
20180704 13:40,466.5,466.5,466.5,466.5,50338,72.0,122112,28.0,2347320000.0,3360000.0,1447,2836,2018-07-04 13:40:00
20180704 13:41,466.5,466.5,466.0,466.5,50578,240.0,122098,-14.0,2358520000.0,11200000.0,1171,3946,2018-07-04 13:41:00
20180704 13:42,466.5,466.5,466.0,466.0,50670,92.0,122076,-22.0,2362800000.0,4280000.0,8704,3610,2018-07-04 13:42:00
20180704 13:43,466.0,466.0,466.0,466.0,50670,0.0,122076,0.0,2362800000.0,0.0,2004,510,2018-07-04 13:43:00
20180704 13:44,466.0,466.0,465.5,465.5,51280,610.0,122050,-26.0,2391220000.0,28420000.0,7353,2880,2018-07-04 13:44:00
20180704 13:45,465.5,465.5,465.5,465.5,51440,160.0,122124,74.0,2398670000.0,7450000.0,1788,3009,2018-07-04 13:45:00
20180704 13:46,465.5,466.0,465.5,466.0,51546,106.0,122208,84.0,2403610000.0,4940000.0,863,1725,2018-07-04 13:46:00
20180704 13:47,466.0,466.0,466.0,466.0,51546,0.0,122208,0.0,2403610000.0,0.0,204,706,2018-07-04 13:47:00
20180704 13:48,466.0,466.0,465.5,465.5,51762,216.0,122390,182.0,2413670000.0,10060000.0,5011,2942,2018-07-04 13:48:00
20180704 13:49,465.5,465.5,465.5,465.5,51762,0.0,122390,0.0,2413670000.0,0.0,5971,3137,2018-07-04 13:49:00
20180704 13:50,465.5,466.0,465.5,466.0,52098,336.0,122600,210.0,2429330000.0,15660000.0,5008,3805,2018-07-04 13:50:00
20180704 13:51,466.0,466.0,466.0,466.0,52098,0.0,122600,0.0,2429330000.0,0.0,3414,2352,2018-07-04 13:51:00
20180704 13:52,466.0,466.0,466.0,466.0,53120,1022.0,123180,580.0,2476960000.0,47630000.0,6927,5097,2018-07-04 13:52:00
20180704 13:53,466.0,466.0,466.0,466.0,53600,480.0,122970,-210.0,2499320000.0,22360000.0,3543,2957,2018-07-04 13:53:00
20180704 13:54,466.0,466.0,465.5,465.5,53712,112.0,123000,30.0,2504540000.0,5220000.0,3108,5746,2018-07-04 13:54:00
20180704 13:55,465.5,465.5,465.5,465.5,53712,0.0,123000,0.0,2504540000.0,0.0,3431,5226,2018-07-04 13:55:00
20180704 13:56,465.5,466.0,465.5,466.0,54286,574.0,122884,-116.0,2531290000.0,26750000.0,5796,7971,2018-07-04 13:56:00
20180704 13:57,466.0,466.0,466.0,466.0,54476,190.0,123022,138.0,2540140000.0,8850000.0,6530,4213,2018-07-04 13:57:00
20180704 13:58,466.0,466.0,465.5,465.5,54828,352.0,123088,66.0,2556540000.0,16400000.0,7909,3786,2018-07-04 13:58:00
20180704 13:59,465.5,466.0,465.5,465.5,54886,58.0,123078,-10.0,2559240000.0,2700000.0,3159,2127,2018-07-04 13:59:00
20180704 14:00,465.5,465.5,465.5,465.5,55320,434.0,123130,52.0,2579450000.0,20210000.0,3061,5118,2018-07-04 14:00:00
20180704 14:01,465.5,465.5,465.0,465.0,55322,2.0,123130,0.0,2579540000.0,90000.0,2508,1957,2018-07-04 14:01:00
20180704 14:02,465.0,465.0,465.0,465.0,55322,0.0,123130,0.0,2579540000.0,0.0,1743,670,2018-07-04 14:02:00
20180704 14:03,465.0,465.5,465.0,465.5,56774,1452.0,123384,254.0,2647130000.0,67590000.0,7750,4083,2018-07-04 14:03:00
20180704 14:04,465.5,466.0,465.5,466.0,57498,724.0,123490,106.0,2680830000.0,33700000.0,7501,2924,2018-07-04 14:04:00
20180704 14:05,466.0,466.0,465.5,465.5,58480,982.0,123342,-148.0,2726550000.0,45720000.0,5599,3325,2018-07-04 14:05:00
20180704 14:06,465.5,465.5,465.5,465.5,58480,0.0,123342,0.0,2726550000.0,0.0,6356,2925,2018-07-04 14:06:00
20180704 14:07,465.5,465.5,465.5,465.5,58480,0.0,123342,0.0,2726550000.0,0.0,7125,1220,2018-07-04 14:07:00
20180704 14:08,465.5,465.5,465.5,465.5,58480,0.0,123342,0.0,2726550000.0,0.0,3876,653,2018-07-04 14:08:00
20180704 14:09,465.5,465.5,465.5,465.5,58480,0.0,123342,0.0,2726550000.0,0.0,2743,976,2018-07-04 14:09:00
20180704 14:10,465.5,465.5,465.5,465.5,58482,2.0,123342,0.0,2726640000.0,90000.0,3503,1976,2018-07-04 14:10:00
20180704 14:11,465.5,465.5,465.5,465.5,58482,0.0,123342,0.0,2726640000.0,0.0,3388,1749,2018-07-04 14:11:00
20180704 14:12,465.5,465.5,465.5,465.5,58482,0.0,123342,0.0,2726640000.0,0.0,255,54,2018-07-04 14:12:00
20180704 14:13,465.5,465.5,465.5,465.5,58482,0.0,123342,0.0,2726640000.0,0.0,514,98,2018-07-04 14:13:00
20180704 14:14,465.5,465.5,465.5,465.5,59222,740.0,123120,-222.0,2761090000.0,34450000.0,6441,8341,2018-07-04 14:14:00
20180704 14:15,465.5,465.5,465.5,465.5,60642,1420.0,122884,-236.0,2827190000.0,66100000.0,5302,7002,2018-07-04 14:15:00
20180704 14:16,465.5,465.5,465.0,465.0,61190,548.0,122822,-62.0,2852670000.0,25480000.0,2870,2290,2018-07-04 14:16:00
20180704 14:17,465.0,465.0,465.0,465.0,61190,0.0,122822,0.0,2852670000.0,0.0,480,300,2018-07-04 14:17:00
20180704 14:18,465.0,465.0,465.0,465.0,61190,0.0,122822,0.0,2852670000.0,0.0,113,85,2018-07-04 14:18:00
20180704 14:19,465.0,465.5,465.0,465.5,61202,12.0,122834,12.0,2853230000.0,560000.0,660,486,2018-07-04 14:19:00
20180704 14:20,465.5,465.5,465.5,465.5,61438,236.0,122704,-130.0,2864210000.0,10980000.0,1283,1729,2018-07-04 14:20:00
20180704 14:21,465.5,465.5,465.5,465.5,61632,194.0,122854,150.0,2873240000.0,9030000.0,813,1641,2018-07-04 14:21:00
20180704 14:22,465.5,465.5,465.5,465.5,61672,40.0,122894,40.0,2875110000.0,1870000.0,1161,1145,2018-07-04 14:22:00
20180704 14:23,465.5,465.5,465.0,465.0,63210,1538.0,122856,-38.0,2946620000.0,71510000.0,3269,3462,2018-07-04 14:23:00
20180704 14:24,465.0,465.0,465.0,465.0,63276,66.0,122830,-26.0,2949690000.0,3070000.0,3388,1416,2018-07-04 14:24:00
20180704 14:25,465.0,465.0,465.0,465.0,63278,2.0,122830,0.0,2949780000.0,90000.0,1476,1193,2018-07-04 14:25:00
20180704 14:26,465.0,465.0,465.0,465.0,63278,0.0,122830,0.0,2949780000.0,0.0,3058,1343,2018-07-04 14:26:00
20180704 14:27,465.0,465.0,465.0,465.0,63278,0.0,122830,0.0,2949780000.0,0.0,3435,3679,2018-07-04 14:27:00
20180704 14:28,464.5,464.5,464.5,464.5,63280,2.0,122830,0.0,2949880000.0,100000.0,211,596,2018-07-04 14:28:00
20180704 14:29,464.5,465.5,464.5,465.5,64012,732.0,122896,66.0,2983950000.0,34070000.0,3169,2697,2018-07-04 14:29:00
20180704 14:30,465.5,465.5,465.0,465.0,64742,730.0,122852,-44.0,3017890000.0,33940000.0,8728,5222,2018-07-04 14:30:00
20180704 14:31,465.0,465.0,465.0,465.0,64742,0.0,122852,0.0,3017890000.0,0.0,6076,1456,2018-07-04 14:31:00
20180704 14:32,465.0,465.0,465.0,465.0,64742,0.0,122852,0.0,3017890000.0,0.0,1671,553,2018-07-04 14:32:00
20180704 14:33,465.0,465.0,465.0,465.0,64742,0.0,122852,0.0,3017890000.0,0.0,2099,872,2018-07-04 14:33:00
20180704 14:34,465.0,465.0,465.0,465.0,64742,0.0,122852,0.0,3017890000.0,0.0,2355,966,2018-07-04 14:34:00
20180704 14:35,465.5,465.5,465.5,465.5,64744,2.0,122852,0.0,3017980000.0,90000.0,1090,638,2018-07-04 14:35:00
20180704 14:36,465.5,465.5,465.5,465.5,64744,0.0,122852,0.0,3017980000.0,0.0,181,108,2018-07-04 14:36:00
20180704 14:37,465.5,465.5,465.5,465.5,64980,236.0,123074,222.0,3028970000.0,10990000.0,664,1741,2018-07-04 14:37:00
20180704 14:38,465.5,465.5,464.5,465.0,65696,716.0,123226,152.0,3062260000.0,33290000.0,2313,1646,2018-07-04 14:38:00
20180704 14:39,465.0,465.0,465.0,465.0,65696,0.0,123226,0.0,3062260000.0,0.0,1573,2844,2018-07-04 14:39:00
20180704 14:40,465.0,465.0,465.0,465.0,65696,0.0,123226,0.0,3062260000.0,0.0,118,263,2018-07-04 14:40:00
20180704 14:41,465.0,465.0,465.0,465.0,65698,2.0,123224,-2.0,3062360000.0,100000.0,954,1545,2018-07-04 14:41:00
20180704 14:42,465.0,465.0,464.5,464.5,66350,652.0,123212,-12.0,3092640000.0,30280000.0,3437,2539,2018-07-04 14:42:00
20180704 14:43,464.5,464.5,464.5,464.5,68254,1904.0,124032,820.0,3181080000.0,88440000.0,7166,7075,2018-07-04 14:43:00
20180704 14:44,464.5,464.5,464.5,464.5,68254,0.0,124032,0.0,3181080000.0,0.0,1044,1009,2018-07-04 14:44:00
20180704 14:45,464.5,464.5,464.0,464.0,69666,1412.0,123402,-630.0,3246670000.0,65590000.0,3565,4483,2018-07-04 14:45:00
20180704 14:46,464.0,464.5,464.0,464.5,70336,670.0,123200,-202.0,3277770000.0,31100000.0,3301,3301,2018-07-04 14:46:00
20180704 14:47,464.5,464.5,464.5,464.5,70466,130.0,123200,0.0,3283800000.0,6030000.0,638,622,2018-07-04 14:47:00
20180704 14:48,464.5,464.5,464.0,464.0,71516,1050.0,123102,-98.0,3332520000.0,48720000.0,4310,2748,2018-07-04 14:48:00
20180704 14:49,464.0,464.5,464.0,464.5,71860,344.0,123298,196.0,3348500000.0,15980000.0,4366,4283,2018-07-04 14:49:00
20180704 14:50,464.5,464.5,464.5,464.5,71860,0.0,123298,0.0,3348500000.0,0.0,7774,4422,2018-07-04 14:50:00
20180704 14:51,464.5,464.5,464.0,464.0,72640,780.0,123624,326.0,3384730000.0,36230000.0,5949,4001,2018-07-04 14:51:00
20180704 14:52,464.0,464.5,464.0,464.5,73312,672.0,123656,32.0,3415950000.0,31220000.0,1446,3125,2018-07-04 14:52:00
20180704 14:53,464.5,464.5,464.5,464.5,73314,2.0,123658,2.0,3416040000.0,90000.0,1352,1606,2018-07-04 14:53:00
20180704 14:54,464.5,464.5,464.5,464.5,73846,532.0,123898,240.0,3440750000.0,24710000.0,2043,1877,2018-07-04 14:54:00
20180704 14:55,464.5,464.5,464.5,464.5,73870,24.0,123902,4.0,3441870000.0,1120000.0,1964,2654,2018-07-04 14:55:00
20180704 14:56,465.0,465.0,465.0,465.0,73884,14.0,123896,-6.0,3442520000.0,650000.0,2030,3348,2018-07-04 14:56:00
20180704 14:57,465.0,465.0,464.0,464.0,74436,552.0,123786,-110.0,3468160000.0,25640000.0,2128,3110,2018-07-04 14:57:00
20180704 14:58,464.0,464.5,464.0,464.5,74732,296.0,123962,176.0,3481910000.0,13750000.0,1613,2818,2018-07-04 14:58:00
20180704 14:59,464.0,464.5,464.0,464.0,74818,86.0,123980,18.0,3485900000.0,3990000.0,2772,6795,2018-07-04 14:59:00
20180704 15:00,464.0,464.0,464.0,464.0,74818,0.0,123980,0.0,3485900000.0,0.0,72,140,2018-07-04 15:00:00
20180704 21:00,466.5,467.5,466.5,467.5,2186,2186.0,115026,-8954.0,102005000.0,102005000.0,2893,3040,2018-07-04 21:00:00
20180704 21:01,467.5,468.0,467.5,468.0,2418,232.0,115026,0.0,112862000.0,10857000.0,2756,1246,2018-07-04 21:01:00
20180704 21:02,468.0,469.0,468.0,469.0,2486,68.0,115004,-22.0,116049000.0,3187000.0,3695,1760,2018-07-04 21:02:00
20180704 21:03,469.0,469.0,468.5,469.0,2750,264.0,115016,12.0,128430000.0,12381000.0,6149,4996,2018-07-04 21:03:00
20180704 21:04,469.0,469.0,469.0,469.0,2768,18.0,115016,0.0,129274000.0,844000.0,5517,1829,2018-07-04 21:04:00
20180704 21:05,469.0,469.0,469.0,469.0,3090,322.0,115010,-6.0,144376000.0,15102000.0,3742,3405,2018-07-04 21:05:00
20180704 21:06,469.0,469.0,469.0,469.0,3146,56.0,115024,14.0,147002000.0,2626000.0,2884,1852,2018-07-04 21:06:00
20180704 21:07,469.0,469.5,469.0,469.5,3500,354.0,114946,-78.0,163622000.0,16620000.0,4356,6877,2018-07-04 21:07:00
20180704 21:08,469.5,469.5,469.5,469.5,3502,2.0,114946,0.0,163716000.0,94000.0,2320,6826,2018-07-04 21:08:00
20180704 21:09,469.5,470.0,469.0,470.0,3746,244.0,114960,14.0,175174000.0,11458000.0,3835,9071,2018-07-04 21:09:00
20180704 21:10,470.0,470.0,469.5,469.5,3790,44.0,114946,-14.0,177240000.0,2066000.0,2943,1220,2018-07-04 21:10:00
20180704 21:11,469.5,469.5,469.5,469.5,3882,92.0,115004,58.0,181560000.0,4320000.0,1000,1072,2018-07-04 21:11:00
20180704 21:12,469.5,469.5,469.5,469.5,3882,0.0,115004,0.0,181560000.0,0.0,1237,1656,2018-07-04 21:12:00
20180704 21:13,469.5,469.5,469.0,469.0,4042,160.0,114990,-14.0,189064000.0,7504000.0,1919,2541,2018-07-04 21:13:00
20180704 21:14,469.0,469.0,469.0,469.0,4042,0.0,114990,0.0,189064000.0,0.0,767,1630,2018-07-04 21:14:00
20180704 21:15,469.0,469.0,469.0,469.0,4042,0.0,114990,0.0,189064000.0,0.0,717,1097,2018-07-04 21:15:00
20180704 21:16,469.0,469.0,469.0,469.0,4042,0.0,114990,0.0,189064000.0,0.0,682,794,2018-07-04 21:16:00
20180704 21:18,469.0,469.0,468.5,468.5,4048,6.0,114996,6.0,189345000.0,281000.0,863,999,2018-07-04 21:18:00
20180704 21:19,468.5,468.5,468.5,468.5,4048,0.0,114996,0.0,189345000.0,0.0,1396,1531,2018-07-04 21:19:00
20180704 21:20,468.5,469.0,468.5,468.5,4592,544.0,114926,-70.0,214836000.0,25491000.0,4104,2917,2018-07-04 21:20:00
20180704 21:21,468.5,469.0,468.5,469.0,4594,2.0,114926,0.0,214930000.0,94000.0,2588,2198,2018-07-04 21:21:00
20180704 21:22,469.0,469.0,469.0,469.0,4596,2.0,114928,2.0,215024000.0,94000.0,1327,2228,2018-07-04 21:22:00
20180704 21:23,469.0,469.0,468.5,468.5,4692,96.0,114900,-28.0,219521000.0,4497000.0,1244,1064,2018-07-04 21:23:00
20180704 21:24,468.5,468.5,468.5,468.5,4944,252.0,114902,2.0,231327000.0,11806000.0,1837,2528,2018-07-04 21:24:00
20180704 21:25,468.5,468.5,468.5,468.5,5102,158.0,114874,-28.0,238730000.0,7403000.0,479,1986,2018-07-04 21:25:00
20180704 21:26,468.5,468.5,468.5,468.5,5102,0.0,114874,0.0,238730000.0,0.0,463,1964,2018-07-04 21:26:00
20180704 21:27,468.5,468.5,468.5,468.5,5104,2.0,114876,2.0,238823000.0,93000.0,458,1404,2018-07-04 21:27:00
20180704 21:28,468.5,468.5,468.5,468.5,5120,16.0,114892,16.0,239573000.0,750000.0,225,760,2018-07-04 21:28:00
20180704 21:29,468.5,468.5,468.5,468.5,5294,174.0,114892,0.0,247725000.0,8152000.0,1017,1539,2018-07-04 21:29:00
20180704 21:30,468.5,468.5,468.5,468.5,5296,2.0,114890,-2.0,247819000.0,94000.0,572,1020,2018-07-04 21:30:00
20180704 21:31,468.5,468.5,468.5,468.5,5296,0.0,114890,0.0,247819000.0,0.0,504,869,2018-07-04 21:31:00
20180704 21:32,468.5,468.5,468.5,468.5,5296,0.0,114890,0.0,247819000.0,0.0,288,488,2018-07-04 21:32:00
20180704 21:33,468.5,468.5,468.0,468.0,5298,2.0,114888,-2.0,247912000.0,93000.0,432,752,2018-07-04 21:33:00
20180704 21:34,468.0,468.0,468.0,468.0,5298,0.0,114888,0.0,247912000.0,0.0,668,1107,2018-07-04 21:34:00
20180704 21:35,468.0,468.0,468.0,468.0,5434,136.0,114798,-90.0,254277000.0,6365000.0,303,799,2018-07-04 21:35:00
20180704 21:36,468.0,468.0,468.0,468.0,5592,158.0,114802,4.0,261671000.0,7394000.0,840,1000,2018-07-04 21:36:00
20180704 21:37,468.0,468.0,468.0,468.0,5592,0.0,114802,0.0,261671000.0,0.0,103,67,2018-07-04 21:37:00
20180704 21:38,468.0,468.0,468.0,468.0,5592,0.0,114802,0.0,261671000.0,0.0,613,396,2018-07-04 21:38:00
20180704 21:39,468.0,468.0,468.0,468.0,5592,0.0,114802,0.0,261671000.0,0.0,512,342,2018-07-04 21:39:00
20180704 21:41,468.0,468.0,468.0,468.0,5592,0.0,114802,0.0,261671000.0,0.0,311,209,2018-07-04 21:41:00
20180704 21:42,468.0,468.0,468.0,468.0,5592,0.0,114802,0.0,261671000.0,0.0,213,136,2018-07-04 21:42:00
20180704 21:43,468.0,468.0,468.0,468.0,5592,0.0,114802,0.0,261671000.0,0.0,515,572,2018-07-04 21:43:00
20180704 21:44,468.0,468.0,468.0,468.0,5628,36.0,114802,0.0,263356000.0,1685000.0,607,996,2018-07-04 21:44:00
20180704 21:45,468.0,468.0,468.0,468.0,5628,0.0,114802,0.0,263356000.0,0.0,329,797,2018-07-04 21:45:00
20180704 21:46,468.0,468.0,468.0,468.0,5628,0.0,114802,0.0,263356000.0,0.0,686,1037,2018-07-04 21:46:00
20180704 21:47,468.0,468.0,468.0,468.0,5628,0.0,114802,0.0,263356000.0,0.0,92,135,2018-07-04 21:47:00
20180704 21:48,468.0,468.0,468.0,468.0,5628,0.0,114802,0.0,263356000.0,0.0,1038,1197,2018-07-04 21:48:00
20180704 21:49,468.0,468.0,468.0,468.0,5628,0.0,114802,0.0,263356000.0,0.0,474,538,2018-07-04 21:49:00
20180704 21:50,468.0,468.0,468.0,468.0,5628,0.0,114802,0.0,263356000.0,0.0,96,96,2018-07-04 21:50:00
20180704 21:51,468.0,468.0,468.0,468.0,5650,22.0,114790,-12.0,264386000.0,1030000.0,1054,491,2018-07-04 21:51:00
20180704 21:52,468.0,468.0,467.0,467.0,6772,1122.0,115494,704.0,316883000.0,52497000.0,5169,2038,2018-07-04 21:52:00
20180704 21:53,467.0,467.0,467.0,467.0,7102,330.0,115478,-16.0,332294000.0,15411000.0,7804,1784,2018-07-04 21:53:00
20180704 21:54,467.0,467.0,467.0,467.0,7194,92.0,115504,26.0,336591000.0,4297000.0,5317,2272,2018-07-04 21:54:00
20180704 21:55,467.0,467.5,467.0,467.5,7368,174.0,115420,-84.0,344725000.0,8134000.0,2839,2807,2018-07-04 21:55:00
20180704 21:56,467.5,467.5,467.5,467.5,7530,162.0,115388,-32.0,352298000.0,7573000.0,1005,2133,2018-07-04 21:56:00
20180704 21:57,467.5,467.5,467.5,467.5,7530,0.0,115388,0.0,352298000.0,0.0,511,1088,2018-07-04 21:57:00
20180704 21:58,467.5,467.5,467.5,467.5,7652,122.0,115360,-28.0,358002000.0,5704000.0,1304,479,2018-07-04 21:58:00
20180704 21:59,467.5,467.5,467.5,467.5,7858,206.0,115278,-82.0,367632000.0,9630000.0,2483,806,2018-07-04 21:59:00
20180704 22:00,467.5,467.5,467.5,467.5,7946,88.0,115276,-2.0,371746000.0,4114000.0,891,1582,2018-07-04 22:00:00
20180704 22:01,467.5,467.5,467.5,467.5,8008,62.0,115264,-12.0,374645000.0,2899000.0,3625,2318,2018-07-04 22:01:00
20180704 22:02,467.5,467.5,467.0,467.5,8128,120.0,115332,68.0,380249000.0,5604000.0,3508,1241,2018-07-04 22:02:00
20180704 22:03,467.5,467.5,466.5,466.5,8222,94.0,115410,78.0,384638000.0,4389000.0,3544,1589,2018-07-04 22:03:00
20180704 22:04,466.5,466.5,466.5,466.5,8356,134.0,115414,4.0,390890000.0,6252000.0,1535,320,2018-07-04 22:04:00
20180704 22:05,466.5,466.5,466.5,466.5,8538,182.0,115420,6.0,399380000.0,8490000.0,2643,357,2018-07-04 22:05:00
20180704 22:06,466.5,467.5,466.5,467.0,8790,252.0,115338,-82.0,411143000.0,11763000.0,2956,945,2018-07-04 22:06:00
20180704 22:07,467.0,467.5,467.0,467.5,9322,532.0,115628,290.0,435990000.0,24847000.0,3862,3181,2018-07-04 22:07:00
20180704 22:08,467.5,467.5,467.5,467.5,9322,0.0,115628,0.0,435990000.0,0.0,1073,1242,2018-07-04 22:08:00
20180704 22:09,467.5,467.5,467.5,467.5,9362,40.0,115648,20.0,437860000.0,1870000.0,1015,388,2018-07-04 22:09:00
20180704 22:10,467.5,467.5,467.0,467.0,9424,62.0,115648,0.0,440757000.0,2897000.0,528,150,2018-07-04 22:10:00
20180704 22:11,467.0,467.0,467.0,467.0,9424,0.0,115648,0.0,440757000.0,0.0,920,460,2018-07-04 22:11:00
20180704 22:12,467.0,467.0,467.0,467.0,9424,0.0,115648,0.0,440757000.0,0.0,435,233,2018-07-04 22:12:00
20180704 22:13,467.0,467.0,466.5,466.5,9614,190.0,115680,32.0,449630000.0,8873000.0,565,1210,2018-07-04 22:13:00
20180704 22:14,467.0,467.0,467.0,467.0,9716,102.0,115670,-10.0,454393000.0,4763000.0,976,1988,2018-07-04 22:14:00
20180704 22:15,467.0,467.0,467.0,467.0,10040,324.0,115650,-20.0,469524000.0,15131000.0,2756,643,2018-07-04 22:15:00
20180704 22:16,467.0,467.0,467.0,467.0,10138,98.0,115728,78.0,474101000.0,4577000.0,2351,2678,2018-07-04 22:16:00
20180704 22:17,467.0,467.0,466.5,466.5,10206,68.0,115728,0.0,477274000.0,3173000.0,996,2743,2018-07-04 22:17:00
20180704 22:18,466.5,466.5,466.5,466.5,10206,0.0,115728,0.0,477274000.0,0.0,791,1622,2018-07-04 22:18:00
20180704 22:19,466.5,466.5,466.5,466.5,10206,0.0,115728,0.0,477274000.0,0.0,1173,1735,2018-07-04 22:19:00
20180704 22:20,466.5,466.5,466.5,466.5,10206,0.0,115728,0.0,477274000.0,0.0,1287,2257,2018-07-04 22:20:00
20180704 22:21,466.5,466.5,466.5,466.5,10206,0.0,115728,0.0,477274000.0,0.0,1584,3088,2018-07-04 22:21:00
20180704 22:22,466.5,466.5,466.5,466.5,10206,0.0,115728,0.0,477274000.0,0.0,1608,3254,2018-07-04 22:22:00
20180704 22:23,466.5,466.5,466.5,466.5,10206,0.0,115728,0.0,477274000.0,0.0,1159,2421,2018-07-04 22:23:00
20180704 22:24,466.5,467.0,466.5,467.0,10208,2.0,115730,2.0,477368000.0,94000.0,707,1747,2018-07-04 22:24:00
20180704 22:25,467.0,467.0,467.0,467.0,10210,2.0,115732,2.0,477461000.0,93000.0,261,683,2018-07-04 22:25:00
20180704 22:26,467.0,467.0,467.0,467.0,10210,0.0,115732,0.0,477461000.0,0.0,156,486,2018-07-04 22:26:00
20180704 22:27,467.0,467.0,467.0,467.0,10210,0.0,115732,0.0,477461000.0,0.0,225,962,2018-07-04 22:27:00
20180704 22:28,467.0,467.0,467.0,467.0,10218,8.0,115728,-4.0,477835000.0,374000.0,141,948,2018-07-04 22:28:00
20180704 22:29,467.0,467.0,467.0,467.0,10290,72.0,115710,-18.0,481197000.0,3362000.0,1805,2532,2018-07-04 22:29:00
20180704 22:30,467.0,467.0,467.0,467.0,10290,0.0,115710,0.0,481197000.0,0.0,3456,2624,2018-07-04 22:30:00
20180704 22:31,467.0,467.5,467.0,467.5,10378,88.0,115680,-30.0,485311000.0,4114000.0,3308,4356,2018-07-04 22:31:00
20180704 22:32,467.5,467.5,467.0,467.5,11110,732.0,116028,348.0,519529000.0,34218000.0,4162,6601,2018-07-04 22:32:00
20180704 22:33,467.5,467.5,467.5,467.5,11374,264.0,116024,-4.0,531871000.0,12342000.0,3683,1550,2018-07-04 22:33:00
20180704 22:34,467.5,467.5,467.5,467.5,11374,0.0,116024,0.0,531871000.0,0.0,1876,1496,2018-07-04 22:34:00
20180704 22:35,467.5,467.5,467.5,467.5,11374,0.0,116024,0.0,531871000.0,0.0,1855,1107,2018-07-04 22:35:00
20180704 22:36,467.5,467.5,467.0,467.0,11674,300.0,116046,22.0,545890000.0,14019000.0,2192,3700,2018-07-04 22:36:00
20180704 22:37,467.0,467.0,466.5,467.0,11826,152.0,116044,-2.0,552982000.0,7092000.0,3082,2518,2018-07-04 22:37:00
20180704 22:38,467.0,467.0,467.0,467.0,11830,4.0,116044,0.0,553168000.0,186000.0,702,539,2018-07-04 22:38:00
20180704 22:39,467.0,467.0,466.5,466.5,11970,140.0,116050,6.0,559699000.0,6531000.0,3613,543,2018-07-04 22:39:00
20180704 22:40,466.5,466.5,465.5,465.5,12142,172.0,116094,44.0,567716000.0,8017000.0,4238,2597,2018-07-04 22:40:00
20180704 22:41,465.5,465.5,465.5,465.5,12380,238.0,115998,-96.0,578795000.0,11079000.0,4430,1327,2018-07-04 22:41:00
20180704 22:42,465.5,466.0,465.5,465.5,12450,70.0,115970,-28.0,582055000.0,3260000.0,2428,553,2018-07-04 22:42:00
20180704 22:43,465.5,466.0,465.5,466.0,12458,8.0,115964,-6.0,582428000.0,373000.0,1159,1356,2018-07-04 22:43:00
20180704 22:44,466.0,466.5,465.5,465.5,12594,136.0,115986,22.0,588765000.0,6337000.0,3904,988,2018-07-04 22:44:00
20180704 22:45,465.5,466.0,465.5,466.0,12682,88.0,115974,-12.0,592862000.0,4097000.0,3547,4219,2018-07-04 22:45:00
20180704 22:46,466.0,466.0,466.0,466.0,13146,464.0,116302,328.0,614485000.0,21623000.0,2017,1681,2018-07-04 22:46:00
20180704 22:47,466.0,466.0,466.0,466.0,13172,26.0,116280,-22.0,615696000.0,1211000.0,1146,4292,2018-07-04 22:47:00
20180704 22:48,466.0,466.0,466.0,466.0,13492,320.0,116358,78.0,630608000.0,14912000.0,1535,8703,2018-07-04 22:48:00
20180704 22:49,466.0,466.0,466.0,466.0,13788,296.0,116400,42.0,644402000.0,13794000.0,2206,5203,2018-07-04 22:49:00
20180704 22:50,466.0,466.0,464.5,465.0,14170,382.0,116498,98.0,662170000.0,17768000.0,4826,5581,2018-07-04 22:50:00
20180704 22:51,465.0,465.0,464.5,465.0,14242,72.0,116488,-10.0,665517000.0,3347000.0,2756,4163,2018-07-04 22:51:00
20180704 22:52,465.0,465.0,465.0,465.0,14298,56.0,116462,-26.0,668121000.0,2604000.0,1300,8522,2018-07-04 22:52:00
20180704 22:53,465.0,465.0,465.0,465.0,14372,74.0,116482,20.0,671562000.0,3441000.0,1326,4055,2018-07-04 22:53:00
20180704 22:54,465.0,465.0,465.0,465.0,14442,70.0,116444,-38.0,674817000.0,3255000.0,3855,713,2018-07-04 22:54:00
20180704 22:55,465.0,465.0,465.0,465.0,14564,122.0,116414,-30.0,680490000.0,5673000.0,8019,6779,2018-07-04 22:55:00
20180704 22:56,465.0,465.0,465.0,465.0,14652,88.0,116444,30.0,684582000.0,4092000.0,7398,2856,2018-07-04 22:56:00
20180704 22:57,465.0,465.0,464.0,464.0,14840,188.0,116430,-14.0,693316000.0,8734000.0,10526,6293,2018-07-04 22:57:00
20180704 22:58,464.0,464.5,464.0,464.5,14962,122.0,116360,-70.0,698978000.0,5662000.0,3478,7726,2018-07-04 22:58:00
20180704 22:59,464.5,464.5,464.5,464.5,15226,264.0,116498,138.0,711240000.0,12262000.0,1065,3809,2018-07-04 22:59:00
20180704 23:00,464.5,464.5,463.0,463.0,15944,718.0,116800,302.0,744519000.0,33279000.0,8380,5606,2018-07-04 23:00:00
20180704 23:01,463.0,463.5,463.0,463.0,16454,510.0,116930,130.0,768153000.0,23634000.0,7517,5952,2018-07-04 23:01:00
20180704 23:02,463.0,464.0,463.0,463.5,16554,100.0,116918,-12.0,772788000.0,4635000.0,5208,5914,2018-07-04 23:02:00
20180704 23:03,464.0,465.0,464.0,465.0,16722,168.0,116916,-2.0,780588000.0,7800000.0,5665,3552,2018-07-04 23:03:00
20180704 23:04,465.0,465.0,464.5,464.5,16778,56.0,116956,40.0,783192000.0,2604000.0,6794,2348,2018-07-04 23:04:00
20180704 23:05,464.5,464.5,464.5,464.5,16940,162.0,117046,90.0,790717000.0,7525000.0,4931,639,2018-07-04 23:05:00
20180704 23:06,464.5,464.5,464.5,464.5,17252,312.0,117126,80.0,805210000.0,14493000.0,7455,2898,2018-07-04 23:06:00
20180704 23:07,464.5,464.5,464.0,464.0,17386,134.0,117166,40.0,811434000.0,6224000.0,3702,2298,2018-07-04 23:07:00
20180704 23:08,464.0,464.0,464.0,464.0,17846,460.0,117240,74.0,832778000.0,21344000.0,2060,1294,2018-07-04 23:08:00
20180704 23:09,464.0,464.5,464.0,464.0,17964,118.0,117300,60.0,838253000.0,5475000.0,4806,6257,2018-07-04 23:09:00
20180704 23:10,464.0,464.0,464.0,464.0,17992,28.0,117298,-2.0,839553000.0,1300000.0,1954,2324,2018-07-04 23:10:00
20180704 23:11,464.0,464.0,464.0,464.0,18012,20.0,117294,-4.0,840481000.0,928000.0,969,640,2018-07-04 23:11:00
20180704 23:12,464.0,464.0,464.0,464.0,18012,0.0,117294,0.0,840481000.0,0.0,546,288,2018-07-04 23:12:00
20180704 23:13,464.0,464.0,464.0,464.0,18086,74.0,117310,16.0,843914000.0,3433000.0,2209,2663,2018-07-04 23:13:00
20180704 23:14,464.0,464.0,464.0,464.0,18086,0.0,117310,0.0,843914000.0,0.0,964,108,2018-07-04 23:14:00
20180704 23:15,464.0,464.0,464.0,464.0,18126,40.0,117270,-40.0,845770000.0,1856000.0,1523,3315,2018-07-04 23:15:00
20180704 23:16,464.0,464.0,464.0,464.0,19108,982.0,117898,628.0,891335000.0,45565000.0,4187,9491,2018-07-04 23:16:00
20180704 23:17,464.0,464.0,464.0,464.0,19890,782.0,117806,-92.0,927620000.0,36285000.0,3562,4825,2018-07-04 23:17:00
20180704 23:18,464.0,464.0,464.0,464.0,20004,114.0,117910,104.0,932909000.0,5289000.0,4079,2589,2018-07-04 23:18:00
20180704 23:19,464.0,464.5,464.0,464.0,20238,234.0,117892,-18.0,943767000.0,10858000.0,2231,749,2018-07-04 23:19:00
20180704 23:20,464.0,464.0,464.0,464.0,20238,0.0,117892,0.0,943767000.0,0.0,168,69,2018-07-04 23:20:00
20180704 23:21,464.0,464.5,464.0,464.5,20250,12.0,117892,0.0,944325000.0,558000.0,1338,155,2018-07-04 23:21:00
20180704 23:22,464.5,464.5,464.5,464.5,20250,0.0,117892,0.0,944325000.0,0.0,972,293,2018-07-04 23:22:00
20180704 23:23,464.5,464.5,464.0,464.0,20252,2.0,117892,0.0,944417000.0,92000.0,919,604,2018-07-04 23:23:00
20180704 23:24,464.0,464.5,464.0,464.5,20360,108.0,117904,12.0,949434000.0,5017000.0,1105,339,2018-07-04 23:24:00
20180704 23:25,464.5,464.5,464.5,464.5,20360,0.0,117904,0.0,949434000.0,0.0,1106,555,2018-07-04 23:25:00
20180704 23:26,464.5,464.5,464.5,464.5,20360,0.0,117904,0.0,949434000.0,0.0,1919,2909,2018-07-04 23:26:00
20180704 23:27,464.5,465.0,464.5,465.0,20478,118.0,117796,-108.0,954916000.0,5482000.0,558,300,2018-07-04 23:27:00
20180704 23:28,465.0,465.0,465.0,465.0,20478,0.0,117796,0.0,954916000.0,0.0,307,148,2018-07-04 23:28:00
20180704 23:29,464.5,465.0,464.5,464.5,20526,48.0,117754,-42.0,957147000.0,2231000.0,1969,1201,2018-07-04 23:29:00
20180705 09:00,458.5,458.5,458.5,458.5,90682,70156.0,126232,8478.0,4158730000.0,3201583000.0,8624,5937,2018-07-05 09:00:00
20180705 09:01,458.5,458.5,457.5,457.5,90712,30.0,126236,4.0,4160110000.0,1380000.0,7684,1002,2018-07-05 09:01:00
20180705 09:02,457.5,458.0,457.5,458.0,90838,126.0,126212,-24.0,4165880000.0,5770000.0,5087,715,2018-07-05 09:02:00
20180705 09:03,458.0,458.0,458.0,458.0,90960,122.0,126230,18.0,4171460000.0,5580000.0,4772,2869,2018-07-05 09:03:00
20180705 09:04,458.0,458.0,458.0,458.0,90976,16.0,126236,6.0,4172200000.0,740000.0,2942,1084,2018-07-05 09:04:00
20180705 09:05,457.5,457.5,457.0,457.0,91168,192.0,126254,18.0,4180980000.0,8780000.0,5736,1264,2018-07-05 09:05:00
20180705 09:06,457.0,457.0,457.0,457.0,91230,62.0,126282,28.0,4183810000.0,2830000.0,4926,3578,2018-07-05 09:06:00
20180705 09:07,457.0,457.0,457.0,457.0,91230,0.0,126282,0.0,4183810000.0,0.0,1744,193,2018-07-05 09:07:00
20180705 09:08,457.0,457.5,457.0,457.5,91476,246.0,126326,44.0,4195070000.0,11260000.0,3282,2807,2018-07-05 09:08:00
20180705 09:09,457.5,457.5,457.0,457.0,91554,78.0,126346,20.0,4198630000.0,3560000.0,1444,2858,2018-07-05 09:09:00
20180705 09:10,457.0,457.0,457.0,457.0,91610,56.0,126352,6.0,4201190000.0,2560000.0,2045,4086,2018-07-05 09:10:00
20180705 09:11,457.0,457.5,457.0,457.5,91688,78.0,126404,52.0,4204760000.0,3570000.0,2774,2029,2018-07-05 09:11:00
20180705 09:12,457.5,457.5,457.5,457.5,91704,16.0,126418,14.0,4205490000.0,730000.0,3316,1033,2018-07-05 09:12:00
20180705 09:13,457.5,457.5,457.0,457.0,91804,100.0,126494,76.0,4210070000.0,4580000.0,3043,1260,2018-07-05 09:13:00
20180705 09:14,457.0,457.0,457.0,457.0,91824,20.0,126494,0.0,4210980000.0,910000.0,1671,1607,2018-07-05 09:14:00
20180705 09:15,457.0,457.5,457.0,457.5,92168,344.0,126474,-20.0,4226720000.0,15740000.0,7609,3809,2018-07-05 09:15:00
20180705 09:16,457.5,457.5,457.5,457.5,92300,132.0,126486,12.0,4232760000.0,6040000.0,3905,526,2018-07-05 09:16:00
20180705 09:17,457.5,457.5,457.5,457.5,92320,20.0,126486,0.0,4233670000.0,910000.0,4513,2030,2018-07-05 09:17:00
20180705 09:18,457.5,457.5,457.5,457.5,92328,8.0,126486,0.0,4234040000.0,370000.0,1304,620,2018-07-05 09:18:00
20180705 09:19,457.5,457.5,457.5,457.5,92332,4.0,126486,0.0,4234220000.0,180000.0,1325,1597,2018-07-05 09:19:00
20180705 09:20,457.5,458.0,457.5,457.5,92558,226.0,126492,6.0,4244560000.0,10340000.0,5711,3984,2018-07-05 09:20:00
20180705 09:21,457.5,457.5,457.5,457.5,92644,86.0,126518,26.0,4248490000.0,3930000.0,4913,2187,2018-07-05 09:21:00
20180705 09:22,457.5,457.5,457.5,457.5,92650,6.0,126518,0.0,4248770000.0,280000.0,973,3136,2018-07-05 09:22:00
20180705 09:23,458.0,458.5,458.0,458.5,92740,90.0,126482,-36.0,4252890000.0,4120000.0,3160,4567,2018-07-05 09:23:00
20180705 09:24,458.5,458.5,458.5,458.5,93266,526.0,126502,20.0,4277010000.0,24120000.0,3797,10885,2018-07-05 09:24:00
20180705 09:25,458.5,458.5,458.5,458.5,93266,0.0,126502,0.0,4277010000.0,0.0,978,2122,2018-07-05 09:25:00
20180705 09:26,458.5,458.5,458.5,458.5,93266,0.0,126502,0.0,4277010000.0,0.0,1084,3011,2018-07-05 09:26:00
20180705 09:27,458.5,458.5,458.5,458.5,93268,2.0,126504,2.0,4277100000.0,90000.0,1792,3673,2018-07-05 09:27:00
20180705 09:28,458.5,458.5,458.0,458.0,93348,80.0,126502,-2.0,4280760000.0,3660000.0,3964,2842,2018-07-05 09:28:00
20180705 09:29,458.0,458.0,458.0,458.0,93358,10.0,126510,8.0,4281220000.0,460000.0,1354,2375,2018-07-05 09:29:00
20180705 09:30,458.0,458.0,458.0,458.0,93358,0.0,126510,0.0,4281220000.0,0.0,1620,2141,2018-07-05 09:30:00
20180705 09:31,458.0,458.0,458.0,458.0,93360,2.0,126510,0.0,4281310000.0,90000.0,629,2604,2018-07-05 09:31:00
20180705 09:32,458.0,458.5,458.0,458.5,93470,110.0,126586,76.0,4286360000.0,5050000.0,287,1940,2018-07-05 09:32:00
20180705 09:33,458.5,459.0,458.5,458.5,93702,232.0,126624,38.0,4297000000.0,10640000.0,11025,4570,2018-07-05 09:33:00
20180705 09:34,458.5,458.5,458.5,458.5,93908,206.0,126784,160.0,4306440000.0,9440000.0,8218,3210,2018-07-05 09:34:00
20180705 09:35,458.5,459.0,458.5,459.0,93932,24.0,126786,2.0,4307540000.0,1100000.0,7819,6175,2018-07-05 09:35:00
20180705 09:36,459.0,459.0,459.0,459.0,93932,0.0,126786,0.0,4307540000.0,0.0,3825,2277,2018-07-05 09:36:00
20180705 09:37,459.0,459.0,459.0,459.0,93932,0.0,126786,0.0,4307540000.0,0.0,3924,1979,2018-07-05 09:37:00
20180705 09:38,459.0,459.0,459.0,459.0,93942,10.0,126776,-10.0,4308000000.0,460000.0,5690,2659,2018-07-05 09:38:00
20180705 09:39,459.0,459.0,459.0,459.0,93942,0.0,126776,0.0,4308000000.0,0.0,424,418,2018-07-05 09:39:00
20180705 09:40,459.0,459.0,459.0,459.0,93942,0.0,126776,0.0,4308000000.0,0.0,2454,1961,2018-07-05 09:40:00
20180705 09:41,459.0,460.0,459.0,460.0,94586,644.0,126890,114.0,4337580000.0,29580000.0,6228,2645,2018-07-05 09:41:00
20180705 09:42,460.0,460.0,460.0,460.0,94628,42.0,126894,4.0,4339520000.0,1940000.0,7966,7626,2018-07-05 09:42:00
20180705 09:43,460.0,460.0,460.0,460.0,96728,2100.0,127710,816.0,4436120000.0,96600000.0,7587,11582,2018-07-05 09:43:00
20180705 09:44,460.0,461.5,460.0,461.5,98950,2222.0,128104,394.0,4538470000.0,102350000.0,11953,17247,2018-07-05 09:44:00
20180705 09:45,461.5,462.0,461.0,461.0,100058,1108.0,128336,232.0,4589600000.0,51130000.0,11870,19509,2018-07-05 09:45:00
20180705 09:46,461.0,461.0,461.0,461.0,101118,1060.0,128090,-246.0,4638460000.0,48860000.0,9399,9125,2018-07-05 09:46:00
20180705 09:47,461.0,461.0,461.0,461.0,101816,698.0,128514,424.0,4670640000.0,32180000.0,11565,4566,2018-07-05 09:47:00
20180705 09:48,461.0,461.0,461.0,461.0,102100,284.0,128292,-222.0,4683730000.0,13090000.0,15516,5669,2018-07-05 09:48:00
20180705 09:49,461.0,461.0,460.5,460.5,102734,634.0,127958,-334.0,4712930000.0,29200000.0,20478,14187,2018-07-05 09:49:00
20180705 09:50,460.5,461.0,460.5,461.0,103228,494.0,128258,300.0,4735710000.0,22780000.0,6505,9527,2018-07-05 09:50:00
20180705 09:51,461.0,461.0,461.0,461.0,104918,1690.0,128600,342.0,4813610000.0,77900000.0,15572,8758,2018-07-05 09:51:00
20180705 09:52,461.0,461.0,460.5,461.0,104958,40.0,128614,14.0,4815460000.0,1850000.0,5204,13986,2018-07-05 09:52:00
20180705 09:53,461.0,461.0,461.0,461.0,104972,14.0,128614,0.0,4816100000.0,640000.0,3477,10495,2018-07-05 09:53:00
20180705 09:54,461.0,461.0,461.0,461.0,106372,1400.0,128738,124.0,4880640000.0,64540000.0,6373,14165,2018-07-05 09:54:00
20180705 09:55,461.0,461.0,461.0,461.0,107012,640.0,128438,-300.0,4910150000.0,29510000.0,6162,7602,2018-07-05 09:55:00
20180705 09:56,461.0,461.0,461.0,461.0,108404,1392.0,127886,-552.0,4974320000.0,64170000.0,1925,8268,2018-07-05 09:56:00
20180705 09:57,461.0,461.0,460.5,460.5,108406,2.0,127886,0.0,4974410000.0,90000.0,14713,4709,2018-07-05 09:57:00
20180705 09:58,460.5,460.5,460.5,460.5,108410,4.0,127886,0.0,4974590000.0,180000.0,13904,3256,2018-07-05 09:58:00
20180705 09:59,460.5,461.0,460.5,461.0,109160,750.0,127164,-722.0,5009170000.0,34580000.0,4602,12612,2018-07-05 09:59:00
20180705 10:00,461.0,461.0,460.5,461.0,109200,40.0,127138,-26.0,5011010000.0,1840000.0,15910,5239,2018-07-05 10:00:00
20180705 10:01,461.0,461.0,460.0,460.0,109578,378.0,127212,74.0,5028420000.0,17410000.0,6414,11876,2018-07-05 10:01:00
20180705 10:02,460.0,460.5,460.0,460.0,110090,512.0,127670,458.0,5052000000.0,23580000.0,2975,14412,2018-07-05 10:02:00
20180705 10:03,460.0,460.0,460.0,460.0,110092,2.0,127670,0.0,5052090000.0,90000.0,2759,9958,2018-07-05 10:03:00
20180705 10:04,460.0,460.0,460.0,460.0,110092,0.0,127670,0.0,5052090000.0,0.0,3264,9955,2018-07-05 10:04:00
20180705 10:05,460.0,461.0,460.0,461.0,111090,998.0,127524,-146.0,5098080000.0,45990000.0,7839,11662,2018-07-05 10:05:00
20180705 10:06,461.0,461.0,461.0,461.0,111418,328.0,127748,224.0,5113200000.0,15120000.0,3288,6087,2018-07-05 10:06:00
20180705 10:07,461.0,461.0,461.0,461.0,111786,368.0,127740,-8.0,5130160000.0,16960000.0,1198,7091,2018-07-05 10:07:00
20180705 10:08,461.0,461.0,460.5,461.0,112326,540.0,128074,334.0,5155060000.0,24900000.0,721,6442,2018-07-05 10:08:00
20180705 10:09,461.0,461.0,461.0,461.0,112326,0.0,128074,0.0,5155060000.0,0.0,1553,4472,2018-07-05 10:09:00
20180705 10:10,461.0,461.5,461.0,461.0,112856,530.0,128194,120.0,5179490000.0,24430000.0,5451,4015,2018-07-05 10:10:00
20180705 10:11,461.0,461.0,460.0,461.0,114230,1374.0,128192,-2.0,5242780000.0,63290000.0,6157,9496,2018-07-05 10:11:00
20180705 10:12,461.0,461.0,460.5,460.5,114398,168.0,128270,78.0,5250530000.0,7750000.0,9536,2504,2018-07-05 10:12:00
20180705 10:13,460.5,460.5,460.5,460.5,114454,56.0,128220,-50.0,5253110000.0,2580000.0,5622,1165,2018-07-05 10:13:00
20180705 10:14,460.5,461.0,460.5,461.0,114678,224.0,128234,14.0,5263430000.0,10320000.0,10019,3739,2018-07-05 10:14:00
20180705 10:30,461.0,461.0,460.5,460.5,114716,38.0,128246,12.0,5265180000.0,1750000.0,13645,9265,2018-07-05 10:30:00
20180705 10:31,460.5,461.0,460.5,460.5,114784,68.0,128262,16.0,5268320000.0,3140000.0,3219,2314,2018-07-05 10:31:00
20180705 10:32,460.5,461.0,460.5,461.0,115248,464.0,128108,-154.0,5289710000.0,21390000.0,4480,5036,2018-07-05 10:32:00
20180705 10:33,461.0,461.0,461.0,461.0,115296,48.0,128090,-18.0,5291920000.0,2210000.0,1272,6508,2018-07-05 10:33:00
20180705 10:34,461.0,461.0,460.5,461.0,115528,232.0,127940,-150.0,5302620000.0,10700000.0,6377,6642,2018-07-05 10:34:00
20180705 10:35,461.0,461.0,461.0,461.0,115528,0.0,127940,0.0,5302620000.0,0.0,9552,4089,2018-07-05 10:35:00
20180705 10:36,461.0,461.0,460.0,460.0,116600,1072.0,127740,-200.0,5352010000.0,49390000.0,6988,8239,2018-07-05 10:36:00
20180705 10:37,460.0,460.5,460.0,460.5,117268,668.0,128264,524.0,5382770000.0,30760000.0,3738,16368,2018-07-05 10:37:00
20180705 10:38,460.5,460.5,460.0,460.0,117288,20.0,128268,4.0,5383690000.0,920000.0,2056,3864,2018-07-05 10:38:00
20180705 10:39,460.0,460.0,460.0,460.0,117288,0.0,128268,0.0,5383690000.0,0.0,831,1918,2018-07-05 10:39:00
20180705 10:40,460.0,461.0,460.0,460.5,118462,1174.0,128064,-204.0,5437760000.0,54070000.0,6593,15867,2018-07-05 10:40:00
20180705 10:41,460.5,460.5,460.0,460.0,118472,10.0,128064,0.0,5438220000.0,460000.0,4629,12934,2018-07-05 10:41:00
20180705 10:42,460.0,460.0,460.0,460.0,118472,0.0,128064,0.0,5438220000.0,0.0,3237,6382,2018-07-05 10:42:00
20180705 10:43,460.0,460.0,460.0,460.0,118540,68.0,128070,6.0,5441350000.0,3130000.0,9472,5949,2018-07-05 10:43:00
20180705 10:44,460.0,460.0,460.0,460.0,118550,10.0,128066,-4.0,5441810000.0,460000.0,8887,1210,2018-07-05 10:44:00
20180705 10:45,460.0,460.0,460.0,460.0,118570,20.0,128064,-2.0,5442730000.0,920000.0,8545,2875,2018-07-05 10:45:00
20180705 10:46,460.0,460.0,460.0,460.0,118570,0.0,128064,0.0,5442730000.0,0.0,9303,12985,2018-07-05 10:46:00
20180705 10:47,460.0,460.0,460.0,460.0,118996,426.0,128060,-4.0,5462320000.0,19590000.0,6204,4445,2018-07-05 10:47:00
20180705 10:48,460.0,460.0,460.0,460.0,119942,946.0,128598,538.0,5505840000.0,43520000.0,7848,5460,2018-07-05 10:48:00
20180705 10:49,460.0,460.0,460.0,460.0,120136,194.0,128780,182.0,5514760000.0,8920000.0,3075,2438,2018-07-05 10:49:00
20180705 10:50,460.0,460.0,460.0,460.0,120136,0.0,128780,0.0,5514760000.0,0.0,859,1798,2018-07-05 10:50:00
20180705 10:51,460.0,460.0,460.0,460.0,120630,494.0,128886,106.0,5537490000.0,22730000.0,21424,4557,2018-07-05 10:51:00
20180705 10:52,460.0,460.0,460.0,460.0,120630,0.0,128886,0.0,5537490000.0,0.0,15137,5115,2018-07-05 10:52:00
20180705 10:53,460.0,460.0,460.0,460.0,120638,8.0,128886,0.0,5537850000.0,360000.0,13247,4519,2018-07-05 10:53:00
20180705 10:54,460.0,460.0,460.0,460.0,120650,12.0,128886,0.0,5538410000.0,560000.0,9831,2702,2018-07-05 10:54:00
20180705 10:55,460.0,460.0,460.0,460.0,121148,498.0,129242,356.0,5561310000.0,22900000.0,5394,1185,2018-07-05 10:55:00
20180705 10:56,460.0,460.0,459.5,459.5,121208,60.0,129226,-16.0,5564070000.0,2760000.0,11244,2723,2018-07-05 10:56:00
20180705 10:57,459.5,460.0,459.5,460.0,121314,106.0,129148,-78.0,5568950000.0,4880000.0,4065,3933,2018-07-05 10:57:00
20180705 10:58,460.0,460.0,459.5,459.5,121398,84.0,129192,44.0,5572810000.0,3860000.0,9769,1465,2018-07-05 10:58:00
20180705 10:59,459.5,459.5,459.5,459.5,122066,668.0,129702,510.0,5603500000.0,30690000.0,17868,4685,2018-07-05 10:59:00
20180705 11:00,459.5,459.5,458.5,459.0,122956,890.0,129974,272.0,5644330000.0,40830000.0,13290,6250,2018-07-05 11:00:00
20180705 11:01,459.0,459.0,458.5,458.5,123258,302.0,129972,-2.0,5658180000.0,13850000.0,8105,3138,2018-07-05 11:01:00
20180705 11:02,458.5,458.5,458.0,458.0,123482,224.0,130060,88.0,5668450000.0,10270000.0,8189,3798,2018-07-05 11:02:00
20180705 11:03,458.0,458.0,457.5,458.0,124630,1148.0,130738,678.0,5721020000.0,52570000.0,17177,10171,2018-07-05 11:03:00
20180705 11:04,458.0,458.0,457.5,458.0,126536,1906.0,130014,-724.0,5808320000.0,87300000.0,19870,30424,2018-07-05 11:04:00
20180705 11:05,458.0,458.5,458.0,458.5,127516,980.0,130710,696.0,5853230000.0,44910000.0,3516,17294,2018-07-05 11:05:00
20180705 11:06,458.5,458.5,458.5,458.5,127516,0.0,130710,0.0,5853230000.0,0.0,3376,15320,2018-07-05 11:06:00
20180705 11:07,458.5,458.5,458.0,458.5,127546,30.0,130720,10.0,5854600000.0,1370000.0,5124,15740,2018-07-05 11:07:00
20180705 11:08,458.5,458.5,458.0,458.0,127770,224.0,130698,-22.0,5864860000.0,10260000.0,2844,2721,2018-07-05 11:08:00
20180705 11:09,458.0,458.5,458.0,458.5,127826,56.0,130672,-26.0,5867420000.0,2560000.0,4804,2965,2018-07-05 11:09:00
20180705 11:10,458.5,458.5,458.5,458.5,127826,0.0,130672,0.0,5867420000.0,0.0,610,2255,2018-07-05 11:10:00
20180705 11:11,458.5,458.5,458.0,458.0,127836,10.0,130672,0.0,5867880000.0,460000.0,5604,1015,2018-07-05 11:11:00
20180705 11:12,458.5,458.5,458.5,458.5,127936,100.0,130672,0.0,5872470000.0,4590000.0,1788,315,2018-07-05 11:12:00
20180705 11:13,458.5,458.5,458.0,458.0,128218,282.0,130586,-86.0,5885380000.0,12910000.0,16274,1138,2018-07-05 11:13:00
20180705 11:14,458.5,458.5,458.0,458.0,129052,834.0,129960,-626.0,5923580000.0,38200000.0,9928,2820,2018-07-05 11:14:00
20180705 11:15,458.0,458.5,458.0,458.5,130006,954.0,130578,618.0,5967320000.0,43740000.0,6542,13372,2018-07-05 11:15:00
20180705 11:16,458.5,459.0,458.5,458.5,130910,904.0,130110,-468.0,6008770000.0,41450000.0,14703,4198,2018-07-05 11:16:00
20180705 11:17,458.5,459.0,458.5,458.5,133634,2724.0,130510,400.0,6133670000.0,124900000.0,10903,20647,2018-07-05 11:17:00
20180705 11:18,458.5,459.0,458.5,458.5,134522,888.0,130072,-438.0,6174380000.0,40710000.0,1943,14585,2018-07-05 11:18:00
20180705 11:19,458.5,458.5,458.5,458.5,134522,0.0,130072,0.0,6174380000.0,0.0,1370,7599,2018-07-05 11:19:00
20180705 11:20,458.5,458.5,458.5,458.5,134522,0.0,130072,0.0,6174380000.0,0.0,730,4307,2018-07-05 11:20:00
20180705 11:21,458.5,459.5,458.5,459.5,134656,134.0,130116,44.0,6180540000.0,6160000.0,1407,6929,2018-07-05 11:21:00
20180705 11:22,459.5,459.5,459.5,459.5,134656,0.0,130116,0.0,6180540000.0,0.0,85,288,2018-07-05 11:22:00
20180705 11:23,459.0,459.0,458.5,458.5,134750,94.0,130158,42.0,6184850000.0,4310000.0,1037,3504,2018-07-05 11:23:00
20180705 11:24,459.0,459.0,459.0,459.0,134752,2.0,130156,-2.0,6184940000.0,90000.0,574,2801,2018-07-05 11:24:00
20180705 11:25,459.0,459.0,458.5,458.5,134758,6.0,130156,0.0,6185220000.0,280000.0,1099,4426,2018-07-05 11:25:00
20180705 11:26,458.5,459.0,458.5,458.5,135366,608.0,130740,584.0,6213120000.0,27900000.0,838,3363,2018-07-05 11:26:00
20180705 11:27,458.5,459.0,458.5,458.5,135710,344.0,130552,-188.0,6228900000.0,15780000.0,8470,6001,2018-07-05 11:27:00
20180705 11:28,458.5,458.5,458.5,458.5,135714,4.0,130552,0.0,6229080000.0,180000.0,400,2396,2018-07-05 11:28:00
20180705 11:29,458.5,459.0,458.0,458.0,136370,656.0,130502,-50.0,6259140000.0,30060000.0,10286,7299,2018-07-05 11:29:00
20180705 13:30,458.5,459.5,458.5,459.5,137078,708.0,130248,-254.0,6291640000.0,32500000.0,22561,15682,2018-07-05 13:30:00
20180705 13:31,459.5,459.5,459.5,459.5,138202,1124.0,130180,-68.0,6343290000.0,51650000.0,21280,5996,2018-07-05 13:31:00
20180705 13:32,459.5,459.5,459.5,459.5,138542,340.0,130192,12.0,6358910000.0,15620000.0,7436,3918,2018-07-05 13:32:00
20180705 13:33,459.5,459.5,459.0,459.0,139294,752.0,129864,-328.0,6393430000.0,34520000.0,12209,5190,2018-07-05 13:33:00
20180705 13:34,459.0,459.0,459.0,459.0,139296,2.0,129864,0.0,6393520000.0,90000.0,6831,3509,2018-07-05 13:34:00
20180705 13:35,459.0,459.5,459.0,459.5,139310,14.0,129860,-4.0,6394160000.0,640000.0,1820,877,2018-07-05 13:35:00
20180705 13:36,459.5,459.5,459.0,459.0,139680,370.0,129868,8.0,6411140000.0,16980000.0,7801,11602,2018-07-05 13:36:00
20180705 13:37,459.0,459.0,459.0,459.0,139680,0.0,129868,0.0,6411140000.0,0.0,7640,4388,2018-07-05 13:37:00
20180705 13:38,459.0,459.0,459.0,459.0,139680,0.0,129868,0.0,6411140000.0,0.0,4826,4370,2018-07-05 13:38:00
20180705 13:39,459.0,459.5,459.0,459.5,139700,20.0,129848,-20.0,6412060000.0,920000.0,5615,4065,2018-07-05 13:39:00
20180705 13:40,459.5,459.5,459.5,459.5,140046,346.0,129654,-194.0,6427960000.0,15900000.0,9521,5088,2018-07-05 13:40:00
20180705 13:41,459.5,459.5,459.5,459.5,140136,90.0,129564,-90.0,6432100000.0,4140000.0,8416,4359,2018-07-05 13:41:00
20180705 13:42,459.5,460.0,459.5,460.0,140804,668.0,130132,568.0,6462820000.0,30720000.0,6147,1770,2018-07-05 13:42:00
20180705 13:43,460.0,460.0,459.5,459.5,140954,150.0,130180,48.0,6469720000.0,6900000.0,8033,2861,2018-07-05 13:43:00
20180705 13:44,459.5,459.5,459.5,459.5,141548,594.0,129876,-304.0,6497020000.0,27300000.0,3975,1236,2018-07-05 13:44:00
20180705 13:45,459.5,460.0,459.5,460.0,141792,244.0,130030,154.0,6508240000.0,11220000.0,7233,28837,2018-07-05 13:45:00
20180705 13:46,460.0,461.0,460.0,461.0,142560,768.0,130408,378.0,6543590000.0,35350000.0,5685,30759,2018-07-05 13:46:00
20180705 13:47,461.0,461.0,460.5,460.5,142564,4.0,130410,2.0,6543780000.0,190000.0,2987,10621,2018-07-05 13:47:00
20180705 13:48,460.5,460.5,460.5,460.5,142742,178.0,130518,108.0,6551970000.0,8190000.0,3050,13411,2018-07-05 13:48:00
20180705 13:49,460.5,460.5,460.5,460.5,143224,482.0,130480,-38.0,6574170000.0,22200000.0,4319,24336,2018-07-05 13:49:00
20180705 13:50,460.5,460.5,460.5,460.5,143232,8.0,130478,-2.0,6574540000.0,370000.0,2465,20980,2018-07-05 13:50:00
20180705 13:51,460.5,460.5,460.0,460.0,143450,218.0,130494,16.0,6584580000.0,10040000.0,5752,29426,2018-07-05 13:51:00
20180705 13:52,460.0,460.5,460.0,460.5,143690,240.0,130356,-138.0,6595630000.0,11050000.0,3231,26647,2018-07-05 13:52:00
20180705 13:53,460.5,460.5,460.0,460.0,143692,2.0,130358,2.0,6595720000.0,90000.0,4105,26274,2018-07-05 13:53:00
20180705 13:54,460.0,460.0,460.0,460.0,143694,2.0,130360,2.0,6595810000.0,90000.0,1213,7760,2018-07-05 13:54:00
20180705 13:55,460.0,460.0,460.0,460.0,143718,24.0,130378,18.0,6596920000.0,1110000.0,5498,14122,2018-07-05 13:55:00
20180705 13:56,460.0,460.5,460.0,460.5,143728,10.0,130378,0.0,6597380000.0,460000.0,3343,17212,2018-07-05 13:56:00
20180705 13:57,460.5,460.5,460.0,460.0,143730,2.0,130380,2.0,6597470000.0,90000.0,1825,9487,2018-07-05 13:57:00
20180705 13:58,460.5,460.5,460.5,460.5,143780,50.0,130430,50.0,6599770000.0,2300000.0,289,1350,2018-07-05 13:58:00
20180705 13:59,460.5,460.5,460.0,460.0,143882,102.0,130512,82.0,6604460000.0,4690000.0,2647,4911,2018-07-05 13:59:00
20180705 14:00,460.0,460.5,460.0,460.5,144194,312.0,130606,94.0,6618820000.0,14360000.0,9450,2880,2018-07-05 14:00:00
20180705 14:01,460.5,460.5,459.0,459.0,144664,470.0,130476,-130.0,6640430000.0,21610000.0,6045,2931,2018-07-05 14:01:00
20180705 14:02,459.0,459.0,459.0,459.0,144720,56.0,130500,24.0,6643000000.0,2570000.0,1747,1260,2018-07-05 14:02:00
20180705 14:03,459.0,459.0,459.0,459.0,144734,14.0,130514,14.0,6643640000.0,640000.0,1523,838,2018-07-05 14:03:00
20180705 14:04,459.0,459.0,459.0,459.0,144736,2.0,130516,2.0,6643730000.0,90000.0,730,292,2018-07-05 14:04:00
20180705 14:05,459.0,459.0,459.0,459.0,144742,6.0,130522,6.0,6644010000.0,280000.0,1008,391,2018-07-05 14:05:00
20180705 14:06,459.0,459.5,459.0,459.5,145474,732.0,131052,530.0,6677640000.0,33630000.0,4812,4055,2018-07-05 14:06:00
20180705 14:07,459.5,459.5,459.5,459.5,145474,0.0,131052,0.0,6677640000.0,0.0,3517,1530,2018-07-05 14:07:00
20180705 14:08,459.5,460.0,459.5,460.0,145666,192.0,130938,-114.0,6686470000.0,8830000.0,8212,4300,2018-07-05 14:08:00
20180705 14:09,460.0,460.0,459.5,459.5,145738,72.0,130898,-40.0,6689790000.0,3320000.0,2482,4352,2018-07-05 14:09:00
20180705 14:10,460.0,460.0,460.0,460.0,149892,4154.0,131026,128.0,6880870000.0,191080000.0,12449,29267,2018-07-05 14:10:00
20180705 14:11,460.0,460.0,460.0,460.0,149892,0.0,131026,0.0,6880870000.0,0.0,2384,1431,2018-07-05 14:11:00
20180705 14:12,460.0,460.0,460.0,460.0,150630,738.0,131574,548.0,6914820000.0,33950000.0,4574,9880,2018-07-05 14:12:00
20180705 14:13,460.0,460.0,460.0,460.0,150638,8.0,131582,8.0,6915190000.0,370000.0,5106,5572,2018-07-05 14:13:00
20180705 14:14,460.0,460.0,460.0,460.0,151038,400.0,131974,392.0,6933590000.0,18400000.0,5732,4367,2018-07-05 14:14:00
20180705 14:15,460.0,460.0,460.0,460.0,151038,0.0,131974,0.0,6933590000.0,0.0,1961,2242,2018-07-05 14:15:00
20180705 14:16,460.0,460.0,460.0,460.0,152870,1832.0,131938,-36.0,7017860000.0,84270000.0,5101,7479,2018-07-05 14:16:00
20180705 14:17,460.0,460.0,460.0,460.0,152870,0.0,131938,0.0,7017860000.0,0.0,1134,783,2018-07-05 14:17:00
20180705 14:18,460.0,460.0,460.0,460.0,152900,30.0,131908,-30.0,7019240000.0,1380000.0,3934,3040,2018-07-05 14:18:00
20180705 14:19,460.0,460.0,460.0,460.0,154000,1100.0,131494,-414.0,7069840000.0,50600000.0,6809,6129,2018-07-05 14:19:00
20180705 14:20,460.0,460.0,460.0,460.0,154000,0.0,131494,0.0,7069840000.0,0.0,1018,675,2018-07-05 14:20:00
20180705 14:21,460.0,460.0,460.0,460.0,154026,26.0,131488,-6.0,7071030000.0,1190000.0,1196,1554,2018-07-05 14:21:00
20180705 14:22,460.0,460.0,460.0,460.0,154026,0.0,131488,0.0,7071030000.0,0.0,302,152,2018-07-05 14:22:00
20180705 14:23,460.0,460.0,460.0,460.0,154026,0.0,131488,0.0,7071030000.0,0.0,1724,973,2018-07-05 14:23:00
20180705 14:24,460.0,460.0,460.0,460.0,154034,8.0,131488,0.0,7071400000.0,370000.0,1609,4381,2018-07-05 14:24:00
20180705 14:25,460.0,460.0,459.5,459.5,154036,2.0,131490,2.0,7071490000.0,90000.0,1852,5027,2018-07-05 14:25:00
20180705 14:26,459.5,459.5,459.5,459.5,154040,4.0,131494,4.0,7071680000.0,190000.0,2351,1609,2018-07-05 14:26:00
20180705 14:27,459.5,459.5,459.5,459.5,154916,876.0,131904,410.0,7111930000.0,40250000.0,3353,3003,2018-07-05 14:27:00
20180705 14:28,459.5,459.5,459.5,459.5,155420,504.0,132026,122.0,7135090000.0,23160000.0,2805,1803,2018-07-05 14:28:00
20180705 14:29,459.5,459.5,459.5,459.5,155430,10.0,132026,0.0,7135550000.0,460000.0,5117,18967,2018-07-05 14:29:00
20180705 14:30,459.5,459.5,459.5,459.5,155442,12.0,132026,0.0,7136100000.0,550000.0,5774,18831,2018-07-05 14:30:00
20180705 14:31,459.5,459.5,459.5,459.5,155442,0.0,132026,0.0,7136100000.0,0.0,595,1698,2018-07-05 14:31:00
20180705 14:32,459.5,459.5,459.0,459.0,156334,892.0,131694,-332.0,7177040000.0,40940000.0,5759,3223,2018-07-05 14:32:00
20180705 14:33,459.0,459.0,458.0,458.5,157306,972.0,131818,124.0,7221630000.0,44590000.0,8174,7951,2018-07-05 14:33:00
20180705 14:34,458.5,458.5,458.0,458.0,157318,12.0,131806,-12.0,7222180000.0,550000.0,10640,6659,2018-07-05 14:34:00
20180705 14:35,458.0,458.5,458.0,458.5,157778,460.0,131758,-48.0,7243270000.0,21090000.0,16759,2944,2018-07-05 14:35:00
20180705 14:36,458.5,458.5,458.5,458.5,157976,198.0,131764,6.0,7252350000.0,9080000.0,10857,8269,2018-07-05 14:36:00
20180705 14:37,458.5,458.5,458.5,458.5,158238,262.0,131712,-52.0,7264370000.0,12020000.0,6383,13595,2018-07-05 14:37:00
20180705 14:38,458.5,458.5,458.0,458.0,158240,2.0,131714,2.0,7264460000.0,90000.0,2303,13666,2018-07-05 14:38:00
20180705 14:39,458.5,458.5,458.0,458.5,158312,72.0,131714,0.0,7267760000.0,3300000.0,1096,11212,2018-07-05 14:39:00
20180705 14:40,458.5,458.5,458.5,458.5,158312,0.0,131714,0.0,7267760000.0,0.0,1274,9453,2018-07-05 14:40:00
20180705 14:41,458.5,458.5,458.5,458.5,158312,0.0,131714,0.0,7267760000.0,0.0,1148,8769,2018-07-05 14:41:00
20180705 14:42,458.5,458.5,458.5,458.5,158500,188.0,131736,22.0,7276380000.0,8620000.0,4414,10766,2018-07-05 14:42:00
20180705 14:43,458.5,458.5,458.5,458.5,158500,0.0,131736,0.0,7276380000.0,0.0,6088,13721,2018-07-05 14:43:00
20180705 14:44,458.5,458.5,458.5,458.5,158532,32.0,131740,4.0,7277840000.0,1460000.0,7154,5768,2018-07-05 14:44:00
20180705 14:45,458.5,458.5,458.5,458.5,158532,0.0,131740,0.0,7277840000.0,0.0,14020,9720,2018-07-05 14:45:00
20180705 14:46,458.5,458.5,458.5,458.5,158532,0.0,131740,0.0,7277840000.0,0.0,5182,3298,2018-07-05 14:46:00
20180705 14:47,458.5,458.5,458.5,458.5,158532,0.0,131740,0.0,7277840000.0,0.0,3110,2536,2018-07-05 14:47:00
20180705 14:48,458.5,458.5,458.5,458.5,158570,38.0,131720,-20.0,7279590000.0,1750000.0,6081,6369,2018-07-05 14:48:00
20180705 14:49,458.5,458.5,458.5,458.5,158570,0.0,131720,0.0,7279590000.0,0.0,524,694,2018-07-05 14:49:00
20180705 14:50,458.5,459.0,458.5,458.5,158596,26.0,131720,0.0,7280780000.0,1190000.0,6873,16181,2018-07-05 14:50:00
20180705 14:51,458.5,458.5,458.5,458.5,158596,0.0,131720,0.0,7280780000.0,0.0,7375,19234,2018-07-05 14:51:00
20180705 14:52,458.5,459.0,458.5,459.0,160080,1484.0,132276,556.0,7348900000.0,68120000.0,4103,5865,2018-07-05 14:52:00
20180705 14:53,459.0,459.0,459.0,459.0,160904,824.0,131922,-354.0,7386720000.0,37820000.0,1989,6054,2018-07-05 14:53:00
20180705 14:54,459.0,459.0,459.0,459.0,160904,0.0,131922,0.0,7386720000.0,0.0,334,2190,2018-07-05 14:54:00
20180705 14:55,459.0,459.0,459.0,459.0,160952,48.0,131922,0.0,7388920000.0,2200000.0,2490,11231,2018-07-05 14:55:00
20180705 14:56,459.0,459.0,459.0,459.0,160952,0.0,131922,0.0,7388920000.0,0.0,2239,11509,2018-07-05 14:56:00
20180705 14:57,459.0,459.0,458.5,459.0,161046,94.0,131988,66.0,7393230000.0,4310000.0,723,5736,2018-07-05 14:57:00
20180705 14:58,459.0,459.0,458.5,459.0,161132,86.0,131944,-44.0,7397180000.0,3950000.0,964,5387,2018-07-05 14:58:00
20180705 14:59,458.5,460.0,458.5,460.0,161836,704.0,131946,2.0,7429510000.0,32330000.0,7584,10027,2018-07-05 14:59:00
20180705 15:00,460.0,460.0,460.0,460.0,161836,0.0,131946,0.0,7429510000.0,0.0,16,32,2018-07-05 15:00:00
20180705 20:59,462.0,462.0,462.0,462.0,2516,2516.0,124646,-7300.0,116239000.0,116239000.0,6,1,2018-07-05 20:59:00
20180705 21:00,462.0,464.0,462.0,463.5,2786,270.0,124486,-160.0,128763000.0,12524000.0,3545,3526,2018-07-05 21:00:00
20180705 21:01,463.5,463.5,462.5,462.5,3430,644.0,124122,-364.0,158571000.0,29808000.0,4711,9539,2018-07-05 21:01:00
20180705 21:02,462.5,463.5,462.5,463.5,4134,704.0,124100,-22.0,191157000.0,32586000.0,5551,3779,2018-07-05 21:02:00
20180705 21:03,463.5,463.5,462.0,462.0,4562,428.0,123914,-186.0,210958000.0,19801000.0,5459,3175,2018-07-05 21:03:00
20180705 21:04,462.0,462.0,462.0,462.0,4640,78.0,123940,26.0,214562000.0,3604000.0,5532,4110,2018-07-05 21:04:00
20180705 21:05,462.0,462.0,460.5,461.0,5124,484.0,123826,-114.0,236854000.0,22292000.0,8402,11850,2018-07-05 21:05:00
20180705 21:06,461.0,461.0,460.0,460.5,5346,222.0,123834,8.0,247073000.0,10219000.0,3672,9189,2018-07-05 21:06:00
20180705 21:07,460.5,460.5,460.0,460.0,5350,4.0,123834,0.0,247257000.0,184000.0,1063,578,2018-07-05 21:07:00
20180705 21:08,460.0,460.5,460.0,460.5,5358,8.0,123830,-4.0,247625000.0,368000.0,1100,833,2018-07-05 21:08:00
20180705 21:09,460.0,460.0,459.5,460.0,5620,262.0,123888,58.0,259676000.0,12051000.0,1166,1070,2018-07-05 21:09:00
20180705 21:10,460.0,460.0,459.5,459.5,5808,188.0,123890,2.0,268315000.0,8639000.0,1548,2742,2018-07-05 21:10:00
20180705 21:11,459.5,460.0,459.5,460.0,5814,6.0,123888,-2.0,268591000.0,276000.0,739,1714,2018-07-05 21:11:00
20180705 21:12,460.0,460.0,460.0,460.0,5954,140.0,123864,-24.0,275031000.0,6440000.0,2094,1572,2018-07-05 21:12:00
20180705 21:13,460.0,460.0,458.5,458.5,6304,350.0,123922,58.0,291119000.0,16088000.0,9246,3443,2018-07-05 21:13:00
20180705 21:14,458.5,458.5,458.0,458.0,6412,108.0,123936,14.0,296068000.0,4949000.0,8273,1620,2018-07-05 21:14:00
20180705 21:15,458.0,458.5,458.0,458.0,6458,46.0,123950,14.0,298175000.0,2107000.0,6146,979,2018-07-05 21:15:00
20180705 21:16,458.0,458.5,458.0,458.5,6732,274.0,123966,16.0,310738000.0,12563000.0,9164,2784,2018-07-05 21:16:00
20180705 21:17,458.5,458.5,456.5,457.0,7436,704.0,123864,-102.0,342933000.0,32195000.0,4175,14119,2018-07-05 21:17:00
20180705 21:18,457.0,457.0,457.0,457.0,7716,280.0,123894,30.0,355729000.0,12796000.0,3920,6455,2018-07-05 21:18:00
20180705 21:19,457.0,457.0,456.5,456.5,7806,90.0,123838,-56.0,359841000.0,4112000.0,5701,1160,2018-07-05 21:19:00
20180705 21:20,456.5,457.0,456.5,457.0,8288,482.0,123806,-32.0,381862000.0,22021000.0,6235,12556,2018-07-05 21:20:00
20180705 21:21,457.0,457.0,456.5,457.0,8368,80.0,123788,-18.0,385515000.0,3653000.0,7548,4289,2018-07-05 21:21:00
20180705 21:22,457.0,457.5,457.0,457.5,8638,270.0,123738,-50.0,397868000.0,12353000.0,4584,7003,2018-07-05 21:22:00
20180705 21:23,457.5,458.0,457.5,457.5,9058,420.0,123770,32.0,417084000.0,19216000.0,2915,10521,2018-07-05 21:23:00
20180705 21:24,457.5,457.5,457.5,457.5,9090,32.0,123742,-28.0,418548000.0,1464000.0,4599,2502,2018-07-05 21:24:00
20180705 21:25,457.5,457.5,457.5,457.5,9090,0.0,123742,0.0,418548000.0,0.0,2749,6823,2018-07-05 21:25:00
20180705 21:26,457.5,458.0,457.5,458.0,9414,324.0,123732,-10.0,433387000.0,14839000.0,2532,5357,2018-07-05 21:26:00
20180705 21:27,458.0,458.0,458.0,458.0,9500,86.0,123722,-10.0,437326000.0,3939000.0,7568,6932,2018-07-05 21:27:00
20180705 21:28,458.0,458.5,458.0,458.5,9502,2.0,123720,-2.0,437418000.0,92000.0,4427,613,2018-07-05 21:28:00
20180705 21:29,458.5,458.5,458.0,458.0,9758,256.0,123738,18.0,449142000.0,11724000.0,4088,7293,2018-07-05 21:29:00
20180705 21:30,458.0,458.0,457.0,457.0,9892,134.0,123730,-8.0,455272000.0,6130000.0,4174,6947,2018-07-05 21:30:00
20180705 21:31,457.0,457.0,457.0,457.0,9894,2.0,123730,0.0,455363000.0,91000.0,2657,5234,2018-07-05 21:31:00
20180705 21:32,457.0,457.5,457.0,457.5,10086,192.0,123606,-124.0,464147000.0,8784000.0,2204,2838,2018-07-05 21:32:00
20180705 21:33,457.5,457.5,457.5,457.5,10086,0.0,123606,0.0,464147000.0,0.0,286,551,2018-07-05 21:33:00
20180705 21:34,457.5,458.0,457.5,458.0,10098,12.0,123606,0.0,464697000.0,550000.0,347,677,2018-07-05 21:34:00
20180705 21:35,458.0,458.0,457.5,458.0,10140,42.0,123566,-40.0,466620000.0,1923000.0,526,1359,2018-07-05 21:35:00
20180705 21:36,458.0,458.5,458.0,458.5,10486,346.0,123588,22.0,482468000.0,15848000.0,2397,3336,2018-07-05 21:36:00
20180705 21:37,458.5,458.5,458.0,458.0,10822,336.0,123576,-12.0,497857000.0,15389000.0,5483,3320,2018-07-05 21:37:00
20180705 21:38,458.0,458.5,458.0,458.5,10828,6.0,123578,2.0,498132000.0,275000.0,3101,1091,2018-07-05 21:38:00
20180705 21:39,458.5,458.5,458.5,458.5,10840,12.0,123578,0.0,498682000.0,550000.0,3225,2435,2018-07-05 21:39:00
20180705 21:40,458.5,458.5,458.5,458.5,10840,0.0,123578,0.0,498682000.0,0.0,5596,3117,2018-07-05 21:40:00
20180705 21:41,458.5,458.5,458.5,458.5,10840,0.0,123578,0.0,498682000.0,0.0,3404,1344,2018-07-05 21:41:00
20180705 21:42,458.5,459.0,458.5,459.0,10932,92.0,123624,46.0,502901000.0,4219000.0,4629,2542,2018-07-05 21:42:00
20180705 21:43,459.0,459.0,459.0,459.0,13060,2128.0,123578,-46.0,600576000.0,97675000.0,6237,7814,2018-07-05 21:43:00
20180705 21:44,459.0,459.0,459.0,459.0,14856,1796.0,123668,90.0,683013000.0,82437000.0,7421,7789,2018-07-05 21:44:00
20180705 21:45,459.0,459.0,458.5,459.0,18010,3154.0,123986,318.0,827781000.0,144768000.0,12838,14212,2018-07-05 21:45:00
20180705 21:46,459.0,459.0,459.0,459.0,18718,708.0,123746,-240.0,860278000.0,32497000.0,1512,5871,2018-07-05 21:46:00
20180705 21:47,459.0,459.0,459.0,459.0,18718,0.0,123746,0.0,860278000.0,0.0,293,1900,2018-07-05 21:47:00
20180705 21:48,459.0,459.0,458.0,458.0,18854,136.0,123658,-88.0,866513000.0,6235000.0,1060,2776,2018-07-05 21:48:00
20180705 21:49,458.0,458.0,458.0,458.0,18854,0.0,123658,0.0,866513000.0,0.0,442,1484,2018-07-05 21:49:00
20180705 21:50,458.0,458.5,458.0,458.5,18914,60.0,123620,-38.0,869264000.0,2751000.0,1308,1524,2018-07-05 21:50:00
20180705 21:51,458.5,459.0,458.5,459.0,18938,24.0,123620,0.0,870366000.0,1102000.0,1059,2408,2018-07-05 21:51:00
20180705 21:52,459.0,459.0,459.0,459.0,18938,0.0,123620,0.0,870366000.0,0.0,1937,3811,2018-07-05 21:52:00
20180705 21:53,459.0,459.0,459.0,459.0,18938,0.0,123620,0.0,870366000.0,0.0,920,1765,2018-07-05 21:53:00
20180705 21:54,459.0,459.0,459.0,459.0,18938,0.0,123620,0.0,870366000.0,0.0,92,186,2018-07-05 21:54:00
20180705 21:55,459.0,459.0,458.5,459.0,18964,26.0,123644,24.0,871558000.0,1192000.0,411,251,2018-07-05 21:55:00
20180705 21:56,458.5,458.5,458.5,458.5,19742,778.0,123802,158.0,907230000.0,35672000.0,5816,2738,2018-07-05 21:56:00
20180705 21:57,458.5,459.0,458.5,459.0,20578,836.0,123606,-196.0,945602000.0,38372000.0,4684,5667,2018-07-05 21:57:00
20180705 21:58,459.0,459.0,459.0,459.0,20578,0.0,123606,0.0,945602000.0,0.0,1127,567,2018-07-05 21:58:00
20180705 21:59,459.0,459.0,458.5,458.5,20600,22.0,123600,-6.0,946611000.0,1009000.0,4790,1787,2018-07-05 21:59:00
20180705 22:00,458.5,458.5,458.5,458.5,21622,1022.0,123844,244.0,993470000.0,46859000.0,5369,3967,2018-07-05 22:00:00
20180705 22:01,458.5,458.5,458.5,458.5,22808,1186.0,123890,46.0,1047850000.0,54380000.0,2383,4447,2018-07-05 22:01:00
20180705 22:02,458.5,458.5,458.5,458.5,22810,2.0,123890,0.0,1047940000.0,90000.0,406,1307,2018-07-05 22:02:00
20180705 22:03,458.5,459.0,458.5,458.5,25056,2246.0,123784,-106.0,1150930000.0,102990000.0,3535,8085,2018-07-05 22:03:00
20180705 22:04,458.5,458.5,458.5,458.5,25058,2.0,123786,2.0,1151020000.0,90000.0,1006,534,2018-07-05 22:04:00
20180705 22:05,458.5,458.5,458.5,458.5,28086,3028.0,124064,278.0,1289860000.0,138840000.0,11167,10168,2018-07-05 22:05:00
20180705 22:06,458.5,458.5,458.5,458.5,28602,516.0,123830,-234.0,1313510000.0,23650000.0,2496,3764,2018-07-05 22:06:00
20180705 22:07,458.5,458.5,458.5,458.5,33160,4558.0,124042,212.0,1522500000.0,208990000.0,8023,10624,2018-07-05 22:07:00
20180705 22:08,458.5,458.5,458.5,458.5,33542,382.0,124220,178.0,1540010000.0,17510000.0,698,357,2018-07-05 22:08:00
20180705 22:09,458.5,458.5,458.5,458.5,36116,2574.0,124176,-44.0,1658030000.0,118020000.0,5041,10632,2018-07-05 22:09:00
20180705 22:10,458.5,458.5,458.5,458.5,42490,6374.0,124410,234.0,1950280000.0,292250000.0,9167,16455,2018-07-05 22:10:00
20180705 22:11,458.5,458.5,458.5,458.5,42490,0.0,124410,0.0,1950280000.0,0.0,228,138,2018-07-05 22:11:00
20180705 22:12,458.5,458.5,458.5,458.5,42612,122.0,124424,14.0,1955870000.0,5590000.0,2184,2160,2018-07-05 22:12:00
20180705 22:13,458.5,458.5,458.5,458.5,42628,16.0,124424,0.0,1956610000.0,740000.0,228,655,2018-07-05 22:13:00
20180705 22:14,458.5,458.5,458.5,458.5,42628,0.0,124424,0.0,1956610000.0,0.0,1204,3224,2018-07-05 22:14:00
20180705 22:15,458.5,458.5,458.5,458.5,42628,0.0,124424,0.0,1956610000.0,0.0,461,895,2018-07-05 22:15:00
20180705 22:16,458.5,458.5,458.5,458.5,45350,2722.0,124594,170.0,2081410000.0,124800000.0,11002,10098,2018-07-05 22:16:00
20180705 22:17,458.5,458.5,458.5,458.5,46054,704.0,124324,-270.0,2113690000.0,32280000.0,3761,6803,2018-07-05 22:17:00
20180705 22:18,458.5,458.5,458.5,458.5,46054,0.0,124324,0.0,2113690000.0,0.0,592,405,2018-07-05 22:18:00
20180705 22:19,458.5,458.5,458.5,458.5,46054,0.0,124324,0.0,2113690000.0,0.0,387,363,2018-07-05 22:19:00
20180705 22:20,458.5,458.5,458.5,458.5,46054,0.0,124324,0.0,2113690000.0,0.0,396,316,2018-07-05 22:20:00
20180705 22:21,458.5,458.5,458.5,458.5,46196,142.0,124308,-16.0,2120200000.0,6510000.0,1976,2770,2018-07-05 22:21:00
20180705 22:22,458.5,458.5,458.5,458.5,49204,3008.0,125028,720.0,2258120000.0,137920000.0,12571,5749,2018-07-05 22:22:00
20180705 22:23,458.5,458.5,458.5,458.5,50206,1002.0,125430,402.0,2304060000.0,45940000.0,4722,2226,2018-07-05 22:23:00
20180705 22:24,458.5,458.5,458.5,458.5,52598,2392.0,125480,50.0,2413730000.0,109670000.0,6618,3418,2018-07-05 22:24:00
20180705 22:25,458.5,458.5,458.5,458.5,53888,1290.0,125712,232.0,2472880000.0,59150000.0,4536,4636,2018-07-05 22:25:00
20180705 22:26,458.5,458.5,458.5,458.5,53888,0.0,125712,0.0,2472880000.0,0.0,586,927,2018-07-05 22:26:00
20180705 22:27,458.5,458.5,458.5,458.5,53888,0.0,125712,0.0,2472880000.0,0.0,430,420,2018-07-05 22:27:00
20180705 22:28,458.5,458.5,458.5,458.5,53888,0.0,125712,0.0,2472880000.0,0.0,107,107,2018-07-05 22:28:00
20180705 22:29,458.5,458.5,458.5,458.5,58404,4516.0,125380,-332.0,2679940000.0,207060000.0,13241,13763,2018-07-05 22:29:00
20180705 22:30,458.5,458.5,458.0,458.0,58770,366.0,125502,122.0,2696720000.0,16780000.0,6188,4602,2018-07-05 22:30:00
20180705 22:31,458.0,458.0,457.5,458.0,58918,148.0,125580,78.0,2703500000.0,6780000.0,2022,1993,2018-07-05 22:31:00
20180705 22:32,458.0,458.0,458.0,458.0,59100,182.0,125502,-78.0,2711830000.0,8330000.0,3242,2070,2018-07-05 22:32:00
20180705 22:33,458.0,458.0,458.0,458.0,59100,0.0,125502,0.0,2711830000.0,0.0,2457,1754,2018-07-05 22:33:00
20180705 22:34,458.0,458.0,458.0,458.0,59100,0.0,125502,0.0,2711830000.0,0.0,159,140,2018-07-05 22:34:00
20180705 22:35,458.0,458.0,458.0,458.0,59100,0.0,125502,0.0,2711830000.0,0.0,2058,742,2018-07-05 22:35:00
20180705 22:36,458.0,458.0,458.0,458.0,60302,1202.0,125472,-30.0,2766880000.0,55050000.0,4917,4025,2018-07-05 22:36:00
20180705 22:37,458.0,458.5,458.0,458.5,60936,634.0,125988,516.0,2795950000.0,29070000.0,3676,5088,2018-07-05 22:37:00
20180705 22:38,458.5,458.5,458.5,458.5,62916,1980.0,126124,136.0,2886730000.0,90780000.0,12402,8790,2018-07-05 22:38:00
20180705 22:39,458.5,458.5,458.5,458.5,62916,0.0,126124,0.0,2886730000.0,0.0,5647,1549,2018-07-05 22:39:00
20180705 22:40,458.5,458.5,458.5,458.5,62916,0.0,126124,0.0,2886730000.0,0.0,11154,4474,2018-07-05 22:40:00
20180705 22:41,458.5,458.5,458.5,458.5,62916,0.0,126124,0.0,2886730000.0,0.0,7722,2904,2018-07-05 22:41:00
20180705 22:42,458.0,458.5,458.0,458.0,65152,2236.0,126200,76.0,2989140000.0,102410000.0,9904,7556,2018-07-05 22:42:00
20180705 22:43,458.0,458.0,458.0,458.0,65152,0.0,126200,0.0,2989140000.0,0.0,3011,2267,2018-07-05 22:43:00
20180705 22:44,458.0,458.0,458.0,458.0,65214,62.0,126230,30.0,2991980000.0,2840000.0,2999,766,2018-07-05 22:44:00
20180705 22:45,458.0,458.0,458.0,458.0,65214,0.0,126230,0.0,2991980000.0,0.0,6250,1745,2018-07-05 22:45:00
20180705 22:46,458.0,458.0,458.0,458.0,65214,0.0,126230,0.0,2991980000.0,0.0,4569,2710,2018-07-05 22:46:00
20180705 22:47,458.0,458.0,458.0,458.0,65224,10.0,126240,10.0,2992440000.0,460000.0,6674,1389,2018-07-05 22:47:00
20180705 22:48,458.0,458.0,458.0,458.0,65410,186.0,126322,82.0,3000960000.0,8520000.0,3529,1910,2018-07-05 22:48:00
20180705 22:49,458.0,458.0,457.0,457.0,66272,862.0,126090,-232.0,3040390000.0,39430000.0,4620,3266,2018-07-05 22:49:00
20180705 22:50,457.5,457.5,457.5,457.5,66274,2.0,126092,2.0,3040490000.0,100000.0,324,337,2018-07-05 22:50:00
20180705 22:51,457.5,457.5,457.5,457.5,66274,0.0,126092,0.0,3040490000.0,0.0,1878,650,2018-07-05 22:51:00
20180705 22:52,457.5,457.5,457.5,457.5,67560,1286.0,126324,232.0,3099320000.0,58830000.0,6122,8561,2018-07-05 22:52:00
20180705 22:53,457.5,457.5,457.0,457.0,67572,12.0,126334,10.0,3099870000.0,550000.0,771,608,2018-07-05 22:53:00
20180705 22:54,457.0,457.0,457.0,457.0,67580,8.0,126334,0.0,3100230000.0,360000.0,1738,1804,2018-07-05 22:54:00
20180705 22:55,457.0,457.0,457.0,457.0,67580,0.0,126334,0.0,3100230000.0,0.0,131,292,2018-07-05 22:55:00
20180705 22:57,457.0,457.0,457.0,457.0,67784,204.0,126428,94.0,3109560000.0,9330000.0,1070,869,2018-07-05 22:57:00
20180705 22:58,456.5,456.5,456.0,456.5,68710,926.0,126308,-120.0,3151830000.0,42270000.0,1147,2020,2018-07-05 22:58:00
20180705 22:59,456.5,456.5,456.5,456.5,68710,0.0,126308,0.0,3151830000.0,0.0,2038,2025,2018-07-05 22:59:00
20180705 23:00,456.5,456.5,456.5,456.5,69846,1136.0,126322,14.0,3203690000.0,51860000.0,4743,7304,2018-07-05 23:00:00
20180705 23:01,456.5,457.0,456.5,457.0,70334,488.0,126172,-150.0,3225960000.0,22270000.0,1038,1890,2018-07-05 23:01:00
20180705 23:02,457.0,457.0,457.0,457.0,70458,124.0,126200,28.0,3231630000.0,5670000.0,1255,10009,2018-07-05 23:02:00
20180705 23:03,457.0,457.0,457.0,457.0,71202,744.0,125986,-214.0,3265630000.0,34000000.0,2701,8460,2018-07-05 23:03:00
20180705 23:04,457.0,458.0,457.0,457.5,72082,880.0,126358,372.0,3305890000.0,40260000.0,2843,5419,2018-07-05 23:04:00
20180705 23:05,457.5,458.0,457.5,458.0,72850,768.0,126554,196.0,3341060000.0,35170000.0,4044,5668,2018-07-05 23:05:00
20180705 23:06,458.0,458.0,458.0,458.0,72850,0.0,126554,0.0,3341060000.0,0.0,580,382,2018-07-05 23:06:00
20180705 23:07,458.0,458.0,458.0,458.0,72850,0.0,126554,0.0,3341060000.0,0.0,250,221,2018-07-05 23:07:00
20180705 23:08,458.0,458.0,458.0,458.0,72850,0.0,126554,0.0,3341060000.0,0.0,253,208,2018-07-05 23:08:00
20180705 23:09,458.0,458.0,458.0,458.0,72850,0.0,126554,0.0,3341060000.0,0.0,229,238,2018-07-05 23:09:00
20180705 23:10,458.0,458.0,458.0,458.0,72850,0.0,126554,0.0,3341060000.0,0.0,204,244,2018-07-05 23:10:00
20180705 23:12,457.5,458.0,457.5,458.0,73580,730.0,126308,-246.0,3374500000.0,33440000.0,1901,5735,2018-07-05 23:12:00
20180705 23:13,458.0,458.0,458.0,458.0,73580,0.0,126308,0.0,3374500000.0,0.0,21,309,2018-07-05 23:13:00
20180705 23:14,458.0,458.0,458.0,458.0,76964,3384.0,126296,-12.0,3529480000.0,154980000.0,9626,14723,2018-07-05 23:14:00
20180705 23:15,458.0,458.0,458.0,458.0,77556,592.0,126266,-30.0,3556600000.0,27120000.0,4134,3018,2018-07-05 23:15:00
20180705 23:16,458.0,458.0,458.0,458.0,78632,1076.0,126594,328.0,3605880000.0,49280000.0,6003,5809,2018-07-05 23:16:00
20180705 23:17,458.0,458.0,458.0,458.0,78632,0.0,126594,0.0,3605880000.0,0.0,82,303,2018-07-05 23:17:00
20180705 23:19,458.0,458.0,458.0,458.0,78796,164.0,126550,-44.0,3613390000.0,7510000.0,515,673,2018-07-05 23:19:00
20180705 23:20,458.5,459.0,458.5,459.0,80802,2006.0,126582,32.0,3705460000.0,92070000.0,9682,7135,2018-07-05 23:20:00
20180705 23:21,459.0,459.0,459.0,459.0,80806,4.0,126578,-4.0,3705640000.0,180000.0,2618,3280,2018-07-05 23:21:00
20180705 23:22,459.0,459.0,459.0,459.0,82574,1768.0,125922,-656.0,3786790000.0,81150000.0,6922,8420,2018-07-05 23:22:00
20180705 23:23,459.0,459.0,459.0,459.0,82666,92.0,125940,18.0,3791010000.0,4220000.0,1627,879,2018-07-05 23:23:00
20180705 23:24,459.0,459.0,459.0,459.0,83572,906.0,126170,230.0,3832600000.0,41590000.0,5861,4666,2018-07-05 23:24:00
20180705 23:25,459.0,459.0,458.5,458.5,86314,2742.0,126058,-112.0,3958460000.0,125860000.0,11949,9411,2018-07-05 23:25:00
20180705 23:26,458.5,458.5,458.5,458.5,88408,2094.0,125894,-164.0,4054470000.0,96010000.0,8819,8839,2018-07-05 23:26:00
20180705 23:27,458.5,459.0,458.5,459.0,88598,190.0,125876,-18.0,4063180000.0,8710000.0,4161,2796,2018-07-05 23:27:00
20180705 23:28,459.0,459.0,458.5,458.5,88678,80.0,125876,0.0,4066850000.0,3670000.0,3938,1472,2018-07-05 23:28:00
20180705 23:29,458.5,459.0,458.5,458.5,90236,1558.0,126036,160.0,4138280000.0,71430000.0,8377,6966,2018-07-05 23:29:00
20180705 23:30,458.5,458.5,458.5,458.5,90236,0.0,126036,0.0,4138280000.0,0.0,153,154,2018-07-05 23:30:00
20180706 09:00,462.0,462.0,461.0,461.0,32704,32704.0,131850,5814.0,1505850000.0,1505850000.0,7591,11070,2018-07-06 09:00:00
20180706 09:01,461.0,461.0,461.0,461.0,32740,36.0,131860,10.0,1507510000.0,1660000.0,10918,8647,2018-07-06 09:01:00
20180706 09:02,461.0,461.0,460.5,461.0,33586,846.0,131726,-134.0,1546510000.0,39000000.0,3725,8059,2018-07-06 09:02:00
20180706 09:03,461.0,461.5,461.0,461.0,35020,1434.0,131928,202.0,1612650000.0,66140000.0,22650,7741,2018-07-06 09:03:00
20180706 09:04,461.0,461.0,461.0,461.0,35028,8.0,131920,-8.0,1613020000.0,370000.0,4118,5533,2018-07-06 09:04:00
20180706 09:05,461.0,461.0,461.0,461.0,35030,2.0,131918,-2.0,1613110000.0,90000.0,2546,7627,2018-07-06 09:05:00
20180706 09:06,461.0,461.0,461.0,461.0,35228,198.0,131848,-70.0,1622240000.0,9130000.0,7170,2107,2018-07-06 09:06:00
20180706 09:07,461.0,461.0,461.0,461.0,36778,1550.0,132228,380.0,1693690000.0,71450000.0,10703,11006,2018-07-06 09:07:00
20180706 09:08,461.0,461.0,461.0,461.0,36782,4.0,132228,0.0,1693880000.0,190000.0,17055,8421,2018-07-06 09:08:00
20180706 09:09,461.0,461.5,461.0,461.5,36786,4.0,132224,-4.0,1694060000.0,180000.0,2188,8438,2018-07-06 09:09:00
20180706 09:10,461.5,461.5,461.5,461.5,36984,198.0,132212,-12.0,1703200000.0,9140000.0,9241,4326,2018-07-06 09:10:00
20180706 09:11,461.5,461.5,461.5,461.5,36984,0.0,132212,0.0,1703200000.0,0.0,1749,1880,2018-07-06 09:11:00
20180706 09:12,461.5,461.5,461.5,461.5,36996,12.0,132210,-2.0,1703750000.0,550000.0,1641,1642,2018-07-06 09:12:00
20180706 09:13,461.5,461.5,461.5,461.5,37018,22.0,132210,0.0,1704770000.0,1020000.0,7038,1569,2018-07-06 09:13:00
20180706 09:14,461.5,461.5,461.5,461.5,37048,30.0,132208,-2.0,1706150000.0,1380000.0,28049,918,2018-07-06 09:14:00
20180706 09:15,461.5,461.5,461.0,461.0,37294,246.0,132300,92.0,1717500000.0,11350000.0,23263,5180,2018-07-06 09:15:00
20180706 09:16,461.0,461.0,461.0,461.0,37402,108.0,132294,-6.0,1722480000.0,4980000.0,6046,3591,2018-07-06 09:16:00
20180706 09:17,461.0,461.0,460.0,460.5,37686,284.0,132248,-46.0,1735560000.0,13080000.0,20515,5307,2018-07-06 09:17:00
20180706 09:18,460.5,461.0,460.5,460.5,38280,594.0,131916,-332.0,1762920000.0,27360000.0,24121,4915,2018-07-06 09:18:00
20180706 09:19,460.5,460.5,460.5,460.5,39848,1568.0,132008,92.0,1835120000.0,72200000.0,21622,5326,2018-07-06 09:19:00
20180706 09:20,460.5,460.5,460.5,460.5,39848,0.0,132008,0.0,1835120000.0,0.0,22528,2123,2018-07-06 09:20:00
20180706 09:21,460.5,460.5,460.0,460.0,39850,2.0,132008,0.0,1835210000.0,90000.0,24727,3112,2018-07-06 09:21:00
20180706 09:22,460.0,460.0,459.5,459.5,40318,468.0,131868,-140.0,1856730000.0,21520000.0,14138,2678,2018-07-06 09:22:00
20180706 09:23,459.5,459.5,459.0,459.0,40460,142.0,131748,-120.0,1863240000.0,6510000.0,16412,2555,2018-07-06 09:23:00
20180706 09:24,459.0,459.5,459.0,459.5,41534,1074.0,132454,706.0,1912580000.0,49340000.0,25260,7592,2018-07-06 09:24:00
20180706 09:25,459.5,459.5,459.0,459.0,41642,108.0,132400,-54.0,1917550000.0,4970000.0,10849,9464,2018-07-06 09:25:00
20180706 09:26,459.0,459.0,459.0,459.0,41644,2.0,132402,2.0,1917640000.0,90000.0,860,5207,2018-07-06 09:26:00
20180706 09:27,459.0,459.5,459.0,459.5,41668,24.0,132390,-12.0,1918740000.0,1100000.0,1784,12033,2018-07-06 09:27:00
20180706 09:28,459.5,459.5,459.5,459.5,41852,184.0,132366,-24.0,1927190000.0,8450000.0,708,5080,2018-07-06 09:28:00
20180706 09:29,459.5,459.5,459.5,459.5,42422,570.0,132008,-358.0,1953390000.0,26200000.0,6926,6386,2018-07-06 09:29:00
20180706 09:30,459.5,460.0,459.5,459.5,42460,38.0,132034,26.0,1955130000.0,1740000.0,1819,14414,2018-07-06 09:30:00
20180706 09:31,459.5,459.5,459.5,459.5,43142,682.0,132544,510.0,1986470000.0,31340000.0,1716,11039,2018-07-06 09:31:00
20180706 09:32,459.5,460.0,459.5,460.0,43496,354.0,132622,78.0,2002750000.0,16280000.0,4849,15023,2018-07-06 09:32:00
20180706 09:33,460.0,460.5,460.0,460.0,43790,294.0,132640,18.0,2016290000.0,13540000.0,15375,12160,2018-07-06 09:33:00
20180706 09:34,460.0,460.0,460.0,460.0,43790,0.0,132640,0.0,2016290000.0,0.0,3481,6513,2018-07-06 09:34:00
20180706 09:35,460.0,460.0,460.0,460.0,43794,4.0,132636,-4.0,2016470000.0,180000.0,2739,5976,2018-07-06 09:35:00
20180706 09:36,460.0,460.0,460.0,460.0,43794,0.0,132636,0.0,2016470000.0,0.0,2333,4917,2018-07-06 09:36:00
20180706 09:37,460.0,460.0,460.0,460.0,43794,0.0,132636,0.0,2016470000.0,0.0,1597,4470,2018-07-06 09:37:00
20180706 09:38,460.0,460.5,460.0,460.5,43904,110.0,132598,-38.0,2021540000.0,5070000.0,1907,7637,2018-07-06 09:38:00
20180706 09:39,460.5,460.5,460.0,460.0,44220,316.0,132582,-16.0,2036070000.0,14530000.0,6035,16414,2018-07-06 09:39:00
20180706 09:40,460.0,460.0,460.0,460.0,44220,0.0,132582,0.0,2036070000.0,0.0,1958,9944,2018-07-06 09:40:00
20180706 09:41,460.0,460.5,460.0,460.5,44712,492.0,132258,-324.0,2058730000.0,22660000.0,1077,12615,2018-07-06 09:41:00
20180706 09:42,460.5,460.5,460.5,460.5,44712,0.0,132258,0.0,2058730000.0,0.0,459,6671,2018-07-06 09:42:00
20180706 09:43,460.5,460.5,460.5,460.5,44712,0.0,132258,0.0,2058730000.0,0.0,500,3674,2018-07-06 09:43:00
20180706 09:44,460.5,460.5,460.5,460.5,44712,0.0,132258,0.0,2058730000.0,0.0,1089,7377,2018-07-06 09:44:00
20180706 09:45,460.5,460.5,460.0,460.0,44718,6.0,132252,-6.0,2059000000.0,270000.0,1670,7573,2018-07-06 09:45:00
20180706 09:46,460.0,460.0,460.0,460.0,44732,14.0,132238,-14.0,2059650000.0,650000.0,2108,9640,2018-07-06 09:46:00
20180706 09:47,460.0,460.0,460.0,460.0,44742,10.0,132228,-10.0,2060110000.0,460000.0,3053,8665,2018-07-06 09:47:00
20180706 09:48,460.0,460.0,460.0,460.0,44752,10.0,132218,-10.0,2060570000.0,460000.0,1904,5592,2018-07-06 09:48:00
20180706 09:49,460.0,460.0,460.0,460.0,44772,20.0,132208,-10.0,2061490000.0,920000.0,1115,3978,2018-07-06 09:49:00
20180706 09:50,460.0,460.0,460.0,460.0,44790,18.0,132192,-16.0,2062320000.0,830000.0,893,3041,2018-07-06 09:50:00
20180706 09:51,460.0,460.0,460.0,460.0,44790,0.0,132192,0.0,2062320000.0,0.0,1117,3424,2018-07-06 09:51:00
20180706 09:52,460.0,460.0,460.0,460.0,44802,12.0,132204,12.0,2062870000.0,550000.0,6840,4725,2018-07-06 09:52:00
20180706 09:53,460.0,460.0,460.0,460.0,45132,330.0,132206,2.0,2078050000.0,15180000.0,5667,9019,2018-07-06 09:53:00
20180706 09:54,460.0,460.0,459.5,460.0,45512,380.0,132150,-56.0,2095530000.0,17480000.0,15549,4935,2018-07-06 09:54:00
20180706 09:55,460.0,460.0,460.0,460.0,45862,350.0,132134,-16.0,2111630000.0,16100000.0,13425,2248,2018-07-06 09:55:00
20180706 09:56,460.0,460.0,460.0,460.0,46104,242.0,132076,-58.0,2122760000.0,11130000.0,28751,2345,2018-07-06 09:56:00
20180706 09:57,460.0,460.5,460.0,460.5,46808,704.0,132432,356.0,2155180000.0,32420000.0,11270,11445,2018-07-06 09:57:00
20180706 09:58,460.5,460.5,460.5,460.5,46808,0.0,132432,0.0,2155180000.0,0.0,33133,11725,2018-07-06 09:58:00
20180706 09:59,460.5,460.5,460.0,460.0,46944,136.0,132506,74.0,2161440000.0,6260000.0,22594,16834,2018-07-06 09:59:00
20180706 10:00,460.0,460.0,460.0,460.0,47384,440.0,132820,314.0,2181680000.0,20240000.0,7269,16022,2018-07-06 10:00:00
20180706 10:01,460.0,460.0,460.0,460.0,48172,788.0,132866,46.0,2217920000.0,36240000.0,22805,17332,2018-07-06 10:01:00
20180706 10:02,460.0,460.0,460.0,460.0,48248,76.0,132798,-68.0,2221420000.0,3500000.0,12912,8501,2018-07-06 10:02:00
20180706 10:03,460.0,460.0,460.0,460.0,48528,280.0,132818,20.0,2234300000.0,12880000.0,17921,4372,2018-07-06 10:03:00
20180706 10:04,460.0,460.0,460.0,460.0,50362,1834.0,133036,218.0,2318660000.0,84360000.0,33772,9043,2018-07-06 10:04:00
20180706 10:05,460.0,460.5,460.0,460.5,51464,1102.0,132796,-240.0,2369360000.0,50700000.0,20234,19916,2018-07-06 10:05:00
20180706 10:06,460.5,460.5,460.0,460.0,51954,490.0,132980,184.0,2391900000.0,22540000.0,28300,9968,2018-07-06 10:06:00
20180706 10:07,460.0,460.0,460.0,460.0,53646,1692.0,132700,-280.0,2469730000.0,77830000.0,27451,9962,2018-07-06 10:07:00
20180706 10:08,460.0,460.0,460.0,460.0,53646,0.0,132700,0.0,2469730000.0,0.0,7765,12345,2018-07-06 10:08:00
20180706 10:09,460.0,460.0,460.0,460.0,53646,0.0,132700,0.0,2469730000.0,0.0,6516,10639,2018-07-06 10:09:00
20180706 10:10,460.0,460.0,459.5,459.5,53648,2.0,132702,2.0,2469820000.0,90000.0,13429,11121,2018-07-06 10:10:00
20180706 10:11,459.5,459.5,459.5,459.5,53648,0.0,132702,0.0,2469820000.0,0.0,8701,10829,2018-07-06 10:11:00
20180706 10:12,459.5,459.5,459.5,459.5,54918,1270.0,133222,520.0,2528180000.0,58360000.0,31409,28299,2018-07-06 10:12:00
20180706 10:13,459.5,459.5,459.5,459.5,55436,518.0,133134,-88.0,2551980000.0,23800000.0,8935,13573,2018-07-06 10:13:00
20180706 10:14,459.5,459.5,459.0,459.0,56700,1264.0,132880,-254.0,2610040000.0,58060000.0,27558,15885,2018-07-06 10:14:00
20180706 10:15,459.0,459.0,459.0,459.0,56700,0.0,132880,0.0,2610040000.0,0.0,546,58,2018-07-06 10:15:00
20180706 10:30,459.0,459.0,459.0,459.0,58202,1502.0,133148,268.0,2678980000.0,68940000.0,30742,15723,2018-07-06 10:30:00
20180706 10:31,459.0,459.0,459.0,459.0,59068,866.0,132708,-440.0,2718730000.0,39750000.0,8238,21283,2018-07-06 10:31:00
20180706 10:32,459.0,459.0,458.5,458.5,59174,106.0,132682,-26.0,2723590000.0,4860000.0,14115,19208,2018-07-06 10:32:00
20180706 10:33,458.5,458.5,458.5,458.5,59184,10.0,132680,-2.0,2724050000.0,460000.0,1834,6476,2018-07-06 10:33:00
20180706 10:34,458.5,459.0,458.5,458.5,60584,1400.0,133496,816.0,2788240000.0,64190000.0,2952,18583,2018-07-06 10:34:00
20180706 10:35,458.5,459.0,458.5,459.0,60632,48.0,133496,0.0,2790440000.0,2200000.0,3179,74901,2018-07-06 10:35:00
20180706 10:36,459.0,459.0,458.5,458.5,64246,3614.0,136092,2596.0,2956150000.0,165710000.0,7865,27077,2018-07-06 10:36:00
20180706 10:37,458.5,459.0,458.0,458.0,64814,568.0,136140,48.0,2982190000.0,26040000.0,5475,2660,2018-07-06 10:37:00
20180706 10:38,458.0,458.0,458.0,458.0,64822,8.0,136140,0.0,2982560000.0,370000.0,2685,795,2018-07-06 10:38:00
20180706 10:39,458.0,458.5,458.0,458.5,64982,160.0,136120,-20.0,2989890000.0,7330000.0,7550,4032,2018-07-06 10:39:00
20180706 10:40,458.5,459.0,458.5,459.0,65436,454.0,135780,-340.0,3010710000.0,20820000.0,12506,3112,2018-07-06 10:40:00
20180706 10:41,459.0,459.0,458.5,458.5,65940,504.0,135792,12.0,3033840000.0,23130000.0,10481,5525,2018-07-06 10:41:00
20180706 10:42,458.5,459.0,458.5,459.0,66338,398.0,135834,42.0,3052110000.0,18270000.0,13970,11183,2018-07-06 10:42:00
20180706 10:43,459.0,459.0,459.0,459.0,66340,2.0,135834,0.0,3052200000.0,90000.0,4739,2162,2018-07-06 10:43:00
20180706 10:44,459.0,459.0,458.5,459.0,68430,2090.0,135842,8.0,3148130000.0,95930000.0,21895,13726,2018-07-06 10:44:00
20180706 10:45,459.0,459.0,459.0,459.0,68894,464.0,135884,42.0,3169430000.0,21300000.0,9280,1706,2018-07-06 10:45:00
20180706 10:46,459.0,459.0,458.5,459.0,70630,1736.0,136366,482.0,3249100000.0,79670000.0,22038,8403,2018-07-06 10:46:00
20180706 10:47,459.0,459.0,458.5,458.5,70634,4.0,136368,2.0,3249290000.0,190000.0,8391,3471,2018-07-06 10:47:00
20180706 10:48,458.5,458.5,458.5,458.5,70658,24.0,136362,-6.0,3250390000.0,1100000.0,5180,6227,2018-07-06 10:48:00
20180706 10:49,458.5,458.5,458.5,458.5,70708,50.0,136314,-48.0,3252680000.0,2290000.0,8038,13170,2018-07-06 10:49:00
20180706 10:50,458.5,459.0,458.5,458.5,70734,26.0,136298,-16.0,3253870000.0,1190000.0,9860,10416,2018-07-06 10:50:00
20180706 10:51,458.5,458.5,458.5,458.5,70940,206.0,136332,34.0,3263320000.0,9450000.0,3545,6984,2018-07-06 10:51:00
20180706 10:52,458.5,458.5,458.5,458.5,70942,2.0,136332,0.0,3263410000.0,90000.0,1659,8876,2018-07-06 10:52:00
20180706 10:53,458.5,458.5,458.5,458.5,72142,1200.0,136012,-320.0,3318430000.0,55020000.0,9258,15207,2018-07-06 10:53:00
20180706 10:54,458.5,458.5,458.5,458.5,72142,0.0,136012,0.0,3318430000.0,0.0,1168,4768,2018-07-06 10:54:00
20180706 10:55,458.5,458.5,458.5,458.5,72142,0.0,136012,0.0,3318430000.0,0.0,2073,5263,2018-07-06 10:55:00
20180706 10:56,458.5,458.5,458.5,458.5,72284,142.0,136130,118.0,3324940000.0,6510000.0,3996,4918,2018-07-06 10:56:00
20180706 10:57,458.5,458.5,458.5,458.5,72286,2.0,136132,2.0,3325030000.0,90000.0,4716,667,2018-07-06 10:57:00
20180706 10:58,458.5,458.5,458.5,458.5,73184,898.0,135856,-276.0,3366200000.0,41170000.0,8676,7588,2018-07-06 10:58:00
20180706 10:59,458.5,458.5,458.5,458.5,73184,0.0,135856,0.0,3366200000.0,0.0,2433,2322,2018-07-06 10:59:00
20180706 11:00,458.5,458.5,458.5,458.5,73184,0.0,135856,0.0,3366200000.0,0.0,3454,5097,2018-07-06 11:00:00
20180706 11:01,458.5,458.5,458.5,458.5,73184,0.0,135856,0.0,3366200000.0,0.0,3195,4407,2018-07-06 11:01:00
20180706 11:02,458.5,458.5,458.5,458.5,73184,0.0,135856,0.0,3366200000.0,0.0,3125,4873,2018-07-06 11:02:00
20180706 11:03,458.5,458.5,458.5,458.5,73186,2.0,135856,0.0,3366290000.0,90000.0,2436,6005,2018-07-06 11:03:00
20180706 11:04,458.5,458.5,458.5,458.5,74688,1502.0,136440,584.0,3435160000.0,68870000.0,10855,10697,2018-07-06 11:04:00
20180706 11:05,458.5,458.5,458.5,458.5,76292,1604.0,136198,-242.0,3508700000.0,73540000.0,12070,6085,2018-07-06 11:05:00
20180706 11:06,458.5,458.5,458.5,458.5,76690,398.0,136008,-190.0,3526950000.0,18250000.0,9176,3677,2018-07-06 11:06:00
20180706 11:07,458.5,458.5,458.5,458.5,79706,3016.0,135670,-338.0,3665230000.0,138280000.0,11279,11175,2018-07-06 11:07:00
20180706 11:08,458.5,458.5,458.5,458.5,82636,2930.0,135672,2.0,3799570000.0,134340000.0,12042,11409,2018-07-06 11:08:00
20180706 11:09,458.5,458.5,458.5,458.5,82696,60.0,135672,0.0,3802330000.0,2760000.0,2089,3066,2018-07-06 11:09:00
20180706 11:10,458.5,458.5,458.5,458.5,82696,0.0,135672,0.0,3802330000.0,0.0,1759,2397,2018-07-06 11:10:00
20180706 11:11,458.5,458.5,458.5,458.5,82696,0.0,135672,0.0,3802330000.0,0.0,1010,1489,2018-07-06 11:11:00
20180706 11:12,458.5,458.5,458.5,458.5,82696,0.0,135672,0.0,3802330000.0,0.0,931,1399,2018-07-06 11:12:00
20180706 11:13,458.5,458.5,458.5,458.5,86842,4146.0,135318,-354.0,3992420000.0,190090000.0,19338,16841,2018-07-06 11:13:00
20180706 11:14,458.5,458.5,458.5,458.5,87792,950.0,135458,140.0,4035980000.0,43560000.0,11841,8064,2018-07-06 11:14:00
20180706 11:15,458.5,458.5,458.0,458.0,88142,350.0,135448,-10.0,4052010000.0,16030000.0,7896,4521,2018-07-06 11:15:00
20180706 11:16,458.0,458.5,458.0,458.5,88888,746.0,135780,332.0,4086210000.0,34200000.0,8426,8080,2018-07-06 11:16:00
20180706 11:17,458.5,458.5,458.5,458.5,89332,444.0,135834,54.0,4106570000.0,20360000.0,4863,8944,2018-07-06 11:17:00
20180706 11:18,458.5,458.5,458.5,458.5,89332,0.0,135834,0.0,4106570000.0,0.0,1292,1316,2018-07-06 11:18:00
20180706 11:19,458.5,458.5,458.5,458.5,89586,254.0,135650,-184.0,4118220000.0,11650000.0,1051,1304,2018-07-06 11:19:00
20180706 11:20,458.5,458.5,458.5,458.5,91242,1656.0,135240,-410.0,4194140000.0,75920000.0,15313,14061,2018-07-06 11:20:00
20180706 11:21,458.5,459.0,458.5,459.0,92504,1262.0,135694,454.0,4252010000.0,57870000.0,13152,13754,2018-07-06 11:21:00
20180706 11:22,459.0,459.0,459.0,459.0,93140,636.0,135480,-214.0,4281200000.0,29190000.0,13877,4765,2018-07-06 11:22:00
20180706 11:23,459.0,459.0,459.0,459.0,93140,0.0,135480,0.0,4281200000.0,0.0,16918,5337,2018-07-06 11:23:00
20180706 11:24,459.0,459.5,459.0,459.5,93248,108.0,135510,30.0,4286160000.0,4960000.0,17937,9742,2018-07-06 11:24:00
20180706 11:25,459.5,459.5,459.5,459.5,93278,30.0,135490,-20.0,4287540000.0,1380000.0,11437,9664,2018-07-06 11:25:00
20180706 11:26,459.5,459.5,459.5,459.5,93344,66.0,135450,-40.0,4290570000.0,3030000.0,10320,11143,2018-07-06 11:26:00
20180706 11:27,459.5,459.5,459.0,459.5,93370,26.0,135424,-26.0,4291770000.0,1200000.0,3694,4411,2018-07-06 11:27:00
20180706 11:28,459.5,461.0,459.5,460.5,93930,560.0,135270,-154.0,4317530000.0,25760000.0,4250,7076,2018-07-06 11:28:00
20180706 11:29,460.5,461.0,460.5,461.0,94428,498.0,135234,-36.0,4340480000.0,22950000.0,4685,5532,2018-07-06 11:29:00
20180706 11:30,461.5,461.5,461.5,461.5,94432,4.0,135234,0.0,4340660000.0,180000.0,8,75,2018-07-06 11:30:00
20180706 13:30,461.5,463.5,461.5,463.0,94866,434.0,135322,88.0,4360760000.0,20100000.0,17157,5634,2018-07-06 13:30:00
20180706 13:31,463.0,463.0,462.5,462.5,95118,252.0,135360,38.0,4372420000.0,11660000.0,11145,7552,2018-07-06 13:31:00
20180706 13:32,462.5,462.5,462.0,462.0,95200,82.0,135340,-20.0,4376210000.0,3790000.0,3332,3837,2018-07-06 13:32:00
20180706 13:33,462.0,463.0,462.0,462.5,96544,1344.0,135164,-176.0,4438400000.0,62190000.0,5475,5713,2018-07-06 13:33:00
20180706 13:34,462.5,462.5,462.5,462.5,96572,28.0,135174,10.0,4439700000.0,1300000.0,3401,2240,2018-07-06 13:34:00
20180706 13:35,462.5,462.5,462.5,462.5,96910,338.0,135290,116.0,4455330000.0,15630000.0,3113,4150,2018-07-06 13:35:00
20180706 13:36,462.5,462.5,462.0,462.0,97048,138.0,135300,10.0,4461710000.0,6380000.0,5685,1926,2018-07-06 13:36:00
20180706 13:37,462.0,462.5,462.0,462.5,97600,552.0,135202,-98.0,4487210000.0,25500000.0,16676,5406,2018-07-06 13:37:00
20180706 13:38,462.5,462.5,460.5,460.5,97906,306.0,135124,-78.0,4501340000.0,14130000.0,14416,2463,2018-07-06 13:38:00
20180706 13:39,460.0,461.0,460.0,461.0,98212,306.0,135082,-42.0,4515430000.0,14090000.0,1842,5216,2018-07-06 13:39:00
20180706 13:40,461.0,461.5,461.0,461.0,99946,1734.0,134914,-168.0,4595420000.0,79990000.0,7228,5166,2018-07-06 13:40:00
20180706 13:41,461.0,461.0,461.0,461.0,100190,244.0,135018,104.0,4606660000.0,11240000.0,15557,4193,2018-07-06 13:41:00
20180706 13:42,461.0,461.5,461.0,461.5,100974,784.0,135358,340.0,4642810000.0,36150000.0,8572,6953,2018-07-06 13:42:00
20180706 13:43,461.5,461.5,461.5,461.5,101772,798.0,135062,-296.0,4679630000.0,36820000.0,15624,3634,2018-07-06 13:43:00
20180706 13:44,461.5,461.5,461.5,461.5,102258,486.0,135044,-18.0,4702060000.0,22430000.0,13276,625,2018-07-06 13:44:00
20180706 13:45,461.5,462.0,461.5,461.5,102308,50.0,135046,2.0,4704370000.0,2310000.0,9398,3734,2018-07-06 13:45:00
20180706 13:46,461.5,461.5,461.0,461.0,102328,20.0,135052,6.0,4705290000.0,920000.0,3321,5598,2018-07-06 13:46:00
20180706 13:47,461.0,461.0,461.0,461.0,102440,112.0,135104,52.0,4710460000.0,5170000.0,9717,6627,2018-07-06 13:47:00
20180706 13:48,461.0,461.0,460.5,461.0,102502,62.0,135134,30.0,4713310000.0,2850000.0,16634,6360,2018-07-06 13:48:00
20180706 13:49,461.0,461.0,461.0,461.0,104616,2114.0,135034,-100.0,4810770000.0,97460000.0,11982,13707,2018-07-06 13:49:00
20180706 13:50,461.0,461.0,461.0,461.0,104664,48.0,135032,-2.0,4812980000.0,2210000.0,2187,6395,2018-07-06 13:50:00
20180706 13:51,461.0,461.0,461.0,461.0,104686,22.0,135020,-12.0,4813990000.0,1010000.0,688,3110,2018-07-06 13:51:00
20180706 13:52,461.0,461.0,461.0,461.0,104686,0.0,135020,0.0,4813990000.0,0.0,212,1244,2018-07-06 13:52:00
20180706 13:53,461.0,461.0,461.0,461.0,104774,88.0,134942,-78.0,4818050000.0,4060000.0,828,2696,2018-07-06 13:53:00
20180706 13:54,461.0,461.0,461.0,461.0,104774,0.0,134942,0.0,4818050000.0,0.0,2614,3726,2018-07-06 13:54:00
20180706 13:55,461.0,462.0,461.0,462.0,104866,92.0,134948,6.0,4822300000.0,4250000.0,6934,3594,2018-07-06 13:55:00
20180706 13:56,462.0,462.0,461.5,461.5,105952,1086.0,134838,-110.0,4872420000.0,50120000.0,9894,8208,2018-07-06 13:56:00
20180706 13:57,461.5,461.5,461.5,461.5,106502,550.0,135218,380.0,4897800000.0,25380000.0,3484,605,2018-07-06 13:57:00
20180706 13:58,461.5,462.0,461.5,462.0,108202,1700.0,134704,-514.0,4976340000.0,78540000.0,6482,7397,2018-07-06 13:58:00
20180706 13:59,462.0,462.0,462.0,462.0,108542,340.0,134844,140.0,4992050000.0,15710000.0,10015,2114,2018-07-06 13:59:00
20180706 14:00,462.0,462.0,462.0,462.0,108778,236.0,134928,84.0,5002950000.0,10900000.0,11783,8955,2018-07-06 14:00:00
20180706 14:01,462.0,462.0,462.0,462.0,108778,0.0,134928,0.0,5002950000.0,0.0,8997,3320,2018-07-06 14:01:00
20180706 14:02,462.0,462.0,462.0,462.0,108778,0.0,134928,0.0,5002950000.0,0.0,6798,5413,2018-07-06 14:02:00
20180706 14:03,462.0,462.0,462.0,462.0,108778,0.0,134928,0.0,5002950000.0,0.0,5368,3030,2018-07-06 14:03:00
20180706 14:04,462.0,462.0,461.5,461.5,108890,112.0,134872,-56.0,5008120000.0,5170000.0,6691,2579,2018-07-06 14:04:00
20180706 14:05,461.5,461.5,461.5,461.5,108890,0.0,134872,0.0,5008120000.0,0.0,3095,1363,2018-07-06 14:05:00
20180706 14:06,461.5,461.5,461.5,461.5,108890,0.0,134872,0.0,5008120000.0,0.0,7040,3398,2018-07-06 14:06:00
20180706 14:07,461.5,462.0,461.5,462.0,108894,4.0,134868,-4.0,5008300000.0,180000.0,3999,2067,2018-07-06 14:07:00
20180706 14:08,462.0,462.0,462.0,462.0,108894,0.0,134868,0.0,5008300000.0,0.0,2581,1477,2018-07-06 14:08:00
20180706 14:09,462.0,462.0,462.0,462.0,108894,0.0,134868,0.0,5008300000.0,0.0,6016,4128,2018-07-06 14:09:00
20180706 14:10,462.0,462.0,462.0,462.0,108934,40.0,134858,-10.0,5010150000.0,1850000.0,1620,10198,2018-07-06 14:10:00
20180706 14:11,462.0,462.0,462.0,462.0,109236,302.0,135076,218.0,5024100000.0,13950000.0,1405,12061,2018-07-06 14:11:00
20180706 14:12,462.0,462.0,462.0,462.0,109290,54.0,135130,54.0,5026600000.0,2500000.0,1643,7021,2018-07-06 14:12:00
20180706 14:13,462.0,462.0,462.0,462.0,109324,34.0,135140,10.0,5028170000.0,1570000.0,1328,12637,2018-07-06 14:13:00
20180706 14:14,462.0,462.0,462.0,462.0,109326,2.0,135140,0.0,5028260000.0,90000.0,2220,12152,2018-07-06 14:14:00
20180706 14:15,462.0,462.0,462.0,462.0,109334,8.0,135148,8.0,5028630000.0,370000.0,1170,6408,2018-07-06 14:15:00
20180706 14:16,462.0,462.0,462.0,462.0,109334,0.0,135148,0.0,5028630000.0,0.0,3739,11072,2018-07-06 14:16:00
20180706 14:17,462.0,462.0,462.0,462.0,109334,0.0,135148,0.0,5028630000.0,0.0,467,1480,2018-07-06 14:17:00
20180706 14:18,462.0,462.0,462.0,462.0,109340,6.0,135154,6.0,5028910000.0,280000.0,445,1972,2018-07-06 14:18:00
20180706 14:19,462.0,462.0,462.0,462.0,110630,1290.0,135114,-40.0,5088510000.0,59600000.0,5391,10234,2018-07-06 14:19:00
20180706 14:20,462.0,462.0,461.5,461.5,110632,2.0,135116,2.0,5088600000.0,90000.0,584,1888,2018-07-06 14:20:00
20180706 14:21,461.5,461.5,461.5,461.5,110634,2.0,135118,2.0,5088690000.0,90000.0,955,3725,2018-07-06 14:21:00
20180706 14:22,461.5,462.0,461.5,462.0,110798,164.0,135126,8.0,5096270000.0,7580000.0,613,3021,2018-07-06 14:22:00
20180706 14:23,462.0,462.0,462.0,462.0,110798,0.0,135126,0.0,5096270000.0,0.0,1217,5001,2018-07-06 14:23:00
20180706 14:24,462.0,462.5,462.0,462.5,110908,110.0,135170,44.0,5101350000.0,5080000.0,1741,7314,2018-07-06 14:24:00
20180706 14:25,462.5,463.0,462.5,463.0,111644,736.0,135198,28.0,5135430000.0,34080000.0,6106,9395,2018-07-06 14:25:00
20180706 14:26,463.0,463.0,463.0,463.0,111748,104.0,135204,6.0,5140250000.0,4820000.0,19120,1929,2018-07-06 14:26:00
20180706 14:27,463.0,463.0,462.0,462.0,112990,1242.0,134918,-286.0,5197660000.0,57410000.0,6933,5552,2018-07-06 14:27:00
20180706 14:28,462.0,462.0,462.0,462.0,112990,0.0,134918,0.0,5197660000.0,0.0,3280,2660,2018-07-06 14:28:00
20180706 14:29,461.5,461.5,461.0,461.5,113208,218.0,134950,32.0,5207720000.0,10060000.0,6320,2423,2018-07-06 14:29:00
20180706 14:30,461.5,461.5,461.5,461.5,113280,72.0,134956,6.0,5211040000.0,3320000.0,7347,785,2018-07-06 14:30:00
20180706 14:31,461.5,462.0,461.5,462.0,113544,264.0,134922,-34.0,5223230000.0,12190000.0,7163,1165,2018-07-06 14:31:00
20180706 14:32,462.0,462.0,461.5,461.5,113564,20.0,134932,10.0,5224150000.0,920000.0,3492,492,2018-07-06 14:32:00
20180706 14:33,461.5,461.5,461.5,461.5,113604,40.0,134972,40.0,5226000000.0,1850000.0,3767,2940,2018-07-06 14:33:00
20180706 14:34,461.5,461.5,461.5,461.5,113850,246.0,135190,218.0,5237350000.0,11350000.0,5974,1879,2018-07-06 14:34:00
20180706 14:35,461.5,461.5,461.5,461.5,113850,0.0,135190,0.0,5237350000.0,0.0,2484,647,2018-07-06 14:35:00
20180706 14:36,461.5,461.5,461.5,461.5,113850,0.0,135190,0.0,5237350000.0,0.0,2482,938,2018-07-06 14:36:00
20180706 14:37,461.5,463.0,461.5,463.0,114632,782.0,135612,422.0,5273500000.0,36150000.0,6267,3528,2018-07-06 14:37:00
20180706 14:38,463.0,463.0,462.0,462.0,114810,178.0,135708,96.0,5281740000.0,8240000.0,10919,6341,2018-07-06 14:38:00
20180706 14:39,462.0,462.5,462.0,462.5,114830,20.0,135688,-20.0,5282660000.0,920000.0,3495,690,2018-07-06 14:39:00
20180706 14:40,462.5,462.5,462.5,462.5,114830,0.0,135688,0.0,5282660000.0,0.0,7679,4603,2018-07-06 14:40:00
20180706 14:41,462.5,462.5,462.5,462.5,114830,0.0,135688,0.0,5282660000.0,0.0,1921,2520,2018-07-06 14:41:00
20180706 14:42,462.5,462.5,462.5,462.5,114852,22.0,135686,-2.0,5283680000.0,1020000.0,3415,4290,2018-07-06 14:42:00
20180706 14:43,462.5,462.5,462.0,462.0,115218,366.0,135618,-68.0,5300590000.0,16910000.0,2695,6602,2018-07-06 14:43:00
20180706 14:44,462.0,462.0,462.0,462.0,115390,172.0,135578,-40.0,5308530000.0,7940000.0,3004,3057,2018-07-06 14:44:00
20180706 14:45,462.0,462.0,462.0,462.0,115390,0.0,135578,0.0,5308530000.0,0.0,2263,512,2018-07-06 14:45:00
20180706 14:46,462.0,462.0,462.0,462.0,115390,0.0,135578,0.0,5308530000.0,0.0,1173,541,2018-07-06 14:46:00
20180706 14:47,462.0,462.0,462.0,462.0,115390,0.0,135578,0.0,5308530000.0,0.0,1991,981,2018-07-06 14:47:00
20180706 14:48,462.0,462.0,462.0,462.0,115390,0.0,135578,0.0,5308530000.0,0.0,1772,566,2018-07-06 14:48:00
20180706 14:49,462.0,462.5,462.0,462.5,115392,2.0,135578,0.0,5308630000.0,100000.0,6835,1415,2018-07-06 14:49:00
20180706 14:50,462.5,462.5,462.5,462.5,115982,590.0,135610,32.0,5335910000.0,27280000.0,6235,6562,2018-07-06 14:50:00
20180706 14:51,462.5,462.5,462.0,462.0,115994,12.0,135598,-12.0,5336470000.0,560000.0,6625,1467,2018-07-06 14:51:00
20180706 14:52,462.0,462.0,462.0,462.0,115994,0.0,135598,0.0,5336470000.0,0.0,5469,1004,2018-07-06 14:52:00
20180706 14:53,462.0,462.0,462.0,462.0,115996,2.0,135598,0.0,5336560000.0,90000.0,9132,7734,2018-07-06 14:53:00
20180706 14:54,462.0,462.5,462.0,462.5,116096,100.0,135594,-4.0,5341190000.0,4630000.0,13759,5239,2018-07-06 14:54:00
20180706 14:55,462.5,462.5,462.5,462.5,116122,26.0,135568,-26.0,5342390000.0,1200000.0,11466,1937,2018-07-06 14:55:00
20180706 14:56,462.5,462.5,462.0,462.0,116126,4.0,135566,-2.0,5342570000.0,180000.0,12909,1188,2018-07-06 14:56:00
20180706 14:57,462.0,462.5,462.0,462.5,116206,80.0,135500,-66.0,5346270000.0,3700000.0,14207,1308,2018-07-06 14:57:00
20180706 14:58,462.5,462.5,462.5,462.5,116346,140.0,135514,14.0,5352750000.0,6480000.0,5953,1788,2018-07-06 14:58:00
20180706 14:59,462.5,463.0,462.0,462.0,116500,154.0,135550,36.0,5359860000.0,7110000.0,15270,2193,2018-07-06 14:59:00
20180706 15:00,462.0,462.0,462.0,462.0,116500,0.0,135550,0.0,5359860000.0,0.0,528,218,2018-07-06 15:00:00
20180706 20:59,459.0,459.0,459.0,459.0,1302,1302.0,131888,-3662.0,59761800.0,59761800.0,1,5,2018-07-06 20:59:00
20180706 21:00,460.5,461.0,460.5,460.5,1610,308.0,131796,-92.0,73942300.0,14180500.0,3717,7850,2018-07-06 21:00:00
20180706 21:01,460.5,460.5,459.5,459.5,1942,332.0,131794,-2.0,89209700.0,15267400.0,2015,5656,2018-07-06 21:01:00
20180706 21:02,459.5,459.5,459.5,459.5,2156,214.0,131642,-152.0,99043000.0,9833300.0,3975,5269,2018-07-06 21:02:00
20180706 21:03,459.5,459.5,459.5,459.5,2414,258.0,131470,-172.0,110898000.0,11855000.0,4982,3406,2018-07-06 21:03:00
20180706 21:04,459.5,459.5,459.5,459.5,2414,0.0,131470,0.0,110898000.0,0.0,270,98,2018-07-06 21:04:00
20180706 21:05,459.5,459.5,459.5,459.5,2418,4.0,131470,0.0,111082000.0,184000.0,798,337,2018-07-06 21:05:00
20180706 21:06,459.5,459.5,459.5,459.5,2418,0.0,131470,0.0,111082000.0,0.0,1119,448,2018-07-06 21:06:00
20180706 21:07,459.5,460.0,459.5,460.0,2512,94.0,131410,-60.0,115406000.0,4324000.0,1845,866,2018-07-06 21:07:00
20180706 21:08,460.0,461.0,460.0,460.5,2670,158.0,131394,-16.0,122685000.0,7279000.0,4715,2582,2018-07-06 21:08:00
20180706 21:09,460.5,460.5,460.5,460.5,2674,4.0,131398,4.0,122869000.0,184000.0,1689,2088,2018-07-06 21:09:00
20180706 21:10,460.5,461.0,460.5,461.0,2872,198.0,131578,180.0,131997000.0,9128000.0,1779,3162,2018-07-06 21:10:00
20180706 21:11,461.0,461.0,460.5,460.5,2874,2.0,131580,2.0,132089000.0,92000.0,852,1252,2018-07-06 21:11:00
20180706 21:12,460.5,461.0,460.5,461.0,3646,772.0,131992,412.0,167678000.0,35589000.0,4157,4408,2018-07-06 21:12:00
20180706 21:13,461.0,461.5,461.0,461.5,4302,656.0,131764,-228.0,197952000.0,30274000.0,2234,4300,2018-07-06 21:13:00
20180706 21:14,461.5,461.5,461.0,461.0,4370,68.0,131772,8.0,201089000.0,3137000.0,1912,2999,2018-07-06 21:14:00
20180706 21:15,461.0,461.5,461.0,461.5,4394,24.0,131782,10.0,202196000.0,1107000.0,503,1331,2018-07-06 21:15:00
20180706 21:16,461.5,461.5,461.5,461.5,4396,2.0,131784,2.0,202289000.0,93000.0,829,2103,2018-07-06 21:16:00
20180706 21:17,461.5,461.5,461.0,461.5,4400,4.0,131788,4.0,202473000.0,184000.0,399,1581,2018-07-06 21:17:00
20180706 21:18,461.5,461.5,461.5,461.5,4400,0.0,131788,0.0,202473000.0,0.0,1159,4309,2018-07-06 21:18:00
20180706 21:19,461.5,461.5,461.0,461.0,4534,134.0,131804,16.0,208650000.0,6177000.0,13852,1514,2018-07-06 21:19:00
20180706 21:20,461.0,461.0,461.0,461.0,5144,610.0,131870,66.0,236771000.0,28121000.0,16119,3150,2018-07-06 21:20:00
20180706 21:21,461.0,461.0,461.0,461.0,5878,734.0,132064,194.0,270609000.0,33838000.0,10197,6782,2018-07-06 21:21:00
20180706 21:22,461.0,461.0,461.0,461.0,6196,318.0,131882,-182.0,285269000.0,14660000.0,12291,3982,2018-07-06 21:22:00
20180706 21:23,461.0,461.0,461.0,461.0,6216,20.0,131878,-4.0,286191000.0,922000.0,13546,1766,2018-07-06 21:23:00
20180706 21:24,461.0,461.0,461.0,461.0,6216,0.0,131878,0.0,286191000.0,0.0,4546,439,2018-07-06 21:24:00
20180706 21:25,461.0,461.0,461.0,461.0,6306,90.0,131840,-38.0,290340000.0,4149000.0,5199,1691,2018-07-06 21:25:00
20180706 21:26,461.0,461.0,461.0,461.0,6306,0.0,131840,0.0,290340000.0,0.0,506,1705,2018-07-06 21:26:00
20180706 21:27,461.0,461.0,461.0,461.0,6310,4.0,131836,-4.0,290524000.0,184000.0,960,3211,2018-07-06 21:27:00
20180706 21:28,461.0,461.0,461.0,461.0,6310,0.0,131836,0.0,290524000.0,0.0,505,1521,2018-07-06 21:28:00
20180706 21:29,461.0,461.0,461.0,461.0,6388,78.0,131824,-12.0,294120000.0,3596000.0,1704,3423,2018-07-06 21:29:00
20180706 21:30,461.0,461.0,461.0,461.0,6508,120.0,131860,36.0,299652000.0,5532000.0,4400,5235,2018-07-06 21:30:00
20180706 21:31,461.0,461.0,461.0,461.0,6508,0.0,131860,0.0,299652000.0,0.0,2478,4619,2018-07-06 21:31:00
20180706 21:32,461.0,461.5,461.0,461.5,6698,190.0,131840,-20.0,308420000.0,8768000.0,2830,4699,2018-07-06 21:32:00
20180706 21:33,461.5,461.5,461.5,461.5,6698,0.0,131840,0.0,308420000.0,0.0,1367,2891,2018-07-06 21:33:00
20180706 21:34,461.5,461.5,461.5,461.5,7296,598.0,132164,324.0,336018000.0,27598000.0,1480,3097,2018-07-06 21:34:00
20180706 21:35,461.5,461.5,461.5,461.5,7296,0.0,132164,0.0,336018000.0,0.0,2218,4720,2018-07-06 21:35:00
20180706 21:36,461.5,461.5,461.5,461.5,7296,0.0,132164,0.0,336018000.0,0.0,1451,2654,2018-07-06 21:36:00
20180706 21:37,461.5,461.5,461.5,461.5,7296,0.0,132164,0.0,336018000.0,0.0,1596,2339,2018-07-06 21:37:00
20180706 21:38,461.5,461.5,461.0,461.0,7320,24.0,132142,-22.0,337124000.0,1106000.0,5824,1261,2018-07-06 21:38:00
20180706 21:39,461.0,461.0,461.0,461.0,7322,2.0,132142,0.0,337217000.0,93000.0,998,119,2018-07-06 21:39:00
20180706 21:40,461.0,461.0,461.0,461.0,7322,0.0,132142,0.0,337217000.0,0.0,4868,1187,2018-07-06 21:40:00
20180706 21:41,461.0,461.0,461.0,461.0,7324,2.0,132142,0.0,337309000.0,92000.0,1494,322,2018-07-06 21:41:00
20180706 21:42,461.0,461.0,461.0,461.0,7324,0.0,132142,0.0,337309000.0,0.0,1499,318,2018-07-06 21:42:00
20180706 21:43,461.0,461.0,461.0,461.0,7324,0.0,132142,0.0,337309000.0,0.0,996,215,2018-07-06 21:43:00
20180706 21:44,461.0,461.0,460.5,460.5,7828,504.0,132062,-80.0,360528000.0,23219000.0,8565,1647,2018-07-06 21:44:00
20180706 21:45,460.5,460.5,460.5,460.5,7828,0.0,132062,0.0,360528000.0,0.0,5894,834,2018-07-06 21:45:00
20180706 21:46,460.5,460.5,460.0,460.0,7886,58.0,132050,-12.0,363199000.0,2671000.0,1457,3740,2018-07-06 21:46:00
20180706 21:47,460.0,460.5,460.0,460.5,7890,4.0,132046,-4.0,363383000.0,184000.0,275,1380,2018-07-06 21:47:00
20180706 21:48,460.5,460.5,460.5,460.5,7890,0.0,132046,0.0,363383000.0,0.0,1386,2796,2018-07-06 21:48:00
20180706 21:49,460.5,460.5,460.5,460.5,7910,20.0,132056,10.0,364304000.0,921000.0,3160,5857,2018-07-06 21:49:00
20180706 21:50,460.5,460.5,460.5,460.5,7910,0.0,132056,0.0,364304000.0,0.0,3067,2885,2018-07-06 21:50:00
20180706 21:51,460.5,460.5,460.5,460.5,7910,0.0,132056,0.0,364304000.0,0.0,2860,3663,2018-07-06 21:51:00
20180706 21:52,460.5,460.5,460.5,460.5,7910,0.0,132056,0.0,364304000.0,0.0,98,293,2018-07-06 21:52:00
20180706 21:53,460.0,460.0,460.0,460.0,7912,2.0,132054,-2.0,364396000.0,92000.0,285,876,2018-07-06 21:53:00
20180706 21:54,460.0,460.0,460.0,460.0,7912,0.0,132054,0.0,364396000.0,0.0,280,789,2018-07-06 21:54:00
20180706 21:57,460.5,461.0,460.5,461.0,9244,1332.0,131912,-142.0,425795000.0,61399000.0,9397,4858,2018-07-06 21:57:00
20180706 21:58,461.0,461.0,461.0,461.0,9244,0.0,131912,0.0,425795000.0,0.0,2755,501,2018-07-06 21:58:00
20180706 21:59,461.0,461.0,461.0,461.0,9362,118.0,131912,0.0,431235000.0,5440000.0,2309,371,2018-07-06 21:59:00
20180706 22:00,461.0,461.0,461.0,461.0,9362,0.0,131912,0.0,431235000.0,0.0,4419,5056,2018-07-06 22:00:00
20180706 22:01,461.0,461.0,461.0,461.0,9512,150.0,131946,34.0,438150000.0,6915000.0,6855,3026,2018-07-06 22:01:00
20180706 22:02,461.0,461.0,461.0,461.0,10512,1000.0,132306,360.0,484250000.0,46100000.0,9010,2653,2018-07-06 22:02:00
20180706 22:03,461.0,461.0,461.0,461.0,10514,2.0,132306,0.0,484342000.0,92000.0,337,980,2018-07-06 22:03:00
20180706 22:04,461.0,461.0,461.0,461.0,10514,0.0,132306,0.0,484342000.0,0.0,283,731,2018-07-06 22:04:00
20180706 22:05,461.0,461.0,461.0,461.0,10514,0.0,132306,0.0,484342000.0,0.0,94,243,2018-07-06 22:05:00
20180706 22:08,461.0,461.0,460.0,460.5,10608,94.0,132240,-66.0,488671000.0,4329000.0,788,2988,2018-07-06 22:08:00
20180706 22:09,460.5,460.5,460.5,460.5,11318,710.0,132472,232.0,521366000.0,32695000.0,5960,3616,2018-07-06 22:09:00
20180706 22:10,460.5,460.5,460.5,460.5,11318,0.0,132472,0.0,521366000.0,0.0,2462,2125,2018-07-06 22:10:00
20180706 22:11,460.5,461.0,460.5,460.5,11364,46.0,132480,8.0,523486000.0,2120000.0,3343,3588,2018-07-06 22:11:00
20180706 22:12,460.5,460.5,460.5,460.5,11858,494.0,132282,-198.0,546235000.0,22749000.0,7803,4945,2018-07-06 22:12:00
20180706 22:13,460.5,460.5,460.5,460.5,11882,24.0,132258,-24.0,547340000.0,1105000.0,3207,1733,2018-07-06 22:13:00
20180706 22:14,460.5,460.5,460.5,460.5,11884,2.0,132258,0.0,547432000.0,92000.0,4138,1230,2018-07-06 22:14:00
20180706 22:15,460.5,460.5,460.5,460.5,13210,1326.0,132150,-108.0,608494000.0,61062000.0,14261,6252,2018-07-06 22:15:00
20180706 22:16,460.5,460.5,460.5,460.5,13798,588.0,132162,12.0,635572000.0,27078000.0,6015,5718,2018-07-06 22:16:00
20180706 22:17,460.5,460.5,460.5,460.5,14176,378.0,132126,-36.0,652979000.0,17407000.0,7385,3784,2018-07-06 22:17:00
20180706 22:18,460.5,460.5,460.5,460.5,14178,2.0,132128,2.0,653071000.0,92000.0,1629,1060,2018-07-06 22:18:00
20180706 22:19,460.5,460.5,460.5,460.5,14178,0.0,132128,0.0,653071000.0,0.0,649,375,2018-07-06 22:19:00
20180706 22:20,460.5,460.5,460.5,460.5,14178,0.0,132128,0.0,653071000.0,0.0,730,246,2018-07-06 22:20:00
20180706 22:21,460.5,460.5,460.5,460.5,14552,374.0,132276,148.0,670293000.0,17222000.0,3338,4195,2018-07-06 22:21:00
20180706 22:22,460.5,460.5,460.5,460.5,15362,810.0,132148,-128.0,707594000.0,37301000.0,5742,6730,2018-07-06 22:22:00
20180706 22:23,460.5,460.5,460.5,460.5,15382,20.0,132138,-10.0,708515000.0,921000.0,239,2021,2018-07-06 22:23:00
20180706 22:24,460.5,460.5,460.5,460.5,15382,0.0,132138,0.0,708515000.0,0.0,89,754,2018-07-06 22:24:00
20180706 22:25,460.5,460.5,460.5,460.5,17446,2064.0,132250,112.0,803562000.0,95047000.0,8664,12460,2018-07-06 22:25:00
20180706 22:26,460.5,460.5,460.5,460.5,18124,678.0,132266,16.0,834784000.0,31222000.0,3697,7884,2018-07-06 22:26:00
20180706 22:27,460.5,460.5,460.5,460.5,18184,60.0,132244,-22.0,837547000.0,2763000.0,5267,1664,2018-07-06 22:27:00
20180706 22:28,460.5,460.5,460.5,460.5,18184,0.0,132244,0.0,837547000.0,0.0,1744,1045,2018-07-06 22:28:00
20180706 22:29,460.5,460.5,460.5,460.5,18184,0.0,132244,0.0,837547000.0,0.0,1087,513,2018-07-06 22:29:00
20180706 22:30,460.5,460.5,460.5,460.5,18184,0.0,132244,0.0,837547000.0,0.0,888,376,2018-07-06 22:30:00
20180706 22:31,460.5,460.5,460.5,460.5,18184,0.0,132244,0.0,837547000.0,0.0,1287,843,2018-07-06 22:31:00
20180706 22:32,460.5,460.5,460.5,460.5,18184,0.0,132244,0.0,837547000.0,0.0,736,877,2018-07-06 22:32:00
20180706 22:33,460.5,460.5,459.5,460.0,18630,446.0,132166,-78.0,858061000.0,20514000.0,3524,2964,2018-07-06 22:33:00
20180706 22:34,460.0,460.0,460.0,460.0,19852,1222.0,132136,-30.0,914273000.0,56212000.0,15614,18260,2018-07-06 22:34:00
20180706 22:35,460.0,460.0,460.0,460.0,19898,46.0,132136,0.0,916389000.0,2116000.0,2271,11736,2018-07-06 22:35:00
20180706 22:36,460.0,460.0,459.5,459.5,19912,14.0,132122,-14.0,917033000.0,644000.0,5160,2960,2018-07-06 22:36:00
20180706 22:37,459.5,459.5,459.5,459.5,20308,396.0,132134,12.0,935229000.0,18196000.0,10410,3624,2018-07-06 22:37:00
20180706 22:38,459.5,459.5,459.5,459.5,20540,232.0,132100,-34.0,945889000.0,10660000.0,5028,2230,2018-07-06 22:38:00
20180706 22:39,459.5,459.5,459.5,459.5,20880,340.0,132106,6.0,961512000.0,15623000.0,7058,13322,2018-07-06 22:39:00
20180706 22:40,459.5,460.0,459.5,460.0,20930,50.0,132100,-6.0,963812000.0,2300000.0,5334,2201,2018-07-06 22:40:00
20180706 22:41,460.0,460.0,460.0,460.0,22412,1482.0,131990,-110.0,1031980000.0,68168000.0,3830,15969,2018-07-06 22:41:00
20180706 22:42,460.0,460.0,460.0,460.0,22628,216.0,131996,6.0,1041920000.0,9940000.0,3282,13360,2018-07-06 22:42:00
20180706 22:43,460.0,460.0,460.0,460.0,22628,0.0,131996,0.0,1041920000.0,0.0,7685,11670,2018-07-06 22:43:00
20180706 22:44,460.0,460.0,460.0,460.0,23526,898.0,131760,-236.0,1083230000.0,41310000.0,6582,4262,2018-07-06 22:44:00
20180706 22:45,460.0,460.0,460.0,460.0,24342,816.0,131854,94.0,1120760000.0,37530000.0,2440,11588,2018-07-06 22:45:00
20180706 22:46,460.0,460.0,460.0,460.0,24692,350.0,131832,-22.0,1136860000.0,16100000.0,885,4965,2018-07-06 22:46:00
20180706 22:47,460.0,460.0,460.0,460.0,26150,1458.0,131950,118.0,1203930000.0,67070000.0,8237,12280,2018-07-06 22:47:00
20180706 22:48,460.0,460.0,459.5,460.0,26358,208.0,131876,-74.0,1213500000.0,9570000.0,698,5696,2018-07-06 22:48:00
20180706 22:49,460.0,460.5,460.0,460.5,27012,654.0,131728,-148.0,1243620000.0,30120000.0,3264,6594,2018-07-06 22:49:00
20180706 22:50,460.5,460.5,460.5,460.5,27386,374.0,131822,94.0,1260840000.0,17220000.0,2831,6674,2018-07-06 22:50:00
20180706 22:51,460.5,461.0,460.5,460.5,27936,550.0,131714,-108.0,1286170000.0,25330000.0,3922,6809,2018-07-06 22:51:00
20180706 22:52,460.5,460.5,460.5,460.5,27976,40.0,131754,40.0,1288010000.0,1840000.0,2894,4820,2018-07-06 22:52:00
20180706 22:53,460.5,460.5,460.5,460.5,27984,8.0,131762,8.0,1288380000.0,370000.0,519,1056,2018-07-06 22:53:00
20180706 22:54,460.5,460.5,460.5,460.5,27984,0.0,131762,0.0,1288380000.0,0.0,350,611,2018-07-06 22:54:00
20180706 22:55,460.5,460.5,460.5,460.5,27986,2.0,131764,2.0,1288470000.0,90000.0,853,2005,2018-07-06 22:55:00
20180706 22:56,460.5,460.5,460.5,460.5,27996,10.0,131774,10.0,1288930000.0,460000.0,794,1720,2018-07-06 22:56:00
20180706 22:57,460.5,460.5,460.0,460.5,28212,216.0,131986,212.0,1298870000.0,9940000.0,8047,1752,2018-07-06 22:57:00
20180706 22:58,460.5,460.5,460.5,460.5,28428,216.0,131982,-4.0,1308820000.0,9950000.0,1061,2916,2018-07-06 22:58:00
20180706 22:59,460.5,460.5,460.5,460.5,28428,0.0,131982,0.0,1308820000.0,0.0,703,1199,2018-07-06 22:59:00
20180706 23:00,460.5,460.5,460.5,460.5,28428,0.0,131982,0.0,1308820000.0,0.0,268,691,2018-07-06 23:00:00
20180706 23:01,460.5,460.5,460.5,460.5,28428,0.0,131982,0.0,1308820000.0,0.0,68,170,2018-07-06 23:01:00
20180706 23:02,460.5,460.5,460.5,460.5,28428,0.0,131982,0.0,1308820000.0,0.0,509,1574,2018-07-06 23:02:00
20180706 23:03,460.5,460.5,460.0,460.0,28820,392.0,132078,96.0,1326860000.0,18040000.0,2274,4665,2018-07-06 23:03:00
20180706 23:04,460.0,460.0,460.0,460.0,28922,102.0,132078,0.0,1331550000.0,4690000.0,608,932,2018-07-06 23:04:00
20180706 23:05,460.0,460.0,460.0,460.0,28922,0.0,132078,0.0,1331550000.0,0.0,486,1075,2018-07-06 23:05:00
20180706 23:06,460.0,460.0,460.0,460.0,28922,0.0,132078,0.0,1331550000.0,0.0,474,1089,2018-07-06 23:06:00
20180706 23:07,461.0,461.0,460.5,460.5,29566,644.0,131944,-134.0,1361210000.0,29660000.0,5964,2547,2018-07-06 23:07:00
20180706 23:08,460.5,460.5,460.0,460.0,29738,172.0,131928,-16.0,1369120000.0,7910000.0,3500,4027,2018-07-06 23:08:00
20180706 23:09,460.5,460.5,460.5,460.5,30276,538.0,131990,62.0,1393900000.0,24780000.0,2249,6617,2018-07-06 23:09:00
20180706 23:10,460.5,460.5,460.5,460.5,30284,8.0,131998,8.0,1394270000.0,370000.0,231,1170,2018-07-06 23:10:00
20180706 23:11,460.5,460.5,460.5,460.5,30284,0.0,131998,0.0,1394270000.0,0.0,45,255,2018-07-06 23:11:00
20180706 23:12,460.5,460.5,460.5,460.5,30346,62.0,132018,20.0,1397120000.0,2850000.0,451,1740,2018-07-06 23:12:00
20180706 23:13,460.5,460.5,460.5,460.5,30346,0.0,132018,0.0,1397120000.0,0.0,105,500,2018-07-06 23:13:00
20180706 23:17,460.5,460.5,460.5,460.5,31374,1028.0,131788,-230.0,1444460000.0,47340000.0,4853,6610,2018-07-06 23:17:00
20180706 23:18,460.5,460.5,460.5,460.5,31522,148.0,131842,54.0,1451280000.0,6820000.0,6874,1143,2018-07-06 23:18:00
20180706 23:19,460.5,461.0,460.5,460.5,31600,78.0,131836,-6.0,1454870000.0,3590000.0,251,1707,2018-07-06 23:19:00
20180706 23:20,460.5,460.5,460.5,460.5,31600,0.0,131836,0.0,1454870000.0,0.0,156,952,2018-07-06 23:20:00
20180706 23:21,460.5,461.0,460.5,461.0,31848,248.0,131942,106.0,1466300000.0,11430000.0,1260,3051,2018-07-06 23:21:00
20180706 23:22,461.0,461.0,461.0,461.0,31848,0.0,131942,0.0,1466300000.0,0.0,429,299,2018-07-06 23:22:00
20180706 23:24,461.0,461.0,461.0,461.0,31848,0.0,131942,0.0,1466300000.0,0.0,419,657,2018-07-06 23:24:00
20180706 23:25,461.0,461.0,461.0,461.0,31848,0.0,131942,0.0,1466300000.0,0.0,1890,2143,2018-07-06 23:25:00
20180706 23:26,461.0,463.0,461.0,462.5,32256,408.0,132050,108.0,1485150000.0,18850000.0,1520,34284,2018-07-06 23:26:00
20180706 23:27,462.5,462.5,462.0,462.0,32558,302.0,131874,-176.0,1499110000.0,13960000.0,2100,63008,2018-07-06 23:27:00
20180706 23:28,462.0,462.0,462.0,462.0,32582,24.0,131850,-24.0,1500220000.0,1110000.0,334,17192,2018-07-06 23:28:00
20180706 23:29,462.0,462.5,462.0,462.0,32652,70.0,131822,-28.0,1503460000.0,3240000.0,235,14302,2018-07-06 23:29:00
20180709 09:00,460.5,461.5,460.5,461.5,23706,23706.0,136152,4330.0,1092400000.0,1092400000.0,5751,6600,2018-07-09 09:00:00
20180709 09:01,461.5,461.5,461.5,461.5,23904,198.0,136050,-102.0,1101540000.0,9140000.0,3521,10153,2018-07-09 09:01:00
20180709 09:02,461.5,462.0,461.5,462.0,23912,8.0,136050,0.0,1101910000.0,370000.0,2797,8792,2018-07-09 09:02:00
20180709 09:03,462.0,462.0,461.5,461.5,24750,838.0,136752,702.0,1140580000.0,38670000.0,13035,4775,2018-07-09 09:03:00
20180709 09:04,461.5,461.5,461.5,461.5,25896,1146.0,136212,-540.0,1193470000.0,52890000.0,14093,3459,2018-07-09 09:04:00
20180709 09:05,461.5,462.5,461.5,462.0,26838,942.0,136830,618.0,1236990000.0,43520000.0,15033,6590,2018-07-09 09:05:00
20180709 09:06,462.0,462.5,462.0,462.0,26872,34.0,136832,2.0,1238560000.0,1570000.0,9806,7588,2018-07-09 09:06:00
20180709 09:07,462.0,462.0,462.0,462.0,26924,52.0,136790,-42.0,1240960000.0,2400000.0,6009,6611,2018-07-09 09:07:00
20180709 09:08,462.0,462.0,461.0,461.5,27810,886.0,136230,-560.0,1281850000.0,40890000.0,3737,8896,2018-07-09 09:08:00
20180709 09:09,461.5,461.5,461.0,461.0,28640,830.0,136770,540.0,1320120000.0,38270000.0,5209,5011,2018-07-09 09:09:00
20180709 09:10,461.0,461.0,460.0,460.0,29418,778.0,136180,-590.0,1355940000.0,35820000.0,6203,3362,2018-07-09 09:10:00
20180709 09:11,460.0,460.0,457.0,457.0,30040,622.0,136148,-32.0,1384490000.0,28550000.0,15265,9780,2018-07-09 09:11:00
20180709 09:12,457.0,458.0,456.5,457.5,30664,624.0,136036,-112.0,1413020000.0,28530000.0,14722,3841,2018-07-09 09:12:00
20180709 09:13,457.5,457.5,457.0,457.5,30794,130.0,135984,-52.0,1418970000.0,5950000.0,4413,5086,2018-07-09 09:13:00
20180709 09:14,457.5,457.5,457.0,457.5,32462,1668.0,135966,-18.0,1495280000.0,76310000.0,12303,6722,2018-07-09 09:14:00
20180709 09:15,457.5,458.0,457.5,458.0,33464,1002.0,136554,588.0,1541170000.0,45890000.0,14021,6684,2018-07-09 09:15:00
20180709 09:16,458.0,458.0,457.5,457.5,33466,2.0,136556,2.0,1541260000.0,90000.0,5283,2518,2018-07-09 09:16:00
20180709 09:17,458.0,458.0,457.0,457.5,33636,170.0,136656,100.0,1549040000.0,7780000.0,12394,5122,2018-07-09 09:17:00
20180709 09:18,457.5,457.5,455.5,456.0,34854,1218.0,136104,-552.0,1604610000.0,55570000.0,18464,3430,2018-07-09 09:18:00
20180709 09:19,456.0,456.5,455.5,456.5,35126,272.0,136114,10.0,1617010000.0,12400000.0,7550,10074,2018-07-09 09:19:00
20180709 09:20,456.5,457.0,456.5,457.0,35432,306.0,136128,14.0,1630990000.0,13980000.0,3659,9220,2018-07-09 09:20:00
20180709 09:21,457.0,457.0,456.5,457.0,38136,2704.0,136178,50.0,1754560000.0,123570000.0,9443,8724,2018-07-09 09:21:00
20180709 09:22,457.0,457.0,456.5,456.5,38138,2.0,136178,0.0,1754660000.0,100000.0,855,6584,2018-07-09 09:22:00
20180709 09:23,456.5,457.0,456.5,457.0,38190,52.0,136168,-10.0,1757030000.0,2370000.0,6123,3360,2018-07-09 09:23:00
20180709 09:24,457.0,457.0,457.0,457.0,38852,662.0,136780,612.0,1787290000.0,30260000.0,6648,6065,2018-07-09 09:24:00
20180709 09:25,457.0,457.0,456.5,456.5,38874,22.0,136788,8.0,1788290000.0,1000000.0,3735,5729,2018-07-09 09:25:00
20180709 09:26,457.0,457.5,457.0,457.5,39646,772.0,136198,-590.0,1823570000.0,35280000.0,7089,1111,2018-07-09 09:26:00
20180709 09:27,457.0,457.0,457.0,457.0,39650,4.0,136194,-4.0,1823750000.0,180000.0,5830,1161,2018-07-09 09:27:00
20180709 09:28,457.0,457.0,456.5,456.5,39920,270.0,136222,28.0,1836090000.0,12340000.0,5693,3904,2018-07-09 09:28:00
20180709 09:29,456.5,457.0,456.5,457.0,40010,90.0,136234,12.0,1840200000.0,4110000.0,5814,12205,2018-07-09 09:29:00
20180709 09:30,457.5,457.5,457.0,457.0,40894,884.0,136842,608.0,1880600000.0,40400000.0,11878,9592,2018-07-09 09:30:00
20180709 09:31,457.0,457.0,457.0,457.0,40894,0.0,136842,0.0,1880600000.0,0.0,8257,2625,2018-07-09 09:31:00
20180709 09:32,457.0,457.0,457.0,457.0,40894,0.0,136842,0.0,1880600000.0,0.0,7173,2825,2018-07-09 09:32:00
20180709 09:33,457.0,457.5,457.0,457.5,40896,2.0,136842,0.0,1880690000.0,90000.0,7007,4622,2018-07-09 09:33:00
20180709 09:34,457.5,457.5,457.0,457.0,41124,228.0,136854,12.0,1891110000.0,10420000.0,6518,4994,2018-07-09 09:34:00
20180709 09:35,457.0,457.0,457.0,457.0,41124,0.0,136854,0.0,1891110000.0,0.0,5443,11076,2018-07-09 09:35:00
20180709 09:36,457.0,457.5,457.0,457.5,41192,68.0,136862,8.0,1894220000.0,3110000.0,1991,9757,2018-07-09 09:36:00
20180709 09:37,457.5,457.5,457.5,457.5,41196,4.0,136862,0.0,1894400000.0,180000.0,1848,10577,2018-07-09 09:37:00
20180709 09:38,457.5,457.5,457.5,457.5,41196,0.0,136862,0.0,1894400000.0,0.0,2380,7090,2018-07-09 09:38:00
20180709 09:39,457.5,457.5,457.5,457.5,41196,0.0,136862,0.0,1894400000.0,0.0,892,2690,2018-07-09 09:39:00
20180709 09:40,457.5,457.5,457.5,457.5,41196,0.0,136862,0.0,1894400000.0,0.0,1391,7154,2018-07-09 09:40:00
20180709 09:41,457.5,457.5,457.5,457.5,41198,2.0,136860,-2.0,1894490000.0,90000.0,864,4454,2018-07-09 09:41:00
20180709 09:42,457.5,457.5,457.5,457.5,43282,2084.0,136152,-708.0,1989840000.0,95350000.0,6862,7275,2018-07-09 09:42:00
20180709 09:43,457.5,457.5,457.0,457.0,43302,20.0,136152,0.0,1990750000.0,910000.0,318,1965,2018-07-09 09:43:00
20180709 09:44,457.0,457.0,457.0,457.0,43302,0.0,136152,0.0,1990750000.0,0.0,1230,4756,2018-07-09 09:44:00
20180709 09:45,457.0,458.0,457.0,458.0,43706,404.0,136224,72.0,2009250000.0,18500000.0,2185,4356,2018-07-09 09:45:00
20180709 09:46,458.0,458.0,458.0,458.0,43706,0.0,136224,0.0,2009250000.0,0.0,463,1522,2018-07-09 09:46:00
20180709 09:47,458.0,458.0,458.0,458.0,43706,0.0,136224,0.0,2009250000.0,0.0,414,768,2018-07-09 09:47:00
20180709 09:48,458.0,458.0,458.0,458.0,43706,0.0,136224,0.0,2009250000.0,0.0,733,1829,2018-07-09 09:48:00
20180709 09:49,458.0,458.5,458.0,458.5,43708,2.0,136222,-2.0,2009340000.0,90000.0,639,1136,2018-07-09 09:49:00
20180709 09:50,458.5,458.5,458.5,458.5,44434,726.0,136806,584.0,2042630000.0,33290000.0,3874,1777,2018-07-09 09:50:00
20180709 09:51,458.5,458.5,458.5,458.5,44602,168.0,136946,140.0,2050330000.0,7700000.0,3010,2386,2018-07-09 09:51:00
20180709 09:52,458.5,458.5,458.5,458.5,45936,1334.0,136450,-496.0,2111490000.0,61160000.0,8531,4650,2018-07-09 09:52:00
20180709 09:53,458.5,458.5,458.5,458.5,45998,62.0,136420,-30.0,2114340000.0,2850000.0,621,723,2018-07-09 09:53:00
20180709 09:54,458.5,458.5,458.5,458.5,47142,1144.0,136990,570.0,2166790000.0,52450000.0,1682,3129,2018-07-09 09:54:00
20180709 09:55,458.5,459.0,458.5,459.0,47148,6.0,136984,-6.0,2167060000.0,270000.0,3480,2744,2018-07-09 09:55:00
20180709 09:56,459.0,459.0,459.0,459.0,47148,0.0,136984,0.0,2167060000.0,0.0,3321,2582,2018-07-09 09:56:00
20180709 09:57,459.0,459.0,459.0,459.0,47168,20.0,136978,-6.0,2167980000.0,920000.0,1151,1375,2018-07-09 09:57:00
20180709 09:58,459.0,459.0,459.0,459.0,47168,0.0,136978,0.0,2167980000.0,0.0,1678,1424,2018-07-09 09:58:00
20180709 09:59,459.0,459.0,459.0,459.0,47174,6.0,136982,4.0,2168260000.0,280000.0,1769,2244,2018-07-09 09:59:00
20180709 10:00,459.0,459.0,459.0,459.0,47184,10.0,136978,-4.0,2168720000.0,460000.0,3711,2828,2018-07-09 10:00:00
20180709 10:01,459.0,459.0,458.0,458.0,47316,132.0,136996,18.0,2174770000.0,6050000.0,1798,2542,2018-07-09 10:01:00
20180709 10:02,458.0,458.0,458.0,458.0,47318,2.0,136996,0.0,2174860000.0,90000.0,2539,839,2018-07-09 10:02:00
20180709 10:03,458.0,458.0,458.0,458.0,48132,814.0,136290,-706.0,2212140000.0,37280000.0,6273,2200,2018-07-09 10:03:00
20180709 10:04,458.0,458.0,458.0,458.0,49660,1528.0,137086,796.0,2282120000.0,69980000.0,21498,5321,2018-07-09 10:04:00
20180709 10:05,458.0,458.0,458.0,458.0,49660,0.0,137086,0.0,2282120000.0,0.0,2519,2484,2018-07-09 10:05:00
20180709 10:06,458.0,458.0,458.0,458.0,49660,0.0,137086,0.0,2282120000.0,0.0,2993,2897,2018-07-09 10:06:00
20180709 10:07,458.0,458.0,458.0,458.0,49660,0.0,137086,0.0,2282120000.0,0.0,2219,2085,2018-07-09 10:07:00
20180709 10:08,458.0,458.0,458.0,458.0,49660,0.0,137086,0.0,2282120000.0,0.0,2568,2472,2018-07-09 10:08:00
20180709 10:09,458.0,458.0,458.0,458.0,49660,0.0,137086,0.0,2282120000.0,0.0,1638,1652,2018-07-09 10:09:00
20180709 10:10,458.0,458.0,458.0,458.0,49664,4.0,137086,0.0,2282300000.0,180000.0,11216,3265,2018-07-09 10:10:00
20180709 10:11,458.0,458.0,458.0,458.0,49664,0.0,137086,0.0,2282300000.0,0.0,8500,6979,2018-07-09 10:11:00
20180709 10:12,458.0,458.5,458.0,458.5,49704,40.0,137086,0.0,2284140000.0,1840000.0,4695,3688,2018-07-09 10:12:00
20180709 10:13,458.5,458.5,458.5,458.5,49716,12.0,137074,-12.0,2284690000.0,550000.0,3619,3693,2018-07-09 10:13:00
20180709 10:14,458.5,458.5,458.5,458.5,49726,10.0,137066,-8.0,2285150000.0,460000.0,5242,4591,2018-07-09 10:14:00
20180709 10:30,458.5,458.5,458.0,458.0,49768,42.0,137026,-40.0,2287070000.0,1920000.0,5986,7010,2018-07-09 10:30:00
20180709 10:31,458.0,458.0,458.0,458.0,49768,0.0,137026,0.0,2287070000.0,0.0,4468,4649,2018-07-09 10:31:00
20180709 10:32,458.0,458.5,458.0,458.5,49858,90.0,137036,10.0,2291200000.0,4130000.0,1870,4522,2018-07-09 10:32:00
20180709 10:33,458.5,458.5,458.5,458.5,49858,0.0,137036,0.0,2291200000.0,0.0,3705,3416,2018-07-09 10:33:00
20180709 10:34,458.5,458.5,458.0,458.0,50030,172.0,136992,-44.0,2299070000.0,7870000.0,2258,4032,2018-07-09 10:34:00
20180709 10:35,458.0,458.0,458.0,458.0,50030,0.0,136992,0.0,2299070000.0,0.0,2345,2751,2018-07-09 10:35:00
20180709 10:36,458.0,458.0,458.0,458.0,50030,0.0,136992,0.0,2299070000.0,0.0,937,1059,2018-07-09 10:36:00
20180709 10:37,458.0,458.0,457.5,458.0,50054,24.0,136972,-20.0,2300170000.0,1100000.0,2643,2007,2018-07-09 10:37:00
20180709 10:38,458.0,458.0,458.0,458.0,50054,0.0,136972,0.0,2300170000.0,0.0,1232,857,2018-07-09 10:38:00
20180709 10:39,458.0,458.0,457.5,457.5,50056,2.0,136972,0.0,2300270000.0,100000.0,1584,925,2018-07-09 10:39:00
20180709 10:40,457.5,457.5,457.5,457.5,50058,2.0,136972,0.0,2300360000.0,90000.0,1780,776,2018-07-09 10:40:00
20180709 10:41,457.5,457.5,457.5,457.5,50068,10.0,136972,0.0,2300810000.0,450000.0,5815,1699,2018-07-09 10:41:00
20180709 10:42,457.5,457.5,457.5,457.5,50856,788.0,136408,-564.0,2336870000.0,36060000.0,1602,2238,2018-07-09 10:42:00
20180709 10:43,457.5,457.5,457.5,457.5,50860,4.0,136408,0.0,2337050000.0,180000.0,1780,3571,2018-07-09 10:43:00
20180709 10:44,457.5,458.5,457.5,458.5,52750,1890.0,137168,760.0,2423700000.0,86650000.0,6242,4205,2018-07-09 10:44:00
20180709 10:45,458.5,458.5,458.0,458.0,52942,192.0,137046,-122.0,2432490000.0,8790000.0,1342,953,2018-07-09 10:45:00
20180709 10:46,458.0,458.0,458.0,458.0,52942,0.0,137046,0.0,2432490000.0,0.0,845,1008,2018-07-09 10:46:00
20180709 10:47,458.0,458.0,458.0,458.0,52942,0.0,137046,0.0,2432490000.0,0.0,705,860,2018-07-09 10:47:00
20180709 10:48,458.0,458.0,458.0,458.0,52942,0.0,137046,0.0,2432490000.0,0.0,864,1289,2018-07-09 10:48:00
20180709 10:49,458.0,458.0,458.0,458.0,52944,2.0,137046,0.0,2432580000.0,90000.0,840,1216,2018-07-09 10:49:00
20180709 10:50,458.0,458.0,458.0,458.0,53822,878.0,136890,-156.0,2472800000.0,40220000.0,18799,4312,2018-07-09 10:50:00
20180709 10:51,458.0,458.0,458.0,458.0,54828,1006.0,136280,-610.0,2518870000.0,46070000.0,31648,5434,2018-07-09 10:51:00
20180709 10:52,458.0,458.0,458.0,458.0,56046,1218.0,136300,20.0,2574660000.0,55790000.0,9413,5303,2018-07-09 10:52:00
20180709 10:53,458.0,458.0,458.0,458.0,57422,1376.0,136640,340.0,2637680000.0,63020000.0,3281,6737,2018-07-09 10:53:00
20180709 10:54,458.0,458.0,458.0,458.0,57422,0.0,136640,0.0,2637680000.0,0.0,1395,1957,2018-07-09 10:54:00
20180709 10:55,458.0,458.0,458.0,458.0,57452,30.0,136670,30.0,2639050000.0,1370000.0,7395,2708,2018-07-09 10:55:00
20180709 10:56,458.0,458.0,458.0,458.0,57492,40.0,136680,10.0,2640880000.0,1830000.0,15405,3699,2018-07-09 10:56:00
20180709 10:57,458.0,458.0,457.5,458.0,62332,4840.0,135624,-1056.0,2862550000.0,221670000.0,27898,15377,2018-07-09 10:57:00
20180709 10:58,458.0,458.0,458.0,458.0,68600,6268.0,135918,294.0,3149630000.0,287080000.0,16654,21301,2018-07-09 10:58:00
20180709 10:59,458.0,458.0,458.0,458.0,74266,5666.0,136332,414.0,3409130000.0,259500000.0,29745,13700,2018-07-09 10:59:00
20180709 11:00,458.0,458.0,458.0,458.0,74770,504.0,135984,-348.0,3432210000.0,23080000.0,17870,5036,2018-07-09 11:00:00
20180709 11:01,458.0,458.0,457.5,457.5,75074,304.0,135970,-14.0,3446120000.0,13910000.0,6745,3493,2018-07-09 11:01:00
20180709 11:02,457.5,457.5,457.0,457.0,78214,3140.0,135420,-550.0,3589770000.0,143650000.0,13353,13473,2018-07-09 11:02:00
20180709 11:03,457.0,457.5,457.0,457.5,78928,714.0,134790,-630.0,3622400000.0,32630000.0,11096,5071,2018-07-09 11:03:00
20180709 11:04,457.5,457.5,457.5,457.5,78928,0.0,134790,0.0,3622400000.0,0.0,1685,2429,2018-07-09 11:04:00
20180709 11:05,457.5,457.5,457.5,457.5,78928,0.0,134790,0.0,3622400000.0,0.0,7434,10146,2018-07-09 11:05:00
20180709 11:06,457.5,457.5,457.5,457.5,78928,0.0,134790,0.0,3622400000.0,0.0,2903,3814,2018-07-09 11:06:00
20180709 11:07,457.5,457.5,457.5,457.5,78928,0.0,134790,0.0,3622400000.0,0.0,1105,1296,2018-07-09 11:07:00
20180709 11:09,457.5,457.5,457.5,457.5,78928,0.0,134790,0.0,3622400000.0,0.0,3989,3268,2018-07-09 11:09:00
20180709 11:10,457.5,457.5,457.0,457.0,80854,1926.0,135220,430.0,3710410000.0,88010000.0,11178,23612,2018-07-09 11:10:00
20180709 11:11,457.0,457.0,457.0,457.0,81658,804.0,135184,-36.0,3747160000.0,36750000.0,5616,14347,2018-07-09 11:11:00
20180709 11:12,457.0,457.0,457.0,457.0,81658,0.0,135184,0.0,3747160000.0,0.0,4069,7040,2018-07-09 11:12:00
20180709 11:13,457.0,457.0,457.0,457.0,81658,0.0,135184,0.0,3747160000.0,0.0,4150,8298,2018-07-09 11:13:00
20180709 11:14,457.0,457.0,457.0,457.0,81658,0.0,135184,0.0,3747160000.0,0.0,4865,9247,2018-07-09 11:14:00
20180709 11:15,457.0,457.5,457.0,457.5,82224,566.0,135202,18.0,3773020000.0,25860000.0,7067,8977,2018-07-09 11:15:00
20180709 11:16,457.5,457.5,457.0,457.0,83536,1312.0,136184,982.0,3832980000.0,59960000.0,17894,8317,2018-07-09 11:16:00
20180709 11:17,457.0,457.0,457.0,457.0,83536,0.0,136184,0.0,3832980000.0,0.0,1578,1015,2018-07-09 11:17:00
20180709 11:18,457.0,457.5,457.0,457.5,85180,1644.0,135254,-930.0,3908190000.0,75210000.0,10281,18858,2018-07-09 11:18:00
20180709 11:19,457.5,458.0,457.5,458.0,89690,4510.0,135354,100.0,4114570000.0,206380000.0,14371,17628,2018-07-09 11:19:00
20180709 11:20,458.0,458.0,458.0,458.0,90404,714.0,135456,102.0,4147270000.0,32700000.0,6844,9086,2018-07-09 11:20:00
20180709 11:21,458.0,458.0,458.0,458.0,90404,0.0,135456,0.0,4147270000.0,0.0,1915,1595,2018-07-09 11:21:00
20180709 11:22,458.0,458.0,458.0,458.0,90700,296.0,135580,124.0,4160820000.0,13550000.0,8450,6465,2018-07-09 11:22:00
20180709 11:23,458.0,458.5,458.0,458.0,90708,8.0,135574,-6.0,4161190000.0,370000.0,14995,8639,2018-07-09 11:23:00
20180709 11:24,458.0,458.5,458.0,458.5,91906,1198.0,136142,568.0,4216120000.0,54930000.0,7172,10314,2018-07-09 11:24:00
20180709 11:25,458.5,459.0,458.5,459.0,94140,2234.0,135908,-234.0,4318590000.0,102470000.0,10113,18358,2018-07-09 11:25:00
20180709 11:26,459.0,459.0,458.5,459.0,96140,2000.0,135972,64.0,4410340000.0,91750000.0,14854,15010,2018-07-09 11:26:00
20180709 11:27,459.0,459.5,459.0,459.0,98146,2006.0,135698,-274.0,4502420000.0,92080000.0,38987,14633,2018-07-09 11:27:00
20180709 11:28,459.0,459.0,459.0,459.0,98694,548.0,135588,-110.0,4527570000.0,25150000.0,35201,8306,2018-07-09 11:28:00
20180709 11:29,459.0,459.5,459.0,459.5,99032,338.0,135642,54.0,4543100000.0,15530000.0,5390,11173,2018-07-09 11:29:00
20180709 11:30,459.5,459.5,459.5,459.5,99066,34.0,135656,14.0,4544660000.0,1560000.0,555,281,2018-07-09 11:30:00
20180709 13:30,459.5,459.5,459.5,459.5,99434,368.0,135888,232.0,4561570000.0,16910000.0,7708,9574,2018-07-09 13:30:00
20180709 13:31,459.5,459.5,458.5,459.0,100214,780.0,135932,44.0,4597380000.0,35810000.0,7408,11167,2018-07-09 13:31:00
20180709 13:32,459.0,459.0,458.5,459.0,100546,332.0,136098,166.0,4612600000.0,15220000.0,8823,4731,2018-07-09 13:32:00
20180709 13:33,458.5,459.0,458.5,459.0,100622,76.0,136048,-50.0,4616090000.0,3490000.0,9442,6501,2018-07-09 13:33:00
20180709 13:34,459.0,459.0,458.5,458.5,101006,384.0,136092,44.0,4633700000.0,17610000.0,9886,10730,2018-07-09 13:34:00
20180709 13:35,458.5,458.5,458.5,458.5,101974,968.0,135512,-580.0,4678080000.0,44380000.0,7432,7834,2018-07-09 13:35:00
20180709 13:36,458.5,458.5,458.5,458.5,101974,0.0,135512,0.0,4678080000.0,0.0,2282,4005,2018-07-09 13:36:00
20180709 13:37,458.5,458.5,458.5,458.5,101974,0.0,135512,0.0,4678080000.0,0.0,4863,12166,2018-07-09 13:37:00
20180709 13:38,458.5,458.5,458.5,458.5,101974,0.0,135512,0.0,4678080000.0,0.0,3954,6216,2018-07-09 13:38:00
20180709 13:39,458.5,458.5,458.5,458.5,101974,0.0,135512,0.0,4678080000.0,0.0,1301,1897,2018-07-09 13:39:00
20180709 13:40,458.5,458.5,458.5,458.5,101984,10.0,135520,8.0,4678540000.0,460000.0,3837,3950,2018-07-09 13:40:00
20180709 13:41,458.5,458.5,458.5,458.5,101984,0.0,135520,0.0,4678540000.0,0.0,4554,3907,2018-07-09 13:41:00
20180709 13:42,458.5,458.5,458.5,458.5,101984,0.0,135520,0.0,4678540000.0,0.0,1596,2296,2018-07-09 13:42:00
20180709 13:43,458.5,459.0,458.5,459.0,103238,1254.0,136038,518.0,4736100000.0,57560000.0,7562,10966,2018-07-09 13:43:00
20180709 13:44,459.0,459.0,459.0,459.0,106550,3312.0,135824,-214.0,4888120000.0,152020000.0,23855,10203,2018-07-09 13:44:00
20180709 13:45,459.0,459.0,459.0,459.0,107922,1372.0,135894,70.0,4951090000.0,62970000.0,41484,10500,2018-07-09 13:45:00
20180709 13:46,459.0,459.0,459.0,459.0,111754,3832.0,135070,-824.0,5126980000.0,175890000.0,36110,8993,2018-07-09 13:46:00
20180709 13:47,459.0,459.0,458.0,458.5,115390,3636.0,135132,62.0,5293850000.0,166870000.0,33828,14938,2018-07-09 13:47:00
20180709 13:48,458.5,458.5,458.5,458.5,116384,994.0,135374,242.0,5339420000.0,45570000.0,13040,14744,2018-07-09 13:48:00
20180709 13:49,458.5,458.5,458.5,458.5,116384,0.0,135374,0.0,5339420000.0,0.0,3543,2149,2018-07-09 13:49:00
20180709 13:50,458.5,458.5,458.5,458.5,117366,982.0,135718,344.0,5384450000.0,45030000.0,14101,14862,2018-07-09 13:50:00
20180709 13:51,458.5,458.5,458.5,458.5,117466,100.0,135618,-100.0,5389030000.0,4580000.0,1795,8762,2018-07-09 13:51:00
20180709 13:52,458.5,458.5,458.5,458.5,117466,0.0,135618,0.0,5389030000.0,0.0,3653,11506,2018-07-09 13:52:00
20180709 13:53,458.5,458.5,458.5,458.5,117466,0.0,135618,0.0,5389030000.0,0.0,9160,17713,2018-07-09 13:53:00
20180709 13:54,458.5,458.5,458.5,458.5,117466,0.0,135618,0.0,5389030000.0,0.0,5459,2329,2018-07-09 13:54:00
20180709 13:55,458.5,458.5,458.5,458.5,117466,0.0,135618,0.0,5389030000.0,0.0,7608,3723,2018-07-09 13:55:00
20180709 13:56,458.5,458.5,458.5,458.5,117466,0.0,135618,0.0,5389030000.0,0.0,10243,4250,2018-07-09 13:56:00
20180709 13:57,458.5,458.5,458.0,458.5,117542,76.0,135572,-46.0,5392520000.0,3490000.0,10468,17690,2018-07-09 13:57:00
20180709 13:58,458.5,458.5,458.0,458.0,117544,2.0,135572,0.0,5392610000.0,90000.0,2993,7587,2018-07-09 13:58:00
20180709 13:59,458.0,458.5,458.0,458.0,117548,4.0,135572,0.0,5392790000.0,180000.0,6303,9012,2018-07-09 13:59:00
20180709 14:00,458.0,458.0,458.0,458.0,117548,0.0,135572,0.0,5392790000.0,0.0,9520,17677,2018-07-09 14:00:00
20180709 14:01,458.0,458.0,458.0,458.0,117548,0.0,135572,0.0,5392790000.0,0.0,4572,9837,2018-07-09 14:01:00
20180709 14:02,458.0,458.0,458.0,458.0,117548,0.0,135572,0.0,5392790000.0,0.0,1908,4004,2018-07-09 14:02:00
20180709 14:03,458.0,458.0,458.0,458.0,117548,0.0,135572,0.0,5392790000.0,0.0,348,669,2018-07-09 14:03:00
20180709 14:04,458.0,459.0,458.0,459.0,118476,928.0,135600,28.0,5435360000.0,42570000.0,6993,10481,2018-07-09 14:04:00
20180709 14:05,459.0,459.5,459.0,459.0,119750,1274.0,135416,-184.0,5493830000.0,58470000.0,12885,6689,2018-07-09 14:05:00
20180709 14:06,459.0,459.0,459.0,459.0,122224,2474.0,135278,-138.0,5607390000.0,113560000.0,12236,18236,2018-07-09 14:06:00
20180709 14:07,459.0,459.0,459.0,459.0,123556,1332.0,134572,-706.0,5668530000.0,61140000.0,10111,7853,2018-07-09 14:07:00
20180709 14:08,459.0,459.0,459.0,459.0,123566,10.0,134572,0.0,5668990000.0,460000.0,4786,3420,2018-07-09 14:08:00
20180709 14:09,459.0,459.0,459.0,459.0,123566,0.0,134572,0.0,5668990000.0,0.0,2622,2022,2018-07-09 14:09:00
20180709 14:10,459.0,459.0,459.0,459.0,123566,0.0,134572,0.0,5668990000.0,0.0,4529,3026,2018-07-09 14:10:00
20180709 14:11,459.0,460.5,459.0,460.5,126750,3184.0,135260,688.0,5815340000.0,146350000.0,17233,18033,2018-07-09 14:11:00
20180709 14:12,460.5,460.5,460.0,460.5,127376,626.0,135360,100.0,5844140000.0,28800000.0,25246,13082,2018-07-09 14:12:00
20180709 14:13,460.5,460.5,460.0,460.0,127416,40.0,135350,-10.0,5845980000.0,1840000.0,23931,6511,2018-07-09 14:13:00
20180709 14:14,460.0,460.5,460.0,460.5,127420,4.0,135352,2.0,5846160000.0,180000.0,11568,7213,2018-07-09 14:14:00
20180709 14:15,460.5,460.5,460.5,460.5,127710,290.0,135352,0.0,5859520000.0,13360000.0,10252,6747,2018-07-09 14:15:00
20180709 14:16,460.5,460.5,460.5,460.5,127910,200.0,135352,0.0,5868730000.0,9210000.0,6497,5495,2018-07-09 14:16:00
20180709 14:17,460.5,460.5,460.0,460.0,127912,2.0,135352,0.0,5868820000.0,90000.0,4744,4019,2018-07-09 14:17:00
20180709 14:18,460.0,461.0,460.0,461.0,128476,564.0,135100,-252.0,5894790000.0,25970000.0,9820,15350,2018-07-09 14:18:00
20180709 14:19,461.0,461.0,460.5,460.5,128904,428.0,134832,-268.0,5914500000.0,19710000.0,9649,13997,2018-07-09 14:19:00
20180709 14:20,460.5,460.5,460.5,460.5,128904,0.0,134832,0.0,5914500000.0,0.0,10771,4020,2018-07-09 14:20:00
20180709 14:21,460.5,460.5,460.0,460.0,128908,4.0,134828,-4.0,5914690000.0,190000.0,9112,2254,2018-07-09 14:21:00
20180709 14:22,460.0,460.5,460.0,460.5,130142,1234.0,134684,-144.0,5971510000.0,56820000.0,14701,10485,2018-07-09 14:22:00
20180709 14:23,460.5,461.5,460.5,461.0,130494,352.0,134706,22.0,5987740000.0,16230000.0,21167,12403,2018-07-09 14:23:00
20180709 14:24,461.0,461.5,461.0,461.5,130496,2.0,134704,-2.0,5987830000.0,90000.0,14424,9010,2018-07-09 14:24:00
20180709 14:25,461.5,461.5,461.0,461.0,130706,210.0,134590,-114.0,5997520000.0,9690000.0,5990,9963,2018-07-09 14:25:00
20180709 14:26,461.0,461.0,461.0,461.0,130706,0.0,134590,0.0,5997520000.0,0.0,10587,8992,2018-07-09 14:26:00
20180709 14:27,461.0,461.0,461.0,461.0,130706,0.0,134590,0.0,5997520000.0,0.0,16184,8997,2018-07-09 14:27:00
20180709 14:28,461.0,461.0,461.0,461.0,130706,0.0,134590,0.0,5997520000.0,0.0,10481,6994,2018-07-09 14:28:00
20180709 14:29,461.0,461.0,461.0,461.0,130706,0.0,134590,0.0,5997520000.0,0.0,12397,6178,2018-07-09 14:29:00
20180709 14:30,461.0,461.0,460.5,460.5,130708,2.0,134588,-2.0,5997610000.0,90000.0,14138,5495,2018-07-09 14:30:00
20180709 14:31,460.5,461.0,460.5,461.0,132098,1390.0,134224,-364.0,6061690000.0,64080000.0,18083,7938,2018-07-09 14:31:00
20180709 14:32,461.0,461.0,461.0,461.0,132098,0.0,134224,0.0,6061690000.0,0.0,4913,5604,2018-07-09 14:32:00
20180709 14:33,461.0,461.0,461.0,461.0,132106,8.0,134216,-8.0,6062060000.0,370000.0,5461,8416,2018-07-09 14:33:00
20180709 14:34,461.0,461.0,461.0,461.0,132106,0.0,134216,0.0,6062060000.0,0.0,1808,3846,2018-07-09 14:34:00
20180709 14:35,461.0,461.0,461.0,461.0,132108,2.0,134216,0.0,6062150000.0,90000.0,6584,11362,2018-07-09 14:35:00
20180709 14:36,461.0,461.0,461.0,461.0,132108,0.0,134216,0.0,6062150000.0,0.0,1616,2659,2018-07-09 14:36:00
20180709 14:37,461.0,461.0,461.0,461.0,132108,0.0,134216,0.0,6062150000.0,0.0,2942,5333,2018-07-09 14:37:00
20180709 14:38,461.0,461.0,461.0,461.0,132108,0.0,134216,0.0,6062150000.0,0.0,1727,3306,2018-07-09 14:38:00
20180709 14:39,461.0,461.0,461.0,461.0,132454,346.0,134182,-34.0,6078100000.0,15950000.0,7708,9012,2018-07-09 14:39:00
20180709 14:40,461.0,462.0,461.0,462.0,132986,532.0,134164,-18.0,6102650000.0,24550000.0,18249,14064,2018-07-09 14:40:00
20180709 14:41,462.0,462.0,461.5,462.0,133804,818.0,134058,-106.0,6140440000.0,37790000.0,15127,11858,2018-07-09 14:41:00
20180709 14:42,462.0,462.0,461.5,461.5,136520,2716.0,134268,210.0,6265790000.0,125350000.0,21060,19833,2018-07-09 14:42:00
20180709 14:43,461.5,462.0,461.5,462.0,138462,1942.0,134562,294.0,6355410000.0,89620000.0,15108,19218,2018-07-09 14:43:00
20180709 14:44,462.0,462.0,461.5,462.0,138528,66.0,134502,-60.0,6358460000.0,3050000.0,24333,10429,2018-07-09 14:44:00
20180709 14:45,462.0,462.0,462.0,462.0,138528,0.0,134502,0.0,6358460000.0,0.0,9001,8275,2018-07-09 14:45:00
20180709 14:46,462.0,462.0,462.0,462.0,138594,66.0,134476,-26.0,6361510000.0,3050000.0,7255,8362,2018-07-09 14:46:00
20180709 14:47,462.0,462.0,462.0,462.0,138594,0.0,134476,0.0,6361510000.0,0.0,8306,10091,2018-07-09 14:47:00
20180709 14:48,462.0,462.0,462.0,462.0,138622,28.0,134476,0.0,6362800000.0,1290000.0,5954,7613,2018-07-09 14:48:00
20180709 14:49,462.0,463.5,462.0,463.0,139814,1192.0,134820,344.0,6417930000.0,55130000.0,12808,13215,2018-07-09 14:49:00
20180709 14:50,463.0,463.0,462.5,463.0,140122,308.0,134938,118.0,6432190000.0,14260000.0,3554,6488,2018-07-09 14:50:00
20180709 14:51,463.0,463.5,463.0,463.0,140316,194.0,134998,60.0,6441170000.0,8980000.0,13456,8526,2018-07-09 14:51:00
20180709 14:52,463.0,463.0,463.0,463.0,140718,402.0,135214,216.0,6459790000.0,18620000.0,10315,4747,2018-07-09 14:52:00
20180709 14:53,463.0,463.5,463.0,463.5,140738,20.0,135214,0.0,6460710000.0,920000.0,3387,1058,2018-07-09 14:53:00
20180709 14:54,463.5,463.5,463.5,463.5,140746,8.0,135206,-8.0,6461080000.0,370000.0,1485,647,2018-07-09 14:54:00
20180709 14:55,463.5,463.5,463.0,463.5,140820,74.0,135210,4.0,6464510000.0,3430000.0,2748,4036,2018-07-09 14:55:00
20180709 14:56,463.5,464.0,463.5,464.0,141000,180.0,135138,-72.0,6472860000.0,8350000.0,5038,8087,2018-07-09 14:56:00
20180709 14:57,464.0,464.5,464.0,464.5,141424,424.0,135104,-34.0,6492550000.0,19690000.0,12146,5075,2018-07-09 14:57:00
20180709 14:58,464.0,464.5,464.0,464.0,141446,22.0,135086,-18.0,6493570000.0,1020000.0,3422,2476,2018-07-09 14:58:00
20180709 14:59,464.5,465.0,464.0,464.5,141894,448.0,134780,-306.0,6514370000.0,20800000.0,6027,9342,2018-07-09 14:59:00
20180709 15:00,464.5,464.5,464.5,464.5,141894,0.0,134780,0.0,6514370000.0,0.0,45,129,2018-07-09 15:00:00
20180709 20:59,461.0,461.0,461.0,461.0,362,362.0,135666,886.0,16688200.0,16688200.0,3,3,2018-07-09 20:59:00
20180709 21:00,461.0,461.5,461.0,461.5,454,92.0,135686,20.0,20928300.0,4240100.0,8264,3295,2018-07-09 21:00:00
20180709 21:01,461.5,461.5,461.5,461.5,1186,732.0,136306,620.0,54710100.0,33781800.0,5157,5107,2018-07-09 21:01:00
20180709 21:02,461.5,461.5,461.5,461.5,1250,64.0,136314,8.0,57663700.0,2953600.0,10560,3815,2018-07-09 21:02:00
20180709 21:03,461.5,462.0,461.5,461.5,1888,638.0,135910,-404.0,87136000.0,29472300.0,5890,6066,2018-07-09 21:03:00
20180709 21:04,461.5,461.5,461.0,461.0,2510,622.0,136440,530.0,115838000.0,28702000.0,9249,6935,2018-07-09 21:04:00
20180709 21:05,461.0,461.0,461.0,461.0,2568,58.0,136424,-16.0,118512000.0,2674000.0,13291,6588,2018-07-09 21:05:00
20180709 21:06,461.0,461.0,460.5,461.0,2682,114.0,136364,-60.0,123767000.0,5255000.0,5194,4225,2018-07-09 21:06:00
20180709 21:07,461.0,461.0,460.5,460.5,5314,2632.0,136750,386.0,244971000.0,121204000.0,11129,2512,2018-07-09 21:07:00
20180709 21:08,460.5,460.5,460.5,460.5,6700,1386.0,136948,198.0,308796000.0,63825000.0,9195,5144,2018-07-09 21:08:00
20180709 21:09,460.5,460.5,460.5,460.5,6700,0.0,136948,0.0,308796000.0,0.0,5149,1069,2018-07-09 21:09:00
20180709 21:10,460.5,460.5,460.5,460.5,6702,2.0,136950,2.0,308888000.0,92000.0,2111,5156,2018-07-09 21:10:00
20180709 21:11,460.5,460.5,460.5,460.5,6702,0.0,136950,0.0,308888000.0,0.0,2521,2257,2018-07-09 21:11:00
20180709 21:12,460.5,460.5,460.5,460.5,7418,716.0,136574,-376.0,341860000.0,32972000.0,2842,2674,2018-07-09 21:12:00
20180709 21:13,460.5,460.5,460.5,460.5,7420,2.0,136572,-2.0,341952000.0,92000.0,750,2241,2018-07-09 21:13:00
20180709 21:14,460.5,460.5,460.5,460.5,7420,0.0,136572,0.0,341952000.0,0.0,935,1808,2018-07-09 21:14:00
20180709 21:15,460.5,460.5,460.5,460.5,7580,160.0,136498,-74.0,349320000.0,7368000.0,2184,3432,2018-07-09 21:15:00
20180709 21:16,460.5,461.0,460.5,461.0,7582,2.0,136496,-2.0,349412000.0,92000.0,2691,6244,2018-07-09 21:16:00
20180709 21:17,461.0,461.0,461.0,461.0,7582,0.0,136496,0.0,349412000.0,0.0,2073,5263,2018-07-09 21:17:00
20180709 21:18,461.0,461.0,461.0,461.0,7582,0.0,136496,0.0,349412000.0,0.0,814,3053,2018-07-09 21:18:00
20180709 21:19,461.0,461.0,460.5,460.5,7608,26.0,136482,-14.0,350611000.0,1199000.0,1726,5576,2018-07-09 21:19:00
20180709 21:20,460.5,460.5,460.5,460.5,8386,778.0,136976,494.0,386438000.0,35827000.0,851,3802,2018-07-09 21:20:00
20180709 21:21,460.5,460.5,460.5,460.5,8386,0.0,136976,0.0,386438000.0,0.0,82,464,2018-07-09 21:21:00
20180709 21:22,460.5,460.5,460.5,460.5,8386,0.0,136976,0.0,386438000.0,0.0,763,3078,2018-07-09 21:22:00
20180709 21:23,460.5,460.5,460.5,460.5,8386,0.0,136976,0.0,386438000.0,0.0,58,207,2018-07-09 21:23:00
20180709 21:24,460.5,460.5,460.5,460.5,8386,0.0,136976,0.0,386438000.0,0.0,528,1656,2018-07-09 21:24:00
20180709 21:25,460.5,460.5,460.5,460.5,8496,110.0,137000,24.0,391503000.0,5065000.0,2827,1026,2018-07-09 21:25:00
20180709 21:26,460.5,460.5,460.5,460.5,8496,0.0,137000,0.0,391503000.0,0.0,6335,518,2018-07-09 21:26:00
20180709 21:27,460.5,460.5,460.5,460.5,9300,804.0,137512,512.0,428528000.0,37025000.0,10300,3730,2018-07-09 21:27:00
20180709 21:28,460.5,460.5,460.5,460.5,9300,0.0,137512,0.0,428528000.0,0.0,505,2200,2018-07-09 21:28:00
20180709 21:29,460.5,460.5,460.5,460.5,9300,0.0,137512,0.0,428528000.0,0.0,473,1980,2018-07-09 21:29:00
20180709 21:30,460.5,460.5,460.5,460.5,11608,2308.0,137058,-454.0,534811000.0,106283000.0,4180,8128,2018-07-09 21:30:00
20180709 21:31,460.5,461.0,460.5,461.0,11612,4.0,137060,2.0,534995000.0,184000.0,350,1865,2018-07-09 21:31:00
20180709 21:32,461.0,461.0,460.5,460.5,11682,70.0,137076,16.0,538219000.0,3224000.0,10924,11892,2018-07-09 21:32:00
20180709 21:33,460.5,460.5,460.5,460.5,11788,106.0,136986,-90.0,543100000.0,4881000.0,7996,5300,2018-07-09 21:33:00
20180709 21:34,460.5,460.5,460.5,460.5,11788,0.0,136986,0.0,543100000.0,0.0,2320,1430,2018-07-09 21:34:00
20180709 21:35,460.5,460.5,460.5,460.5,11788,0.0,136986,0.0,543100000.0,0.0,4663,2860,2018-07-09 21:35:00
20180709 21:36,460.5,460.5,460.5,460.5,11788,0.0,136986,0.0,543100000.0,0.0,5336,3432,2018-07-09 21:36:00
20180709 21:37,460.5,460.5,460.5,460.5,11788,0.0,136986,0.0,543100000.0,0.0,6257,4022,2018-07-09 21:37:00
20180709 21:38,460.5,461.0,460.5,460.5,11798,10.0,136992,6.0,543561000.0,461000.0,6829,4264,2018-07-09 21:38:00
20180709 21:39,460.5,460.5,460.5,460.5,11798,0.0,136992,0.0,543561000.0,0.0,4351,2511,2018-07-09 21:39:00
20180709 21:40,460.5,460.5,460.5,460.5,11798,0.0,136992,0.0,543561000.0,0.0,2789,1698,2018-07-09 21:40:00
20180709 21:41,460.5,461.0,460.5,461.0,13920,2122.0,136402,-590.0,641385000.0,97824000.0,9509,6674,2018-07-09 21:41:00
20180709 21:42,461.0,461.0,461.0,461.0,13920,0.0,136402,0.0,641385000.0,0.0,4455,527,2018-07-09 21:42:00
20180709 21:43,461.0,461.0,461.0,461.0,13920,0.0,136402,0.0,641385000.0,0.0,3352,518,2018-07-09 21:43:00
20180709 21:44,461.0,461.0,461.0,461.0,13920,0.0,136402,0.0,641385000.0,0.0,8488,1842,2018-07-09 21:44:00
20180709 21:45,461.0,461.0,461.0,461.0,14652,732.0,137028,626.0,675130000.0,33745000.0,2592,7091,2018-07-09 21:45:00
20180709 21:46,461.0,461.0,461.0,461.0,14652,0.0,137028,0.0,675130000.0,0.0,680,4364,2018-07-09 21:46:00
20180709 21:47,461.0,461.0,461.0,461.0,14652,0.0,137028,0.0,675130000.0,0.0,1303,6342,2018-07-09 21:47:00
20180709 21:48,461.0,461.0,461.0,461.0,14652,0.0,137028,0.0,675130000.0,0.0,410,2041,2018-07-09 21:48:00
20180709 21:49,461.0,461.0,461.0,461.0,14652,0.0,137028,0.0,675130000.0,0.0,915,4661,2018-07-09 21:49:00
20180709 21:50,461.0,461.0,461.0,461.0,14652,0.0,137028,0.0,675130000.0,0.0,958,5026,2018-07-09 21:50:00
20180709 21:51,461.0,461.0,461.0,461.0,14654,2.0,137026,-2.0,675222000.0,92000.0,1445,7751,2018-07-09 21:51:00
20180709 21:52,461.0,461.0,461.0,461.0,14654,0.0,137026,0.0,675222000.0,0.0,734,4005,2018-07-09 21:52:00
20180709 21:53,461.0,461.5,461.0,461.5,14802,148.0,137062,36.0,682045000.0,6823000.0,4728,3266,2018-07-09 21:53:00
20180709 21:54,461.5,462.0,461.5,461.5,15542,740.0,136502,-560.0,716197000.0,34152000.0,7207,4931,2018-07-09 21:54:00
20180709 21:55,461.5,461.5,461.0,461.0,15546,4.0,136502,0.0,716382000.0,185000.0,4516,2397,2018-07-09 21:55:00
20180709 21:56,461.0,461.0,461.0,461.0,15688,142.0,136526,24.0,722928000.0,6546000.0,2963,2740,2018-07-09 21:56:00
20180709 21:57,461.0,461.0,461.0,461.0,15690,2.0,136526,0.0,723020000.0,92000.0,3118,9209,2018-07-09 21:57:00
20180709 21:58,461.0,461.0,461.0,461.0,15690,0.0,136526,0.0,723020000.0,0.0,1486,4859,2018-07-09 21:58:00
20180709 21:59,461.0,461.0,461.0,461.0,15692,2.0,136526,0.0,723112000.0,92000.0,1767,8030,2018-07-09 21:59:00
20180709 22:00,461.0,461.0,460.5,460.5,15694,2.0,136526,0.0,723205000.0,93000.0,1588,6377,2018-07-09 22:00:00
20180709 22:01,460.5,460.5,460.5,460.5,15696,2.0,136526,0.0,723297000.0,92000.0,1313,5444,2018-07-09 22:01:00
20180709 22:02,460.5,460.5,460.5,460.5,15696,0.0,136526,0.0,723297000.0,0.0,1644,7011,2018-07-09 22:02:00
20180709 22:03,460.5,460.5,460.5,460.5,15696,0.0,136526,0.0,723297000.0,0.0,1128,4313,2018-07-09 22:03:00
20180709 22:04,460.5,460.5,460.5,460.5,15696,0.0,136526,0.0,723297000.0,0.0,1957,5618,2018-07-09 22:04:00
20180709 22:05,460.5,460.5,460.5,460.5,15696,0.0,136526,0.0,723297000.0,0.0,1487,3936,2018-07-09 22:05:00
20180709 22:06,460.5,461.0,460.5,461.0,15716,20.0,136516,-10.0,724219000.0,922000.0,741,4927,2018-07-09 22:06:00
20180709 22:07,461.0,461.0,461.0,461.0,15900,184.0,136564,48.0,732701000.0,8482000.0,2300,5907,2018-07-09 22:07:00
20180709 22:08,461.0,461.0,461.0,461.0,15900,0.0,136564,0.0,732701000.0,0.0,1160,4820,2018-07-09 22:08:00
20180709 22:09,461.0,461.0,461.0,461.0,15902,2.0,136562,-2.0,732793000.0,92000.0,1736,5558,2018-07-09 22:09:00
20180709 22:10,461.0,461.0,461.0,461.0,15902,0.0,136562,0.0,732793000.0,0.0,2060,6060,2018-07-09 22:10:00
20180709 22:11,461.0,461.0,461.0,461.0,15902,0.0,136562,0.0,732793000.0,0.0,326,1675,2018-07-09 22:11:00
20180709 22:12,461.0,461.0,461.0,461.0,16012,110.0,136536,-26.0,737864000.0,5071000.0,3931,2042,2018-07-09 22:12:00
20180709 22:13,461.0,461.0,461.0,461.0,16128,116.0,136520,-16.0,743212000.0,5348000.0,2000,2657,2018-07-09 22:13:00
20180709 22:14,461.0,461.0,461.0,461.0,16242,114.0,136562,42.0,748467000.0,5255000.0,2012,2680,2018-07-09 22:14:00
20180709 22:15,461.0,461.0,461.0,461.0,16332,90.0,136586,24.0,752616000.0,4149000.0,8909,1013,2018-07-09 22:15:00
20180709 22:16,461.0,461.0,461.0,461.0,16332,0.0,136586,0.0,752616000.0,0.0,2040,531,2018-07-09 22:16:00
20180709 22:17,461.0,461.0,461.0,461.0,16332,0.0,136586,0.0,752616000.0,0.0,733,125,2018-07-09 22:17:00
20180709 22:18,461.0,461.0,461.0,461.0,16370,38.0,136576,-10.0,754368000.0,1752000.0,2380,2072,2018-07-09 22:18:00
20180709 22:19,461.0,461.0,461.0,461.0,16484,114.0,136608,32.0,759623000.0,5255000.0,2720,3545,2018-07-09 22:19:00
20180709 22:20,461.0,461.5,461.0,461.5,16506,22.0,136586,-22.0,760639000.0,1016000.0,3207,1700,2018-07-09 22:20:00
20180709 22:21,461.5,461.5,461.5,461.5,16506,0.0,136586,0.0,760639000.0,0.0,2434,1196,2018-07-09 22:21:00
20180709 22:22,461.5,461.5,461.5,461.5,16506,0.0,136586,0.0,760639000.0,0.0,1983,1667,2018-07-09 22:22:00
20180709 22:23,461.5,461.5,461.5,461.5,16506,0.0,136586,0.0,760639000.0,0.0,1074,594,2018-07-09 22:23:00
20180709 22:24,461.5,461.5,461.5,461.5,16506,0.0,136586,0.0,760639000.0,0.0,1575,662,2018-07-09 22:24:00
20180709 22:25,461.5,461.5,461.5,461.5,16506,0.0,136586,0.0,760639000.0,0.0,4224,2013,2018-07-09 22:25:00
20180709 22:26,461.5,461.5,461.5,461.5,16506,0.0,136586,0.0,760639000.0,0.0,867,419,2018-07-09 22:26:00
20180709 22:27,461.5,461.5,461.5,461.5,16506,0.0,136586,0.0,760639000.0,0.0,1923,910,2018-07-09 22:27:00
20180709 22:28,461.5,461.5,461.5,461.5,16506,0.0,136586,0.0,760639000.0,0.0,1872,1089,2018-07-09 22:28:00
20180709 22:29,461.5,461.5,461.5,461.5,16508,2.0,136584,-2.0,760731000.0,92000.0,1457,2101,2018-07-09 22:29:00
20180709 22:30,461.5,461.5,461.5,461.5,16508,0.0,136584,0.0,760731000.0,0.0,914,1828,2018-07-09 22:30:00
20180709 22:31,461.0,461.0,461.0,461.0,16510,2.0,136582,-2.0,760823000.0,92000.0,1685,2414,2018-07-09 22:31:00
20180709 22:32,461.0,461.0,461.0,461.0,16510,0.0,136582,0.0,760823000.0,0.0,711,1484,2018-07-09 22:32:00
20180709 22:33,461.0,461.5,461.0,461.5,16530,20.0,136562,-20.0,761746000.0,923000.0,646,2013,2018-07-09 22:33:00
20180709 22:34,461.5,461.5,461.5,461.5,16530,0.0,136562,0.0,761746000.0,0.0,726,2031,2018-07-09 22:34:00
20180709 22:35,461.5,461.5,461.5,461.5,16530,0.0,136562,0.0,761746000.0,0.0,153,454,2018-07-09 22:35:00
20180709 22:36,461.5,461.5,461.5,461.5,17856,1326.0,136582,20.0,822941000.0,61195000.0,2561,5196,2018-07-09 22:36:00
20180709 22:37,461.5,461.5,461.5,461.5,17856,0.0,136582,0.0,822941000.0,0.0,208,819,2018-07-09 22:37:00
20180709 22:38,461.5,461.5,461.5,461.5,17856,0.0,136582,0.0,822941000.0,0.0,592,1880,2018-07-09 22:38:00
20180709 22:39,461.5,461.5,461.0,461.0,18242,386.0,136652,70.0,840736000.0,17795000.0,8855,9771,2018-07-09 22:39:00
20180709 22:40,461.0,461.0,461.0,461.0,18478,236.0,136696,44.0,851615000.0,10879000.0,2044,11135,2018-07-09 22:40:00
20180709 22:41,461.0,461.0,461.0,461.0,18478,0.0,136696,0.0,851615000.0,0.0,1109,762,2018-07-09 22:41:00
20180709 22:42,461.0,461.0,461.0,461.0,18492,14.0,136682,-14.0,852261000.0,646000.0,1958,1701,2018-07-09 22:42:00
20180709 22:43,461.0,461.0,461.0,461.0,18492,0.0,136682,0.0,852261000.0,0.0,1774,958,2018-07-09 22:43:00
20180709 22:44,461.0,461.0,461.0,461.0,18492,0.0,136682,0.0,852261000.0,0.0,1239,717,2018-07-09 22:44:00
20180709 22:45,461.0,461.0,461.0,461.0,18630,138.0,136704,22.0,858623000.0,6362000.0,4938,1149,2018-07-09 22:45:00
20180709 22:46,461.0,461.0,461.0,461.0,18638,8.0,136704,0.0,858991000.0,368000.0,9799,2072,2018-07-09 22:46:00
20180709 22:47,461.0,461.0,461.0,461.0,18638,0.0,136704,0.0,858991000.0,0.0,4402,1528,2018-07-09 22:47:00
20180709 22:48,461.0,461.0,461.0,461.0,18638,0.0,136704,0.0,858991000.0,0.0,2043,1769,2018-07-09 22:48:00
20180709 22:49,461.0,461.0,461.0,461.0,18638,0.0,136704,0.0,858991000.0,0.0,1267,622,2018-07-09 22:49:00
20180709 22:50,461.0,461.0,461.0,461.0,18638,0.0,136704,0.0,858991000.0,0.0,7243,706,2018-07-09 22:50:00
20180709 22:51,461.0,461.0,461.0,461.0,18638,0.0,136704,0.0,858991000.0,0.0,3761,332,2018-07-09 22:51:00
20180709 22:52,461.0,461.5,461.0,461.5,18640,2.0,136704,0.0,859084000.0,93000.0,2698,392,2018-07-09 22:52:00
20180709 22:53,461.5,461.5,461.5,461.5,18640,0.0,136704,0.0,859084000.0,0.0,2343,420,2018-07-09 22:53:00
20180709 22:54,461.5,461.5,461.5,461.5,18640,0.0,136704,0.0,859084000.0,0.0,4116,746,2018-07-09 22:54:00
20180709 22:55,461.5,461.5,461.5,461.5,18640,0.0,136704,0.0,859084000.0,0.0,2235,462,2018-07-09 22:55:00
20180709 22:56,461.5,461.5,461.5,461.5,18640,0.0,136704,0.0,859084000.0,0.0,3518,802,2018-07-09 22:56:00
20180709 22:57,461.5,461.5,461.5,461.5,18640,0.0,136704,0.0,859084000.0,0.0,3997,882,2018-07-09 22:57:00
20180709 22:58,461.5,461.5,461.0,461.0,18706,66.0,136704,0.0,862126000.0,3042000.0,3779,715,2018-07-09 22:58:00
20180709 22:59,461.0,461.0,461.0,461.0,18706,0.0,136704,0.0,862126000.0,0.0,3187,410,2018-07-09 22:59:00
20180709 23:00,461.0,461.0,461.0,461.0,18708,2.0,136704,0.0,862218000.0,92000.0,3543,285,2018-07-09 23:00:00
20180709 23:01,461.0,461.0,461.0,461.0,18708,0.0,136704,0.0,862218000.0,0.0,1943,140,2018-07-09 23:01:00
20180709 23:02,461.0,461.0,461.0,461.0,18954,246.0,136640,-64.0,873559000.0,11341000.0,10476,8609,2018-07-09 23:02:00
20180709 23:03,461.0,461.0,461.0,461.0,18954,0.0,136640,0.0,873559000.0,0.0,3727,3828,2018-07-09 23:03:00
20180709 23:04,460.5,460.5,460.5,460.5,19542,588.0,136566,-74.0,900636000.0,27077000.0,2757,2702,2018-07-09 23:04:00
20180709 23:05,460.5,460.5,460.5,460.5,19542,0.0,136566,0.0,900636000.0,0.0,1323,2544,2018-07-09 23:05:00
20180709 23:06,460.5,460.5,460.5,460.5,19542,0.0,136566,0.0,900636000.0,0.0,798,1610,2018-07-09 23:06:00
20180709 23:07,460.5,460.5,460.0,460.0,19544,2.0,136566,0.0,900728000.0,92000.0,1210,2395,2018-07-09 23:07:00
20180709 23:08,460.0,460.0,460.0,460.0,19546,2.0,136566,0.0,900820000.0,92000.0,4547,441,2018-07-09 23:08:00
20180709 23:09,460.0,460.0,460.0,460.0,19546,0.0,136566,0.0,900820000.0,0.0,3558,180,2018-07-09 23:09:00
20180709 23:10,460.0,460.0,460.0,460.0,19944,398.0,136564,-2.0,919128000.0,18308000.0,5268,5054,2018-07-09 23:10:00
20180709 23:11,460.0,460.0,460.0,460.0,19944,0.0,136564,0.0,919128000.0,0.0,898,1950,2018-07-09 23:11:00
20180709 23:12,460.0,460.5,460.0,460.5,19998,54.0,136576,12.0,921615000.0,2487000.0,1109,4484,2018-07-09 23:12:00
20180709 23:13,460.5,460.5,460.5,460.5,19998,0.0,136576,0.0,921615000.0,0.0,214,1539,2018-07-09 23:13:00
20180709 23:14,460.5,460.5,460.5,460.5,19998,0.0,136576,0.0,921615000.0,0.0,189,1592,2018-07-09 23:14:00
20180709 23:15,460.5,460.5,460.5,460.5,19998,0.0,136576,0.0,921615000.0,0.0,165,1369,2018-07-09 23:15:00
20180709 23:16,460.5,460.5,460.5,460.5,20624,626.0,136438,-138.0,950442000.0,28827000.0,3429,3211,2018-07-09 23:16:00
20180709 23:17,460.5,460.5,460.5,460.5,20626,2.0,136438,0.0,950535000.0,93000.0,1894,445,2018-07-09 23:17:00
20180709 23:18,460.5,460.5,460.5,460.5,20628,2.0,136438,0.0,950627000.0,92000.0,1892,446,2018-07-09 23:18:00
20180709 23:19,460.5,460.5,460.5,460.5,20628,0.0,136438,0.0,950627000.0,0.0,598,129,2018-07-09 23:19:00
20180709 23:20,460.5,460.5,460.5,460.5,20628,0.0,136438,0.0,950627000.0,0.0,712,129,2018-07-09 23:20:00
20180709 23:21,460.5,460.5,460.5,460.5,20630,2.0,136438,0.0,950719000.0,92000.0,1297,214,2018-07-09 23:21:00
20180709 23:22,460.5,461.0,460.5,460.5,21292,662.0,136558,120.0,981205000.0,30486000.0,3019,1561,2018-07-09 23:22:00
20180709 23:23,460.5,460.5,460.5,460.5,21292,0.0,136558,0.0,981205000.0,0.0,702,93,2018-07-09 23:23:00
20180709 23:24,460.5,460.5,460.5,460.5,21986,694.0,136352,-206.0,1013160000.0,31955000.0,3133,2330,2018-07-09 23:24:00
20180709 23:25,460.5,460.5,460.5,460.5,21986,0.0,136352,0.0,1013160000.0,0.0,573,2559,2018-07-09 23:25:00
20180709 23:26,460.5,460.5,460.5,460.5,21986,0.0,136352,0.0,1013160000.0,0.0,739,3031,2018-07-09 23:26:00
20180709 23:27,460.5,460.5,460.0,460.0,22006,20.0,136352,0.0,1014080000.0,920000.0,448,1242,2018-07-09 23:27:00
20180709 23:28,460.5,460.5,460.0,460.0,22606,600.0,136450,98.0,1041710000.0,27630000.0,3678,2185,2018-07-09 23:28:00
20180709 23:29,460.5,461.0,460.0,460.5,23342,736.0,136410,-40.0,1075610000.0,33900000.0,4495,2833,2018-07-09 23:29:00
20180710 09:00,464.5,465.0,464.5,464.5,93794,70452.0,134412,-1998.0,4352910000.0,3277300000.0,7892,1892,2018-07-10 09:00:00
20180710 09:01,464.5,464.5,464.0,464.0,94206,412.0,134360,-52.0,4372050000.0,19140000.0,9168,2967,2018-07-10 09:01:00
20180710 09:02,464.5,464.5,464.5,464.5,94528,322.0,134074,-286.0,4387000000.0,14950000.0,13668,1750,2018-07-10 09:02:00
20180710 09:03,464.5,464.5,464.0,464.0,94618,90.0,134064,-10.0,4391180000.0,4180000.0,10681,9973,2018-07-10 09:03:00
20180710 09:04,464.0,464.0,464.0,464.0,95182,564.0,134362,298.0,4417350000.0,26170000.0,5971,3031,2018-07-10 09:04:00
20180710 09:05,464.0,464.0,463.5,463.5,97030,1848.0,134034,-328.0,4503100000.0,85750000.0,4448,4330,2018-07-10 09:05:00
20180710 09:06,463.5,464.0,463.5,464.0,97714,684.0,134608,574.0,4534830000.0,31730000.0,1659,2926,2018-07-10 09:06:00
20180710 09:07,464.0,464.0,464.0,464.0,97804,90.0,134608,0.0,4539010000.0,4180000.0,8386,4529,2018-07-10 09:07:00
20180710 09:08,464.0,464.0,463.5,463.5,97968,164.0,134604,-4.0,4546610000.0,7600000.0,1817,2454,2018-07-10 09:08:00
20180710 09:09,463.5,463.5,462.0,462.0,98966,998.0,135060,456.0,4592780000.0,46170000.0,3234,2975,2018-07-10 09:09:00
20180710 09:10,462.0,462.0,462.0,462.0,98966,0.0,135060,0.0,4592780000.0,0.0,308,543,2018-07-10 09:10:00
20180710 09:11,462.5,462.5,462.5,462.5,99230,264.0,135004,-56.0,4604990000.0,12210000.0,1134,2345,2018-07-10 09:11:00
20180710 09:12,462.5,462.5,462.5,462.5,100108,878.0,134400,-604.0,4645600000.0,40610000.0,6920,2953,2018-07-10 09:12:00
20180710 09:13,462.5,463.0,462.5,462.5,100794,686.0,135026,626.0,4677320000.0,31720000.0,5238,2705,2018-07-10 09:13:00
20180710 09:14,463.0,463.5,463.0,463.0,100986,192.0,135002,-24.0,4686210000.0,8890000.0,10853,4334,2018-07-10 09:14:00
20180710 09:15,463.0,463.0,463.0,463.0,100986,0.0,135002,0.0,4686210000.0,0.0,2400,832,2018-07-10 09:15:00
20180710 09:16,463.0,463.0,463.0,463.0,100988,2.0,135002,0.0,4686310000.0,100000.0,1872,672,2018-07-10 09:16:00
20180710 09:17,463.0,463.0,463.0,463.0,100988,0.0,135002,0.0,4686310000.0,0.0,2642,1280,2018-07-10 09:17:00
20180710 09:18,463.0,463.0,463.0,463.0,101464,476.0,134928,-74.0,4708340000.0,22030000.0,4754,6483,2018-07-10 09:18:00
20180710 09:19,463.0,463.5,463.0,463.5,101628,164.0,134952,24.0,4715950000.0,7610000.0,10867,4180,2018-07-10 09:19:00
20180710 09:20,463.5,463.5,463.5,463.5,101788,160.0,135038,86.0,4723360000.0,7410000.0,10074,3967,2018-07-10 09:20:00
20180710 09:21,463.5,463.5,463.5,463.5,101818,30.0,135038,0.0,4724750000.0,1390000.0,9383,2555,2018-07-10 09:21:00
20180710 09:22,463.5,463.5,463.5,463.5,101902,84.0,135014,-24.0,4728650000.0,3900000.0,5938,4215,2018-07-10 09:22:00
20180710 09:23,463.5,463.5,463.0,463.0,102418,516.0,134996,-18.0,4752540000.0,23890000.0,6997,3671,2018-07-10 09:23:00
20180710 09:24,463.5,463.5,463.0,463.0,102668,250.0,134996,0.0,4764120000.0,11580000.0,3652,8413,2018-07-10 09:24:00
20180710 09:25,463.0,463.0,463.0,463.0,102668,0.0,134996,0.0,4764120000.0,0.0,1150,2267,2018-07-10 09:25:00
20180710 09:26,463.0,464.0,463.0,463.5,103592,924.0,135538,542.0,4806930000.0,42810000.0,3260,6815,2018-07-10 09:26:00
20180710 09:27,463.5,463.5,463.0,463.0,103808,216.0,135420,-118.0,4816940000.0,10010000.0,5897,8597,2018-07-10 09:27:00
20180710 09:28,463.0,463.5,463.0,463.5,104840,1032.0,135616,196.0,4864780000.0,47840000.0,4292,5766,2018-07-10 09:28:00
20180710 09:29,463.5,463.5,463.0,463.5,104906,66.0,135670,54.0,4867840000.0,3060000.0,5003,10997,2018-07-10 09:29:00
20180710 09:30,463.5,463.5,463.5,463.5,105836,930.0,135884,214.0,4910940000.0,43100000.0,5234,10103,2018-07-10 09:30:00
20180710 09:31,463.5,463.5,463.5,463.5,105896,60.0,135824,-60.0,4913720000.0,2780000.0,8208,9193,2018-07-10 09:31:00
20180710 09:32,463.5,463.5,463.5,463.5,105916,20.0,135824,0.0,4914650000.0,930000.0,1496,3114,2018-07-10 09:32:00
20180710 09:33,463.5,463.5,463.5,463.5,105916,0.0,135824,0.0,4914650000.0,0.0,747,1384,2018-07-10 09:33:00
20180710 09:34,463.5,463.5,463.5,463.5,105916,0.0,135824,0.0,4914650000.0,0.0,376,692,2018-07-10 09:34:00
20180710 09:35,463.5,463.5,463.0,463.0,106006,90.0,135890,66.0,4918820000.0,4170000.0,4297,2002,2018-07-10 09:35:00
20180710 09:36,463.0,463.0,463.0,463.0,106006,0.0,135890,0.0,4918820000.0,0.0,7933,5965,2018-07-10 09:36:00
20180710 09:37,463.0,463.0,463.0,463.0,106106,100.0,135990,100.0,4923450000.0,4630000.0,10149,1919,2018-07-10 09:37:00
20180710 09:38,463.0,463.0,463.0,463.0,108028,1922.0,135922,-68.0,5012440000.0,88990000.0,6451,7513,2018-07-10 09:38:00
20180710 09:39,463.0,463.5,463.0,463.5,108852,824.0,135940,18.0,5050590000.0,38150000.0,3649,5869,2018-07-10 09:39:00
20180710 09:40,463.5,463.5,463.5,463.5,108852,0.0,135940,0.0,5050590000.0,0.0,5959,3787,2018-07-10 09:40:00
20180710 09:41,463.5,463.5,463.5,463.5,108852,0.0,135940,0.0,5050590000.0,0.0,1388,862,2018-07-10 09:41:00
20180710 09:42,463.5,463.5,463.5,463.5,108862,10.0,135950,10.0,5051050000.0,460000.0,1785,1156,2018-07-10 09:42:00
20180710 09:43,463.5,463.5,463.5,463.5,108862,0.0,135950,0.0,5051050000.0,0.0,452,289,2018-07-10 09:43:00
20180710 09:45,463.0,463.0,463.0,463.0,110556,1694.0,136354,404.0,5129480000.0,78430000.0,5683,6827,2018-07-10 09:45:00
20180710 09:46,463.0,463.0,463.0,463.0,112352,1796.0,135744,-610.0,5212640000.0,83160000.0,5386,11561,2018-07-10 09:46:00
20180710 09:47,463.0,463.0,463.0,463.0,115572,3220.0,134642,-1102.0,5361720000.0,149080000.0,11569,13250,2018-07-10 09:47:00
20180710 09:48,463.0,463.0,463.0,463.0,115572,0.0,134642,0.0,5361720000.0,0.0,1940,1667,2018-07-10 09:48:00
20180710 09:49,463.0,463.0,463.0,463.0,115772,200.0,134534,-108.0,5370980000.0,9260000.0,5052,1701,2018-07-10 09:49:00
20180710 09:50,463.0,463.0,463.0,463.0,115772,0.0,134534,0.0,5370980000.0,0.0,2008,991,2018-07-10 09:50:00
20180710 09:51,463.0,463.5,463.0,463.5,115790,18.0,134534,0.0,5371820000.0,840000.0,8984,22643,2018-07-10 09:51:00
20180710 09:52,463.5,463.5,463.5,463.5,115792,2.0,134534,0.0,5371910000.0,90000.0,8462,21054,2018-07-10 09:52:00
20180710 09:53,463.5,463.5,463.5,463.5,116420,628.0,134760,226.0,5401020000.0,29110000.0,12900,24159,2018-07-10 09:53:00
20180710 09:54,463.5,464.0,463.5,463.5,116984,564.0,134588,-172.0,5427160000.0,26140000.0,6700,9562,2018-07-10 09:54:00
20180710 09:55,463.5,463.5,463.5,463.5,116984,0.0,134588,0.0,5427160000.0,0.0,5403,8660,2018-07-10 09:55:00
20180710 09:56,463.5,463.5,463.5,463.5,117128,144.0,134568,-20.0,5433840000.0,6680000.0,1506,6326,2018-07-10 09:56:00
20180710 09:57,463.5,463.5,463.5,463.5,117134,6.0,134564,-4.0,5434110000.0,270000.0,356,1746,2018-07-10 09:57:00
20180710 09:58,463.5,463.5,463.0,463.5,117384,250.0,134518,-46.0,5445700000.0,11590000.0,3480,12499,2018-07-10 09:58:00
20180710 09:59,463.5,463.5,463.5,463.5,117704,320.0,134590,72.0,5460530000.0,14830000.0,1611,11412,2018-07-10 09:59:00
20180710 10:00,463.5,463.5,463.5,463.5,117704,0.0,134590,0.0,5460530000.0,0.0,632,2990,2018-07-10 10:00:00
20180710 10:01,463.5,463.5,463.5,463.5,117892,188.0,134494,-96.0,5469250000.0,8720000.0,1174,6578,2018-07-10 10:01:00
20180710 10:02,463.5,463.5,463.5,463.5,117934,42.0,134510,16.0,5471190000.0,1940000.0,1470,8886,2018-07-10 10:02:00
20180710 10:03,463.5,463.5,463.5,463.5,117938,4.0,134514,4.0,5471380000.0,190000.0,835,3792,2018-07-10 10:03:00
20180710 10:04,463.5,463.5,463.0,463.5,118334,396.0,134622,108.0,5489730000.0,18350000.0,890,5829,2018-07-10 10:04:00
20180710 10:05,463.5,463.5,463.5,463.5,118446,112.0,134558,-64.0,5494920000.0,5190000.0,27151,10353,2018-07-10 10:05:00
20180710 10:06,463.5,463.5,463.5,463.5,118916,470.0,134188,-370.0,5516710000.0,21790000.0,13374,7390,2018-07-10 10:06:00
20180710 10:07,463.5,463.5,463.5,463.5,119336,420.0,134156,-32.0,5536180000.0,19470000.0,1524,6048,2018-07-10 10:07:00
20180710 10:08,463.5,463.5,463.5,463.5,119336,0.0,134156,0.0,5536180000.0,0.0,297,455,2018-07-10 10:08:00
20180710 10:10,463.5,463.5,463.5,463.5,119346,10.0,134146,-10.0,5536640000.0,460000.0,917,1340,2018-07-10 10:10:00
20180710 10:11,463.5,463.5,463.5,463.5,119740,394.0,134328,182.0,5554900000.0,18260000.0,1605,1125,2018-07-10 10:11:00
20180710 10:12,463.5,463.5,463.5,463.5,121324,1584.0,133970,-358.0,5628320000.0,73420000.0,9000,7898,2018-07-10 10:12:00
20180710 10:13,463.5,463.5,463.5,463.5,122346,1022.0,133546,-424.0,5675690000.0,47370000.0,16926,8231,2018-07-10 10:13:00
20180710 10:14,463.5,464.0,463.5,464.0,122410,64.0,133554,8.0,5678660000.0,2970000.0,13593,4111,2018-07-10 10:14:00
20180710 10:30,464.0,464.0,464.0,464.0,122410,0.0,133554,0.0,5678660000.0,0.0,2980,590,2018-07-10 10:30:00
20180710 10:31,464.0,464.0,463.5,463.5,122526,116.0,133500,-54.0,5684030000.0,5370000.0,4114,2433,2018-07-10 10:31:00
20180710 10:32,463.5,463.5,463.5,463.5,122526,0.0,133500,0.0,5684030000.0,0.0,3239,4878,2018-07-10 10:32:00
20180710 10:33,463.5,463.5,463.0,463.0,123030,504.0,133738,238.0,5707370000.0,23340000.0,16157,6398,2018-07-10 10:33:00
20180710 10:34,463.0,463.5,463.0,463.5,124564,1534.0,133898,160.0,5778470000.0,71100000.0,11268,8869,2018-07-10 10:34:00
20180710 10:35,463.5,463.5,463.5,463.5,124844,280.0,134136,238.0,5791450000.0,12980000.0,1650,6323,2018-07-10 10:35:00
20180710 10:36,463.5,463.5,463.5,463.5,125260,416.0,134006,-130.0,5810730000.0,19280000.0,3697,9314,2018-07-10 10:36:00
20180710 10:37,463.5,463.5,463.5,463.5,125426,166.0,133956,-50.0,5818420000.0,7690000.0,3056,15700,2018-07-10 10:37:00
20180710 10:38,463.5,463.5,463.5,463.5,126248,822.0,134024,68.0,5856520000.0,38100000.0,5528,15824,2018-07-10 10:38:00
20180710 10:39,463.5,463.5,463.5,463.5,126248,0.0,134024,0.0,5856520000.0,0.0,2867,4940,2018-07-10 10:39:00
20180710 10:40,463.5,463.5,463.5,463.5,126248,0.0,134024,0.0,5856520000.0,0.0,436,705,2018-07-10 10:40:00
20180710 10:41,463.5,464.0,463.5,464.0,126318,70.0,134040,16.0,5859770000.0,3250000.0,1147,1958,2018-07-10 10:41:00
20180710 10:42,464.0,464.0,464.0,464.0,126318,0.0,134040,0.0,5859770000.0,0.0,1735,3924,2018-07-10 10:42:00
20180710 10:43,464.0,464.0,464.0,464.0,127556,1238.0,134502,462.0,5917210000.0,57440000.0,3781,12760,2018-07-10 10:43:00
20180710 10:44,464.0,464.0,464.0,464.0,127572,16.0,134500,-2.0,5917950000.0,740000.0,1383,3670,2018-07-10 10:44:00
20180710 10:45,464.0,464.0,464.0,464.0,127574,2.0,134498,-2.0,5918050000.0,100000.0,3521,5615,2018-07-10 10:45:00
20180710 10:46,464.0,464.0,464.0,464.0,127574,0.0,134498,0.0,5918050000.0,0.0,4454,8900,2018-07-10 10:46:00
20180710 10:47,463.5,463.5,463.5,463.5,129482,1908.0,134654,156.0,6006480000.0,88430000.0,12126,4061,2018-07-10 10:47:00
20180710 10:48,463.5,463.5,463.5,463.5,129918,436.0,134668,14.0,6026690000.0,20210000.0,5210,1566,2018-07-10 10:48:00
20180710 10:49,463.5,463.5,463.5,463.5,130374,456.0,134668,0.0,6047830000.0,21140000.0,2739,3038,2018-07-10 10:49:00
20180710 10:50,463.5,463.5,463.5,463.5,130380,6.0,134662,-6.0,6048100000.0,270000.0,1194,6049,2018-07-10 10:50:00
20180710 10:51,463.5,463.5,463.5,463.5,130974,594.0,134684,22.0,6075640000.0,27540000.0,1769,5758,2018-07-10 10:51:00
20180710 10:52,463.5,463.5,463.5,463.5,131650,676.0,134022,-662.0,6106970000.0,31330000.0,3376,4567,2018-07-10 10:52:00
20180710 10:53,463.5,463.5,463.5,463.5,131650,0.0,134022,0.0,6106970000.0,0.0,342,412,2018-07-10 10:53:00
20180710 10:54,463.5,463.5,463.5,463.5,131656,6.0,134016,-6.0,6107250000.0,280000.0,659,1232,2018-07-10 10:54:00
20180710 10:55,463.5,463.5,463.5,463.5,132584,928.0,133524,-492.0,6150260000.0,43010000.0,6231,4910,2018-07-10 10:55:00
20180710 10:56,463.5,463.5,463.5,463.5,132588,4.0,133520,-4.0,6150440000.0,180000.0,1013,1259,2018-07-10 10:56:00
20180710 10:57,463.5,463.5,463.0,463.0,132590,2.0,133518,-2.0,6150540000.0,100000.0,1929,1408,2018-07-10 10:57:00
20180710 10:58,463.0,463.5,463.0,463.5,132592,2.0,133516,-2.0,6150630000.0,90000.0,1174,2325,2018-07-10 10:58:00
20180710 10:59,463.5,463.5,463.0,463.0,132970,378.0,133524,8.0,6168130000.0,17500000.0,6652,4345,2018-07-10 10:59:00
20180710 11:00,462.5,462.5,462.0,462.0,133120,150.0,133544,20.0,6175070000.0,6940000.0,4773,3808,2018-07-10 11:00:00
20180710 11:01,462.0,462.5,462.0,462.5,133130,10.0,133546,2.0,6175530000.0,460000.0,12621,9860,2018-07-10 11:01:00
20180710 11:02,462.5,462.5,462.5,462.5,133150,20.0,133532,-14.0,6176450000.0,920000.0,1028,4800,2018-07-10 11:02:00
20180710 11:03,462.5,462.5,462.5,462.5,133152,2.0,133532,0.0,6176550000.0,100000.0,862,3921,2018-07-10 11:03:00
20180710 11:04,462.5,462.5,462.5,462.5,133158,6.0,133526,-6.0,6176820000.0,270000.0,2618,4616,2018-07-10 11:04:00
20180710 11:05,462.5,462.5,462.5,462.5,133158,0.0,133526,0.0,6176820000.0,0.0,2286,2275,2018-07-10 11:05:00
20180710 11:06,462.0,462.5,462.0,462.0,133654,496.0,133332,-194.0,6199740000.0,22920000.0,24430,8079,2018-07-10 11:06:00
20180710 11:07,462.0,462.0,462.0,462.0,133758,104.0,133314,-18.0,6204540000.0,4800000.0,2444,7689,2018-07-10 11:07:00
20180710 11:08,462.0,462.0,461.5,461.5,133906,148.0,133168,-146.0,6211370000.0,6830000.0,2205,5810,2018-07-10 11:08:00
20180710 11:09,461.5,461.5,461.5,461.5,133906,0.0,133168,0.0,6211370000.0,0.0,326,972,2018-07-10 11:09:00
20180710 11:10,461.5,461.5,461.5,461.5,133906,0.0,133168,0.0,6211370000.0,0.0,3244,3545,2018-07-10 11:10:00
20180710 11:11,461.5,461.5,461.5,461.5,133906,0.0,133168,0.0,6211370000.0,0.0,5061,3736,2018-07-10 11:11:00
20180710 11:12,461.5,461.5,461.5,461.5,133906,0.0,133168,0.0,6211370000.0,0.0,301,975,2018-07-10 11:12:00
20180710 11:13,461.5,462.0,461.5,462.0,134102,196.0,133106,-62.0,6220430000.0,9060000.0,5067,3146,2018-07-10 11:13:00
20180710 11:14,462.0,462.0,462.0,462.0,134610,508.0,133092,-14.0,6243900000.0,23470000.0,13674,8524,2018-07-10 11:14:00
20180710 11:15,462.0,462.0,462.0,462.0,134610,0.0,133092,0.0,6243900000.0,0.0,19730,10981,2018-07-10 11:15:00
20180710 11:16,462.0,462.0,462.0,462.0,135314,704.0,133710,618.0,6276420000.0,32520000.0,11492,10456,2018-07-10 11:16:00
20180710 11:17,462.0,462.0,462.0,462.0,136028,714.0,133286,-424.0,6309410000.0,32990000.0,680,3012,2018-07-10 11:17:00
20180710 11:18,462.0,462.0,462.0,462.0,137252,1224.0,133894,608.0,6365960000.0,56550000.0,12096,3082,2018-07-10 11:18:00
20180710 11:19,462.0,462.0,462.0,462.0,137582,330.0,133934,40.0,6381210000.0,15250000.0,22967,2065,2018-07-10 11:19:00
20180710 11:20,462.0,462.0,462.0,462.0,137582,0.0,133934,0.0,6381210000.0,0.0,2020,506,2018-07-10 11:20:00
20180710 11:21,462.0,462.0,462.0,462.0,137582,0.0,133934,0.0,6381210000.0,0.0,4545,1102,2018-07-10 11:21:00
20180710 11:22,462.0,462.5,462.0,462.5,138314,732.0,133442,-492.0,6415060000.0,33850000.0,3774,363,2018-07-10 11:22:00
20180710 11:23,462.5,462.5,462.5,462.5,139998,1684.0,133434,-8.0,6492950000.0,77890000.0,24606,2488,2018-07-10 11:23:00
20180710 11:24,462.5,463.0,462.5,463.0,140352,354.0,133538,104.0,6509340000.0,16390000.0,22791,6693,2018-07-10 11:24:00
20180710 11:25,463.0,463.0,463.0,463.0,141592,1240.0,133310,-228.0,6566750000.0,57410000.0,8776,5343,2018-07-10 11:25:00
20180710 11:26,463.0,463.0,463.0,463.0,141592,0.0,133310,0.0,6566750000.0,0.0,1126,3631,2018-07-10 11:26:00
20180710 11:27,463.0,463.0,462.5,463.0,143120,1528.0,134258,948.0,6637490000.0,70740000.0,20924,5490,2018-07-10 11:27:00
20180710 11:28,463.0,463.0,463.0,463.0,143390,270.0,134256,-2.0,6649990000.0,12500000.0,3655,5441,2018-07-10 11:28:00
20180710 11:29,463.0,463.5,462.0,462.0,143754,364.0,134042,-214.0,6666850000.0,16860000.0,1850,3179,2018-07-10 11:29:00
20180710 13:30,462.0,462.5,462.0,462.0,144228,474.0,134350,308.0,6688750000.0,21900000.0,3021,15352,2018-07-10 13:30:00
20180710 13:31,462.0,462.0,462.0,462.0,144284,56.0,134350,0.0,6691330000.0,2580000.0,1865,7089,2018-07-10 13:31:00
20180710 13:32,462.0,462.0,462.0,462.0,144604,320.0,134320,-30.0,6706120000.0,14790000.0,3128,12644,2018-07-10 13:32:00
20180710 13:33,462.0,462.0,462.0,462.0,144620,16.0,134324,4.0,6706860000.0,740000.0,2811,7975,2018-07-10 13:33:00
20180710 13:34,462.0,462.0,462.0,462.0,145524,904.0,133870,-454.0,6748620000.0,41760000.0,2045,9528,2018-07-10 13:34:00
20180710 13:35,462.0,462.0,461.5,461.5,146226,702.0,134038,168.0,6781020000.0,32400000.0,7472,8565,2018-07-10 13:35:00
20180710 13:36,461.5,461.5,461.5,461.5,147874,1648.0,133686,-352.0,6857070000.0,76050000.0,4026,10075,2018-07-10 13:36:00
20180710 13:37,461.5,461.5,461.5,461.5,148026,152.0,133678,-8.0,6864090000.0,7020000.0,2251,1963,2018-07-10 13:37:00
20180710 13:38,461.5,462.0,461.5,462.0,148052,26.0,133658,-20.0,6865290000.0,1200000.0,1266,3401,2018-07-10 13:38:00
20180710 13:39,462.0,462.0,462.0,462.0,148052,0.0,133658,0.0,6865290000.0,0.0,339,859,2018-07-10 13:39:00
20180710 13:40,462.0,462.0,462.0,462.0,148280,228.0,133696,38.0,6875820000.0,10530000.0,1173,5714,2018-07-10 13:40:00
20180710 13:41,462.0,462.0,462.0,462.0,149968,1688.0,133670,-26.0,6953810000.0,77990000.0,10219,6305,2018-07-10 13:41:00
20180710 13:42,462.0,462.0,462.0,462.0,150042,74.0,133672,2.0,6957230000.0,3420000.0,6049,1142,2018-07-10 13:42:00
20180710 13:43,462.0,462.0,462.0,462.0,150348,306.0,133658,-14.0,6971360000.0,14130000.0,7439,972,2018-07-10 13:43:00
20180710 13:44,462.0,462.0,462.0,462.0,150358,10.0,133658,0.0,6971830000.0,470000.0,6666,1421,2018-07-10 13:44:00
20180710 13:45,462.0,462.0,462.0,462.0,150358,0.0,133658,0.0,6971830000.0,0.0,3581,1096,2018-07-10 13:45:00
20180710 13:46,462.0,462.5,462.0,462.0,150504,146.0,133790,132.0,6978570000.0,6740000.0,5818,1291,2018-07-10 13:46:00
20180710 13:47,462.0,462.5,462.0,462.0,152432,1928.0,133460,-330.0,7067650000.0,89080000.0,12821,5356,2018-07-10 13:47:00
20180710 13:48,462.0,462.0,462.0,462.0,152432,0.0,133460,0.0,7067650000.0,0.0,2325,356,2018-07-10 13:48:00
20180710 13:49,462.0,462.0,462.0,462.0,152432,0.0,133460,0.0,7067650000.0,0.0,4661,1213,2018-07-10 13:49:00
20180710 13:50,462.0,462.0,462.0,462.0,152432,0.0,133460,0.0,7067650000.0,0.0,3468,1497,2018-07-10 13:50:00
20180710 13:51,462.0,462.5,462.0,462.5,155242,2810.0,133912,452.0,7197610000.0,129960000.0,9565,9317,2018-07-10 13:51:00
20180710 13:52,462.5,462.5,462.0,462.0,157954,2712.0,133288,-624.0,7323020000.0,125410000.0,5739,9782,2018-07-10 13:52:00
20180710 13:53,462.0,462.0,462.0,462.0,157964,10.0,133288,0.0,7323480000.0,460000.0,1296,3182,2018-07-10 13:53:00
20180710 13:54,462.0,462.0,462.0,462.0,157966,2.0,133286,-2.0,7323580000.0,100000.0,1075,2483,2018-07-10 13:54:00
20180710 13:55,462.0,462.0,462.0,462.0,157966,0.0,133286,0.0,7323580000.0,0.0,778,2208,2018-07-10 13:55:00
20180710 13:56,462.0,462.0,462.0,462.0,157966,0.0,133286,0.0,7323580000.0,0.0,1223,2954,2018-07-10 13:56:00
20180710 13:57,462.0,462.0,462.0,462.0,159312,1346.0,132508,-778.0,7385760000.0,62180000.0,3663,7139,2018-07-10 13:57:00
20180710 13:58,462.0,462.0,462.0,462.0,160680,1368.0,132522,14.0,7448960000.0,63200000.0,6191,12487,2018-07-10 13:58:00
20180710 13:59,462.0,462.0,462.0,462.0,163422,2742.0,133554,1032.0,7575640000.0,126680000.0,7131,13634,2018-07-10 13:59:00
20180710 14:00,462.0,462.0,462.0,462.0,163532,110.0,133642,88.0,7580730000.0,5090000.0,5497,4359,2018-07-10 14:00:00
20180710 14:01,462.0,462.0,461.5,461.5,163874,342.0,133572,-70.0,7596520000.0,15790000.0,2276,1939,2018-07-10 14:01:00
20180710 14:02,461.5,462.0,461.5,462.0,164300,426.0,133566,-6.0,7616210000.0,19690000.0,5271,7641,2018-07-10 14:02:00
20180710 14:03,462.0,462.0,462.0,462.0,164302,2.0,133566,0.0,7616300000.0,90000.0,2489,5687,2018-07-10 14:03:00
20180710 14:04,462.0,462.5,462.0,462.0,166272,1970.0,133054,-512.0,7707310000.0,91010000.0,10573,6776,2018-07-10 14:04:00
20180710 14:05,462.0,462.0,462.0,462.0,166704,432.0,132900,-154.0,7727270000.0,19960000.0,4487,1402,2018-07-10 14:05:00
20180710 14:06,462.0,462.0,462.0,462.0,169326,2622.0,132900,0.0,7848410000.0,121140000.0,15506,5045,2018-07-10 14:06:00
20180710 14:07,462.0,462.0,462.0,462.0,169326,0.0,132900,0.0,7848410000.0,0.0,1748,629,2018-07-10 14:07:00
20180710 14:08,462.0,462.0,462.0,462.0,170596,1270.0,133430,530.0,7907080000.0,58670000.0,13902,4048,2018-07-10 14:08:00
20180710 14:09,462.0,462.0,462.0,462.0,170596,0.0,133430,0.0,7907080000.0,0.0,437,110,2018-07-10 14:09:00
20180710 14:10,462.0,462.0,462.0,462.0,170596,0.0,133430,0.0,7907080000.0,0.0,2616,732,2018-07-10 14:10:00
20180710 14:11,462.0,462.0,462.0,462.0,170596,0.0,133430,0.0,7907080000.0,0.0,2610,788,2018-07-10 14:11:00
20180710 14:12,462.0,462.0,462.0,462.0,170596,0.0,133430,0.0,7907080000.0,0.0,3400,1197,2018-07-10 14:12:00
20180710 14:13,462.0,462.5,462.0,462.5,170598,2.0,133430,0.0,7907170000.0,90000.0,1668,812,2018-07-10 14:13:00
20180710 14:14,462.5,462.5,462.5,462.5,170598,0.0,133430,0.0,7907170000.0,0.0,2035,998,2018-07-10 14:14:00
20180710 14:15,462.5,462.5,462.5,462.5,170598,0.0,133430,0.0,7907170000.0,0.0,1242,437,2018-07-10 14:15:00
20180710 14:16,462.5,462.5,462.0,462.0,170608,10.0,133430,0.0,7907640000.0,470000.0,2497,721,2018-07-10 14:16:00
20180710 14:17,462.0,462.0,462.0,462.0,170608,0.0,133430,0.0,7907640000.0,0.0,1702,546,2018-07-10 14:17:00
20180710 14:18,462.0,462.0,462.0,462.0,170610,2.0,133430,0.0,7907730000.0,90000.0,2982,911,2018-07-10 14:18:00
20180710 14:19,462.0,462.0,462.0,462.0,170612,2.0,133432,2.0,7907820000.0,90000.0,2130,616,2018-07-10 14:19:00
20180710 14:20,462.0,462.0,462.0,462.0,170956,344.0,133508,76.0,7923710000.0,15890000.0,6440,1633,2018-07-10 14:20:00
20180710 14:21,462.0,462.0,462.0,462.0,172200,1244.0,132716,-792.0,7981190000.0,57480000.0,4333,4771,2018-07-10 14:21:00
20180710 14:22,462.0,462.0,462.0,462.0,172438,238.0,132718,2.0,7992180000.0,10990000.0,2618,8484,2018-07-10 14:22:00
20180710 14:23,462.0,462.0,462.0,462.0,172438,0.0,132718,0.0,7992180000.0,0.0,1477,7765,2018-07-10 14:23:00
20180710 14:24,462.0,462.0,462.0,462.0,172698,260.0,132854,136.0,8004190000.0,12010000.0,1851,9304,2018-07-10 14:24:00
20180710 14:25,462.0,462.0,462.0,462.0,172698,0.0,132854,0.0,8004190000.0,0.0,2605,4095,2018-07-10 14:25:00
20180710 14:26,462.0,462.0,462.0,462.0,172698,0.0,132854,0.0,8004190000.0,0.0,3628,2024,2018-07-10 14:26:00
20180710 14:27,462.0,462.0,462.0,462.0,172910,212.0,133058,204.0,8013990000.0,9800000.0,2296,1808,2018-07-10 14:27:00
20180710 14:28,462.0,462.0,462.0,462.0,172910,0.0,133058,0.0,8013990000.0,0.0,870,756,2018-07-10 14:28:00
20180710 14:29,462.0,462.0,462.0,462.0,174482,1572.0,133094,36.0,8086610000.0,72620000.0,8059,2977,2018-07-10 14:29:00
20180710 14:30,462.0,462.0,462.0,462.0,176740,2258.0,133546,452.0,8190950000.0,104340000.0,7351,4558,2018-07-10 14:30:00
20180710 14:31,462.0,462.0,462.0,462.0,176908,168.0,133570,24.0,8198710000.0,7760000.0,6700,4490,2018-07-10 14:31:00
20180710 14:32,462.0,462.0,462.0,462.0,177118,210.0,133558,-12.0,8208410000.0,9700000.0,3353,5693,2018-07-10 14:32:00
20180710 14:33,462.0,462.0,462.0,462.0,177684,566.0,133566,8.0,8234560000.0,26150000.0,6277,8622,2018-07-10 14:33:00
20180710 14:34,462.0,462.0,462.0,462.0,177892,208.0,133600,34.0,8244170000.0,9610000.0,3508,6522,2018-07-10 14:34:00
20180710 14:35,462.0,462.0,461.5,461.5,178114,222.0,133600,0.0,8254430000.0,10260000.0,4194,5830,2018-07-10 14:35:00
20180710 14:36,461.5,461.5,461.5,461.5,178472,358.0,133510,-90.0,8270950000.0,16520000.0,6094,4555,2018-07-10 14:36:00
20180710 14:37,461.5,461.5,461.5,461.5,181960,3488.0,134036,526.0,8431920000.0,160970000.0,19822,19087,2018-07-10 14:37:00
20180710 14:38,461.5,462.0,461.5,461.5,181976,16.0,134034,-2.0,8432660000.0,740000.0,4992,10053,2018-07-10 14:38:00
20180710 14:39,461.5,461.5,461.5,461.5,182018,42.0,134072,38.0,8434600000.0,1940000.0,3702,11302,2018-07-10 14:39:00
20180710 14:40,461.5,462.5,461.5,462.5,183100,1082.0,134192,120.0,8484620000.0,50020000.0,4209,18745,2018-07-10 14:40:00
20180710 14:41,462.5,462.5,462.5,462.5,183148,48.0,134200,8.0,8486840000.0,2220000.0,4887,8389,2018-07-10 14:41:00
20180710 14:42,462.5,462.5,462.0,462.0,183156,8.0,134192,-8.0,8487210000.0,370000.0,3291,5462,2018-07-10 14:42:00
20180710 14:43,462.0,462.0,462.0,462.0,183156,0.0,134192,0.0,8487210000.0,0.0,2034,1692,2018-07-10 14:43:00
20180710 14:44,462.0,462.0,461.5,461.5,183528,372.0,134384,192.0,8504390000.0,17180000.0,6079,16453,2018-07-10 14:44:00
20180710 14:45,461.5,462.0,461.5,461.5,183552,24.0,134384,0.0,8505500000.0,1110000.0,6143,35409,2018-07-10 14:45:00
20180710 14:46,461.5,461.5,461.5,461.5,183552,0.0,134384,0.0,8505500000.0,0.0,2060,2779,2018-07-10 14:46:00
20180710 14:47,461.5,461.5,461.5,461.5,183562,10.0,134390,6.0,8505960000.0,460000.0,2720,3706,2018-07-10 14:47:00
20180710 14:48,461.5,461.5,461.5,461.5,183562,0.0,134390,0.0,8505960000.0,0.0,2003,2847,2018-07-10 14:48:00
20180710 14:49,461.5,461.5,461.5,461.5,183578,16.0,134388,-2.0,8506700000.0,740000.0,4312,5984,2018-07-10 14:49:00
20180710 14:50,461.5,462.0,461.5,462.0,183912,334.0,134588,200.0,8522130000.0,15430000.0,1343,19148,2018-07-10 14:50:00
20180710 14:51,462.0,462.0,462.0,462.0,184120,208.0,134454,-134.0,8531740000.0,9610000.0,6235,8950,2018-07-10 14:51:00
20180710 14:52,462.0,462.0,462.0,462.0,184560,440.0,134454,0.0,8552070000.0,20330000.0,2050,15314,2018-07-10 14:52:00
20180710 14:53,462.0,462.0,462.0,462.0,184560,0.0,134454,0.0,8552070000.0,0.0,1309,21124,2018-07-10 14:53:00
20180710 14:54,462.0,462.0,462.0,462.0,184792,232.0,134568,114.0,8562790000.0,10720000.0,5723,9853,2018-07-10 14:54:00
20180710 14:55,462.0,462.0,462.0,462.0,185264,472.0,134514,-54.0,8584590000.0,21800000.0,12398,1848,2018-07-10 14:55:00
20180710 14:56,462.0,462.0,461.5,461.5,185610,346.0,134396,-118.0,8600580000.0,15990000.0,5475,3810,2018-07-10 14:56:00
20180710 14:57,461.5,461.5,461.5,461.5,185834,224.0,134482,86.0,8610910000.0,10330000.0,6306,2472,2018-07-10 14:57:00
20180710 14:58,461.0,461.5,461.0,461.0,185974,140.0,134456,-26.0,8617370000.0,6460000.0,2144,531,2018-07-10 14:58:00
20180710 14:59,460.5,461.0,459.5,460.5,186556,582.0,134526,70.0,8644180000.0,26810000.0,4128,10165,2018-07-10 14:59:00
20180710 15:00,461.0,461.0,461.0,461.0,186558,2.0,134526,0.0,8644270000.0,90000.0,362,56,2018-07-10 15:00:00
20180710 20:59,462.5,462.5,462.5,462.5,1262,1262.0,134190,-336.0,58367500.0,58367500.0,4,4,2018-07-10 20:59:00
20180710 21:00,462.5,464.0,462.5,464.0,1490,228.0,133988,-202.0,68946800.0,10579300.0,2676,1803,2018-07-10 21:00:00
20180710 21:01,464.0,464.5,464.0,464.5,1540,50.0,133998,10.0,71269300.0,2322500.0,1252,1443,2018-07-10 21:01:00
20180710 21:02,464.5,464.5,464.5,464.5,1682,142.0,133996,-2.0,77865200.0,6595900.0,2872,2035,2018-07-10 21:02:00
20180710 21:03,464.5,464.5,464.0,464.0,2120,438.0,134228,232.0,98189000.0,20323800.0,4030,2214,2018-07-10 21:03:00
20180710 21:04,464.0,464.0,464.0,464.0,2134,14.0,134214,-14.0,98838600.0,649600.0,443,1626,2018-07-10 21:04:00
20180710 21:05,464.0,464.5,464.0,464.0,3212,1078.0,134818,604.0,148858000.0,50019400.0,6010,2412,2018-07-10 21:05:00
20180710 21:06,464.0,464.0,464.0,464.0,4358,1146.0,134622,-196.0,202032000.0,53174000.0,6623,3109,2018-07-10 21:06:00
20180710 21:07,464.0,464.0,464.0,464.0,7592,3234.0,133382,-1240.0,352090000.0,150058000.0,9201,5305,2018-07-10 21:07:00
20180710 21:08,464.0,464.0,463.5,463.5,8738,1146.0,134320,938.0,405207000.0,53117000.0,6191,1392,2018-07-10 21:08:00
20180710 21:09,463.5,464.0,463.5,464.0,9660,922.0,133816,-504.0,447942000.0,42735000.0,3119,3803,2018-07-10 21:09:00
20180710 21:10,464.0,464.0,464.0,464.0,9662,2.0,133816,0.0,448035000.0,93000.0,3175,2521,2018-07-10 21:10:00
20180710 21:11,464.0,464.0,464.0,464.0,9674,12.0,133818,2.0,448591000.0,556000.0,4432,3890,2018-07-10 21:11:00
20180710 21:12,464.0,464.0,464.0,464.0,9982,308.0,133894,76.0,462883000.0,14292000.0,5436,4385,2018-07-10 21:12:00
20180710 21:13,464.0,464.0,464.0,464.0,12852,2870.0,133290,-604.0,596051000.0,133168000.0,6967,10591,2018-07-10 21:13:00
20180710 21:14,464.0,464.0,463.5,464.0,14708,1856.0,132682,-608.0,682165000.0,86114000.0,18283,5527,2018-07-10 21:14:00
20180710 21:15,464.0,464.0,464.0,464.0,15656,948.0,132524,-158.0,726152000.0,43987000.0,5912,3494,2018-07-10 21:15:00
20180710 21:16,464.0,464.0,464.0,464.0,16102,446.0,132736,212.0,746846000.0,20694000.0,4708,2526,2018-07-10 21:16:00
20180710 21:17,464.0,464.5,464.0,464.5,17520,1418.0,132596,-140.0,812642000.0,65796000.0,5535,2918,2018-07-10 21:17:00
20180710 21:18,464.5,464.5,464.0,464.0,17784,264.0,132496,-100.0,824892000.0,12250000.0,8477,3735,2018-07-10 21:18:00
20180710 21:19,464.0,464.0,464.0,464.0,19382,1598.0,132456,-40.0,899039000.0,74147000.0,11023,1841,2018-07-10 21:19:00
20180710 21:20,464.0,464.0,464.0,464.0,20392,1010.0,132196,-260.0,945903000.0,46864000.0,648,2432,2018-07-10 21:20:00
20180710 21:21,464.0,464.0,464.0,464.0,21752,1360.0,133066,870.0,1009010000.0,63107000.0,6974,4441,2018-07-10 21:21:00
20180710 21:22,464.0,464.0,464.0,464.0,23024,1272.0,132420,-646.0,1068030000.0,59020000.0,6165,7106,2018-07-10 21:22:00
20180710 21:23,464.0,464.0,464.0,464.0,24274,1250.0,133208,788.0,1126030000.0,58000000.0,3239,3194,2018-07-10 21:23:00
20180710 21:24,464.0,464.0,464.0,464.0,24808,534.0,133038,-170.0,1150810000.0,24780000.0,3863,3267,2018-07-10 21:24:00
20180710 21:25,464.0,464.0,464.0,464.0,24808,0.0,133038,0.0,1150810000.0,0.0,2268,3518,2018-07-10 21:25:00
20180710 21:26,464.0,464.0,464.0,464.0,24808,0.0,133038,0.0,1150810000.0,0.0,3706,5819,2018-07-10 21:26:00
20180710 21:27,464.0,464.0,464.0,464.0,24808,0.0,133038,0.0,1150810000.0,0.0,1767,2338,2018-07-10 21:27:00
20180710 21:28,464.0,464.0,464.0,464.0,26248,1440.0,132164,-874.0,1217620000.0,66810000.0,6692,4759,2018-07-10 21:28:00
20180710 21:29,464.0,464.0,464.0,464.0,34786,8538.0,132932,768.0,1613780000.0,396160000.0,16857,10021,2018-07-10 21:29:00
20180710 21:30,464.0,464.0,464.0,464.0,39278,4492.0,132766,-166.0,1822210000.0,208430000.0,18008,10031,2018-07-10 21:30:00
20180710 21:31,464.0,464.0,464.0,464.0,39278,0.0,132766,0.0,1822210000.0,0.0,3062,1106,2018-07-10 21:31:00
20180710 21:32,464.0,464.0,463.5,463.5,39322,44.0,132810,44.0,1824250000.0,2040000.0,7590,2725,2018-07-10 21:32:00
20180710 21:33,463.5,463.5,463.5,463.5,40528,1206.0,132346,-464.0,1880150000.0,55900000.0,8531,3590,2018-07-10 21:33:00
20180710 21:34,463.5,463.5,463.5,463.5,41540,1012.0,132062,-284.0,1927060000.0,46910000.0,12127,4301,2018-07-10 21:34:00
20180710 21:35,464.0,464.0,463.5,463.5,41548,8.0,132056,-6.0,1927430000.0,370000.0,5847,3477,2018-07-10 21:35:00
20180710 21:36,463.5,464.0,463.5,464.0,41552,4.0,132056,0.0,1927610000.0,180000.0,7257,3396,2018-07-10 21:36:00
20180710 21:37,464.0,464.0,464.0,464.0,41552,0.0,132056,0.0,1927610000.0,0.0,7206,3569,2018-07-10 21:37:00
20180710 21:38,464.0,464.0,464.0,464.0,41602,50.0,132026,-30.0,1929930000.0,2320000.0,2207,2293,2018-07-10 21:38:00
20180710 21:39,464.0,464.0,463.5,463.5,41810,208.0,132216,190.0,1939570000.0,9640000.0,5823,2799,2018-07-10 21:39:00
20180710 21:40,463.5,464.0,463.5,464.0,41814,4.0,132212,-4.0,1939760000.0,190000.0,2528,2405,2018-07-10 21:40:00
20180710 21:42,464.0,464.0,464.0,464.0,43704,1890.0,133040,828.0,2027460000.0,87700000.0,3032,3917,2018-07-10 21:42:00
20180710 21:43,464.0,464.0,464.0,464.0,44870,1166.0,132416,-624.0,2081560000.0,54100000.0,7687,3764,2018-07-10 21:43:00
20180710 21:44,464.0,464.0,464.0,464.0,45498,628.0,132376,-40.0,2110700000.0,29140000.0,5228,3513,2018-07-10 21:44:00
20180710 21:45,464.0,464.0,464.0,464.0,48124,2626.0,132744,368.0,2232540000.0,121840000.0,5710,3419,2018-07-10 21:45:00
20180710 21:46,464.0,464.0,464.0,464.0,48346,222.0,132790,46.0,2242840000.0,10300000.0,3261,2224,2018-07-10 21:46:00
20180710 21:47,464.0,464.0,464.0,464.0,48346,0.0,132790,0.0,2242840000.0,0.0,890,584,2018-07-10 21:47:00
20180710 21:48,464.0,464.0,463.5,463.5,50624,2278.0,133708,918.0,2348540000.0,105700000.0,4393,2268,2018-07-10 21:48:00
20180710 21:49,463.5,463.5,463.5,463.5,50624,0.0,133708,0.0,2348540000.0,0.0,900,489,2018-07-10 21:49:00
20180710 21:50,463.5,464.0,463.5,464.0,51388,764.0,133080,-628.0,2383990000.0,35450000.0,4114,3171,2018-07-10 21:50:00
20180710 21:51,464.0,464.0,464.0,464.0,51388,0.0,133080,0.0,2383990000.0,0.0,1154,1005,2018-07-10 21:51:00
20180710 21:52,464.0,464.0,464.0,464.0,51388,0.0,133080,0.0,2383990000.0,0.0,758,655,2018-07-10 21:52:00
20180710 21:53,464.0,464.0,464.0,464.0,51398,10.0,133080,0.0,2384460000.0,470000.0,3233,3722,2018-07-10 21:53:00
20180710 21:54,464.0,464.0,464.0,464.0,51398,0.0,133080,0.0,2384460000.0,0.0,2023,3253,2018-07-10 21:54:00
20180710 21:55,464.0,464.0,464.0,464.0,51550,152.0,133110,30.0,2391510000.0,7050000.0,3547,4758,2018-07-10 21:55:00
20180710 21:56,464.0,464.0,464.0,464.0,51570,20.0,133130,20.0,2392440000.0,930000.0,2530,3284,2018-07-10 21:56:00
20180710 21:57,464.0,464.0,464.0,464.0,51978,408.0,133512,382.0,2411370000.0,18930000.0,2856,3165,2018-07-10 21:57:00
20180710 21:58,464.0,464.0,464.0,464.0,52218,240.0,133698,186.0,2422500000.0,11130000.0,3267,6483,2018-07-10 21:58:00
20180710 21:59,464.0,464.0,464.0,464.0,52218,0.0,133698,0.0,2422500000.0,0.0,3444,4441,2018-07-10 21:59:00
20180710 22:00,464.0,464.0,464.0,464.0,53442,1224.0,133864,166.0,2479300000.0,56800000.0,4674,7259,2018-07-10 22:00:00
20180710 22:01,464.0,464.0,464.0,464.0,53442,0.0,133864,0.0,2479300000.0,0.0,1189,1989,2018-07-10 22:01:00
20180710 22:02,464.0,465.0,464.0,465.0,54750,1308.0,134404,540.0,2540030000.0,60730000.0,5761,4454,2018-07-10 22:02:00
20180710 22:03,465.0,465.0,465.0,465.0,54752,2.0,134402,-2.0,2540130000.0,100000.0,5814,6301,2018-07-10 22:03:00
20180710 22:04,465.0,465.0,464.5,464.5,54958,206.0,134500,98.0,2549690000.0,9560000.0,3563,5655,2018-07-10 22:04:00
20180710 22:05,464.5,464.5,464.5,464.5,55188,230.0,134486,-14.0,2560380000.0,10690000.0,2821,3397,2018-07-10 22:05:00
20180710 22:06,464.5,464.5,464.5,464.5,55818,630.0,133894,-592.0,2589640000.0,29260000.0,2817,3843,2018-07-10 22:06:00
20180710 22:07,464.5,464.5,464.0,464.0,58876,3058.0,133808,-86.0,2731640000.0,142000000.0,5532,4699,2018-07-10 22:07:00
20180710 22:08,464.0,464.0,464.0,464.0,60146,1270.0,134400,592.0,2790560000.0,58920000.0,5452,3688,2018-07-10 22:08:00
20180710 22:09,464.0,464.5,464.0,464.5,63588,3442.0,134018,-382.0,2950410000.0,159850000.0,15728,6430,2018-07-10 22:09:00
20180710 22:10,464.5,464.5,464.5,464.5,70150,6562.0,133408,-610.0,3255220000.0,304810000.0,8388,8343,2018-07-10 22:10:00
20180710 22:11,464.5,464.5,464.5,464.5,70150,0.0,133408,0.0,3255220000.0,0.0,1834,1533,2018-07-10 22:11:00
20180710 22:12,464.5,464.5,464.5,464.5,70150,0.0,133408,0.0,3255220000.0,0.0,1384,1152,2018-07-10 22:12:00
20180710 22:13,464.5,464.5,464.5,464.5,71372,1222.0,133484,76.0,3311980000.0,56760000.0,2699,2473,2018-07-10 22:13:00
20180710 22:14,464.5,464.5,464.5,464.5,71416,44.0,133522,38.0,3314020000.0,2040000.0,9124,3696,2018-07-10 22:14:00
20180710 22:15,464.5,464.5,464.5,464.5,71416,0.0,133522,0.0,3314020000.0,0.0,797,1554,2018-07-10 22:15:00
20180710 22:16,464.5,464.5,464.5,464.5,71416,0.0,133522,0.0,3314020000.0,0.0,2624,2322,2018-07-10 22:16:00
20180710 22:17,464.5,464.5,464.5,464.5,71578,162.0,133550,28.0,3321550000.0,7530000.0,6609,2038,2018-07-10 22:17:00
20180710 22:18,464.5,464.5,464.5,464.5,74896,3318.0,134262,712.0,3475670000.0,154120000.0,10274,4503,2018-07-10 22:18:00
20180710 22:19,464.5,464.5,464.5,464.5,75070,174.0,134262,0.0,3483750000.0,8080000.0,1174,2073,2018-07-10 22:19:00
20180710 22:20,464.5,464.5,464.5,464.5,75070,0.0,134262,0.0,3483750000.0,0.0,950,1292,2018-07-10 22:20:00
20180710 22:21,464.5,464.5,464.5,464.5,75084,14.0,134270,8.0,3484400000.0,650000.0,741,1654,2018-07-10 22:21:00
20180710 22:22,464.5,464.5,464.5,464.5,75084,0.0,134270,0.0,3484400000.0,0.0,325,598,2018-07-10 22:22:00
20180710 22:23,464.5,464.5,464.5,464.5,75084,0.0,134270,0.0,3484400000.0,0.0,80,150,2018-07-10 22:23:00
20180710 22:24,464.5,464.5,464.5,464.5,75084,0.0,134270,0.0,3484400000.0,0.0,81,150,2018-07-10 22:24:00
20180710 22:25,464.5,464.5,464.0,464.0,75414,330.0,134314,44.0,3499720000.0,15320000.0,1836,1607,2018-07-10 22:25:00
20180710 22:26,464.0,464.0,464.0,464.0,77464,2050.0,134296,-18.0,3594840000.0,95120000.0,8166,10612,2018-07-10 22:26:00
20180710 22:27,464.0,464.0,464.0,464.0,77464,0.0,134296,0.0,3594840000.0,0.0,7782,11000,2018-07-10 22:27:00
20180710 22:28,464.0,464.0,464.0,464.0,78036,572.0,134420,124.0,3621380000.0,26540000.0,13520,13398,2018-07-10 22:28:00
20180710 22:29,464.0,464.0,464.0,464.0,78042,6.0,134420,0.0,3621650000.0,270000.0,4503,2537,2018-07-10 22:29:00
20180710 22:30,464.0,464.0,463.5,463.5,78282,240.0,134514,94.0,3632780000.0,11130000.0,11315,4593,2018-07-10 22:30:00
20180710 22:31,463.5,463.5,463.5,463.5,78288,6.0,134520,6.0,3633060000.0,280000.0,1268,2391,2018-07-10 22:31:00
20180710 22:32,463.5,463.5,463.5,463.5,78352,64.0,134534,14.0,3636020000.0,2960000.0,2378,3594,2018-07-10 22:32:00
20180710 22:33,463.5,464.0,463.5,464.0,78354,2.0,134536,2.0,3636120000.0,100000.0,1330,1905,2018-07-10 22:33:00
20180710 22:34,464.0,464.0,464.0,464.0,78354,0.0,134536,0.0,3636120000.0,0.0,843,1392,2018-07-10 22:34:00
20180710 22:35,464.0,464.0,464.0,464.0,78356,2.0,134536,0.0,3636210000.0,90000.0,1220,1945,2018-07-10 22:35:00
20180710 22:36,464.0,464.0,464.0,464.0,78356,0.0,134536,0.0,3636210000.0,0.0,1290,1871,2018-07-10 22:36:00
20180710 22:37,464.0,464.0,464.0,464.0,78420,64.0,134600,64.0,3639180000.0,2970000.0,2015,4413,2018-07-10 22:37:00
20180710 22:38,464.0,464.0,464.0,464.0,78420,0.0,134600,0.0,3639180000.0,0.0,320,494,2018-07-10 22:38:00
20180710 22:39,464.0,464.0,464.0,464.0,78420,0.0,134600,0.0,3639180000.0,0.0,640,982,2018-07-10 22:39:00
20180710 22:40,464.0,464.0,464.0,464.0,78420,0.0,134600,0.0,3639180000.0,0.0,349,1402,2018-07-10 22:40:00
20180710 22:41,464.0,464.0,464.0,464.0,78420,0.0,134600,0.0,3639180000.0,0.0,454,1206,2018-07-10 22:41:00
20180710 22:42,464.0,464.0,464.0,464.0,79142,722.0,134624,24.0,3672680000.0,33500000.0,5665,2569,2018-07-10 22:42:00
20180710 22:43,464.0,464.0,464.0,464.0,80656,1514.0,134560,-64.0,3742930000.0,70250000.0,5881,4494,2018-07-10 22:43:00
20180710 22:44,464.0,464.0,463.5,463.5,80658,2.0,134560,0.0,3743020000.0,90000.0,2363,2241,2018-07-10 22:44:00
20180710 22:45,463.5,463.5,463.5,463.5,80658,0.0,134560,0.0,3743020000.0,0.0,608,964,2018-07-10 22:45:00
20180710 22:46,463.5,463.5,463.5,463.5,80658,0.0,134560,0.0,3743020000.0,0.0,568,1050,2018-07-10 22:46:00
20180710 22:47,463.5,463.5,463.5,463.5,80658,0.0,134560,0.0,3743020000.0,0.0,504,776,2018-07-10 22:47:00
20180710 22:48,463.5,463.5,463.5,463.5,80658,0.0,134560,0.0,3743020000.0,0.0,590,1000,2018-07-10 22:48:00
20180710 22:49,464.0,464.0,464.0,464.0,80808,150.0,134562,2.0,3749980000.0,6960000.0,4170,1269,2018-07-10 22:49:00
20180710 22:50,464.0,464.0,464.0,464.0,81604,796.0,134532,-30.0,3786920000.0,36940000.0,5585,1762,2018-07-10 22:50:00
20180710 22:51,464.0,464.0,464.0,464.0,81682,78.0,134532,0.0,3790540000.0,3620000.0,5965,2050,2018-07-10 22:51:00
20180710 22:52,464.0,464.0,464.0,464.0,81682,0.0,134532,0.0,3790540000.0,0.0,2156,1102,2018-07-10 22:52:00
20180710 22:53,464.0,464.0,464.0,464.0,81682,0.0,134532,0.0,3790540000.0,0.0,3054,1648,2018-07-10 22:53:00
20180710 22:54,464.0,464.0,464.0,464.0,81682,0.0,134532,0.0,3790540000.0,0.0,2162,1200,2018-07-10 22:54:00
20180710 22:55,464.0,464.0,464.0,464.0,87192,5510.0,135058,526.0,4046200000.0,255660000.0,17320,8130,2018-07-10 22:55:00
20180710 22:56,464.0,464.0,464.0,464.0,87220,28.0,135062,4.0,4047500000.0,1300000.0,14870,3220,2018-07-10 22:56:00
20180710 22:57,464.0,464.0,464.0,464.0,87222,2.0,135062,0.0,4047590000.0,90000.0,5626,1428,2018-07-10 22:57:00
20180710 22:58,464.0,464.0,464.0,464.0,87252,30.0,135062,0.0,4048980000.0,1390000.0,16625,7747,2018-07-10 22:58:00
20180710 22:59,464.0,465.0,464.0,465.0,87376,124.0,135152,90.0,4054740000.0,5760000.0,7091,2913,2018-07-10 22:59:00
20180710 23:00,465.0,465.5,465.0,465.5,87634,258.0,135188,36.0,4066740000.0,12000000.0,4647,1657,2018-07-10 23:00:00
20180710 23:01,465.5,465.5,465.0,465.0,87638,4.0,135184,-4.0,4066930000.0,190000.0,1557,522,2018-07-10 23:01:00
20180710 23:02,465.0,465.0,464.0,464.5,88742,1104.0,134624,-560.0,4118240000.0,51310000.0,3472,6345,2018-07-10 23:02:00
20180710 23:03,464.5,464.5,464.5,464.5,88742,0.0,134624,0.0,4118240000.0,0.0,4267,3082,2018-07-10 23:03:00
20180710 23:04,464.5,464.5,464.0,464.5,89176,434.0,134696,72.0,4138400000.0,20160000.0,2299,5828,2018-07-10 23:04:00
20180710 23:05,464.5,464.5,464.5,464.5,89378,202.0,134728,32.0,4147780000.0,9380000.0,4790,3001,2018-07-10 23:05:00
20180710 23:06,464.5,464.5,464.5,464.5,89378,0.0,134728,0.0,4147780000.0,0.0,1189,2726,2018-07-10 23:06:00
20180710 23:07,464.5,464.5,464.5,464.5,89378,0.0,134728,0.0,4147780000.0,0.0,401,585,2018-07-10 23:07:00
20180710 23:09,464.5,464.5,464.5,464.5,89378,0.0,134728,0.0,4147780000.0,0.0,112,126,2018-07-10 23:09:00
20180710 23:10,464.5,464.5,464.5,464.5,89378,0.0,134728,0.0,4147780000.0,0.0,112,146,2018-07-10 23:10:00
20180710 23:12,464.5,464.5,464.5,464.5,89378,0.0,134728,0.0,4147780000.0,0.0,1301,1681,2018-07-10 23:12:00
20180710 23:13,464.5,464.5,464.5,464.5,89378,0.0,134728,0.0,4147780000.0,0.0,452,587,2018-07-10 23:13:00
20180710 23:14,464.5,464.5,464.5,464.5,89386,8.0,134728,0.0,4148160000.0,380000.0,427,574,2018-07-10 23:14:00
20180710 23:15,464.5,464.5,464.5,464.5,89386,0.0,134728,0.0,4148160000.0,0.0,1651,1536,2018-07-10 23:15:00
20180710 23:16,464.5,464.5,464.5,464.5,89410,24.0,134704,-24.0,4149270000.0,1110000.0,3842,3928,2018-07-10 23:16:00
20180710 23:17,464.5,464.5,464.5,464.5,89416,6.0,134698,-6.0,4149550000.0,280000.0,2013,1971,2018-07-10 23:17:00
20180710 23:18,464.5,464.5,464.5,464.5,89468,52.0,134672,-26.0,4151960000.0,2410000.0,5405,3976,2018-07-10 23:18:00
20180710 23:19,464.5,464.5,464.5,464.5,89468,0.0,134672,0.0,4151960000.0,0.0,1015,626,2018-07-10 23:19:00
20180710 23:20,464.5,464.5,464.5,464.5,89468,0.0,134672,0.0,4151960000.0,0.0,1666,1093,2018-07-10 23:20:00
20180710 23:21,464.5,464.5,464.5,464.5,89468,0.0,134672,0.0,4151960000.0,0.0,2004,1545,2018-07-10 23:21:00
20180710 23:22,464.5,464.5,464.5,464.5,89468,0.0,134672,0.0,4151960000.0,0.0,646,460,2018-07-10 23:22:00
20180710 23:23,464.5,464.5,464.5,464.5,89468,0.0,134672,0.0,4151960000.0,0.0,637,480,2018-07-10 23:23:00
20180710 23:24,464.5,464.5,464.5,464.5,89520,52.0,134672,0.0,4154380000.0,2420000.0,1863,1157,2018-07-10 23:24:00
20180710 23:25,465.0,465.0,464.5,464.5,89550,30.0,134642,-30.0,4155770000.0,1390000.0,3718,2011,2018-07-10 23:25:00
20180710 23:26,464.5,464.5,464.5,464.5,89632,82.0,134568,-74.0,4159580000.0,3810000.0,4554,2178,2018-07-10 23:26:00
20180710 23:27,464.5,464.5,464.5,464.5,90636,1004.0,134472,-96.0,4206220000.0,46640000.0,4728,1440,2018-07-10 23:27:00
20180710 23:28,464.5,465.0,464.5,464.5,90670,34.0,134444,-28.0,4207800000.0,1580000.0,4364,635,2018-07-10 23:28:00
20180710 23:29,465.0,465.0,464.5,464.5,93744,3074.0,134402,-42.0,4350590000.0,142790000.0,1984,4713,2018-07-10 23:29:00
20180711 09:00,457.0,457.0,455.5,455.5,113818,20074.0,131704,-2698.0,5235430000.0,884840000.0,5082,8448,2018-07-11 09:00:00
20180711 09:01,455.5,456.0,454.5,456.0,114484,666.0,131692,-12.0,5265760000.0,30330000.0,5366,4769,2018-07-11 09:01:00
20180711 09:02,456.0,456.0,455.5,455.5,114608,124.0,131760,68.0,5271410000.0,5650000.0,7302,6173,2018-07-11 09:02:00
20180711 09:03,455.5,455.5,454.0,454.5,114912,304.0,131666,-94.0,5285230000.0,13820000.0,2664,9928,2018-07-11 09:03:00
20180711 09:04,454.5,454.5,452.0,452.0,115458,546.0,131706,40.0,5309960000.0,24730000.0,7363,5301,2018-07-11 09:04:00
20180711 09:05,451.5,452.5,451.0,452.5,115826,368.0,131738,32.0,5326580000.0,16620000.0,7816,4674,2018-07-11 09:05:00
20180711 09:06,452.5,453.5,452.5,453.0,116020,194.0,131866,128.0,5335370000.0,8790000.0,11734,5013,2018-07-11 09:06:00
20180711 09:07,453.0,453.5,453.0,453.5,116138,118.0,131870,4.0,5340720000.0,5350000.0,7118,4517,2018-07-11 09:07:00
20180711 09:08,453.5,454.0,453.5,454.0,116276,138.0,131874,4.0,5346980000.0,6260000.0,11108,12166,2018-07-11 09:08:00
20180711 09:09,454.0,454.5,454.0,454.5,116602,326.0,131968,94.0,5361790000.0,14810000.0,10071,11304,2018-07-11 09:09:00
20180711 09:10,454.5,454.5,454.0,454.5,117290,688.0,132062,94.0,5393060000.0,31270000.0,9446,6484,2018-07-11 09:10:00
20180711 09:11,454.5,454.5,454.5,454.5,117484,194.0,132108,46.0,5401870000.0,8810000.0,2675,2368,2018-07-11 09:11:00
20180711 09:12,454.5,454.5,454.5,454.5,117738,254.0,132116,8.0,5413420000.0,11550000.0,3512,1573,2018-07-11 09:12:00
20180711 09:13,454.5,455.0,454.5,455.0,117816,78.0,132092,-24.0,5416960000.0,3540000.0,3110,3302,2018-07-11 09:13:00
20180711 09:14,455.0,455.0,454.5,454.5,118022,206.0,132090,-2.0,5426330000.0,9370000.0,2452,1840,2018-07-11 09:14:00
20180711 09:15,454.0,454.0,453.5,453.5,118084,62.0,132100,10.0,5429140000.0,2810000.0,2931,4045,2018-07-11 09:15:00
20180711 09:16,453.5,454.0,453.5,454.0,118432,348.0,132230,130.0,5444940000.0,15800000.0,6346,3230,2018-07-11 09:16:00
20180711 09:17,454.0,454.0,454.0,454.0,118432,0.0,132230,0.0,5444940000.0,0.0,1180,427,2018-07-11 09:17:00
20180711 09:18,454.0,454.0,454.0,454.0,118548,116.0,132182,-48.0,5450200000.0,5260000.0,3290,3193,2018-07-11 09:18:00
20180711 09:19,454.0,455.0,454.0,454.5,118894,346.0,132076,-106.0,5465920000.0,15720000.0,3637,4395,2018-07-11 09:19:00
20180711 09:20,454.5,454.5,454.5,454.5,118896,2.0,132076,0.0,5466010000.0,90000.0,205,1517,2018-07-11 09:20:00
20180711 09:21,454.5,454.5,454.0,454.0,118900,4.0,132078,2.0,5466190000.0,180000.0,5572,1239,2018-07-11 09:21:00
20180711 09:22,454.0,454.0,453.5,453.5,119012,112.0,132118,40.0,5471280000.0,5090000.0,5696,2167,2018-07-11 09:22:00
20180711 09:23,453.5,453.5,453.5,453.5,119068,56.0,132112,-6.0,5473820000.0,2540000.0,2216,3256,2018-07-11 09:23:00
20180711 09:24,453.5,453.5,453.5,453.5,125256,6188.0,132708,596.0,5754440000.0,280620000.0,9983,14020,2018-07-11 09:24:00
20180711 09:25,453.5,453.5,453.5,453.5,125474,218.0,132912,204.0,5764330000.0,9890000.0,7396,7126,2018-07-11 09:25:00
20180711 09:26,453.5,453.5,453.5,453.5,125474,0.0,132912,0.0,5764330000.0,0.0,2133,5084,2018-07-11 09:26:00
20180711 09:27,453.5,454.0,453.5,454.0,128146,2672.0,132966,54.0,5885640000.0,121310000.0,4112,8005,2018-07-11 09:27:00
20180711 09:28,454.0,454.5,454.0,454.5,128164,18.0,132966,0.0,5886460000.0,820000.0,2301,3606,2018-07-11 09:28:00
20180711 09:29,454.5,454.5,454.5,454.5,132214,4050.0,133034,68.0,6070530000.0,184070000.0,5378,10049,2018-07-11 09:29:00
20180711 09:30,454.5,454.5,453.5,454.0,132930,716.0,132462,-572.0,6103030000.0,32500000.0,6536,6309,2018-07-11 09:30:00
20180711 09:31,454.0,454.5,454.0,454.5,134382,1452.0,132562,100.0,6169020000.0,65990000.0,6334,5122,2018-07-11 09:31:00
20180711 09:32,454.5,454.5,454.5,454.5,134836,454.0,132636,74.0,6189660000.0,20640000.0,8727,9000,2018-07-11 09:32:00
20180711 09:33,454.5,454.5,454.5,454.5,135798,962.0,132578,-58.0,6233380000.0,43720000.0,9416,9136,2018-07-11 09:33:00
20180711 09:34,454.5,454.5,454.0,454.0,136696,898.0,133216,638.0,6274190000.0,40810000.0,7664,5663,2018-07-11 09:34:00
20180711 09:35,454.0,454.0,454.0,454.0,136792,96.0,133214,-2.0,6278550000.0,4360000.0,252,2320,2018-07-11 09:35:00
20180711 09:36,454.0,454.0,454.0,454.0,137800,1008.0,132762,-452.0,6324310000.0,45760000.0,6933,6038,2018-07-11 09:36:00
20180711 09:37,454.0,454.0,454.0,454.0,137800,0.0,132762,0.0,6324310000.0,0.0,10961,3147,2018-07-11 09:37:00
20180711 09:38,454.0,454.0,454.0,454.0,139466,1666.0,132796,34.0,6399950000.0,75640000.0,10192,4504,2018-07-11 09:38:00
20180711 09:39,454.0,454.5,454.0,454.5,140376,910.0,133494,698.0,6441260000.0,41310000.0,9813,2925,2018-07-11 09:39:00
20180711 09:40,454.5,454.5,454.5,454.5,140376,0.0,133494,0.0,6441260000.0,0.0,2049,334,2018-07-11 09:40:00
20180711 09:41,454.5,454.5,454.5,454.5,140380,4.0,133490,-4.0,6441440000.0,180000.0,3405,558,2018-07-11 09:41:00
20180711 09:42,454.5,454.5,454.0,454.5,140720,340.0,133524,34.0,6456890000.0,15450000.0,13190,2172,2018-07-11 09:42:00
20180711 09:43,454.5,454.5,454.5,454.5,144700,3980.0,133080,-444.0,6637790000.0,180900000.0,26034,7896,2018-07-11 09:43:00
20180711 09:44,454.5,454.5,454.5,454.5,148122,3422.0,133946,866.0,6793320000.0,155530000.0,16282,8708,2018-07-11 09:44:00
20180711 09:45,454.5,454.5,454.5,454.5,149234,1112.0,134054,108.0,6843860000.0,50540000.0,20702,7736,2018-07-11 09:45:00
20180711 09:46,454.5,455.0,454.5,455.0,152936,3702.0,133542,-512.0,7012300000.0,168440000.0,17358,20570,2018-07-11 09:46:00
20180711 09:47,455.0,455.0,455.0,455.0,153288,352.0,133632,90.0,7028310000.0,16010000.0,5758,13577,2018-07-11 09:47:00
20180711 09:48,455.0,455.5,455.0,455.5,153320,32.0,133648,16.0,7029770000.0,1460000.0,10707,8521,2018-07-11 09:48:00
20180711 09:49,455.5,455.5,455.5,455.5,154816,1496.0,133708,60.0,7097910000.0,68140000.0,16072,7163,2018-07-11 09:49:00
20180711 09:50,455.5,455.5,455.5,455.5,155048,232.0,133640,-68.0,7108480000.0,10570000.0,9127,7054,2018-07-11 09:50:00
20180711 09:51,455.5,455.5,455.5,455.5,155048,0.0,133640,0.0,7108480000.0,0.0,3832,3222,2018-07-11 09:51:00
20180711 09:52,455.5,455.5,455.0,455.0,155236,188.0,133682,42.0,7117030000.0,8550000.0,2576,4489,2018-07-11 09:52:00
20180711 09:53,455.0,455.0,455.0,455.0,155276,40.0,133678,-4.0,7118850000.0,1820000.0,490,3998,2018-07-11 09:53:00
20180711 09:54,455.0,455.0,455.0,455.0,155370,94.0,133618,-60.0,7123130000.0,4280000.0,5998,4620,2018-07-11 09:54:00
20180711 09:55,455.0,455.5,455.0,455.5,156098,728.0,134270,652.0,7156290000.0,33160000.0,7551,7687,2018-07-11 09:55:00
20180711 09:56,455.5,455.5,455.5,455.5,156106,8.0,134270,0.0,7156660000.0,370000.0,3452,18003,2018-07-11 09:56:00
20180711 09:57,455.5,456.5,455.5,456.5,162912,6806.0,134480,210.0,7467140000.0,310480000.0,9830,17709,2018-07-11 09:57:00
20180711 09:58,456.5,457.0,456.5,456.5,165264,2352.0,133818,-662.0,7574510000.0,107370000.0,4356,12529,2018-07-11 09:58:00
20180711 09:59,456.5,457.0,456.5,457.0,167142,1878.0,133684,-134.0,7660240000.0,85730000.0,12974,12843,2018-07-11 09:59:00
20180711 10:00,457.0,457.0,456.5,456.5,167274,132.0,133734,50.0,7666260000.0,6020000.0,2599,1808,2018-07-11 10:00:00
20180711 10:01,456.5,456.5,456.5,456.5,167612,338.0,133872,138.0,7681690000.0,15430000.0,4667,5445,2018-07-11 10:01:00
20180711 10:02,456.5,456.5,456.5,456.5,167750,138.0,133872,0.0,7687990000.0,6300000.0,1361,3932,2018-07-11 10:02:00
20180711 10:03,456.5,456.5,456.5,456.5,169562,1812.0,135002,1130.0,7770710000.0,82720000.0,8433,9013,2018-07-11 10:03:00
20180711 10:04,456.5,456.5,456.0,456.0,171588,2026.0,133780,-1222.0,7863100000.0,92390000.0,6825,22118,2018-07-11 10:04:00
20180711 10:05,456.0,456.0,456.0,456.0,171938,350.0,133702,-78.0,7879060000.0,15960000.0,3336,10651,2018-07-11 10:05:00
20180711 10:06,456.0,456.5,456.0,456.0,172672,734.0,134078,376.0,7912530000.0,33470000.0,4716,1445,2018-07-11 10:06:00
20180711 10:07,456.0,456.0,456.0,456.0,172672,0.0,134078,0.0,7912530000.0,0.0,3546,4380,2018-07-11 10:07:00
20180711 10:08,456.0,456.0,456.0,456.0,172672,0.0,134078,0.0,7912530000.0,0.0,615,5455,2018-07-11 10:08:00
20180711 10:09,456.0,456.5,456.0,456.5,172684,12.0,134076,-2.0,7913070000.0,540000.0,632,5434,2018-07-11 10:09:00
20180711 10:10,456.5,456.5,456.5,456.5,172684,0.0,134076,0.0,7913070000.0,0.0,447,2164,2018-07-11 10:10:00
20180711 10:11,456.5,456.5,456.5,456.5,172756,72.0,134128,52.0,7916360000.0,3290000.0,412,2164,2018-07-11 10:11:00
20180711 10:12,456.5,457.0,456.5,457.0,175528,2772.0,134068,-60.0,8042910000.0,126550000.0,5014,15048,2018-07-11 10:12:00
20180711 10:13,457.0,458.0,457.0,457.5,175770,242.0,134096,28.0,8053980000.0,11070000.0,2214,12623,2018-07-11 10:13:00
20180711 10:14,457.5,458.0,457.0,457.0,176428,658.0,134364,268.0,8084100000.0,30120000.0,4289,8762,2018-07-11 10:14:00
20180711 10:15,457.5,457.5,457.5,457.5,176432,4.0,134366,2.0,8084290000.0,190000.0,127,504,2018-07-11 10:15:00
20180711 10:30,457.5,458.0,457.5,457.5,176600,168.0,134374,8.0,8091980000.0,7690000.0,8461,10648,2018-07-11 10:30:00
20180711 10:31,457.5,458.0,457.5,458.0,176916,316.0,134524,150.0,8106440000.0,14460000.0,4824,3814,2018-07-11 10:31:00
20180711 10:32,458.0,458.0,457.5,457.5,177180,264.0,134688,164.0,8118520000.0,12080000.0,6967,3115,2018-07-11 10:32:00
20180711 10:33,457.5,457.5,457.5,457.5,182294,5114.0,134900,212.0,8352480000.0,233960000.0,8645,15044,2018-07-11 10:33:00
20180711 10:34,457.5,457.5,457.5,457.5,182522,228.0,134834,-66.0,8362910000.0,10430000.0,4835,6104,2018-07-11 10:34:00
20180711 10:35,457.5,457.5,457.5,457.5,182522,0.0,134834,0.0,8362910000.0,0.0,1145,1392,2018-07-11 10:35:00
20180711 10:36,457.5,458.0,457.5,458.0,183178,656.0,134860,26.0,8392940000.0,30030000.0,2232,1740,2018-07-11 10:36:00
20180711 10:37,457.5,457.5,457.5,457.5,185166,1988.0,134970,110.0,8483890000.0,90950000.0,3969,6280,2018-07-11 10:37:00
20180711 10:38,457.5,457.5,457.5,457.5,185166,0.0,134970,0.0,8483890000.0,0.0,1812,2310,2018-07-11 10:38:00
20180711 10:39,457.5,457.5,457.5,457.5,185166,0.0,134970,0.0,8483890000.0,0.0,641,1273,2018-07-11 10:39:00
20180711 10:40,457.5,457.5,457.5,457.5,186468,1302.0,134462,-508.0,8543460000.0,59570000.0,1757,4149,2018-07-11 10:40:00
20180711 10:41,457.5,457.5,457.5,457.5,192988,6520.0,134798,336.0,8841750000.0,298290000.0,15310,5979,2018-07-11 10:41:00
20180711 10:42,457.5,457.5,457.5,457.5,199314,6326.0,135508,710.0,9131160000.0,289410000.0,10757,5429,2018-07-11 10:42:00
20180711 10:43,457.5,457.5,457.5,457.5,199348,34.0,135530,22.0,9132720000.0,1560000.0,855,2201,2018-07-11 10:43:00
20180711 10:44,457.5,457.5,457.5,457.5,199352,4.0,135534,4.0,9132900000.0,180000.0,418,1384,2018-07-11 10:44:00
20180711 10:45,457.5,457.5,457.0,457.0,204034,4682.0,135572,38.0,9346870000.0,213970000.0,14286,4730,2018-07-11 10:45:00
20180711 10:46,457.0,457.0,457.0,457.0,204570,536.0,135258,-314.0,9371360000.0,24490000.0,5350,3091,2018-07-11 10:46:00
20180711 10:47,457.0,457.0,457.0,457.0,204570,0.0,135258,0.0,9371360000.0,0.0,5681,5273,2018-07-11 10:47:00
20180711 10:48,457.0,457.0,457.0,457.0,204676,106.0,135256,-2.0,9376210000.0,4850000.0,4856,1763,2018-07-11 10:48:00
20180711 10:49,457.0,457.0,457.0,457.0,204678,2.0,135256,0.0,9376300000.0,90000.0,2920,2969,2018-07-11 10:49:00
20180711 10:50,457.0,457.0,457.0,457.0,204678,0.0,135256,0.0,9376300000.0,0.0,256,444,2018-07-11 10:50:00
20180711 10:51,457.0,457.0,456.5,456.5,204680,2.0,135254,-2.0,9376390000.0,90000.0,1275,2188,2018-07-11 10:51:00
20180711 10:52,456.5,456.5,456.5,456.5,204680,0.0,135254,0.0,9376390000.0,0.0,4527,2555,2018-07-11 10:52:00
20180711 10:53,456.5,456.5,456.5,456.5,204688,8.0,135254,0.0,9376760000.0,370000.0,2461,867,2018-07-11 10:53:00
20180711 10:54,456.5,457.0,456.5,457.0,204690,2.0,135254,0.0,9376850000.0,90000.0,2004,398,2018-07-11 10:54:00
20180711 10:55,457.0,457.0,457.0,457.0,204690,0.0,135254,0.0,9376850000.0,0.0,2871,2104,2018-07-11 10:55:00
20180711 10:56,457.0,457.0,457.0,457.0,204694,4.0,135250,-4.0,9377030000.0,180000.0,3915,932,2018-07-11 10:56:00
20180711 10:57,457.0,457.0,456.5,456.5,204702,8.0,135242,-8.0,9377400000.0,370000.0,1540,483,2018-07-11 10:57:00
20180711 10:58,456.5,456.5,456.5,456.5,204702,0.0,135242,0.0,9377400000.0,0.0,766,242,2018-07-11 10:58:00
20180711 10:59,456.5,457.0,456.5,457.0,204706,4.0,135238,-4.0,9377580000.0,180000.0,3064,845,2018-07-11 10:59:00
20180711 11:00,457.0,457.0,456.0,456.5,207174,2468.0,135502,264.0,9490240000.0,112660000.0,17434,6396,2018-07-11 11:00:00
20180711 11:01,456.5,456.5,456.5,456.5,207174,0.0,135502,0.0,9490240000.0,0.0,3278,591,2018-07-11 11:01:00
20180711 11:02,456.5,457.0,456.5,456.5,208786,1612.0,135384,-118.0,9563830000.0,73590000.0,12457,6830,2018-07-11 11:02:00
20180711 11:03,456.5,456.5,456.5,456.5,208788,2.0,135382,-2.0,9563920000.0,90000.0,3066,2734,2018-07-11 11:03:00
20180711 11:04,456.5,456.5,456.5,456.5,209032,244.0,135584,202.0,9575060000.0,11140000.0,227,704,2018-07-11 11:04:00
20180711 11:05,456.5,456.5,456.5,456.5,209826,794.0,135690,106.0,9611310000.0,36250000.0,8434,3598,2018-07-11 11:05:00
20180711 11:06,456.5,457.0,456.5,456.5,210548,722.0,136016,326.0,9644260000.0,32950000.0,8322,6030,2018-07-11 11:06:00
20180711 11:07,456.5,456.5,456.5,456.5,210548,0.0,136016,0.0,9644260000.0,0.0,9547,4274,2018-07-11 11:07:00
20180711 11:08,456.5,457.0,456.5,457.0,210710,162.0,136046,30.0,9651670000.0,7410000.0,4301,1429,2018-07-11 11:08:00
20180711 11:09,457.0,457.0,457.0,457.0,211090,380.0,135670,-376.0,9669030000.0,17360000.0,6430,5997,2018-07-11 11:09:00
20180711 11:10,457.0,457.0,457.0,457.0,213392,2302.0,136820,1150.0,9774230000.0,105200000.0,8861,5060,2018-07-11 11:10:00
20180711 11:11,457.0,457.0,457.0,457.0,213392,0.0,136820,0.0,9774230000.0,0.0,2290,426,2018-07-11 11:11:00
20180711 11:12,457.0,457.0,457.0,457.0,213392,0.0,136820,0.0,9774230000.0,0.0,8363,772,2018-07-11 11:12:00
20180711 11:13,457.0,457.0,457.0,457.0,213392,0.0,136820,0.0,9774230000.0,0.0,3826,466,2018-07-11 11:13:00
20180711 11:14,457.0,457.0,457.0,457.0,213564,172.0,136742,-78.0,9782090000.0,7860000.0,5925,1588,2018-07-11 11:14:00
20180711 11:15,457.0,457.0,457.0,457.0,215008,1444.0,135970,-772.0,9848080000.0,65990000.0,9979,8092,2018-07-11 11:15:00
20180711 11:16,457.0,457.0,457.0,457.0,215182,174.0,136082,112.0,9856040000.0,7960000.0,1283,3449,2018-07-11 11:16:00
20180711 11:17,457.0,457.0,457.0,457.0,215194,12.0,136094,12.0,9856590000.0,550000.0,1978,6404,2018-07-11 11:17:00
20180711 11:18,457.0,457.0,457.0,457.0,215196,2.0,136094,0.0,9856680000.0,90000.0,1341,2541,2018-07-11 11:18:00
20180711 11:19,457.0,457.0,456.5,457.0,215200,4.0,136096,2.0,9856860000.0,180000.0,2103,5145,2018-07-11 11:19:00
20180711 11:20,457.0,457.0,457.0,457.0,215200,0.0,136096,0.0,9856860000.0,0.0,120,252,2018-07-11 11:20:00
20180711 11:21,457.0,457.0,457.0,457.0,215200,0.0,136096,0.0,9856860000.0,0.0,1761,636,2018-07-11 11:21:00
20180711 11:22,457.0,457.0,456.5,456.5,216796,1596.0,137098,1002.0,9929720000.0,72860000.0,7360,3415,2018-07-11 11:22:00
20180711 11:23,456.5,456.5,456.5,456.5,218726,1930.0,136726,-372.0,10017800000.0,88080000.0,7547,5874,2018-07-11 11:23:00
20180711 11:24,456.5,456.5,456.5,456.5,220432,1706.0,137152,426.0,10095700000.0,77900000.0,4070,5839,2018-07-11 11:24:00
20180711 11:25,456.5,456.5,456.5,456.5,222230,1798.0,136892,-260.0,10177800000.0,82100000.0,5701,5933,2018-07-11 11:25:00
20180711 11:26,456.5,456.5,456.5,456.5,223848,1618.0,136684,-208.0,10251600000.0,73800000.0,3224,5664,2018-07-11 11:26:00
20180711 11:27,456.5,456.5,456.0,456.5,224098,250.0,136664,-20.0,10263100000.0,11500000.0,6713,7459,2018-07-11 11:27:00
20180711 11:28,456.5,456.5,456.0,456.5,225474,1376.0,137218,554.0,10325900000.0,62800000.0,21470,10618,2018-07-11 11:28:00
20180711 11:29,456.5,456.5,456.5,456.5,226346,872.0,136628,-590.0,10365700000.0,39800000.0,5115,5895,2018-07-11 11:29:00
20180711 13:30,456.5,456.5,456.5,456.5,228494,2148.0,137390,762.0,10463700000.0,98000000.0,7155,8411,2018-07-11 13:30:00
20180711 13:31,456.5,456.5,456.0,456.0,228508,14.0,137380,-10.0,10464400000.0,700000.0,3562,4694,2018-07-11 13:31:00
20180711 13:32,456.0,456.0,456.0,456.0,228508,0.0,137380,0.0,10464400000.0,0.0,1053,2123,2018-07-11 13:32:00
20180711 13:33,456.5,457.0,456.5,456.5,231872,3364.0,137074,-306.0,10617900000.0,153500000.0,27367,16924,2018-07-11 13:33:00
20180711 13:34,456.5,456.5,456.5,456.5,233522,1650.0,137416,342.0,10693300000.0,75400000.0,9590,12522,2018-07-11 13:34:00
20180711 13:35,456.5,456.5,456.5,456.5,233522,0.0,137416,0.0,10693300000.0,0.0,525,686,2018-07-11 13:35:00
20180711 13:36,456.5,456.5,456.5,456.5,233676,154.0,137320,-96.0,10700300000.0,7000000.0,5047,4202,2018-07-11 13:36:00
20180711 13:37,456.5,456.5,456.5,456.5,233958,282.0,137388,68.0,10713200000.0,12900000.0,2989,4380,2018-07-11 13:37:00
20180711 13:38,456.5,456.5,456.0,456.0,234072,114.0,137388,0.0,10718400000.0,5200000.0,16847,5334,2018-07-11 13:38:00
20180711 13:39,456.0,456.0,456.0,456.0,234076,4.0,137388,0.0,10718500000.0,100000.0,8419,2406,2018-07-11 13:39:00
20180711 13:40,456.0,456.5,456.0,456.0,234090,14.0,137390,2.0,10719200000.0,700000.0,17603,5586,2018-07-11 13:40:00
20180711 13:41,456.0,456.0,456.0,456.0,234372,282.0,137452,62.0,10732000000.0,12800000.0,13378,5227,2018-07-11 13:41:00
20180711 13:42,456.0,456.0,456.0,456.0,234484,112.0,137458,6.0,10737100000.0,5100000.0,15273,4901,2018-07-11 13:42:00
20180711 13:43,456.0,456.0,456.0,456.0,236254,1770.0,137026,-432.0,10817900000.0,80800000.0,18626,7395,2018-07-11 13:43:00
20180711 13:44,456.0,456.0,456.0,456.0,237128,874.0,137468,442.0,10857700000.0,39800000.0,22487,2890,2018-07-11 13:44:00
20180711 13:45,456.0,456.0,456.0,456.0,237458,330.0,137588,120.0,10872800000.0,15100000.0,11142,1450,2018-07-11 13:45:00
20180711 13:46,456.0,456.0,456.0,456.0,237838,380.0,137282,-306.0,10890100000.0,17300000.0,25469,6269,2018-07-11 13:46:00
20180711 13:47,456.0,456.0,456.0,456.0,238290,452.0,137674,392.0,10910700000.0,20600000.0,13148,4661,2018-07-11 13:47:00
20180711 13:48,456.0,456.0,456.0,456.0,238292,2.0,137676,2.0,10910800000.0,100000.0,3704,493,2018-07-11 13:48:00
20180711 13:49,456.0,456.0,456.0,456.0,238292,0.0,137676,0.0,10910800000.0,0.0,3781,510,2018-07-11 13:49:00
20180711 13:50,456.0,456.0,456.0,456.0,238294,2.0,137678,2.0,10910900000.0,100000.0,8206,958,2018-07-11 13:50:00
20180711 13:51,456.0,456.0,456.0,456.0,238584,290.0,137842,164.0,10924100000.0,13200000.0,7548,973,2018-07-11 13:51:00
20180711 13:52,456.0,456.0,456.0,456.0,239138,554.0,137930,88.0,10949400000.0,25300000.0,15384,3426,2018-07-11 13:52:00
20180711 13:53,456.0,456.0,456.0,456.0,239140,2.0,137932,2.0,10949500000.0,100000.0,3825,751,2018-07-11 13:53:00
20180711 13:54,456.0,456.5,456.0,456.5,239186,46.0,137976,44.0,10951600000.0,2100000.0,14357,3590,2018-07-11 13:54:00
20180711 13:55,456.5,456.5,456.5,456.5,239186,0.0,137976,0.0,10951600000.0,0.0,10292,2456,2018-07-11 13:55:00
20180711 13:56,456.5,456.5,456.0,456.0,242510,3324.0,137662,-314.0,11103100000.0,151500000.0,18653,14196,2018-07-11 13:56:00
20180711 13:57,456.0,456.0,456.0,456.0,242510,0.0,137662,0.0,11103100000.0,0.0,1395,8383,2018-07-11 13:57:00
20180711 13:58,456.0,456.0,455.5,456.0,242980,470.0,137330,-332.0,11124600000.0,21500000.0,6929,10942,2018-07-11 13:58:00
20180711 13:59,456.0,456.0,456.0,456.0,243242,262.0,137482,152.0,11136500000.0,11900000.0,2619,9607,2018-07-11 13:59:00
20180711 14:00,456.0,456.0,455.5,455.5,243244,2.0,137482,0.0,11136600000.0,100000.0,2658,6393,2018-07-11 14:00:00
20180711 14:01,455.5,455.5,455.5,455.5,243246,2.0,137482,0.0,11136700000.0,100000.0,2620,7798,2018-07-11 14:01:00
20180711 14:02,455.5,456.0,455.5,456.0,243420,174.0,137494,12.0,11144600000.0,7900000.0,1657,8495,2018-07-11 14:02:00
20180711 14:03,456.0,456.0,456.0,456.0,243638,218.0,137604,110.0,11154600000.0,10000000.0,5704,10412,2018-07-11 14:03:00
20180711 14:04,456.0,456.0,455.5,455.5,243680,42.0,137606,2.0,11156500000.0,1900000.0,6198,10605,2018-07-11 14:04:00
20180711 14:05,455.5,456.0,455.5,456.0,243720,40.0,137616,10.0,11158300000.0,1800000.0,7153,6142,2018-07-11 14:05:00
20180711 14:06,456.0,456.0,456.0,456.0,243940,220.0,137830,214.0,11168300000.0,10000000.0,7629,1561,2018-07-11 14:06:00
20180711 14:07,456.0,456.0,455.5,455.5,243942,2.0,137832,2.0,11168400000.0,100000.0,2578,469,2018-07-11 14:07:00
20180711 14:08,455.5,455.5,455.5,455.5,243942,0.0,137832,0.0,11168400000.0,0.0,6543,7924,2018-07-11 14:08:00
20180711 14:09,455.5,456.0,455.5,456.0,244198,256.0,137586,-246.0,11180100000.0,11700000.0,13222,12453,2018-07-11 14:09:00
20180711 14:10,456.0,456.0,456.0,456.0,244198,0.0,137586,0.0,11180100000.0,0.0,3698,4160,2018-07-11 14:10:00
20180711 14:11,456.0,456.0,456.0,456.0,244198,0.0,137586,0.0,11180100000.0,0.0,1108,1615,2018-07-11 14:11:00
20180711 14:12,456.0,456.0,456.0,456.0,245968,1770.0,138458,872.0,11260800000.0,80700000.0,5301,5489,2018-07-11 14:12:00
20180711 14:13,456.0,456.0,455.5,455.5,245988,20.0,138468,10.0,11261700000.0,900000.0,1797,932,2018-07-11 14:13:00
20180711 14:14,455.5,455.5,455.5,455.5,245988,0.0,138468,0.0,11261700000.0,0.0,4665,5566,2018-07-11 14:14:00
20180711 14:15,455.5,456.0,455.5,456.0,245990,2.0,138466,-2.0,11261800000.0,100000.0,2288,3727,2018-07-11 14:15:00
20180711 14:16,455.5,456.0,455.5,456.0,247862,1872.0,137936,-530.0,11347200000.0,85400000.0,5617,3396,2018-07-11 14:16:00
20180711 14:17,456.0,456.5,456.0,456.0,249036,1174.0,138634,698.0,11400700000.0,53500000.0,10867,2949,2018-07-11 14:17:00
20180711 14:18,456.0,456.0,456.0,456.0,251810,2774.0,139102,468.0,11527200000.0,126500000.0,21351,12079,2018-07-11 14:18:00
20180711 14:19,456.0,456.5,456.0,456.5,251826,16.0,139102,0.0,11528000000.0,800000.0,2736,4938,2018-07-11 14:19:00
20180711 14:20,456.5,456.5,456.0,456.0,252236,410.0,139420,318.0,11546600000.0,18600000.0,7238,2794,2018-07-11 14:20:00
20180711 14:21,456.0,456.0,456.0,456.0,254958,2722.0,138596,-824.0,11670800000.0,124200000.0,17309,8030,2018-07-11 14:21:00
20180711 14:22,456.0,456.0,456.0,456.0,255330,372.0,138650,54.0,11687700000.0,16900000.0,1512,861,2018-07-11 14:22:00
20180711 14:23,456.0,456.0,456.0,456.0,257616,2286.0,139552,902.0,11792000000.0,104300000.0,11786,9261,2018-07-11 14:23:00
20180711 14:24,456.0,456.0,456.0,456.0,257626,10.0,139544,-8.0,11792400000.0,400000.0,2566,3775,2018-07-11 14:24:00
20180711 14:25,456.0,456.5,456.0,456.5,257650,24.0,139562,18.0,11793500000.0,1100000.0,3214,8388,2018-07-11 14:25:00
20180711 14:26,456.5,457.5,456.5,457.5,261450,3800.0,139492,-70.0,11967200000.0,173700000.0,12828,9496,2018-07-11 14:26:00
20180711 14:27,457.5,457.5,457.5,457.5,263812,2362.0,139400,-92.0,12075200000.0,108000000.0,9486,3300,2018-07-11 14:27:00
20180711 14:28,457.5,457.5,457.5,457.5,269048,5236.0,139884,484.0,12314800000.0,239600000.0,16517,4789,2018-07-11 14:28:00
20180711 14:29,457.5,458.0,457.5,458.0,275726,6678.0,139720,-164.0,12620600000.0,305800000.0,29263,9247,2018-07-11 14:29:00
20180711 14:30,458.0,458.0,458.0,458.0,276982,1256.0,139670,-50.0,12678200000.0,57600000.0,21227,5278,2018-07-11 14:30:00
20180711 14:31,458.0,459.0,458.0,459.0,277128,146.0,139656,-14.0,12684900000.0,6700000.0,18292,3592,2018-07-11 14:31:00
20180711 14:32,459.0,459.0,459.0,459.0,278462,1334.0,140102,446.0,12746100000.0,61200000.0,20593,3490,2018-07-11 14:32:00
20180711 14:33,459.0,459.0,459.0,459.0,278492,30.0,140108,6.0,12747500000.0,1400000.0,1010,2750,2018-07-11 14:33:00
20180711 14:34,459.0,459.0,458.5,458.5,278494,2.0,140108,0.0,12747600000.0,100000.0,1373,2041,2018-07-11 14:34:00
20180711 14:35,458.5,458.5,458.5,458.5,279594,1100.0,139806,-302.0,12798000000.0,50400000.0,4680,5241,2018-07-11 14:35:00
20180711 14:36,458.5,458.5,458.5,458.5,280800,1206.0,140058,252.0,12853300000.0,55300000.0,15239,6191,2018-07-11 14:36:00
20180711 14:37,458.5,458.5,458.5,458.5,280800,0.0,140058,0.0,12853300000.0,0.0,1296,887,2018-07-11 14:37:00
20180711 14:38,458.5,459.0,458.5,458.5,281178,378.0,139944,-114.0,12870600000.0,17300000.0,8295,2399,2018-07-11 14:38:00
20180711 14:39,459.0,459.0,459.0,459.0,282606,1428.0,139598,-346.0,12936200000.0,65600000.0,6822,5870,2018-07-11 14:39:00
20180711 14:40,459.0,459.5,459.0,459.0,283210,604.0,139862,264.0,12963900000.0,27700000.0,7655,7916,2018-07-11 14:40:00
20180711 14:41,459.0,459.0,459.0,459.0,283566,356.0,139914,52.0,12980200000.0,16300000.0,4249,1734,2018-07-11 14:41:00
20180711 14:42,459.0,459.5,459.0,459.5,283614,48.0,139912,-2.0,12982400000.0,2200000.0,5932,3681,2018-07-11 14:42:00
20180711 14:43,459.5,460.5,459.5,460.0,283802,188.0,139878,-34.0,12991100000.0,8700000.0,6827,2253,2018-07-11 14:43:00
20180711 14:44,460.5,460.5,460.0,460.0,284070,268.0,139682,-196.0,13003400000.0,12300000.0,2174,3456,2018-07-11 14:44:00
20180711 14:45,460.0,461.0,460.0,460.5,284734,664.0,139862,180.0,13034000000.0,30600000.0,3182,5410,2018-07-11 14:45:00
20180711 14:46,460.5,460.5,460.0,460.0,285242,508.0,139738,-124.0,13057400000.0,23400000.0,9105,3654,2018-07-11 14:46:00
20180711 14:47,460.0,460.0,460.0,460.0,285572,330.0,139762,24.0,13072500000.0,15100000.0,3329,2321,2018-07-11 14:47:00
20180711 14:48,460.0,460.0,459.5,459.5,285574,2.0,139762,0.0,13072600000.0,100000.0,1873,2129,2018-07-11 14:48:00
20180711 14:49,459.5,459.5,459.5,459.5,287050,1476.0,140124,362.0,13140500000.0,67900000.0,7835,5064,2018-07-11 14:49:00
20180711 14:50,459.5,459.5,459.5,459.5,287112,62.0,140122,-2.0,13143300000.0,2800000.0,877,1529,2018-07-11 14:50:00
20180711 14:51,459.5,459.5,459.5,459.5,288238,1126.0,139878,-244.0,13195000000.0,51700000.0,5645,3453,2018-07-11 14:51:00
20180711 14:52,459.5,459.5,459.5,459.5,288314,76.0,139874,-4.0,13198500000.0,3500000.0,1041,835,2018-07-11 14:52:00
20180711 14:53,459.5,460.0,459.5,460.0,288458,144.0,139920,46.0,13205200000.0,6700000.0,2707,2224,2018-07-11 14:53:00
20180711 14:54,460.5,460.5,460.0,460.0,288552,94.0,139962,42.0,13209500000.0,4300000.0,5848,1225,2018-07-11 14:54:00
20180711 14:55,460.0,460.0,460.0,460.0,289644,1092.0,140338,376.0,13259700000.0,50200000.0,7209,8242,2018-07-11 14:55:00
20180711 14:56,460.0,460.0,460.0,460.0,289644,0.0,140338,0.0,13259700000.0,0.0,3445,5313,2018-07-11 14:56:00
20180711 14:57,460.0,461.0,460.0,461.0,290706,1062.0,139864,-474.0,13308600000.0,48900000.0,5634,4942,2018-07-11 14:57:00
20180711 14:58,461.0,463.0,461.0,463.0,291312,606.0,139930,66.0,13336600000.0,28000000.0,1579,2205,2018-07-11 14:58:00
20180711 14:59,463.0,464.5,462.5,462.5,291580,268.0,139832,-98.0,13349000000.0,12400000.0,1399,1513,2018-07-11 14:59:00
20180711 15:00,462.5,462.5,462.5,462.5,291580,0.0,139832,0.0,13349000000.0,0.0,2,24,2018-07-11 15:00:00
20180711 20:59,461.5,461.5,461.5,461.5,1388,1388.0,133946,-5886.0,64056200.0,64056200.0,1,11,2018-07-11 20:59:00
20180711 21:00,461.5,461.5,460.0,460.5,2082,694.0,133978,32.0,96013100.0,31956900.0,10795,3314,2018-07-11 21:00:00
20180711 21:01,460.5,461.0,460.5,460.5,2602,520.0,133992,14.0,119960000.0,23946900.0,13976,6415,2018-07-11 21:01:00
20180711 21:02,460.5,460.5,460.5,460.5,3042,440.0,133992,0.0,140222000.0,20262000.0,4598,2704,2018-07-11 21:02:00
20180711 21:03,460.5,461.0,460.5,461.0,4414,1372.0,133840,-152.0,203415000.0,63193000.0,10941,7031,2018-07-11 21:03:00
20180711 21:04,461.0,461.0,461.0,461.0,7626,3212.0,133834,-6.0,351488000.0,148073000.0,12556,5246,2018-07-11 21:04:00
20180711 21:05,461.0,461.0,461.0,461.0,8156,530.0,133886,52.0,375921000.0,24433000.0,13293,3706,2018-07-11 21:05:00
20180711 21:06,461.0,461.5,461.0,461.0,8430,274.0,133952,66.0,388554000.0,12633000.0,8277,6392,2018-07-11 21:06:00
20180711 21:07,461.0,461.0,461.0,461.0,8512,82.0,133958,6.0,392334000.0,3780000.0,4656,8314,2018-07-11 21:07:00
20180711 21:08,461.0,461.0,461.0,461.0,8512,0.0,133958,0.0,392334000.0,0.0,939,2328,2018-07-11 21:08:00
20180711 21:09,461.0,461.0,460.5,460.5,10006,1494.0,133932,-26.0,461133000.0,68799000.0,6315,4591,2018-07-11 21:09:00
20180711 21:10,460.5,460.5,460.5,460.5,11466,1460.0,134068,136.0,528366000.0,67233000.0,6626,3067,2018-07-11 21:10:00
20180711 21:11,460.5,460.5,460.0,460.0,11480,14.0,134068,0.0,529010000.0,644000.0,1827,712,2018-07-11 21:11:00
20180711 21:12,460.0,460.0,460.0,460.0,11480,0.0,134068,0.0,529010000.0,0.0,3560,1677,2018-07-11 21:12:00
20180711 21:13,460.0,460.5,460.0,460.5,11494,14.0,134058,-10.0,529655000.0,645000.0,3352,4453,2018-07-11 21:13:00
20180711 21:14,460.5,460.5,460.5,460.5,13208,1714.0,134374,316.0,608584000.0,78929000.0,5293,6143,2018-07-11 21:14:00
20180711 21:15,460.5,460.5,460.5,460.5,13234,26.0,134386,12.0,609782000.0,1198000.0,13248,5332,2018-07-11 21:15:00
20180711 21:16,460.5,461.0,460.5,461.0,13240,6.0,134386,0.0,610058000.0,276000.0,2943,13970,2018-07-11 21:16:00
20180711 21:17,461.0,461.0,461.0,461.0,13914,674.0,134694,308.0,641130000.0,31072000.0,5821,13402,2018-07-11 21:17:00
20180711 21:18,461.0,461.0,461.0,461.0,14298,384.0,134722,28.0,658832000.0,17702000.0,1816,11239,2018-07-11 21:18:00
20180711 21:19,461.0,461.0,461.0,461.0,14298,0.0,134722,0.0,658832000.0,0.0,1541,10099,2018-07-11 21:19:00
20180711 21:20,461.0,461.0,461.0,461.0,15268,970.0,134102,-620.0,703549000.0,44717000.0,6058,4156,2018-07-11 21:20:00
20180711 21:21,461.0,461.0,461.0,461.0,15268,0.0,134102,0.0,703549000.0,0.0,2335,513,2018-07-11 21:21:00
20180711 21:22,461.0,461.0,461.0,461.0,15268,0.0,134102,0.0,703549000.0,0.0,4998,1294,2018-07-11 21:22:00
20180711 21:23,461.0,461.0,461.0,461.0,15268,0.0,134102,0.0,703549000.0,0.0,2928,763,2018-07-11 21:23:00
20180711 21:24,461.0,461.0,461.0,461.0,15284,16.0,134086,-16.0,704287000.0,738000.0,5701,2418,2018-07-11 21:24:00
20180711 21:25,461.0,461.5,461.0,461.5,16370,1086.0,134516,430.0,754406000.0,50119000.0,7102,2126,2018-07-11 21:25:00
20180711 21:26,461.5,461.5,461.5,461.5,16370,0.0,134516,0.0,754406000.0,0.0,1855,824,2018-07-11 21:26:00
20180711 21:27,461.5,462.0,461.5,461.5,17046,676.0,133948,-568.0,785634000.0,31228000.0,6751,2759,2018-07-11 21:27:00
20180711 21:28,461.5,461.5,461.5,461.5,17050,4.0,133948,0.0,785818000.0,184000.0,10450,1088,2018-07-11 21:28:00
20180711 21:29,461.5,461.5,461.5,461.5,17654,604.0,133880,-68.0,813693000.0,27875000.0,4642,2323,2018-07-11 21:29:00
20180711 21:30,461.5,461.5,461.0,461.0,17658,4.0,133880,0.0,813877000.0,184000.0,749,1677,2018-07-11 21:30:00
20180711 21:31,461.5,461.5,461.5,461.5,18038,380.0,133662,-218.0,831414000.0,17537000.0,702,1666,2018-07-11 21:31:00
20180711 21:32,461.5,461.5,461.5,461.5,18078,40.0,133662,0.0,833260000.0,1846000.0,478,1334,2018-07-11 21:32:00
20180711 21:33,461.5,461.5,461.5,461.5,18078,0.0,133662,0.0,833260000.0,0.0,3503,2433,2018-07-11 21:33:00
20180711 21:34,461.5,461.5,461.5,461.5,18712,634.0,133942,280.0,862520000.0,29260000.0,4542,4337,2018-07-11 21:34:00
20180711 21:35,461.5,461.5,461.5,461.5,18728,16.0,133958,16.0,863258000.0,738000.0,2216,5071,2018-07-11 21:35:00
20180711 21:36,461.5,461.5,461.5,461.5,18728,0.0,133958,0.0,863258000.0,0.0,2611,5338,2018-07-11 21:36:00
20180711 21:37,461.5,461.5,461.0,461.0,20216,1488.0,133844,-114.0,931855000.0,68597000.0,7202,5231,2018-07-11 21:37:00
20180711 21:38,461.0,461.0,461.0,461.0,22726,2510.0,133558,-286.0,1047570000.0,115715000.0,7785,4315,2018-07-11 21:38:00
20180711 21:39,461.0,461.0,461.0,461.0,22884,158.0,133648,90.0,1054850000.0,7280000.0,3181,2356,2018-07-11 21:39:00
20180711 21:40,461.0,461.0,461.0,461.0,22888,4.0,133652,4.0,1055030000.0,180000.0,1441,13224,2018-07-11 21:40:00
20180711 21:41,461.0,461.0,461.0,461.0,22888,0.0,133652,0.0,1055030000.0,0.0,274,2931,2018-07-11 21:41:00
20180711 21:42,461.0,461.0,461.0,461.0,22888,0.0,133652,0.0,1055030000.0,0.0,828,6836,2018-07-11 21:42:00
20180711 21:43,461.0,461.0,461.0,461.0,23158,270.0,133590,-62.0,1067480000.0,12450000.0,922,7416,2018-07-11 21:43:00
20180711 21:44,461.0,461.0,461.0,461.0,23234,76.0,133590,0.0,1070980000.0,3500000.0,4250,10860,2018-07-11 21:44:00
20180711 21:45,461.0,461.0,461.0,461.0,23234,0.0,133590,0.0,1070980000.0,0.0,1577,3713,2018-07-11 21:45:00
20180711 21:46,461.0,461.0,461.0,461.0,23252,18.0,133580,-10.0,1071810000.0,830000.0,1458,2970,2018-07-11 21:46:00
20180711 21:47,461.0,461.0,461.0,461.0,23252,0.0,133580,0.0,1071810000.0,0.0,1982,4195,2018-07-11 21:47:00
20180711 21:48,461.0,461.0,461.0,461.0,23254,2.0,133580,0.0,1071910000.0,100000.0,1747,4742,2018-07-11 21:48:00
20180711 21:49,461.0,461.0,461.0,461.0,23254,0.0,133580,0.0,1071910000.0,0.0,1850,5124,2018-07-11 21:49:00
20180711 21:50,461.0,461.0,461.0,461.0,23264,10.0,133580,0.0,1072370000.0,460000.0,1256,4266,2018-07-11 21:50:00
20180711 21:51,461.0,461.0,461.0,461.0,23264,0.0,133580,0.0,1072370000.0,0.0,1030,2576,2018-07-11 21:51:00
20180711 21:52,461.0,461.0,460.5,460.5,23268,4.0,133576,-4.0,1072550000.0,180000.0,1905,5476,2018-07-11 21:52:00
20180711 21:53,460.5,461.0,460.5,461.0,24368,1100.0,133730,154.0,1123260000.0,50710000.0,3198,4332,2018-07-11 21:53:00
20180711 21:54,461.0,461.0,461.0,461.0,24368,0.0,133730,0.0,1123260000.0,0.0,4572,1045,2018-07-11 21:54:00
20180711 21:55,461.0,461.0,461.0,461.0,24368,0.0,133730,0.0,1123260000.0,0.0,1420,386,2018-07-11 21:55:00
20180711 21:56,461.0,461.0,461.0,461.0,24368,0.0,133730,0.0,1123260000.0,0.0,1775,419,2018-07-11 21:56:00
20180711 21:57,461.0,461.0,461.0,461.0,24368,0.0,133730,0.0,1123260000.0,0.0,2405,582,2018-07-11 21:57:00
20180711 21:58,461.0,461.0,461.0,461.0,24368,0.0,133730,0.0,1123260000.0,0.0,2668,758,2018-07-11 21:58:00
20180711 21:59,461.0,461.0,461.0,461.0,24368,0.0,133730,0.0,1123260000.0,0.0,996,239,2018-07-11 21:59:00
20180711 22:00,461.0,461.0,461.0,461.0,24368,0.0,133730,0.0,1123260000.0,0.0,5272,1577,2018-07-11 22:00:00
20180711 22:01,461.0,461.0,461.0,461.0,24368,0.0,133730,0.0,1123260000.0,0.0,4316,1516,2018-07-11 22:01:00
20180711 22:02,461.0,461.0,461.0,461.0,24374,6.0,133730,0.0,1123540000.0,280000.0,3916,1582,2018-07-11 22:02:00
20180711 22:03,461.0,461.5,461.0,461.5,25722,1348.0,133798,68.0,1185750000.0,62210000.0,10649,6803,2018-07-11 22:03:00
20180711 22:04,461.5,461.5,460.5,461.0,28966,3244.0,133838,40.0,1335340000.0,149590000.0,12300,7382,2018-07-11 22:04:00
20180711 22:05,461.0,461.0,461.0,461.0,29002,36.0,133838,0.0,1337000000.0,1660000.0,11169,2325,2018-07-11 22:05:00
20180711 22:06,461.0,461.0,461.0,461.0,32528,3526.0,133470,-368.0,1499550000.0,162550000.0,14002,4849,2018-07-11 22:06:00
20180711 22:07,461.0,461.0,461.0,461.0,32816,288.0,133500,30.0,1512830000.0,13280000.0,8754,1662,2018-07-11 22:07:00
20180711 22:08,461.0,461.0,461.0,461.0,32816,0.0,133500,0.0,1512830000.0,0.0,4160,1124,2018-07-11 22:08:00
20180711 22:09,461.0,461.5,461.0,461.0,32914,98.0,133490,-10.0,1517350000.0,4520000.0,2338,3102,2018-07-11 22:09:00
20180711 22:10,461.0,461.0,461.0,461.0,32926,12.0,133488,-2.0,1517900000.0,550000.0,6335,4023,2018-07-11 22:10:00
20180711 22:11,461.0,461.0,461.0,461.0,32926,0.0,133488,0.0,1517900000.0,0.0,2142,2459,2018-07-11 22:11:00
20180711 22:12,461.0,461.0,461.0,461.0,36508,3582.0,133050,-438.0,1683030000.0,165130000.0,8238,5887,2018-07-11 22:12:00
20180711 22:13,461.0,461.0,461.0,461.0,36900,392.0,133074,24.0,1701100000.0,18070000.0,3041,4558,2018-07-11 22:13:00
20180711 22:14,461.0,461.0,461.0,461.0,36902,2.0,133076,2.0,1701190000.0,90000.0,2201,1889,2018-07-11 22:14:00
20180711 22:15,461.0,461.0,460.5,460.5,38872,1970.0,132370,-706.0,1791910000.0,90720000.0,8159,4256,2018-07-11 22:15:00
20180711 22:16,460.5,460.5,460.5,460.5,50966,12094.0,131672,-698.0,2348840000.0,556930000.0,18179,10401,2018-07-11 22:16:00
20180711 22:17,460.5,460.5,460.5,460.5,55730,4764.0,132498,826.0,2568220000.0,219380000.0,12454,4699,2018-07-11 22:17:00
20180711 22:18,460.5,460.5,460.5,460.5,60474,4744.0,132438,-60.0,2786680000.0,218460000.0,8171,8517,2018-07-11 22:18:00
20180711 22:19,460.5,460.5,460.5,460.5,60482,8.0,132438,0.0,2787050000.0,370000.0,6715,1425,2018-07-11 22:19:00
20180711 22:20,460.5,460.5,460.5,460.5,60484,2.0,132438,0.0,2787140000.0,90000.0,3291,942,2018-07-11 22:20:00
20180711 22:21,460.0,460.5,460.0,460.5,60598,114.0,132390,-48.0,2792390000.0,5250000.0,7033,1475,2018-07-11 22:21:00
20180711 22:22,460.5,460.5,460.0,460.5,61472,874.0,131708,-682.0,2832590000.0,40200000.0,4318,6686,2018-07-11 22:22:00
20180711 22:23,460.5,460.5,460.5,460.5,61474,2.0,131708,0.0,2832680000.0,90000.0,4113,913,2018-07-11 22:23:00
20180711 22:24,460.5,460.5,460.0,460.0,61584,110.0,131752,44.0,2837750000.0,5070000.0,3788,787,2018-07-11 22:24:00
20180711 22:25,460.0,460.5,460.0,460.5,65028,3444.0,131650,-102.0,2996170000.0,158420000.0,4854,6750,2018-07-11 22:25:00
20180711 22:26,460.0,460.5,460.0,460.5,69692,4664.0,132492,842.0,3210720000.0,214550000.0,6339,12099,2018-07-11 22:26:00
20180711 22:27,460.5,460.5,460.0,460.0,69924,232.0,132514,22.0,3221400000.0,10680000.0,6713,1754,2018-07-11 22:27:00
20180711 22:28,460.0,460.0,460.0,460.0,70134,210.0,132484,-30.0,3231060000.0,9660000.0,6951,8345,2018-07-11 22:28:00
20180711 22:29,460.0,460.0,459.5,460.0,70928,794.0,131864,-620.0,3267580000.0,36520000.0,1937,4359,2018-07-11 22:29:00
20180711 22:30,460.0,460.0,459.5,459.5,70950,22.0,131842,-22.0,3268590000.0,1010000.0,4323,6031,2018-07-11 22:30:00
20180711 22:31,459.5,459.5,459.5,459.5,70950,0.0,131842,0.0,3268590000.0,0.0,5184,4255,2018-07-11 22:31:00
20180711 22:32,459.5,460.0,459.5,460.0,70954,4.0,131842,0.0,3268780000.0,190000.0,5038,5424,2018-07-11 22:32:00
20180711 22:33,460.0,460.0,460.0,460.0,70954,0.0,131842,0.0,3268780000.0,0.0,6021,6385,2018-07-11 22:33:00
20180711 22:34,460.0,460.0,460.0,460.0,70954,0.0,131842,0.0,3268780000.0,0.0,1239,2593,2018-07-11 22:34:00
20180711 22:35,460.0,460.0,459.5,459.5,71722,768.0,131808,-34.0,3304070000.0,35290000.0,4785,8564,2018-07-11 22:35:00
20180711 22:36,459.5,459.5,459.5,459.5,71722,0.0,131808,0.0,3304070000.0,0.0,8067,4906,2018-07-11 22:36:00
20180711 22:37,459.5,459.5,459.5,459.5,71722,0.0,131808,0.0,3304070000.0,0.0,5451,2993,2018-07-11 22:37:00
20180711 22:38,459.5,459.5,459.5,459.5,71722,0.0,131808,0.0,3304070000.0,0.0,4391,1792,2018-07-11 22:38:00
20180711 22:39,459.5,459.5,459.5,459.5,71722,0.0,131808,0.0,3304070000.0,0.0,7645,3843,2018-07-11 22:39:00
20180711 22:40,459.5,459.5,459.5,459.5,71736,14.0,131802,-6.0,3304710000.0,640000.0,4670,2748,2018-07-11 22:40:00
20180711 22:41,459.5,459.5,459.5,459.5,71736,0.0,131802,0.0,3304710000.0,0.0,7033,3729,2018-07-11 22:41:00
20180711 22:42,459.5,459.5,459.0,459.0,71746,10.0,131802,0.0,3305170000.0,460000.0,4942,2251,2018-07-11 22:42:00
20180711 22:43,459.0,459.0,459.0,459.0,71936,190.0,131822,20.0,3313890000.0,8720000.0,3163,6083,2018-07-11 22:43:00
20180711 22:44,459.0,459.0,459.0,459.0,71956,20.0,131820,-2.0,3314810000.0,920000.0,348,4546,2018-07-11 22:44:00
20180711 22:45,459.0,459.0,459.0,459.0,72038,82.0,131776,-44.0,3318570000.0,3760000.0,1262,10787,2018-07-11 22:45:00
20180711 22:46,459.0,459.0,459.0,459.0,72168,130.0,131678,-98.0,3324540000.0,5970000.0,1351,11949,2018-07-11 22:46:00
20180711 22:47,459.0,459.0,458.5,458.5,73022,854.0,131502,-176.0,3363700000.0,39160000.0,4333,18619,2018-07-11 22:47:00
20180711 22:48,458.5,458.5,458.5,458.5,80526,7504.0,131446,-56.0,3707750000.0,344050000.0,7184,16651,2018-07-11 22:48:00
20180711 22:49,458.5,458.5,458.5,458.5,80594,68.0,131514,68.0,3710870000.0,3120000.0,7358,25392,2018-07-11 22:49:00
20180711 22:50,458.5,458.5,458.5,458.5,80622,28.0,131542,28.0,3712160000.0,1290000.0,7712,11244,2018-07-11 22:50:00
20180711 22:51,458.5,459.0,458.5,459.0,80968,346.0,131618,76.0,3728020000.0,15860000.0,6330,6123,2018-07-11 22:51:00
20180711 22:52,459.0,459.0,458.5,458.5,81078,110.0,131590,-28.0,3733070000.0,5050000.0,2373,2132,2018-07-11 22:52:00
20180711 22:53,458.5,459.0,458.5,459.0,82240,1162.0,132006,416.0,3786390000.0,53320000.0,3956,4753,2018-07-11 22:53:00
20180711 22:54,459.0,459.0,459.0,459.0,82274,34.0,131998,-8.0,3787960000.0,1570000.0,1892,521,2018-07-11 22:54:00
20180711 22:55,459.0,459.0,459.0,459.0,86342,4068.0,131406,-592.0,3974680000.0,186720000.0,4696,10446,2018-07-11 22:55:00
20180711 22:56,459.0,459.0,459.0,459.0,87650,1308.0,132146,740.0,4034710000.0,60030000.0,5072,5792,2018-07-11 22:56:00
20180711 22:57,459.0,459.0,459.0,459.0,92200,4550.0,131628,-518.0,4243560000.0,208850000.0,8340,5665,2018-07-11 22:57:00
20180711 22:58,459.0,459.0,459.0,459.0,93442,1242.0,132208,580.0,4300570000.0,57010000.0,4300,5382,2018-07-11 22:58:00
20180711 22:59,459.0,459.0,459.0,459.0,93464,22.0,132230,22.0,4301580000.0,1010000.0,3729,8331,2018-07-11 22:59:00
20180711 23:00,459.0,459.0,458.5,458.5,93490,26.0,132218,-12.0,4302770000.0,1190000.0,5083,5594,2018-07-11 23:00:00
20180711 23:01,458.5,458.5,458.5,458.5,93490,0.0,132218,0.0,4302770000.0,0.0,1796,184,2018-07-11 23:01:00
20180711 23:02,458.5,459.0,458.5,459.0,93712,222.0,132264,46.0,4312960000.0,10190000.0,8374,1221,2018-07-11 23:02:00
20180711 23:03,459.0,459.0,458.5,458.5,93762,50.0,132288,24.0,4315250000.0,2290000.0,7108,1645,2018-07-11 23:03:00
20180711 23:04,458.5,458.5,458.5,458.5,93762,0.0,132288,0.0,4315250000.0,0.0,2667,1727,2018-07-11 23:04:00
20180711 23:05,458.5,459.0,458.5,459.0,94798,1036.0,131756,-532.0,4362800000.0,47550000.0,2515,4110,2018-07-11 23:05:00
20180711 23:06,459.0,459.0,459.0,459.0,95672,874.0,132290,534.0,4402920000.0,40120000.0,5620,2737,2018-07-11 23:06:00
20180711 23:07,459.0,459.0,459.0,459.0,95740,68.0,132252,-38.0,4406040000.0,3120000.0,4655,1059,2018-07-11 23:07:00
20180711 23:08,459.0,459.0,459.0,459.0,95740,0.0,132252,0.0,4406040000.0,0.0,747,274,2018-07-11 23:08:00
20180711 23:09,459.0,459.5,459.0,459.5,100220,4480.0,132190,-62.0,4611890000.0,205850000.0,3858,4779,2018-07-11 23:09:00
20180711 23:10,459.5,459.5,459.5,459.5,100982,762.0,131548,-642.0,4646900000.0,35010000.0,3262,1062,2018-07-11 23:10:00
20180711 23:11,459.5,459.5,459.0,459.0,101062,80.0,131554,6.0,4650580000.0,3680000.0,1181,1707,2018-07-11 23:11:00
20180711 23:12,459.0,459.0,459.0,459.0,101062,0.0,131554,0.0,4650580000.0,0.0,2009,2631,2018-07-11 23:12:00
20180711 23:13,459.0,459.0,459.0,459.0,101062,0.0,131554,0.0,4650580000.0,0.0,755,1016,2018-07-11 23:13:00
20180711 23:14,459.0,459.0,459.0,459.0,101062,0.0,131554,0.0,4650580000.0,0.0,230,303,2018-07-11 23:14:00
20180711 23:15,459.0,459.0,459.0,459.0,102650,1588.0,132392,838.0,4723470000.0,72890000.0,6876,5261,2018-07-11 23:15:00
20180711 23:16,459.0,459.0,459.0,459.0,102674,24.0,132368,-24.0,4724570000.0,1100000.0,1003,910,2018-07-11 23:16:00
20180711 23:17,459.5,459.5,459.5,459.5,102676,2.0,132366,-2.0,4724660000.0,90000.0,695,512,2018-07-11 23:17:00
20180711 23:18,459.5,459.5,459.5,459.5,102676,0.0,132366,0.0,4724660000.0,0.0,833,721,2018-07-11 23:18:00
20180711 23:19,459.5,459.5,458.5,458.5,104212,1536.0,131820,-546.0,4795100000.0,70440000.0,5134,3043,2018-07-11 23:19:00
20180711 23:20,458.5,458.5,458.5,458.5,104226,14.0,131806,-14.0,4795740000.0,640000.0,437,438,2018-07-11 23:20:00
20180711 23:21,458.5,458.5,458.5,458.5,106718,2492.0,131906,100.0,4910000000.0,114260000.0,4306,3791,2018-07-11 23:21:00
20180711 23:22,458.5,458.5,458.5,458.5,106756,38.0,131932,26.0,4911740000.0,1740000.0,1978,3614,2018-07-11 23:22:00
20180711 23:23,458.5,458.5,458.5,458.5,108706,1950.0,131910,-22.0,5001150000.0,89410000.0,3913,3983,2018-07-11 23:23:00
20180711 23:24,458.5,458.5,458.5,458.5,108892,186.0,131740,-170.0,5009680000.0,8530000.0,1742,3271,2018-07-11 23:24:00
20180711 23:25,458.5,459.0,458.5,458.5,109054,162.0,131884,144.0,5017110000.0,7430000.0,1245,3366,2018-07-11 23:25:00
20180711 23:26,458.5,458.5,458.5,458.5,109078,24.0,131908,24.0,5018210000.0,1100000.0,2138,2266,2018-07-11 23:26:00
20180711 23:27,458.5,458.5,458.0,458.0,112452,3374.0,131658,-250.0,5172900000.0,154690000.0,3057,1714,2018-07-11 23:27:00
20180711 23:28,458.5,458.5,458.0,458.5,113286,834.0,131706,48.0,5211140000.0,38240000.0,996,3567,2018-07-11 23:28:00
20180711 23:29,458.0,458.5,458.0,458.0,113350,64.0,131674,-32.0,5214070000.0,2930000.0,431,1772,2018-07-11 23:29:00
20180712 09:00,463.0,463.0,462.0,462.0,105530,105530.0,138564,6890.0,4882660000.0,4882660000.0,1584,6624,2018-07-12 09:00:00
20180712 09:01,462.0,462.0,462.0,462.0,105532,2.0,138566,2.0,4882750000.0,90000.0,2033,1237,2018-07-12 09:01:00
20180712 09:02,462.0,462.5,461.5,461.5,105612,80.0,138586,20.0,4886450000.0,3700000.0,1691,2527,2018-07-12 09:02:00
20180712 09:03,461.5,461.5,461.5,461.5,105612,0.0,138586,0.0,4886450000.0,0.0,1020,799,2018-07-12 09:03:00
20180712 09:04,461.5,461.5,461.5,461.5,105686,74.0,138620,34.0,4889860000.0,3410000.0,1689,1753,2018-07-12 09:04:00
20180712 09:05,461.5,462.0,461.5,462.0,105768,82.0,138658,38.0,4893650000.0,3790000.0,5050,1008,2018-07-12 09:05:00
20180712 09:06,462.0,462.0,461.5,461.5,106110,342.0,138846,188.0,4909440000.0,15790000.0,4021,4861,2018-07-12 09:06:00
20180712 09:07,462.0,462.0,462.0,462.0,106296,186.0,138920,74.0,4918040000.0,8600000.0,3049,2046,2018-07-12 09:07:00
20180712 09:08,462.0,462.0,462.0,462.0,106296,0.0,138920,0.0,4918040000.0,0.0,943,1132,2018-07-12 09:08:00
20180712 09:09,462.0,462.0,462.0,462.0,106298,2.0,138920,0.0,4918130000.0,90000.0,762,1180,2018-07-12 09:09:00
20180712 09:10,462.0,462.0,462.0,462.0,106456,158.0,138992,72.0,4925430000.0,7300000.0,3741,9160,2018-07-12 09:10:00
20180712 09:11,462.0,462.5,462.0,462.5,106678,222.0,139106,114.0,4935690000.0,10260000.0,5117,5261,2018-07-12 09:11:00
20180712 09:12,462.5,462.5,462.0,462.5,107120,442.0,139178,72.0,4956110000.0,20420000.0,5003,3090,2018-07-12 09:12:00
20180712 09:13,462.5,462.5,462.0,462.0,107252,132.0,139208,30.0,4962210000.0,6100000.0,4321,1239,2018-07-12 09:13:00
20180712 09:14,462.0,462.5,462.0,462.5,108902,1650.0,138866,-342.0,5038440000.0,76230000.0,6462,2668,2018-07-12 09:14:00
20180712 09:15,462.5,462.5,462.0,462.0,108960,58.0,138866,0.0,5041120000.0,2680000.0,2471,712,2018-07-12 09:15:00
20180712 09:16,462.0,462.0,462.0,462.0,109096,136.0,138874,8.0,5047400000.0,6280000.0,1768,584,2018-07-12 09:16:00
20180712 09:17,462.0,462.5,462.0,462.5,109098,2.0,138872,-2.0,5047490000.0,90000.0,2415,930,2018-07-12 09:17:00
20180712 09:18,462.5,462.5,462.0,462.0,109294,196.0,138796,-76.0,5056550000.0,9060000.0,3457,1906,2018-07-12 09:18:00
20180712 09:19,462.0,462.0,461.5,461.5,109298,4.0,138800,4.0,5056730000.0,180000.0,2558,5351,2018-07-12 09:19:00
20180712 09:20,461.5,462.0,461.5,462.0,109300,2.0,138798,-2.0,5056820000.0,90000.0,2134,4694,2018-07-12 09:20:00
20180712 09:21,462.0,462.0,462.0,462.0,109300,0.0,138798,0.0,5056820000.0,0.0,4573,6750,2018-07-12 09:21:00
20180712 09:22,462.0,462.0,461.5,462.0,109326,26.0,138802,4.0,5058020000.0,1200000.0,1179,848,2018-07-12 09:22:00
20180712 09:23,462.0,462.0,462.0,462.0,109328,2.0,138800,-2.0,5058120000.0,100000.0,431,969,2018-07-12 09:23:00
20180712 09:24,462.0,462.0,462.0,462.0,109960,632.0,139212,412.0,5087310000.0,29190000.0,4079,2956,2018-07-12 09:24:00
20180712 09:25,462.0,462.5,462.0,462.5,110552,592.0,139390,178.0,5114690000.0,27380000.0,5881,4001,2018-07-12 09:25:00
20180712 09:26,462.5,462.5,462.5,462.5,110634,82.0,139400,10.0,5118490000.0,3800000.0,2207,3315,2018-07-12 09:26:00
20180712 09:27,462.5,462.5,462.5,462.5,110636,2.0,139400,0.0,5118580000.0,90000.0,1329,2079,2018-07-12 09:27:00
20180712 09:28,462.5,462.5,462.5,462.5,110636,0.0,139400,0.0,5118580000.0,0.0,1605,1734,2018-07-12 09:28:00
20180712 09:29,462.5,462.5,462.0,462.0,110638,2.0,139402,2.0,5118670000.0,90000.0,2534,2227,2018-07-12 09:29:00
20180712 09:30,462.0,462.0,462.0,462.0,110638,0.0,139402,0.0,5118670000.0,0.0,2641,3451,2018-07-12 09:30:00
20180712 09:31,462.0,462.0,462.0,462.0,110640,2.0,139404,2.0,5118760000.0,90000.0,521,865,2018-07-12 09:31:00
20180712 09:32,462.0,462.5,462.0,462.5,110658,18.0,139404,0.0,5119600000.0,840000.0,585,1384,2018-07-12 09:32:00
20180712 09:33,462.5,463.0,462.5,463.0,111472,814.0,138848,-556.0,5157240000.0,37640000.0,7897,6059,2018-07-12 09:33:00
20180712 09:34,463.0,463.0,462.5,463.0,111590,118.0,138856,8.0,5162710000.0,5470000.0,9563,7096,2018-07-12 09:34:00
20180712 09:35,463.0,463.0,462.5,462.5,111722,132.0,138808,-48.0,5168820000.0,6110000.0,4712,3147,2018-07-12 09:35:00
20180712 09:36,462.5,463.0,462.5,463.0,112224,502.0,138918,110.0,5192060000.0,23240000.0,5472,2323,2018-07-12 09:36:00
20180712 09:37,463.0,463.0,463.0,463.0,112228,4.0,138922,4.0,5192250000.0,190000.0,2919,1295,2018-07-12 09:37:00
20180712 09:38,463.0,463.5,463.0,463.0,112238,10.0,138928,6.0,5192710000.0,460000.0,1533,1185,2018-07-12 09:38:00
20180712 09:39,463.0,463.0,463.0,463.0,112242,4.0,138932,4.0,5192900000.0,190000.0,5053,4780,2018-07-12 09:39:00
20180712 09:40,463.0,463.0,463.0,463.0,112572,330.0,138900,-32.0,5208170000.0,15270000.0,5322,2048,2018-07-12 09:40:00
20180712 09:41,463.0,463.5,463.0,463.5,112594,22.0,138886,-14.0,5209190000.0,1020000.0,5413,4951,2018-07-12 09:41:00
20180712 09:42,463.5,463.5,463.5,463.5,112612,18.0,138896,10.0,5210030000.0,840000.0,4992,3023,2018-07-12 09:42:00
20180712 09:43,463.5,463.5,463.0,463.0,112760,148.0,138962,66.0,5216880000.0,6850000.0,3919,9414,2018-07-12 09:43:00
20180712 09:44,463.0,463.0,463.0,463.0,112760,0.0,138962,0.0,5216880000.0,0.0,4467,7111,2018-07-12 09:44:00
20180712 09:45,463.0,463.0,462.5,462.5,113136,376.0,138788,-174.0,5234270000.0,17390000.0,4258,6558,2018-07-12 09:45:00
20180712 09:46,462.5,462.5,462.5,462.5,113606,470.0,138696,-92.0,5256010000.0,21740000.0,1741,4655,2018-07-12 09:46:00
20180712 09:47,462.5,462.5,462.5,462.5,115590,1984.0,139084,388.0,5347770000.0,91760000.0,6651,9926,2018-07-12 09:47:00
20180712 09:48,462.5,462.5,462.5,462.5,115612,22.0,139078,-6.0,5348790000.0,1020000.0,2292,685,2018-07-12 09:48:00
20180712 09:49,462.5,462.5,462.5,462.5,117252,1640.0,139174,96.0,5424640000.0,75850000.0,5323,5067,2018-07-12 09:49:00
20180712 09:50,462.5,462.5,462.5,462.5,117832,580.0,139386,212.0,5451460000.0,26820000.0,8192,7442,2018-07-12 09:50:00
20180712 09:51,462.5,462.5,462.5,462.5,117842,10.0,139396,10.0,5451920000.0,460000.0,2866,2696,2018-07-12 09:51:00
20180712 09:52,462.5,462.5,462.5,462.5,117844,2.0,139398,2.0,5452020000.0,100000.0,1363,673,2018-07-12 09:52:00
20180712 09:53,462.5,462.5,462.5,462.5,117850,6.0,139404,6.0,5452290000.0,270000.0,2689,836,2018-07-12 09:53:00
20180712 09:54,462.5,462.5,462.5,462.5,117852,2.0,139404,0.0,5452390000.0,100000.0,1372,755,2018-07-12 09:54:00
20180712 09:55,462.5,462.5,462.5,462.5,117852,0.0,139404,0.0,5452390000.0,0.0,588,290,2018-07-12 09:55:00
20180712 09:56,462.5,462.5,462.5,462.5,117852,0.0,139404,0.0,5452390000.0,0.0,588,259,2018-07-12 09:56:00
20180712 09:57,462.5,462.5,462.5,462.5,120978,3126.0,139078,-326.0,5596960000.0,144570000.0,6591,7463,2018-07-12 09:57:00
20180712 09:58,462.5,462.5,462.5,462.5,121052,74.0,139138,60.0,5600390000.0,3430000.0,2437,12931,2018-07-12 09:58:00
20180712 09:59,462.5,462.5,462.0,462.0,121058,6.0,139144,6.0,5600660000.0,270000.0,2135,6580,2018-07-12 09:59:00
20180712 10:00,462.0,463.0,462.0,463.0,123438,2380.0,139708,564.0,5710750000.0,110090000.0,5742,5945,2018-07-12 10:00:00
20180712 10:01,463.0,463.0,463.0,463.0,123438,0.0,139708,0.0,5710750000.0,0.0,1118,2942,2018-07-12 10:01:00
20180712 10:02,463.0,463.0,463.0,463.0,123440,2.0,139708,0.0,5710840000.0,90000.0,990,4676,2018-07-12 10:02:00
20180712 10:03,463.0,463.0,463.0,463.0,124088,648.0,139362,-346.0,5740840000.0,30000000.0,2385,3681,2018-07-12 10:03:00
20180712 10:04,463.5,463.5,463.0,463.0,124180,92.0,139318,-44.0,5745100000.0,4260000.0,10300,2840,2018-07-12 10:04:00
20180712 10:05,463.0,463.5,463.0,463.5,124272,92.0,139352,34.0,5749360000.0,4260000.0,2540,3462,2018-07-12 10:05:00
20180712 10:06,463.5,463.5,463.5,463.5,124272,0.0,139352,0.0,5749360000.0,0.0,438,892,2018-07-12 10:06:00
20180712 10:07,463.5,463.5,463.5,463.5,124272,0.0,139352,0.0,5749360000.0,0.0,947,2007,2018-07-12 10:07:00
20180712 10:08,463.5,463.5,463.5,463.5,124282,10.0,139352,0.0,5749830000.0,470000.0,762,1881,2018-07-12 10:08:00
20180712 10:09,463.5,463.5,463.0,463.0,124286,4.0,139352,0.0,5750010000.0,180000.0,1270,2433,2018-07-12 10:09:00
20180712 10:10,463.0,463.0,463.0,463.0,124286,0.0,139352,0.0,5750010000.0,0.0,659,1983,2018-07-12 10:10:00
20180712 10:11,463.0,463.5,463.0,463.5,124288,2.0,139354,2.0,5750100000.0,90000.0,272,888,2018-07-12 10:11:00
20180712 10:12,463.5,463.5,463.5,463.5,124288,0.0,139354,0.0,5750100000.0,0.0,138,444,2018-07-12 10:12:00
20180712 10:13,463.5,463.5,463.5,463.5,124290,2.0,139354,0.0,5750200000.0,100000.0,288,1114,2018-07-12 10:13:00
20180712 10:14,463.5,463.5,463.5,463.5,124300,10.0,139364,10.0,5750660000.0,460000.0,883,2269,2018-07-12 10:14:00
20180712 10:30,463.5,463.5,463.5,463.5,124406,106.0,139322,-42.0,5755570000.0,4910000.0,747,6882,2018-07-12 10:30:00
20180712 10:31,463.5,463.5,463.5,463.5,124406,0.0,139322,0.0,5755570000.0,0.0,569,2952,2018-07-12 10:31:00
20180712 10:32,463.5,464.0,463.5,463.5,124640,234.0,139368,46.0,5766420000.0,10850000.0,4845,1599,2018-07-12 10:32:00
20180712 10:33,463.5,463.5,463.5,463.5,124710,70.0,139380,12.0,5769660000.0,3240000.0,6120,2411,2018-07-12 10:33:00
20180712 10:34,463.5,464.5,463.5,464.5,125122,412.0,139230,-150.0,5788780000.0,19120000.0,1594,2485,2018-07-12 10:34:00
20180712 10:35,464.5,464.5,464.0,464.0,126816,1694.0,139766,536.0,5867380000.0,78600000.0,5130,9250,2018-07-12 10:35:00
20180712 10:36,464.0,464.0,464.0,464.0,126994,178.0,139696,-70.0,5875640000.0,8260000.0,5311,4720,2018-07-12 10:36:00
20180712 10:37,464.0,464.0,464.0,464.0,127046,52.0,139644,-52.0,5878060000.0,2420000.0,1615,8460,2018-07-12 10:37:00
20180712 10:38,464.0,464.0,464.0,464.0,127048,2.0,139644,0.0,5878150000.0,90000.0,366,5123,2018-07-12 10:38:00
20180712 10:39,464.0,464.0,464.0,464.0,127050,2.0,139642,-2.0,5878240000.0,90000.0,1921,7447,2018-07-12 10:39:00
20180712 10:40,464.0,464.0,464.0,464.0,128782,1732.0,139274,-368.0,5958610000.0,80370000.0,8919,8399,2018-07-12 10:40:00
20180712 10:41,464.0,464.0,464.0,464.0,135334,6552.0,139246,-28.0,6262620000.0,304010000.0,13505,15369,2018-07-12 10:41:00
20180712 10:42,464.0,464.0,464.0,464.0,135334,0.0,139246,0.0,6262620000.0,0.0,573,1463,2018-07-12 10:42:00
20180712 10:43,464.0,464.0,464.0,464.0,135382,48.0,139246,0.0,6264850000.0,2230000.0,562,1401,2018-07-12 10:43:00
20180712 10:44,464.0,464.0,464.0,464.0,141476,6094.0,138896,-350.0,6547610000.0,282760000.0,21153,6321,2018-07-12 10:44:00
20180712 10:45,464.0,466.0,464.0,465.5,143076,1600.0,139392,496.0,6622090000.0,74480000.0,5852,6331,2018-07-12 10:45:00
20180712 10:46,465.5,466.0,465.5,465.5,143126,50.0,139426,34.0,6624420000.0,2330000.0,2505,3152,2018-07-12 10:46:00
20180712 10:47,465.5,466.0,465.5,466.0,143132,6.0,139426,0.0,6624700000.0,280000.0,1572,1842,2018-07-12 10:47:00
20180712 10:48,466.0,466.5,465.5,465.5,144958,1826.0,139348,-78.0,6709780000.0,85080000.0,6294,5900,2018-07-12 10:48:00
20180712 10:49,465.5,465.5,465.0,465.0,145092,134.0,139364,16.0,6716010000.0,6230000.0,2938,3246,2018-07-12 10:49:00
20180712 10:50,465.0,465.5,465.0,465.5,145116,24.0,139340,-24.0,6717130000.0,1120000.0,3314,4356,2018-07-12 10:50:00
20180712 10:51,465.5,465.5,465.5,465.5,145116,0.0,139340,0.0,6717130000.0,0.0,1821,1712,2018-07-12 10:51:00
20180712 10:52,465.5,465.5,465.5,465.5,146776,1660.0,139240,-100.0,6794400000.0,77270000.0,4974,4109,2018-07-12 10:52:00
20180712 10:53,465.5,465.5,465.5,465.5,146778,2.0,139242,2.0,6794500000.0,100000.0,2333,1282,2018-07-12 10:53:00
20180712 10:54,465.5,466.0,465.0,466.0,147282,504.0,139666,424.0,6817960000.0,23460000.0,2805,1508,2018-07-12 10:54:00
20180712 10:55,465.5,465.5,465.5,465.5,149400,2118.0,139500,-166.0,6916550000.0,98590000.0,13494,6109,2018-07-12 10:55:00
20180712 10:56,465.5,465.5,465.5,465.5,152072,2672.0,139588,88.0,7040930000.0,124380000.0,3571,5623,2018-07-12 10:56:00
20180712 10:57,465.5,465.5,465.5,465.5,154910,2838.0,139178,-410.0,7173040000.0,132110000.0,5701,6219,2018-07-12 10:57:00
20180712 10:58,465.5,465.5,465.5,465.5,156984,2074.0,138846,-332.0,7269590000.0,96550000.0,7790,5373,2018-07-12 10:58:00
20180712 10:59,465.5,465.5,465.5,465.5,157040,56.0,138824,-22.0,7272190000.0,2600000.0,1490,4334,2018-07-12 10:59:00
20180712 11:00,465.5,466.0,465.5,466.0,157352,312.0,138966,142.0,7286720000.0,14530000.0,4955,5892,2018-07-12 11:00:00
20180712 11:01,466.0,466.0,465.5,466.0,158976,1624.0,138862,-104.0,7362390000.0,75670000.0,2237,8606,2018-07-12 11:01:00
20180712 11:02,466.0,466.0,466.0,466.0,162068,3092.0,137972,-890.0,7506480000.0,144090000.0,6289,22364,2018-07-12 11:02:00
20180712 11:03,466.0,466.0,466.0,466.0,163868,1800.0,138102,130.0,7590360000.0,83880000.0,5384,17269,2018-07-12 11:03:00
20180712 11:04,466.0,466.0,465.0,465.0,164718,850.0,137548,-554.0,7629910000.0,39550000.0,5123,11617,2018-07-12 11:04:00
20180712 11:05,465.0,465.5,465.0,465.5,164738,20.0,137558,10.0,7630850000.0,940000.0,1962,8101,2018-07-12 11:05:00
20180712 11:06,465.5,465.5,465.0,465.0,164754,16.0,137560,2.0,7631590000.0,740000.0,2010,7138,2018-07-12 11:06:00
20180712 11:07,465.0,465.0,465.0,465.0,164754,0.0,137560,0.0,7631590000.0,0.0,304,1085,2018-07-12 11:07:00
20180712 11:08,465.0,465.5,465.0,465.5,164794,40.0,137540,-20.0,7633450000.0,1860000.0,1912,9379,2018-07-12 11:08:00
20180712 11:09,465.5,465.5,463.0,463.0,169254,4460.0,137682,142.0,7840470000.0,207020000.0,4661,20844,2018-07-12 11:09:00
20180712 11:10,463.0,463.5,462.5,462.5,169378,124.0,137698,16.0,7846210000.0,5740000.0,6133,7754,2018-07-12 11:10:00
20180712 11:11,462.5,463.0,462.5,463.0,169574,196.0,137708,10.0,7855280000.0,9070000.0,5987,11182,2018-07-12 11:11:00
20180712 11:12,463.0,463.0,463.0,463.0,169738,164.0,137728,20.0,7862870000.0,7590000.0,4347,7998,2018-07-12 11:12:00
20180712 11:13,463.0,463.0,463.0,463.0,169744,6.0,137722,-6.0,7863150000.0,280000.0,3014,5046,2018-07-12 11:13:00
20180712 11:14,463.0,463.5,463.0,463.5,172840,3096.0,137596,-126.0,8006650000.0,143500000.0,6567,8475,2018-07-12 11:14:00
20180712 11:15,463.5,464.0,463.5,464.0,179894,7054.0,137752,156.0,8333890000.0,327240000.0,7756,16491,2018-07-12 11:15:00
20180712 11:16,464.0,464.0,464.0,464.0,193166,13272.0,137254,-498.0,8949720000.0,615830000.0,9500,29442,2018-07-12 11:16:00
20180712 11:17,464.0,464.5,464.0,464.0,201704,8538.0,137466,212.0,9345880000.0,396160000.0,6200,5096,2018-07-12 11:17:00
20180712 11:18,464.0,464.5,464.0,464.5,201738,34.0,137442,-24.0,9347460000.0,1580000.0,2256,14219,2018-07-12 11:18:00
20180712 11:19,464.5,464.5,464.5,464.5,202350,612.0,137106,-336.0,9375890000.0,28430000.0,1764,7854,2018-07-12 11:19:00
20180712 11:20,465.0,465.0,464.5,464.5,204948,2598.0,136972,-134.0,9496560000.0,120670000.0,4457,18027,2018-07-12 11:20:00
20180712 11:21,464.5,464.5,464.5,464.5,204954,6.0,136966,-6.0,9496840000.0,280000.0,850,325,2018-07-12 11:21:00
20180712 11:22,464.5,464.5,464.5,464.5,204954,0.0,136966,0.0,9496840000.0,0.0,825,445,2018-07-12 11:22:00
20180712 11:23,464.5,464.5,464.5,464.5,204954,0.0,136966,0.0,9496840000.0,0.0,734,481,2018-07-12 11:23:00
20180712 11:24,464.5,464.5,464.5,464.5,204954,0.0,136966,0.0,9496840000.0,0.0,1114,699,2018-07-12 11:24:00
20180712 11:25,464.5,464.5,463.5,464.5,205256,302.0,136968,2.0,9510870000.0,14030000.0,3750,1935,2018-07-12 11:25:00
20180712 11:26,464.5,464.5,464.5,464.5,205998,742.0,136938,-30.0,9545330000.0,34460000.0,1412,813,2018-07-12 11:26:00
20180712 11:27,464.5,464.5,464.5,464.5,206136,138.0,136908,-30.0,9551740000.0,6410000.0,2685,1364,2018-07-12 11:27:00
20180712 11:28,464.5,465.0,464.5,464.5,211756,5620.0,136668,-240.0,9812790000.0,261050000.0,16836,5465,2018-07-12 11:28:00
20180712 11:29,464.5,465.0,464.5,464.5,212826,1070.0,136826,158.0,9862500000.0,49710000.0,4379,937,2018-07-12 11:29:00
20180712 13:30,464.5,465.5,464.5,465.0,213060,234.0,136748,-78.0,9873380000.0,10880000.0,6792,6043,2018-07-12 13:30:00
20180712 13:31,465.0,465.0,464.0,464.0,213442,382.0,136672,-76.0,9891120000.0,17740000.0,2375,3122,2018-07-12 13:31:00
20180712 13:32,464.0,464.0,464.0,464.0,213618,176.0,136822,150.0,9899280000.0,8160000.0,3110,5024,2018-07-12 13:32:00
20180712 13:33,464.0,464.5,463.5,464.0,215908,2290.0,136744,-78.0,10005500000.0,106220000.0,4975,16934,2018-07-12 13:33:00
20180712 13:34,464.0,464.0,463.5,463.5,217928,2020.0,136842,98.0,10099200000.0,93700000.0,6552,17994,2018-07-12 13:34:00
20180712 13:35,463.5,463.5,463.5,463.5,222794,4866.0,136514,-328.0,10324700000.0,225500000.0,6428,16003,2018-07-12 13:35:00
20180712 13:36,463.5,463.5,463.0,463.0,224306,1512.0,136642,128.0,10394800000.0,70100000.0,10305,14758,2018-07-12 13:36:00
20180712 13:37,463.0,463.0,463.0,463.0,224510,204.0,136636,-6.0,10404200000.0,9400000.0,2068,6583,2018-07-12 13:37:00
20180712 13:38,463.0,463.0,463.0,463.0,224516,6.0,136636,0.0,10404500000.0,300000.0,721,4716,2018-07-12 13:38:00
20180712 13:39,463.0,463.0,463.0,463.0,224520,4.0,136636,0.0,10404700000.0,200000.0,171,1179,2018-07-12 13:39:00
20180712 13:40,463.0,463.0,463.0,463.0,224538,18.0,136626,-10.0,10405500000.0,800000.0,347,2716,2018-07-12 13:40:00
20180712 13:41,463.0,463.0,463.0,463.0,224544,6.0,136620,-6.0,10405800000.0,300000.0,150,1164,2018-07-12 13:41:00
20180712 13:42,463.0,463.5,463.0,463.5,225150,606.0,137052,432.0,10433900000.0,28100000.0,2132,8226,2018-07-12 13:42:00
20180712 13:43,463.5,463.5,463.5,463.5,225212,62.0,137058,6.0,10436700000.0,2800000.0,3632,6405,2018-07-12 13:43:00
20180712 13:44,463.5,464.0,463.5,464.0,225874,662.0,137440,382.0,10467400000.0,30700000.0,9116,9520,2018-07-12 13:44:00
20180712 13:45,464.0,464.0,463.5,463.5,226462,588.0,137602,162.0,10494700000.0,27300000.0,7056,8959,2018-07-12 13:45:00
20180712 13:46,463.5,464.0,463.5,464.0,226914,452.0,137666,64.0,10515600000.0,20900000.0,16344,3551,2018-07-12 13:46:00
20180712 13:47,463.5,464.0,463.5,463.5,228464,1550.0,137658,-8.0,10587500000.0,71900000.0,13681,5528,2018-07-12 13:47:00
20180712 13:48,463.5,463.5,463.5,463.5,229882,1418.0,137182,-476.0,10653200000.0,65700000.0,9723,5764,2018-07-12 13:48:00
20180712 13:49,463.5,463.5,463.5,463.5,229882,0.0,137182,0.0,10653200000.0,0.0,5592,1613,2018-07-12 13:49:00
20180712 13:50,463.5,464.0,463.5,464.0,232454,2572.0,137256,74.0,10772500000.0,119300000.0,9565,10392,2018-07-12 13:50:00
20180712 13:51,464.0,464.0,464.0,464.0,234992,2538.0,136852,-404.0,10890300000.0,117800000.0,12910,12773,2018-07-12 13:51:00
20180712 13:52,464.0,464.0,464.0,464.0,234994,2.0,136850,-2.0,10890400000.0,100000.0,5000,1875,2018-07-12 13:52:00
20180712 13:53,464.0,464.0,464.0,464.0,234994,0.0,136850,0.0,10890400000.0,0.0,4245,1916,2018-07-12 13:53:00
20180712 13:54,464.0,464.0,463.5,464.0,235710,716.0,137230,380.0,10923600000.0,33200000.0,4262,7739,2018-07-12 13:54:00
20180712 13:55,464.0,464.0,464.0,464.0,235710,0.0,137230,0.0,10923600000.0,0.0,1055,8884,2018-07-12 13:55:00
20180712 13:56,464.0,464.0,464.0,464.0,235710,0.0,137230,0.0,10923600000.0,0.0,924,4331,2018-07-12 13:56:00
20180712 13:57,464.0,464.0,464.0,464.0,235710,0.0,137230,0.0,10923600000.0,0.0,402,1973,2018-07-12 13:57:00
20180712 13:58,464.0,464.0,464.0,464.0,235732,22.0,137250,20.0,10924600000.0,1000000.0,995,5289,2018-07-12 13:58:00
20180712 13:59,464.0,464.0,464.0,464.0,235750,18.0,137264,14.0,10925500000.0,900000.0,1425,8327,2018-07-12 13:59:00
20180712 14:00,464.0,464.0,464.0,464.0,235754,4.0,137268,4.0,10925600000.0,100000.0,738,5771,2018-07-12 14:00:00
20180712 14:01,464.0,464.0,464.0,464.0,235754,0.0,137268,0.0,10925600000.0,0.0,865,6368,2018-07-12 14:01:00
20180712 14:02,464.0,464.0,464.0,464.0,235762,8.0,137274,6.0,10926000000.0,400000.0,965,7430,2018-07-12 14:02:00
20180712 14:03,464.0,464.0,464.0,464.0,236374,612.0,137346,72.0,10954400000.0,28400000.0,6741,5722,2018-07-12 14:03:00
20180712 14:04,464.0,464.0,464.0,464.0,237346,972.0,136752,-594.0,10999500000.0,45100000.0,9887,4782,2018-07-12 14:04:00
20180712 14:05,464.0,464.0,464.0,464.0,237454,108.0,136790,38.0,11004500000.0,5000000.0,4160,1999,2018-07-12 14:05:00
20180712 14:06,464.0,464.5,464.0,464.0,237458,4.0,136786,-4.0,11004700000.0,200000.0,3901,401,2018-07-12 14:06:00
20180712 14:07,464.0,464.0,464.0,464.0,238274,816.0,137350,564.0,11042600000.0,37900000.0,2200,4622,2018-07-12 14:07:00
20180712 14:08,464.0,464.0,464.0,464.0,240510,2236.0,136710,-640.0,11146300000.0,103700000.0,1723,11686,2018-07-12 14:08:00
20180712 14:09,464.0,464.0,464.0,464.0,241104,594.0,137104,394.0,11173900000.0,27600000.0,4117,4010,2018-07-12 14:09:00
20180712 14:10,464.0,464.0,464.0,464.0,241104,0.0,137104,0.0,11173900000.0,0.0,238,257,2018-07-12 14:10:00
20180712 14:11,464.0,464.0,464.0,464.0,241104,0.0,137104,0.0,11173900000.0,0.0,245,257,2018-07-12 14:11:00
20180712 14:12,464.0,464.0,464.0,464.0,241126,22.0,137090,-14.0,11174900000.0,1000000.0,1895,2028,2018-07-12 14:12:00
20180712 14:13,464.0,464.0,464.0,464.0,241342,216.0,136976,-114.0,11184900000.0,10000000.0,2975,5545,2018-07-12 14:13:00
20180712 14:14,464.0,464.0,464.0,464.0,241342,0.0,136976,0.0,11184900000.0,0.0,907,613,2018-07-12 14:14:00
20180712 14:15,464.0,464.0,464.0,464.0,241342,0.0,136976,0.0,11184900000.0,0.0,223,154,2018-07-12 14:15:00
20180712 14:16,464.0,464.5,464.0,464.5,241344,2.0,136976,0.0,11185000000.0,100000.0,1086,795,2018-07-12 14:16:00
20180712 14:17,464.5,464.5,464.5,464.5,241724,380.0,136798,-178.0,11202700000.0,17700000.0,2742,4385,2018-07-12 14:17:00
20180712 14:18,464.5,464.5,464.5,464.5,241724,0.0,136798,0.0,11202700000.0,0.0,527,1050,2018-07-12 14:18:00
20180712 14:19,464.5,464.5,464.5,464.5,241728,4.0,136800,2.0,11202900000.0,200000.0,644,5511,2018-07-12 14:19:00
20180712 14:20,464.5,464.5,464.5,464.5,242450,722.0,136416,-384.0,11236400000.0,33500000.0,2412,7242,2018-07-12 14:20:00
20180712 14:21,464.5,464.5,464.5,464.5,242450,0.0,136416,0.0,11236400000.0,0.0,1127,2655,2018-07-12 14:21:00
20180712 14:22,464.5,464.5,464.5,464.5,242502,52.0,136406,-10.0,11238800000.0,2400000.0,843,1613,2018-07-12 14:22:00
20180712 14:23,464.5,464.5,464.5,464.5,245612,3110.0,135440,-966.0,11383300000.0,144500000.0,3647,7072,2018-07-12 14:23:00
20180712 14:24,464.5,465.0,464.5,465.0,245618,6.0,135436,-4.0,11383500000.0,200000.0,1048,2759,2018-07-12 14:24:00
20180712 14:25,465.0,465.0,465.0,465.0,245764,146.0,135458,22.0,11390300000.0,6800000.0,3323,2964,2018-07-12 14:25:00
20180712 14:26,465.0,465.5,465.0,465.5,245768,4.0,135454,-4.0,11390500000.0,200000.0,1359,1726,2018-07-12 14:26:00
20180712 14:27,465.5,465.5,465.0,465.0,245870,102.0,135398,-56.0,11395300000.0,4800000.0,2070,6456,2018-07-12 14:27:00
20180712 14:28,465.0,465.0,465.0,465.0,246468,598.0,135944,546.0,11423100000.0,27800000.0,4586,13866,2018-07-12 14:28:00
20180712 14:29,465.0,465.0,465.0,465.0,246478,10.0,135938,-6.0,11423500000.0,400000.0,686,243,2018-07-12 14:29:00
20180712 14:30,465.0,465.0,465.0,465.0,246478,0.0,135938,0.0,11423500000.0,0.0,1557,639,2018-07-12 14:30:00
20180712 14:31,465.0,465.0,465.0,465.0,246478,0.0,135938,0.0,11423500000.0,0.0,701,285,2018-07-12 14:31:00
20180712 14:32,465.0,465.5,465.0,465.5,246726,248.0,135956,18.0,11435100000.0,11600000.0,3698,9512,2018-07-12 14:32:00
20180712 14:33,465.5,465.5,465.0,465.0,246728,2.0,135954,-2.0,11435200000.0,100000.0,3865,5098,2018-07-12 14:33:00
20180712 14:34,465.0,465.0,465.0,465.0,246728,0.0,135954,0.0,11435200000.0,0.0,250,224,2018-07-12 14:34:00
20180712 14:35,465.0,465.5,465.0,465.5,246778,50.0,135952,-2.0,11437500000.0,2300000.0,2303,4511,2018-07-12 14:35:00
20180712 14:36,465.5,465.5,464.5,464.5,246936,158.0,136004,52.0,11444800000.0,7300000.0,2498,7405,2018-07-12 14:36:00
20180712 14:37,465.0,465.0,465.0,465.0,247624,688.0,135438,-566.0,11476800000.0,32000000.0,7061,8269,2018-07-12 14:37:00
20180712 14:38,465.0,465.0,465.0,465.0,247624,0.0,135438,0.0,11476800000.0,0.0,1704,2490,2018-07-12 14:38:00
20180712 14:39,465.0,465.5,465.0,465.0,247636,12.0,135438,0.0,11477400000.0,600000.0,2010,3372,2018-07-12 14:39:00
20180712 14:40,465.0,465.0,465.0,465.0,247666,30.0,135420,-18.0,11478800000.0,1400000.0,2471,1987,2018-07-12 14:40:00
20180712 14:41,465.0,465.0,465.0,465.0,249896,2230.0,135870,450.0,11582500000.0,103700000.0,12493,7334,2018-07-12 14:41:00
20180712 14:42,465.0,465.0,465.0,465.0,250024,128.0,135874,4.0,11588400000.0,5900000.0,3774,3937,2018-07-12 14:42:00
20180712 14:43,465.0,465.0,465.0,465.0,250024,0.0,135874,0.0,11588400000.0,0.0,5234,2776,2018-07-12 14:43:00
20180712 14:44,465.0,466.0,465.0,465.5,250900,876.0,135840,-34.0,11629200000.0,40800000.0,4814,5021,2018-07-12 14:44:00
20180712 14:45,465.5,465.5,465.5,465.5,250908,8.0,135836,-4.0,11629600000.0,400000.0,431,2010,2018-07-12 14:45:00
20180712 14:46,465.5,466.5,465.5,466.0,252038,1130.0,135680,-156.0,11682200000.0,52600000.0,10039,5245,2018-07-12 14:46:00
20180712 14:47,466.0,466.0,465.5,465.5,252114,76.0,135682,2.0,11685700000.0,3500000.0,2048,8142,2018-07-12 14:47:00
20180712 14:48,466.0,466.0,465.5,465.5,252302,188.0,135642,-40.0,11694500000.0,8800000.0,2775,6937,2018-07-12 14:48:00
20180712 14:49,465.5,465.5,464.5,464.5,252374,72.0,135618,-24.0,11697800000.0,3300000.0,8358,5751,2018-07-12 14:49:00
20180712 14:50,464.5,465.0,464.5,465.0,258362,5988.0,136076,458.0,11976300000.0,278500000.0,17621,8801,2018-07-12 14:50:00
20180712 14:51,465.0,465.0,465.0,465.0,258506,144.0,136034,-42.0,11983000000.0,6700000.0,13444,5195,2018-07-12 14:51:00
20180712 14:52,465.0,465.0,464.5,464.5,258778,272.0,135868,-166.0,11995600000.0,12600000.0,10182,4112,2018-07-12 14:52:00
20180712 14:53,464.5,464.5,464.0,464.0,259192,414.0,136226,358.0,12014800000.0,19200000.0,3623,1580,2018-07-12 14:53:00
20180712 14:54,464.0,464.5,464.0,464.5,259252,60.0,136244,18.0,12017600000.0,2800000.0,2274,1852,2018-07-12 14:54:00
20180712 14:55,464.5,464.5,464.5,464.5,260076,824.0,136364,120.0,12055900000.0,38300000.0,4302,2170,2018-07-12 14:55:00
20180712 14:56,464.5,465.0,464.5,465.0,260494,418.0,136754,390.0,12075300000.0,19400000.0,5448,3512,2018-07-12 14:56:00
20180712 14:57,465.0,466.5,465.0,466.5,261108,614.0,136580,-174.0,12103900000.0,28600000.0,7523,3068,2018-07-12 14:57:00
20180712 14:58,466.5,466.5,466.0,466.5,261180,72.0,136598,18.0,12107200000.0,3300000.0,3296,2644,2018-07-12 14:58:00
20180712 14:59,466.5,467.0,465.5,465.5,261490,310.0,136440,-158.0,12121700000.0,14500000.0,3555,3083,2018-07-12 14:59:00
20180712 15:00,465.5,465.5,465.5,465.5,261490,0.0,136440,0.0,12121700000.0,0.0,2,450,2018-07-12 15:00:00
20180712 20:59,461.5,461.5,461.5,461.5,506,506.0,140338,3898.0,23351900.0,23351900.0,1,2,2018-07-12 20:59:00
20180712 21:00,462.0,463.0,462.0,462.5,782,276.0,140264,-74.0,36121900.0,12770000.0,7843,4919,2018-07-12 21:00:00
20180712 21:01,462.5,463.5,462.5,463.5,1072,290.0,140214,-50.0,49555400.0,13433500.0,5138,4812,2018-07-12 21:01:00
20180712 21:02,463.5,463.5,463.5,463.5,1810,738.0,139626,-588.0,83771700.0,34216300.0,3576,8184,2018-07-12 21:02:00
20180712 21:03,463.5,464.5,463.0,464.0,2538,728.0,139254,-372.0,117527000.0,33755300.0,5598,17627,2018-07-12 21:03:00
20180712 21:04,464.0,464.0,463.0,463.0,5266,2728.0,139622,368.0,243970000.0,126443000.0,12889,19240,2018-07-12 21:04:00
20180712 21:05,463.0,463.5,463.0,463.0,7858,2592.0,139464,-158.0,363980000.0,120010000.0,9600,15761,2018-07-12 21:05:00
20180712 21:06,463.0,463.0,462.0,462.0,8782,924.0,138778,-686.0,406694000.0,42714000.0,12093,5333,2018-07-12 21:06:00
20180712 21:07,462.0,462.5,462.0,462.5,11980,3198.0,138362,-416.0,554601000.0,147907000.0,10090,5297,2018-07-12 21:07:00
20180712 21:08,462.5,462.5,462.5,462.5,12304,324.0,138450,88.0,569586000.0,14985000.0,5143,3750,2018-07-12 21:08:00
20180712 21:09,462.5,462.5,462.5,462.5,13468,1164.0,138436,-14.0,623421000.0,53835000.0,4455,5280,2018-07-12 21:09:00
20180712 21:10,462.5,463.0,462.0,463.0,13714,246.0,138328,-108.0,634802000.0,11381000.0,3206,10292,2018-07-12 21:10:00
20180712 21:11,463.0,463.0,463.0,463.0,13714,0.0,138328,0.0,634802000.0,0.0,1189,5032,2018-07-12 21:11:00
20180712 21:12,463.0,463.0,463.0,463.0,13714,0.0,138328,0.0,634802000.0,0.0,820,3952,2018-07-12 21:12:00
20180712 21:13,463.0,463.0,462.5,463.0,13810,96.0,138290,-38.0,639247000.0,4445000.0,7243,3698,2018-07-12 21:13:00
20180712 21:14,463.0,463.5,463.0,463.5,14232,422.0,137986,-304.0,658807000.0,19560000.0,4693,3751,2018-07-12 21:14:00
20180712 21:15,463.5,463.5,463.0,463.5,14920,688.0,138342,356.0,690695000.0,31888000.0,2820,5838,2018-07-12 21:15:00
20180712 21:16,463.5,463.5,462.5,462.5,15206,286.0,138158,-184.0,703935000.0,13240000.0,1686,1617,2018-07-12 21:16:00
20180712 21:17,462.5,462.5,462.5,462.5,15680,474.0,137742,-416.0,725858000.0,21923000.0,2407,3309,2018-07-12 21:17:00
20180712 21:18,462.5,462.5,462.5,462.5,15720,40.0,137702,-40.0,727708000.0,1850000.0,796,1531,2018-07-12 21:18:00
20180712 21:19,462.5,462.5,462.0,462.5,15726,6.0,137702,0.0,727985000.0,277000.0,1545,1692,2018-07-12 21:19:00
20180712 21:20,462.5,462.5,462.5,462.5,15726,0.0,137702,0.0,727985000.0,0.0,1458,1738,2018-07-12 21:20:00
20180712 21:21,462.5,462.5,462.5,462.5,15788,62.0,137704,2.0,730853000.0,2868000.0,1290,1494,2018-07-12 21:21:00
20180712 21:22,462.5,462.5,462.5,462.5,16834,1046.0,138434,730.0,779230000.0,48377000.0,1237,6005,2018-07-12 21:22:00
20180712 21:23,462.5,462.5,462.5,462.5,17556,722.0,138090,-344.0,812623000.0,33393000.0,946,6597,2018-07-12 21:23:00
20180712 21:24,462.5,463.5,462.5,463.5,18986,1430.0,138108,18.0,878816000.0,66193000.0,2624,7797,2018-07-12 21:24:00
20180712 21:25,463.5,463.5,463.0,463.0,19124,138.0,138132,24.0,885206000.0,6390000.0,1981,5140,2018-07-12 21:25:00
20180712 21:26,463.0,463.0,463.0,463.0,20042,918.0,138492,360.0,927709000.0,42503000.0,1056,6616,2018-07-12 21:26:00
20180712 21:27,463.0,463.0,462.5,462.5,20304,262.0,138508,16.0,939832000.0,12123000.0,3955,5210,2018-07-12 21:27:00
20180712 21:28,462.5,462.5,462.5,462.5,20304,0.0,138508,0.0,939832000.0,0.0,1282,1535,2018-07-12 21:28:00
20180712 21:29,462.5,462.5,462.5,462.5,22504,2200.0,138114,-394.0,1041580000.0,101748000.0,25340,5256,2018-07-12 21:29:00
20180712 21:30,462.5,462.5,462.0,462.0,23312,808.0,138612,498.0,1078940000.0,37360000.0,30096,2854,2018-07-12 21:30:00
20180712 21:31,462.0,462.0,462.0,462.0,23418,106.0,138590,-22.0,1083840000.0,4900000.0,11885,1351,2018-07-12 21:31:00
20180712 21:32,462.0,462.0,461.5,462.0,26488,3070.0,138470,-120.0,1225600000.0,141760000.0,29819,8467,2018-07-12 21:32:00
20180712 21:33,462.0,462.0,461.5,461.5,26492,4.0,138474,4.0,1225780000.0,180000.0,10814,2153,2018-07-12 21:33:00
20180712 21:34,461.5,461.5,461.5,461.5,26492,0.0,138474,0.0,1225780000.0,0.0,13131,2675,2018-07-12 21:34:00
20180712 21:35,461.5,461.5,461.5,461.5,27898,1406.0,138300,-174.0,1290670000.0,64890000.0,11240,3544,2018-07-12 21:35:00
20180712 21:36,461.5,461.5,461.0,461.0,27928,30.0,138282,-18.0,1292050000.0,1380000.0,13207,4343,2018-07-12 21:36:00
20180712 21:37,461.0,461.0,461.0,461.0,28042,114.0,138200,-82.0,1297310000.0,5260000.0,6710,1160,2018-07-12 21:37:00
20180712 21:38,461.0,461.5,461.0,461.5,28160,118.0,138212,12.0,1302750000.0,5440000.0,8822,5482,2018-07-12 21:38:00
20180712 21:39,461.5,461.5,461.5,461.5,28160,0.0,138212,0.0,1302750000.0,0.0,3706,1201,2018-07-12 21:39:00
20180712 21:40,461.5,461.5,461.5,461.5,28160,0.0,138212,0.0,1302750000.0,0.0,6978,2450,2018-07-12 21:40:00
20180712 21:41,461.5,461.5,461.5,461.5,28166,6.0,138206,-6.0,1303030000.0,280000.0,9704,5327,2018-07-12 21:41:00
20180712 21:42,461.5,461.5,461.5,461.5,28166,0.0,138206,0.0,1303030000.0,0.0,12580,7926,2018-07-12 21:42:00
20180712 21:43,461.5,461.5,461.0,461.0,28938,772.0,137784,-422.0,1338620000.0,35590000.0,13174,7483,2018-07-12 21:43:00
20180712 21:44,461.0,461.0,461.0,461.0,28940,2.0,137782,-2.0,1338710000.0,90000.0,3264,10085,2018-07-12 21:44:00
20180712 21:45,461.0,461.0,461.0,461.0,28950,10.0,137782,0.0,1339170000.0,460000.0,1682,4756,2018-07-12 21:45:00
20180712 21:46,461.0,461.0,461.0,461.0,30364,1414.0,138134,352.0,1404360000.0,65190000.0,11762,4358,2018-07-12 21:46:00
20180712 21:47,461.0,461.0,461.0,461.0,30364,0.0,138134,0.0,1404360000.0,0.0,9645,4656,2018-07-12 21:47:00
20180712 21:48,461.5,461.5,461.5,461.5,30366,2.0,138132,-2.0,1404450000.0,90000.0,6124,2590,2018-07-12 21:48:00
20180712 21:49,461.5,461.5,461.5,461.5,30366,0.0,138132,0.0,1404450000.0,0.0,7162,4312,2018-07-12 21:49:00
20180712 21:50,461.5,461.5,461.5,461.5,30366,0.0,138132,0.0,1404450000.0,0.0,3460,2799,2018-07-12 21:50:00
20180712 21:51,461.5,461.5,461.5,461.5,30366,0.0,138132,0.0,1404450000.0,0.0,2340,2026,2018-07-12 21:51:00
20180712 21:52,461.5,461.5,461.5,461.5,30366,0.0,138132,0.0,1404450000.0,0.0,1215,894,2018-07-12 21:52:00
20180712 21:53,461.5,461.5,461.5,461.5,30368,2.0,138132,0.0,1404540000.0,90000.0,1214,874,2018-07-12 21:53:00
20180712 21:54,461.5,461.5,461.5,461.5,30368,0.0,138132,0.0,1404540000.0,0.0,2810,2046,2018-07-12 21:54:00
20180712 21:55,461.5,461.5,461.5,461.5,30368,0.0,138132,0.0,1404540000.0,0.0,812,576,2018-07-12 21:55:00
20180712 21:56,461.5,461.5,461.5,461.5,30368,0.0,138132,0.0,1404540000.0,0.0,1639,1154,2018-07-12 21:56:00
20180712 21:57,461.5,461.5,461.0,461.0,30556,188.0,138086,-46.0,1413210000.0,8670000.0,2536,1726,2018-07-12 21:57:00
20180712 21:58,461.0,461.0,461.0,461.0,30762,206.0,138098,12.0,1422700000.0,9490000.0,6445,3609,2018-07-12 21:58:00
20180712 21:59,461.0,461.0,461.0,461.0,30862,100.0,138096,-2.0,1427310000.0,4610000.0,7326,3175,2018-07-12 21:59:00
20180712 22:00,461.0,461.5,461.0,461.0,30906,44.0,138106,10.0,1429350000.0,2040000.0,6807,3637,2018-07-12 22:00:00
20180712 22:01,461.0,461.0,461.0,461.0,30906,0.0,138106,0.0,1429350000.0,0.0,824,418,2018-07-12 22:01:00
20180712 22:02,461.0,461.0,461.0,461.0,30906,0.0,138106,0.0,1429350000.0,0.0,1648,776,2018-07-12 22:02:00
20180712 22:03,461.0,461.0,461.0,461.0,30906,0.0,138106,0.0,1429350000.0,0.0,1648,796,2018-07-12 22:03:00
20180712 22:04,461.0,461.5,461.0,461.5,30910,4.0,138106,0.0,1429530000.0,180000.0,3662,1841,2018-07-12 22:04:00
20180712 22:05,461.5,461.5,461.5,461.5,30910,0.0,138106,0.0,1429530000.0,0.0,820,398,2018-07-12 22:05:00
20180712 22:06,461.5,461.5,461.5,461.5,30910,0.0,138106,0.0,1429530000.0,0.0,2030,1005,2018-07-12 22:06:00
20180712 22:07,461.5,461.5,461.5,461.5,30910,0.0,138106,0.0,1429530000.0,0.0,1640,815,2018-07-12 22:07:00
20180712 22:08,461.5,461.5,461.5,461.5,30910,0.0,138106,0.0,1429530000.0,0.0,410,188,2018-07-12 22:08:00
20180712 22:09,461.5,461.5,461.5,461.5,30918,8.0,138106,0.0,1429900000.0,370000.0,9912,4908,2018-07-12 22:09:00
20180712 22:10,461.5,461.5,461.5,461.5,30960,42.0,138106,0.0,1431840000.0,1940000.0,3606,1887,2018-07-12 22:10:00
20180712 22:11,461.5,461.5,461.5,461.5,30960,0.0,138106,0.0,1431840000.0,0.0,1890,1035,2018-07-12 22:11:00
20180712 22:12,461.5,461.5,461.5,461.5,30960,0.0,138106,0.0,1431840000.0,0.0,1551,792,2018-07-12 22:12:00
20180712 22:13,461.5,461.5,461.5,461.5,30960,0.0,138106,0.0,1431840000.0,0.0,2352,1204,2018-07-12 22:13:00
20180712 22:15,461.5,461.5,461.5,461.5,30960,0.0,138106,0.0,1431840000.0,0.0,1536,836,2018-07-12 22:15:00
20180712 22:16,461.5,461.5,461.5,461.5,30960,0.0,138106,0.0,1431840000.0,0.0,1132,642,2018-07-12 22:16:00
20180712 22:17,461.5,461.5,461.5,461.5,30960,0.0,138106,0.0,1431840000.0,0.0,1152,622,2018-07-12 22:17:00
20180712 22:18,461.5,461.5,461.0,461.5,31216,256.0,138024,-82.0,1443650000.0,11810000.0,7113,9097,2018-07-12 22:18:00
20180712 22:19,461.5,461.5,461.5,461.5,31556,340.0,138096,72.0,1459340000.0,15690000.0,3165,8511,2018-07-12 22:19:00
20180712 22:20,461.5,461.5,461.5,461.5,31556,0.0,138096,0.0,1459340000.0,0.0,1231,4407,2018-07-12 22:20:00
20180712 22:21,461.5,461.5,461.5,461.5,31558,2.0,138094,-2.0,1459430000.0,90000.0,1507,7709,2018-07-12 22:21:00
20180712 22:22,461.5,461.5,461.5,461.5,31562,4.0,138094,0.0,1459620000.0,190000.0,1974,8507,2018-07-12 22:22:00
20180712 22:23,461.5,461.5,461.0,461.0,32048,486.0,138074,-20.0,1482020000.0,22400000.0,2501,7660,2018-07-12 22:23:00
20180712 22:24,461.0,461.0,461.0,461.0,32186,138.0,138012,-62.0,1488390000.0,6370000.0,2036,2355,2018-07-12 22:24:00
20180712 22:25,461.0,461.0,461.0,461.0,32186,0.0,138012,0.0,1488390000.0,0.0,1328,1618,2018-07-12 22:25:00
20180712 22:26,461.0,461.0,461.0,461.0,32186,0.0,138012,0.0,1488390000.0,0.0,1769,2144,2018-07-12 22:26:00
20180712 22:27,461.0,462.0,461.0,462.0,33560,1374.0,137730,-282.0,1551800000.0,63410000.0,4462,4086,2018-07-12 22:27:00
20180712 22:28,462.0,462.0,462.0,462.0,33560,0.0,137730,0.0,1551800000.0,0.0,4913,1938,2018-07-12 22:28:00
20180712 22:29,462.0,462.0,462.0,462.0,33570,10.0,137730,0.0,1552260000.0,460000.0,2813,1201,2018-07-12 22:29:00
20180712 22:30,462.0,462.0,462.0,462.0,33584,14.0,137726,-4.0,1552910000.0,650000.0,4150,4976,2018-07-12 22:30:00
20180712 22:31,462.0,462.0,462.0,462.0,33584,0.0,137726,0.0,1552910000.0,0.0,1772,1158,2018-07-12 22:31:00
20180712 22:32,462.0,462.0,462.0,462.0,33584,0.0,137726,0.0,1552910000.0,0.0,1188,600,2018-07-12 22:32:00
20180712 22:33,462.0,462.0,462.0,462.0,33584,0.0,137726,0.0,1552910000.0,0.0,2061,1702,2018-07-12 22:33:00
20180712 22:34,462.0,462.0,462.0,462.0,33774,190.0,137770,44.0,1561680000.0,8770000.0,2250,1841,2018-07-12 22:34:00
20180712 22:35,462.0,462.0,462.0,462.0,35580,1806.0,137544,-226.0,1645120000.0,83440000.0,9081,8523,2018-07-12 22:35:00
20180712 22:36,461.5,461.5,461.5,461.5,36258,678.0,138034,490.0,1676410000.0,31290000.0,2275,1042,2018-07-12 22:36:00
20180712 22:37,461.5,461.5,461.5,461.5,36258,0.0,138034,0.0,1676410000.0,0.0,1407,1919,2018-07-12 22:37:00
20180712 22:38,461.5,461.5,461.5,461.5,36258,0.0,138034,0.0,1676410000.0,0.0,1095,1230,2018-07-12 22:38:00
20180712 22:39,461.5,462.5,461.5,462.5,38902,2644.0,137430,-604.0,1798600000.0,122190000.0,10276,13484,2018-07-12 22:39:00
20180712 22:40,462.5,462.5,462.5,462.5,40496,1594.0,137688,258.0,1872320000.0,73720000.0,11966,13230,2018-07-12 22:40:00
20180712 22:41,462.5,462.5,462.5,462.5,40642,146.0,137716,28.0,1879070000.0,6750000.0,7683,5169,2018-07-12 22:41:00
20180712 22:42,462.5,463.0,462.5,462.5,47144,6502.0,138218,502.0,2179790000.0,300720000.0,23789,10177,2018-07-12 22:42:00
20180712 22:43,462.5,462.5,462.5,462.5,56974,9830.0,138050,-168.0,2634430000.0,454640000.0,16850,21598,2018-07-12 22:43:00
20180712 22:44,462.5,462.5,462.5,462.5,58840,1866.0,138434,384.0,2720730000.0,86300000.0,4308,9855,2018-07-12 22:44:00
20180712 22:45,462.5,463.0,462.5,462.5,60952,2112.0,138496,62.0,2818420000.0,97690000.0,8510,4086,2018-07-12 22:45:00
20180712 22:46,462.5,462.5,462.5,462.5,61006,54.0,138502,6.0,2820920000.0,2500000.0,10195,2867,2018-07-12 22:46:00
20180712 22:47,462.5,463.0,462.5,463.0,61012,6.0,138500,-2.0,2821190000.0,270000.0,15585,5138,2018-07-12 22:47:00
20180712 22:48,463.0,463.0,463.0,463.0,61526,514.0,138026,-474.0,2844990000.0,23800000.0,10667,5875,2018-07-12 22:48:00
20180712 22:49,463.0,463.0,462.5,462.5,65062,3536.0,138180,154.0,3008700000.0,163710000.0,20268,8456,2018-07-12 22:49:00
20180712 22:50,462.5,462.5,462.5,462.5,65064,2.0,138180,0.0,3008790000.0,90000.0,10791,2560,2018-07-12 22:50:00
20180712 22:51,462.5,462.5,462.5,462.5,65162,98.0,138164,-16.0,3013330000.0,4540000.0,9410,2988,2018-07-12 22:51:00
20180712 22:52,462.5,462.5,462.5,462.5,65772,610.0,138072,-92.0,3041540000.0,28210000.0,18838,2482,2018-07-12 22:52:00
20180712 22:53,462.5,462.5,462.5,462.5,67224,1452.0,137998,-74.0,3108690000.0,67150000.0,11644,2475,2018-07-12 22:53:00
20180712 22:54,462.5,462.5,462.5,462.5,67224,0.0,137998,0.0,3108690000.0,0.0,4746,1870,2018-07-12 22:54:00
20180712 22:55,462.5,462.5,462.5,462.5,67224,0.0,137998,0.0,3108690000.0,0.0,1833,2066,2018-07-12 22:55:00
20180712 22:56,462.5,463.0,462.5,463.0,67336,112.0,138028,30.0,3113880000.0,5190000.0,7379,3300,2018-07-12 22:56:00
20180712 22:57,463.0,464.0,463.0,464.0,67434,98.0,138044,16.0,3118420000.0,4540000.0,5904,3647,2018-07-12 22:57:00
20180712 22:58,464.0,464.0,463.5,463.5,68688,1254.0,138128,84.0,3176550000.0,58130000.0,8688,8482,2018-07-12 22:58:00
20180712 22:59,463.5,463.5,463.5,463.5,68690,2.0,138128,0.0,3176640000.0,90000.0,5585,5602,2018-07-12 22:59:00
20180712 23:00,463.5,465.0,463.5,465.0,69710,1020.0,138506,378.0,3224010000.0,47370000.0,13480,4079,2018-07-12 23:00:00
20180712 23:01,465.0,465.0,463.5,463.5,71336,1626.0,138762,256.0,3299550000.0,75540000.0,10483,3375,2018-07-12 23:01:00
20180712 23:02,463.5,463.5,463.5,463.5,71454,118.0,138734,-28.0,3305020000.0,5470000.0,18896,2066,2018-07-12 23:02:00
20180712 23:03,463.5,463.5,463.5,463.5,71496,42.0,138694,-40.0,3306970000.0,1950000.0,13137,1464,2018-07-12 23:03:00
20180712 23:04,463.5,463.5,463.5,463.5,71636,140.0,138614,-80.0,3313450000.0,6480000.0,7766,1858,2018-07-12 23:04:00
20180712 23:05,463.5,463.5,463.0,463.0,71740,104.0,138594,-20.0,3318270000.0,4820000.0,5288,3525,2018-07-12 23:05:00
20180712 23:06,463.0,463.0,463.0,463.0,71740,0.0,138594,0.0,3318270000.0,0.0,358,1982,2018-07-12 23:06:00
20180712 23:07,463.0,463.0,463.0,463.0,82306,10566.0,138346,-248.0,3807480000.0,489210000.0,18608,7432,2018-07-12 23:07:00
20180712 23:08,463.0,463.0,463.0,463.0,83256,950.0,138922,576.0,3851460000.0,43980000.0,6966,4700,2018-07-12 23:08:00
20180712 23:09,463.0,463.0,463.0,463.0,83256,0.0,138922,0.0,3851460000.0,0.0,5741,1350,2018-07-12 23:09:00
20180712 23:10,463.0,463.0,463.0,463.0,83256,0.0,138922,0.0,3851460000.0,0.0,6437,1623,2018-07-12 23:10:00
20180712 23:11,463.0,463.0,463.0,463.0,83256,0.0,138922,0.0,3851460000.0,0.0,1804,3420,2018-07-12 23:11:00
20180712 23:12,463.0,463.0,463.0,463.0,83256,0.0,138922,0.0,3851460000.0,0.0,351,1093,2018-07-12 23:12:00
20180712 23:13,463.0,463.0,463.0,463.0,83256,0.0,138922,0.0,3851460000.0,0.0,524,1486,2018-07-12 23:13:00
20180712 23:14,463.0,463.0,463.0,463.0,83256,0.0,138922,0.0,3851460000.0,0.0,908,2086,2018-07-12 23:14:00
20180712 23:15,463.0,463.0,463.0,463.0,83256,0.0,138922,0.0,3851460000.0,0.0,1392,2217,2018-07-12 23:15:00
20180712 23:16,463.0,463.0,463.0,463.0,83290,34.0,138894,-28.0,3853030000.0,1570000.0,1291,1458,2018-07-12 23:16:00
20180712 23:17,463.0,463.0,463.0,463.0,83310,20.0,138894,0.0,3853960000.0,930000.0,4707,1096,2018-07-12 23:17:00
20180712 23:18,463.0,463.0,463.0,463.0,84684,1374.0,138956,62.0,3917580000.0,63620000.0,15242,2564,2018-07-12 23:18:00
20180712 23:19,463.0,463.0,463.0,463.0,93210,8526.0,138540,-416.0,4312330000.0,394750000.0,24685,5649,2018-07-12 23:19:00
20180712 23:20,463.0,463.0,463.0,463.0,94446,1236.0,138990,450.0,4369560000.0,57230000.0,2408,2103,2018-07-12 23:20:00
20180712 23:21,463.0,463.0,463.0,463.0,95018,572.0,138470,-520.0,4396040000.0,26480000.0,1057,1632,2018-07-12 23:21:00
20180712 23:22,463.0,463.0,463.0,463.0,95846,828.0,138438,-32.0,4434380000.0,38340000.0,2284,1308,2018-07-12 23:22:00
20180712 23:23,463.0,463.0,462.5,462.5,100362,4516.0,138904,466.0,4643400000.0,209020000.0,12850,2983,2018-07-12 23:23:00
20180712 23:24,462.5,463.0,462.5,462.5,100390,28.0,138890,-14.0,4644690000.0,1290000.0,5590,4541,2018-07-12 23:24:00
20180712 23:25,463.0,463.0,463.0,463.0,101428,1038.0,138848,-42.0,4692750000.0,48060000.0,3766,4684,2018-07-12 23:25:00
20180712 23:26,463.0,463.5,463.0,463.0,103692,2264.0,138916,68.0,4797570000.0,104820000.0,4452,6425,2018-07-12 23:26:00
20180712 23:27,463.0,463.5,463.0,463.5,103766,74.0,138882,-34.0,4801000000.0,3430000.0,6669,5063,2018-07-12 23:27:00
20180712 23:28,463.5,463.5,463.0,463.5,103836,70.0,138904,22.0,4804240000.0,3240000.0,2479,3382,2018-07-12 23:28:00
20180712 23:29,463.5,463.5,463.0,463.5,104990,1154.0,138896,-8.0,4857670000.0,53430000.0,4404,3283,2018-07-12 23:29:00
20180713 09:00,465.0,465.0,464.5,464.5,14626,14626.0,136740,-2156.0,679395000.0,679395000.0,11187,16924,2018-07-13 09:00:00
20180713 09:01,464.5,464.5,464.0,464.0,14722,96.0,136770,30.0,683850000.0,4455000.0,9289,6231,2018-07-13 09:01:00
20180713 09:02,464.0,464.5,464.0,464.5,15006,284.0,136884,114.0,697041000.0,13191000.0,11682,7046,2018-07-13 09:02:00
20180713 09:03,464.5,464.5,464.5,464.5,15006,0.0,136884,0.0,697041000.0,0.0,9538,4171,2018-07-13 09:03:00
20180713 09:04,464.5,464.5,464.0,464.0,15234,228.0,136860,-24.0,707621000.0,10580000.0,7123,6811,2018-07-13 09:04:00
20180713 09:05,464.0,464.0,464.0,464.0,15448,214.0,136954,94.0,717550000.0,9929000.0,8144,14790,2018-07-13 09:05:00
20180713 09:06,464.0,464.0,463.0,463.0,15832,384.0,136616,-338.0,735348000.0,17798000.0,3121,7814,2018-07-13 09:06:00
20180713 09:07,463.0,463.0,463.0,463.0,15832,0.0,136616,0.0,735348000.0,0.0,3454,18288,2018-07-13 09:07:00
20180713 09:08,463.0,463.5,463.0,463.5,15932,100.0,136618,2.0,739983000.0,4635000.0,3079,11467,2018-07-13 09:08:00
20180713 09:09,463.5,463.5,463.5,463.5,16062,130.0,136604,-14.0,746009000.0,6026000.0,1986,855,2018-07-13 09:09:00
20180713 09:10,463.5,463.5,463.5,463.5,16092,30.0,136600,-4.0,747399000.0,1390000.0,2654,13991,2018-07-13 09:10:00
20180713 09:11,463.5,463.5,463.5,463.5,16096,4.0,136598,-2.0,747585000.0,186000.0,5106,30891,2018-07-13 09:11:00
20180713 09:12,463.5,463.5,463.5,463.5,16096,0.0,136598,0.0,747585000.0,0.0,3511,6478,2018-07-13 09:12:00
20180713 09:13,463.5,463.5,463.0,463.0,16680,584.0,136442,-156.0,774624000.0,27039000.0,4214,16592,2018-07-13 09:13:00
20180713 09:14,463.0,463.0,463.0,463.0,17146,466.0,136510,68.0,796200000.0,21576000.0,6796,7420,2018-07-13 09:14:00
20180713 09:15,463.0,464.0,463.0,463.5,17574,428.0,136666,156.0,816054000.0,19854000.0,2899,6654,2018-07-13 09:15:00
20180713 09:16,463.5,464.0,463.5,464.0,17616,42.0,136644,-22.0,818003000.0,1949000.0,4373,2702,2018-07-13 09:16:00
20180713 09:17,464.0,464.0,463.5,463.5,17754,138.0,136700,56.0,824406000.0,6403000.0,1835,3706,2018-07-13 09:17:00
20180713 09:18,463.5,463.5,463.5,463.5,17774,20.0,136706,6.0,825333000.0,927000.0,3185,2005,2018-07-13 09:18:00
20180713 09:19,463.5,464.0,463.5,464.0,17776,2.0,136706,0.0,825426000.0,93000.0,1224,704,2018-07-13 09:19:00
20180713 09:20,464.0,464.0,463.5,463.5,17954,178.0,136658,-48.0,833677000.0,8251000.0,3209,2670,2018-07-13 09:20:00
20180713 09:21,463.5,463.5,463.5,463.5,17988,34.0,136688,30.0,835252000.0,1575000.0,787,2149,2018-07-13 09:21:00
20180713 09:22,463.5,463.5,463.5,463.5,17988,0.0,136688,0.0,835252000.0,0.0,2013,2314,2018-07-13 09:22:00
20180713 09:23,463.5,463.5,463.5,463.5,18250,262.0,136762,74.0,847396000.0,12144000.0,3061,4602,2018-07-13 09:23:00
20180713 09:24,463.5,463.5,463.5,463.5,18268,18.0,136756,-6.0,848230000.0,834000.0,1270,5976,2018-07-13 09:24:00
20180713 09:25,463.5,463.5,463.5,463.5,18268,0.0,136756,0.0,848230000.0,0.0,1440,6984,2018-07-13 09:25:00
20180713 09:26,463.5,463.5,463.5,463.5,18268,0.0,136756,0.0,848230000.0,0.0,2602,7004,2018-07-13 09:26:00
20180713 09:27,463.5,463.5,463.5,463.5,18616,348.0,136896,140.0,864360000.0,16130000.0,4619,6913,2018-07-13 09:27:00
20180713 09:28,463.5,464.0,463.5,464.0,18620,4.0,136896,0.0,864546000.0,186000.0,5187,4272,2018-07-13 09:28:00
20180713 09:29,464.0,464.0,464.0,464.0,18624,4.0,136896,0.0,864731000.0,185000.0,2521,3598,2018-07-13 09:29:00
20180713 09:30,464.0,464.0,464.0,464.0,18780,156.0,136950,54.0,871970000.0,7239000.0,5298,5439,2018-07-13 09:30:00
20180713 09:31,464.0,464.0,464.0,464.0,19022,242.0,137042,92.0,883199000.0,11229000.0,6847,4669,2018-07-13 09:31:00
20180713 09:32,464.0,464.0,464.0,464.0,19194,172.0,137032,-10.0,891179000.0,7980000.0,3118,2085,2018-07-13 09:32:00
20180713 09:33,464.0,464.0,464.0,464.0,19194,0.0,137032,0.0,891179000.0,0.0,987,2868,2018-07-13 09:33:00
20180713 09:34,464.0,464.0,464.0,464.0,19196,2.0,137032,0.0,891272000.0,93000.0,701,1918,2018-07-13 09:34:00
20180713 09:35,464.0,464.0,464.0,464.0,19354,158.0,137050,18.0,898603000.0,7331000.0,3704,4389,2018-07-13 09:35:00
20180713 09:36,464.0,464.0,464.0,464.0,19442,88.0,137090,40.0,902687000.0,4084000.0,2463,4067,2018-07-13 09:36:00
20180713 09:37,464.0,464.0,464.0,464.0,19442,0.0,137090,0.0,902687000.0,0.0,1312,2423,2018-07-13 09:37:00
20180713 09:38,464.0,464.0,464.0,464.0,19442,0.0,137090,0.0,902687000.0,0.0,3078,5138,2018-07-13 09:38:00
20180713 09:39,464.0,464.0,464.0,464.0,19442,0.0,137090,0.0,902687000.0,0.0,1061,2031,2018-07-13 09:39:00
20180713 09:40,464.0,464.0,463.5,463.5,19566,124.0,137114,24.0,908433000.0,5746000.0,9134,4163,2018-07-13 09:40:00
20180713 09:41,463.5,463.5,463.5,463.5,20214,648.0,137320,206.0,938468000.0,30035000.0,1449,2688,2018-07-13 09:41:00
20180713 09:42,463.5,463.5,463.5,463.5,20234,20.0,137340,20.0,939395000.0,927000.0,1244,1164,2018-07-13 09:42:00
20180713 09:43,463.5,463.5,463.5,463.5,20234,0.0,137340,0.0,939395000.0,0.0,1018,860,2018-07-13 09:43:00
20180713 09:44,463.5,463.5,463.5,463.5,20234,0.0,137340,0.0,939395000.0,0.0,361,288,2018-07-13 09:44:00
20180713 09:46,463.5,463.5,463.0,463.0,20898,664.0,137308,-32.0,970138000.0,30743000.0,10161,6054,2018-07-13 09:46:00
20180713 09:47,463.0,463.0,463.0,463.0,21034,136.0,137444,136.0,976435000.0,6297000.0,10363,4884,2018-07-13 09:47:00
20180713 09:48,463.0,463.5,463.0,463.5,21750,716.0,138016,572.0,1009620000.0,33185000.0,4193,5051,2018-07-13 09:48:00
20180713 09:49,463.5,463.5,463.5,463.5,21750,0.0,138016,0.0,1009620000.0,0.0,1225,3353,2018-07-13 09:49:00
20180713 09:50,463.5,464.0,463.5,464.0,21754,4.0,138016,0.0,1009810000.0,190000.0,912,2496,2018-07-13 09:50:00
20180713 09:51,464.0,464.0,464.0,464.0,21756,2.0,138016,0.0,1009900000.0,90000.0,598,1664,2018-07-13 09:51:00
20180713 09:52,464.0,464.0,464.0,464.0,21758,2.0,138016,0.0,1009990000.0,90000.0,940,2496,2018-07-13 09:52:00
20180713 09:53,464.0,464.0,464.0,464.0,21758,0.0,138016,0.0,1009990000.0,0.0,162,416,2018-07-13 09:53:00
20180713 09:54,464.0,464.0,464.0,464.0,21758,0.0,138016,0.0,1009990000.0,0.0,322,834,2018-07-13 09:54:00
20180713 09:55,464.0,464.0,464.0,464.0,21758,0.0,138016,0.0,1009990000.0,0.0,156,417,2018-07-13 09:55:00
20180713 09:58,464.0,464.0,464.0,464.0,21758,0.0,138016,0.0,1009990000.0,0.0,636,1672,2018-07-13 09:58:00
20180713 09:59,464.0,464.0,464.0,464.0,21758,0.0,138016,0.0,1009990000.0,0.0,482,1253,2018-07-13 09:59:00
20180713 10:00,464.0,464.0,464.0,464.0,21758,0.0,138016,0.0,1009990000.0,0.0,162,417,2018-07-13 10:00:00
20180713 10:01,464.0,464.0,464.0,464.0,21758,0.0,138016,0.0,1009990000.0,0.0,324,831,2018-07-13 10:01:00
20180713 10:02,464.0,464.0,464.0,464.0,21758,0.0,138016,0.0,1009990000.0,0.0,162,414,2018-07-13 10:02:00
20180713 10:04,464.0,464.0,464.0,464.0,21758,0.0,138016,0.0,1009990000.0,0.0,796,1820,2018-07-13 10:04:00
20180713 10:06,464.0,464.0,463.5,463.5,21778,20.0,138022,6.0,1010920000.0,930000.0,3834,3524,2018-07-13 10:06:00
20180713 10:07,463.5,463.5,463.5,463.5,21812,34.0,138028,6.0,1012500000.0,1580000.0,4530,2253,2018-07-13 10:07:00
20180713 10:08,463.5,463.5,463.5,463.5,22338,526.0,137628,-400.0,1036880000.0,24380000.0,6220,1103,2018-07-13 10:08:00
20180713 10:09,463.5,463.5,463.5,463.5,22338,0.0,137628,0.0,1036880000.0,0.0,1980,1095,2018-07-13 10:09:00
20180713 10:10,463.5,464.0,463.5,464.0,22344,6.0,137622,-6.0,1037150000.0,270000.0,2525,6727,2018-07-13 10:10:00
20180713 10:11,464.0,464.0,464.0,464.0,22900,556.0,137204,-418.0,1062950000.0,25800000.0,3817,4275,2018-07-13 10:11:00
20180713 10:12,464.0,464.0,464.0,464.0,22908,8.0,137204,0.0,1063320000.0,370000.0,3269,853,2018-07-13 10:12:00
20180713 10:13,464.0,464.0,464.0,464.0,22908,0.0,137204,0.0,1063320000.0,0.0,2975,1338,2018-07-13 10:13:00
20180713 10:14,464.0,464.5,464.0,464.5,23116,208.0,137164,-40.0,1072980000.0,9660000.0,10095,5528,2018-07-13 10:14:00
20180713 10:15,464.5,464.5,464.5,464.5,23116,0.0,137164,0.0,1072980000.0,0.0,344,232,2018-07-13 10:15:00
20180713 10:30,464.5,464.5,464.5,464.5,23574,458.0,137190,26.0,1094260000.0,21280000.0,3941,3039,2018-07-13 10:30:00
20180713 10:31,464.5,464.5,464.5,464.5,24046,472.0,137246,56.0,1116180000.0,21920000.0,3138,5383,2018-07-13 10:31:00
20180713 10:32,464.5,464.5,464.5,464.5,24152,106.0,137214,-32.0,1121110000.0,4930000.0,1716,4458,2018-07-13 10:32:00
20180713 10:33,464.5,465.0,464.5,465.0,24388,236.0,137388,174.0,1132070000.0,10960000.0,4479,4085,2018-07-13 10:33:00
20180713 10:34,465.0,465.0,465.0,465.0,24586,198.0,137356,-32.0,1141280000.0,9210000.0,3909,8072,2018-07-13 10:34:00
20180713 10:35,465.0,465.0,465.0,465.0,25412,826.0,137500,144.0,1179690000.0,38410000.0,4562,3335,2018-07-13 10:35:00
20180713 10:36,465.0,465.5,465.0,465.5,25452,40.0,137538,38.0,1181550000.0,1860000.0,8010,5702,2018-07-13 10:36:00
20180713 10:37,465.5,465.5,465.5,465.5,25452,0.0,137538,0.0,1181550000.0,0.0,8637,4285,2018-07-13 10:37:00
20180713 10:38,465.5,465.5,465.0,465.0,26024,572.0,137228,-310.0,1208140000.0,26590000.0,7869,5702,2018-07-13 10:38:00
20180713 10:39,465.0,465.5,465.0,465.5,26026,2.0,137230,2.0,1208240000.0,100000.0,1298,1051,2018-07-13 10:39:00
20180713 10:40,465.0,465.0,465.0,465.0,26098,72.0,137224,-6.0,1211590000.0,3350000.0,1337,989,2018-07-13 10:40:00
20180713 10:41,465.0,465.0,465.0,465.0,26098,0.0,137224,0.0,1211590000.0,0.0,812,890,2018-07-13 10:41:00
20180713 10:42,465.0,465.5,465.0,465.5,27264,1166.0,137390,166.0,1265860000.0,54270000.0,5951,4341,2018-07-13 10:42:00
20180713 10:43,465.5,465.5,465.5,465.5,27724,460.0,137070,-320.0,1287280000.0,21420000.0,3556,1993,2018-07-13 10:43:00
20180713 10:44,465.5,466.0,465.5,466.0,27794,70.0,137072,2.0,1290530000.0,3250000.0,2035,995,2018-07-13 10:44:00
20180713 10:45,465.5,465.5,465.5,465.5,27886,92.0,137070,-2.0,1294820000.0,4290000.0,3562,1516,2018-07-13 10:45:00
20180713 10:46,465.5,465.5,465.5,465.5,28010,124.0,137032,-38.0,1300590000.0,5770000.0,2047,2916,2018-07-13 10:46:00
20180713 10:47,465.5,465.5,465.5,465.5,28016,6.0,137030,-2.0,1300870000.0,280000.0,821,593,2018-07-13 10:47:00
20180713 10:48,465.5,465.5,465.5,465.5,28018,2.0,137030,0.0,1300960000.0,90000.0,1001,766,2018-07-13 10:48:00
20180713 10:49,465.5,465.5,465.5,465.5,29678,1660.0,137474,444.0,1378230000.0,77270000.0,3032,7582,2018-07-13 10:49:00
20180713 10:50,465.5,466.0,465.5,466.0,29752,74.0,137502,28.0,1381680000.0,3450000.0,1645,1835,2018-07-13 10:50:00
20180713 10:51,466.0,466.0,465.5,465.5,30200,448.0,137570,68.0,1402530000.0,20850000.0,4904,2877,2018-07-13 10:51:00
20180713 10:52,465.5,465.5,465.5,465.5,30260,60.0,137570,0.0,1405330000.0,2800000.0,2072,1473,2018-07-13 10:52:00
20180713 10:53,465.5,465.5,465.5,465.5,30308,48.0,137570,0.0,1407560000.0,2230000.0,738,616,2018-07-13 10:53:00
20180713 10:54,465.5,465.5,465.5,465.5,30308,0.0,137570,0.0,1407560000.0,0.0,678,637,2018-07-13 10:54:00
20180713 10:55,465.5,465.5,465.5,465.5,30364,56.0,137570,0.0,1410170000.0,2610000.0,1211,1531,2018-07-13 10:55:00
20180713 10:56,465.5,466.0,465.5,466.0,30366,2.0,137570,0.0,1410260000.0,90000.0,880,1056,2018-07-13 10:56:00
20180713 10:57,466.0,466.0,465.5,466.0,30384,18.0,137572,2.0,1411100000.0,840000.0,1950,2018,2018-07-13 10:57:00
20180713 10:58,466.0,466.0,466.0,466.0,30384,0.0,137572,0.0,1411100000.0,0.0,155,162,2018-07-13 10:58:00
20180713 10:59,466.0,466.0,465.5,465.5,30516,132.0,137562,-10.0,1417240000.0,6140000.0,1505,1139,2018-07-13 10:59:00
20180713 11:00,465.5,465.5,465.5,465.5,30516,0.0,137562,0.0,1417240000.0,0.0,290,349,2018-07-13 11:00:00
20180713 11:01,465.5,466.0,465.5,466.0,30518,2.0,137560,-2.0,1417340000.0,100000.0,755,751,2018-07-13 11:01:00
20180713 11:02,466.0,466.0,466.0,466.0,30518,0.0,137560,0.0,1417340000.0,0.0,585,855,2018-07-13 11:02:00
20180713 11:03,466.0,466.0,466.0,466.0,30690,172.0,137628,68.0,1425350000.0,8010000.0,3556,2534,2018-07-13 11:03:00
20180713 11:04,466.0,466.5,466.0,466.0,31088,398.0,137884,256.0,1443900000.0,18550000.0,8058,1673,2018-07-13 11:04:00
20180713 11:05,466.0,466.0,466.0,466.0,31088,0.0,137884,0.0,1443900000.0,0.0,14408,4519,2018-07-13 11:05:00
20180713 11:06,466.0,466.5,466.0,466.5,31522,434.0,137922,38.0,1464150000.0,20250000.0,14607,10269,2018-07-13 11:06:00
20180713 11:07,466.5,466.5,466.5,466.5,32172,650.0,137954,32.0,1494470000.0,30320000.0,12438,3682,2018-07-13 11:07:00
20180713 11:08,466.5,466.5,466.0,466.5,32326,154.0,137954,0.0,1501640000.0,7170000.0,11659,4980,2018-07-13 11:08:00
20180713 11:09,466.5,466.5,466.0,466.0,32556,230.0,138102,148.0,1512360000.0,10720000.0,8626,1741,2018-07-13 11:09:00
20180713 11:10,466.0,466.0,466.0,466.0,32556,0.0,138102,0.0,1512360000.0,0.0,4368,1528,2018-07-13 11:10:00
20180713 11:11,466.0,466.5,466.0,466.5,32560,4.0,138098,-4.0,1512550000.0,190000.0,3298,1562,2018-07-13 11:11:00
20180713 11:12,466.5,466.5,466.5,466.5,32560,0.0,138098,0.0,1512550000.0,0.0,990,404,2018-07-13 11:12:00
20180713 11:13,466.5,466.5,466.5,466.5,32560,0.0,138098,0.0,1512550000.0,0.0,1322,479,2018-07-13 11:13:00
20180713 11:14,466.5,466.5,466.5,466.5,32560,0.0,138098,0.0,1512550000.0,0.0,4566,1926,2018-07-13 11:14:00
20180713 11:15,466.5,466.5,466.0,466.0,32562,2.0,138098,0.0,1512640000.0,90000.0,4125,2763,2018-07-13 11:15:00
20180713 11:16,466.0,466.5,466.0,466.5,32608,46.0,138074,-24.0,1514790000.0,2150000.0,4410,6691,2018-07-13 11:16:00
20180713 11:17,466.5,466.5,466.5,466.5,32854,246.0,138094,20.0,1526260000.0,11470000.0,3873,10638,2018-07-13 11:17:00
20180713 11:18,466.5,466.5,466.5,466.5,33152,298.0,138252,158.0,1540170000.0,13910000.0,3974,3021,2018-07-13 11:18:00
20180713 11:19,466.5,466.5,466.5,466.5,33152,0.0,138252,0.0,1540170000.0,0.0,1359,1370,2018-07-13 11:19:00
20180713 11:20,466.5,466.5,466.5,466.5,33564,412.0,138250,-2.0,1559380000.0,19210000.0,2223,10013,2018-07-13 11:20:00
20180713 11:21,466.5,466.5,466.5,466.5,33564,0.0,138250,0.0,1559380000.0,0.0,845,3377,2018-07-13 11:21:00
20180713 11:22,466.5,466.5,466.5,466.5,33564,0.0,138250,0.0,1559380000.0,0.0,899,2795,2018-07-13 11:22:00
20180713 11:23,466.5,466.5,466.5,466.5,33564,0.0,138250,0.0,1559380000.0,0.0,1544,2152,2018-07-13 11:23:00
20180713 11:24,466.5,466.5,466.0,466.0,33628,64.0,138232,-18.0,1562370000.0,2990000.0,1226,1469,2018-07-13 11:24:00
20180713 11:25,466.0,466.0,466.0,466.0,33664,36.0,138202,-30.0,1564040000.0,1670000.0,950,793,2018-07-13 11:25:00
20180713 11:26,466.0,466.0,466.0,466.0,33808,144.0,138260,58.0,1570760000.0,6720000.0,2720,6445,2018-07-13 11:26:00
20180713 11:27,466.0,466.5,466.0,466.0,33930,122.0,138168,-92.0,1576440000.0,5680000.0,4103,2380,2018-07-13 11:27:00
20180713 11:28,466.0,466.0,466.0,466.0,37360,3430.0,138022,-146.0,1736280000.0,159840000.0,2977,11247,2018-07-13 11:28:00
20180713 11:29,465.5,466.0,465.5,466.0,37402,42.0,138048,26.0,1738240000.0,1960000.0,1924,3866,2018-07-13 11:29:00
20180713 13:30,466.0,466.0,465.5,465.5,37620,218.0,138156,108.0,1748380000.0,10140000.0,3883,6182,2018-07-13 13:30:00
20180713 13:31,465.5,465.5,464.5,465.0,38936,1316.0,138184,28.0,1809530000.0,61150000.0,5026,9380,2018-07-13 13:31:00
20180713 13:32,465.0,466.0,465.0,465.5,39248,312.0,138312,128.0,1824050000.0,14520000.0,5818,3836,2018-07-13 13:32:00
20180713 13:33,465.5,465.5,465.5,465.5,39418,170.0,138314,2.0,1831970000.0,7920000.0,3801,2837,2018-07-13 13:33:00
20180713 13:34,465.5,465.5,465.5,465.5,39548,130.0,138336,22.0,1838020000.0,6050000.0,6560,4029,2018-07-13 13:34:00
20180713 13:35,465.5,465.5,465.5,465.5,39786,238.0,138402,66.0,1849100000.0,11080000.0,9556,5669,2018-07-13 13:35:00
20180713 13:36,465.5,465.5,465.0,465.5,40118,332.0,138544,142.0,1864550000.0,15450000.0,9997,5551,2018-07-13 13:36:00
20180713 13:37,465.5,465.5,465.5,465.5,40118,0.0,138544,0.0,1864550000.0,0.0,217,129,2018-07-13 13:37:00
20180713 13:38,465.5,465.5,465.0,465.0,40428,310.0,138510,-34.0,1878970000.0,14420000.0,5467,4343,2018-07-13 13:38:00
20180713 13:39,465.0,465.0,465.0,465.0,40690,262.0,138510,0.0,1891150000.0,12180000.0,3791,3345,2018-07-13 13:39:00
20180713 13:40,465.0,465.0,464.5,464.5,41320,630.0,138592,82.0,1920440000.0,29290000.0,3099,3034,2018-07-13 13:40:00
20180713 13:41,464.5,464.5,464.5,464.5,41802,482.0,138228,-364.0,1942830000.0,22390000.0,5940,3889,2018-07-13 13:41:00
20180713 13:42,464.5,464.5,464.5,464.5,41932,130.0,138230,2.0,1948870000.0,6040000.0,2583,1593,2018-07-13 13:42:00
20180713 13:43,464.5,464.5,464.5,464.5,42582,650.0,137712,-518.0,1979060000.0,30190000.0,5600,3883,2018-07-13 13:43:00
20180713 13:44,464.5,464.5,464.5,464.5,43182,600.0,137398,-314.0,2006930000.0,27870000.0,3931,2708,2018-07-13 13:44:00
20180713 13:45,464.5,464.5,464.5,464.5,43648,466.0,137084,-314.0,2028580000.0,21650000.0,5000,1893,2018-07-13 13:45:00
20180713 13:46,464.5,464.5,464.0,464.5,44248,600.0,137152,68.0,2056450000.0,27870000.0,3178,2868,2018-07-13 13:46:00
20180713 13:47,464.5,464.5,464.5,464.5,44248,0.0,137152,0.0,2056450000.0,0.0,2146,3004,2018-07-13 13:47:00
20180713 13:48,464.5,464.5,464.5,464.5,44248,0.0,137152,0.0,2056450000.0,0.0,1150,1673,2018-07-13 13:48:00
20180713 13:49,464.5,464.5,464.5,464.5,44248,0.0,137152,0.0,2056450000.0,0.0,404,561,2018-07-13 13:49:00
20180713 13:50,464.5,464.5,464.5,464.5,44452,204.0,137210,58.0,2065920000.0,9470000.0,1040,633,2018-07-13 13:50:00
20180713 13:51,464.5,465.0,464.5,465.0,44456,4.0,137206,-4.0,2066110000.0,190000.0,1086,1091,2018-07-13 13:51:00
20180713 13:52,465.0,465.0,465.0,465.0,44456,0.0,137206,0.0,2066110000.0,0.0,505,467,2018-07-13 13:52:00
20180713 13:53,465.0,465.0,464.5,464.5,44460,4.0,137206,0.0,2066300000.0,190000.0,524,483,2018-07-13 13:53:00
20180713 13:54,465.0,465.0,465.0,465.0,44462,2.0,137206,0.0,2066390000.0,90000.0,370,357,2018-07-13 13:54:00
20180713 13:55,465.0,465.0,465.0,465.0,44462,0.0,137206,0.0,2066390000.0,0.0,1116,1246,2018-07-13 13:55:00
20180713 13:56,465.0,465.0,465.0,465.0,44462,0.0,137206,0.0,2066390000.0,0.0,604,585,2018-07-13 13:56:00
20180713 13:57,465.0,465.0,465.0,465.0,44464,2.0,137204,-2.0,2066480000.0,90000.0,867,912,2018-07-13 13:57:00
20180713 13:58,465.0,465.0,464.5,464.5,44756,292.0,137254,50.0,2080050000.0,13570000.0,6963,5333,2018-07-13 13:58:00
20180713 13:59,464.5,464.5,464.5,464.5,44758,2.0,137256,2.0,2080140000.0,90000.0,5051,3922,2018-07-13 13:59:00
20180713 14:00,464.5,464.5,464.5,464.5,44758,0.0,137256,0.0,2080140000.0,0.0,1210,1855,2018-07-13 14:00:00
20180713 14:01,464.5,464.5,464.0,464.0,44944,186.0,137302,46.0,2088770000.0,8630000.0,5157,2305,2018-07-13 14:01:00
20180713 14:02,464.0,464.0,463.5,463.5,45290,346.0,137496,194.0,2104810000.0,16040000.0,2801,3556,2018-07-13 14:02:00
20180713 14:03,463.5,463.5,463.5,463.5,45468,178.0,137472,-24.0,2113060000.0,8250000.0,6897,8102,2018-07-13 14:03:00
20180713 14:04,463.5,463.5,463.5,463.5,45646,178.0,137490,18.0,2121310000.0,8250000.0,7121,5429,2018-07-13 14:04:00
20180713 14:05,463.5,463.5,463.5,463.5,45922,276.0,137602,112.0,2134100000.0,12790000.0,7096,4701,2018-07-13 14:05:00
20180713 14:06,463.5,463.5,463.5,463.5,45922,0.0,137602,0.0,2134100000.0,0.0,2957,4286,2018-07-13 14:06:00
20180713 14:07,463.5,463.5,463.5,463.5,45922,0.0,137602,0.0,2134100000.0,0.0,1533,1736,2018-07-13 14:07:00
20180713 14:08,463.5,463.5,463.5,463.5,45922,0.0,137602,0.0,2134100000.0,0.0,1096,1128,2018-07-13 14:08:00
20180713 14:09,463.5,463.5,463.5,463.5,45922,0.0,137602,0.0,2134100000.0,0.0,1816,1702,2018-07-13 14:09:00
20180713 14:10,463.5,463.5,463.5,463.5,45922,0.0,137602,0.0,2134100000.0,0.0,1003,996,2018-07-13 14:10:00
20180713 14:11,463.5,464.0,463.5,464.0,45924,2.0,137604,2.0,2134190000.0,90000.0,1414,1388,2018-07-13 14:11:00
20180713 14:12,464.0,464.0,464.0,464.0,45940,16.0,137602,-2.0,2134940000.0,750000.0,3825,4839,2018-07-13 14:12:00
20180713 14:13,464.0,464.0,464.0,464.0,45942,2.0,137602,0.0,2135030000.0,90000.0,1413,2206,2018-07-13 14:13:00
20180713 14:14,464.0,464.0,464.0,464.0,45984,42.0,137604,2.0,2136980000.0,1950000.0,1766,3533,2018-07-13 14:14:00
20180713 14:15,464.0,464.0,463.5,463.5,46064,80.0,137602,-2.0,2140690000.0,3710000.0,4665,2204,2018-07-13 14:15:00
20180713 14:16,463.5,463.5,463.5,463.5,46064,0.0,137602,0.0,2140690000.0,0.0,6168,3026,2018-07-13 14:16:00
20180713 14:17,463.5,463.5,463.5,463.5,46184,120.0,137514,-88.0,2146250000.0,5560000.0,8845,3463,2018-07-13 14:17:00
20180713 14:18,463.5,463.5,463.5,463.5,46228,44.0,137514,0.0,2148290000.0,2040000.0,6769,1762,2018-07-13 14:18:00
20180713 14:19,463.5,463.5,463.5,463.5,46228,0.0,137514,0.0,2148290000.0,0.0,4878,2924,2018-07-13 14:19:00
20180713 14:20,463.5,463.5,463.5,463.5,46234,6.0,137508,-6.0,2148570000.0,280000.0,2883,2203,2018-07-13 14:20:00
20180713 14:21,464.0,464.0,464.0,464.0,46238,4.0,137508,0.0,2148750000.0,180000.0,5696,4194,2018-07-13 14:21:00
20180713 14:22,464.0,464.0,464.0,464.0,46238,0.0,137508,0.0,2148750000.0,0.0,682,532,2018-07-13 14:22:00
20180713 14:23,463.5,463.5,463.5,463.5,46528,290.0,137634,126.0,2162190000.0,13440000.0,3926,1151,2018-07-13 14:23:00
20180713 14:24,463.5,463.5,463.5,463.5,46550,22.0,137654,20.0,2163210000.0,1020000.0,1372,776,2018-07-13 14:24:00
20180713 14:25,463.5,464.0,463.5,464.0,46554,4.0,137652,-2.0,2163400000.0,190000.0,2017,1361,2018-07-13 14:25:00
20180713 14:26,464.0,464.0,463.5,463.5,46558,4.0,137652,0.0,2163580000.0,180000.0,1825,749,2018-07-13 14:26:00
20180713 14:27,463.5,463.5,463.5,463.5,46906,348.0,137692,40.0,2179710000.0,16130000.0,3347,3986,2018-07-13 14:27:00
20180713 14:28,463.5,463.5,463.5,463.5,46906,0.0,137692,0.0,2179710000.0,0.0,780,1335,2018-07-13 14:28:00
20180713 14:29,463.5,463.5,463.5,463.5,46908,2.0,137692,0.0,2179810000.0,100000.0,4367,4685,2018-07-13 14:29:00
20180713 14:30,463.5,463.5,463.5,463.5,47094,186.0,137848,156.0,2188430000.0,8620000.0,2613,4210,2018-07-13 14:30:00
20180713 14:31,463.5,463.5,463.5,463.5,48402,1308.0,138102,254.0,2249050000.0,60620000.0,3857,7079,2018-07-13 14:31:00
20180713 14:32,463.5,463.5,463.5,463.5,48464,62.0,138124,22.0,2251930000.0,2880000.0,3589,3341,2018-07-13 14:32:00
20180713 14:33,463.5,463.5,463.5,463.5,48464,0.0,138124,0.0,2251930000.0,0.0,211,349,2018-07-13 14:33:00
20180713 14:34,463.5,463.5,463.5,463.5,48470,6.0,138130,6.0,2252200000.0,270000.0,1988,2923,2018-07-13 14:34:00
20180713 14:35,463.5,463.5,463.5,463.5,48470,0.0,138130,0.0,2252200000.0,0.0,2990,3465,2018-07-13 14:35:00
20180713 14:36,463.5,463.5,463.5,463.5,48470,0.0,138130,0.0,2252200000.0,0.0,4352,5985,2018-07-13 14:36:00
20180713 14:37,463.5,463.5,463.5,463.5,48678,208.0,138328,198.0,2261840000.0,9640000.0,5539,6131,2018-07-13 14:37:00
20180713 14:38,463.5,463.5,463.5,463.5,48978,300.0,138628,300.0,2275750000.0,13910000.0,5362,4101,2018-07-13 14:38:00
20180713 14:39,463.5,463.5,463.5,463.5,49090,112.0,138628,0.0,2280940000.0,5190000.0,3848,4592,2018-07-13 14:39:00
20180713 14:40,463.5,463.5,463.5,463.5,49390,300.0,138928,300.0,2294850000.0,13910000.0,5485,4969,2018-07-13 14:40:00
20180713 14:41,463.5,463.5,463.5,463.5,49390,0.0,138928,0.0,2294850000.0,0.0,5449,6371,2018-07-13 14:41:00
20180713 14:42,463.5,463.5,463.5,463.5,49390,0.0,138928,0.0,2294850000.0,0.0,221,271,2018-07-13 14:42:00
20180713 14:43,463.5,463.5,463.5,463.5,49390,0.0,138928,0.0,2294850000.0,0.0,654,1095,2018-07-13 14:43:00
20180713 14:44,463.5,463.5,463.5,463.5,49392,2.0,138930,2.0,2294940000.0,90000.0,814,1407,2018-07-13 14:44:00
20180713 14:45,463.5,464.0,463.5,464.0,49412,20.0,138930,0.0,2295870000.0,930000.0,1915,3563,2018-07-13 14:45:00
20180713 14:46,464.0,464.0,464.0,464.0,49412,0.0,138930,0.0,2295870000.0,0.0,622,1092,2018-07-13 14:46:00
20180713 14:47,464.0,464.0,464.0,464.0,49412,0.0,138930,0.0,2295870000.0,0.0,2090,2876,2018-07-13 14:47:00
20180713 14:48,464.0,464.0,464.0,464.0,49412,0.0,138930,0.0,2295870000.0,0.0,1801,2854,2018-07-13 14:48:00
20180713 14:49,464.0,464.0,464.0,464.0,49418,6.0,138926,-4.0,2296150000.0,280000.0,4999,7149,2018-07-13 14:49:00
20180713 14:50,464.0,464.0,464.0,464.0,49418,0.0,138926,0.0,2296150000.0,0.0,1065,1078,2018-07-13 14:50:00
20180713 14:52,464.0,464.0,464.0,464.0,49420,2.0,138924,-2.0,2296240000.0,90000.0,1341,1377,2018-07-13 14:52:00
20180713 14:53,464.0,464.0,464.0,464.0,49424,4.0,138920,-4.0,2296420000.0,180000.0,817,742,2018-07-13 14:53:00
20180713 14:54,464.0,464.0,463.5,464.0,49594,170.0,139040,120.0,2304300000.0,7880000.0,5250,4226,2018-07-13 14:54:00
20180713 14:55,464.0,464.0,462.5,462.5,50306,712.0,139280,240.0,2337280000.0,32980000.0,5296,4246,2018-07-13 14:55:00
20180713 14:56,462.5,462.5,462.0,462.0,50658,352.0,139404,124.0,2353560000.0,16280000.0,3131,2991,2018-07-13 14:56:00
20180713 14:57,462.0,462.5,461.5,461.5,50856,198.0,139478,74.0,2362710000.0,9150000.0,5273,3186,2018-07-13 14:57:00
20180713 14:58,461.5,462.0,461.5,462.0,51914,1058.0,139392,-86.0,2411580000.0,48870000.0,7776,3741,2018-07-13 14:58:00
20180713 14:59,462.0,462.0,461.5,462.0,53262,1348.0,139466,74.0,2473830000.0,62250000.0,3651,6139,2018-07-13 14:59:00
20180713 15:00,462.0,462.0,462.0,462.0,53262,0.0,139466,0.0,2473830000.0,0.0,238,50,2018-07-13 15:00:00
20180713 20:59,467.0,467.0,467.0,467.0,306,306.0,136478,-2988.0,14290200.0,14290200.0,61,1,2018-07-13 20:59:00
20180713 21:00,467.0,467.0,464.0,465.5,806,500.0,136348,-130.0,37561600.0,23271400.0,3092,4972,2018-07-13 21:00:00
20180713 21:01,465.5,465.5,465.0,465.0,1192,386.0,136310,-38.0,55521900.0,17960300.0,4925,2338,2018-07-13 21:01:00
20180713 21:02,465.0,465.5,465.0,465.5,1628,436.0,136308,-2.0,75805700.0,20283800.0,5082,4049,2018-07-13 21:02:00
20180713 21:03,465.5,465.5,464.5,464.5,1766,138.0,136252,-56.0,82222700.0,6417000.0,2375,2522,2018-07-13 21:03:00
20180713 21:04,464.5,464.5,464.5,464.5,1766,0.0,136252,0.0,82222700.0,0.0,1439,1099,2018-07-13 21:04:00
20180713 21:05,464.5,464.5,464.5,464.5,1766,0.0,136252,0.0,82222700.0,0.0,1582,1129,2018-07-13 21:05:00
20180713 21:06,465.0,465.0,464.5,465.0,1890,124.0,136148,-104.0,87988400.0,5765700.0,2703,5551,2018-07-13 21:06:00
20180713 21:07,465.0,465.0,464.5,464.5,2032,142.0,136144,-4.0,94584300.0,6595900.0,1371,6408,2018-07-13 21:07:00
20180713 21:08,464.5,465.0,464.5,465.0,2082,50.0,136094,-50.0,96909300.0,2325000.0,1950,5179,2018-07-13 21:08:00
20180713 21:09,465.0,465.0,465.0,465.0,2090,8.0,136090,-4.0,97281300.0,372000.0,1414,3360,2018-07-13 21:09:00
20180713 21:10,465.0,465.0,464.5,464.5,2092,2.0,136090,0.0,97374200.0,92900.0,2243,3973,2018-07-13 21:10:00
20180713 21:11,464.5,464.5,464.5,464.5,2092,0.0,136090,0.0,97374200.0,0.0,1854,3162,2018-07-13 21:11:00
20180713 21:12,464.5,465.0,464.5,465.0,2094,2.0,136092,2.0,97467200.0,93000.0,1326,2646,2018-07-13 21:12:00
20180713 21:13,465.0,465.0,465.0,465.0,2096,2.0,136094,2.0,97560200.0,93000.0,1642,3651,2018-07-13 21:13:00
20180713 21:14,465.0,465.0,464.5,465.0,2800,704.0,135728,-366.0,130296000.0,32735800.0,2932,4558,2018-07-13 21:14:00
20180713 21:15,465.0,465.0,465.0,465.0,3068,268.0,135650,-78.0,142758000.0,12462000.0,2006,6515,2018-07-13 21:15:00
20180713 21:16,465.0,466.0,465.0,465.5,3492,424.0,135494,-156.0,162499000.0,19741000.0,5239,9128,2018-07-13 21:16:00
20180713 21:17,465.5,465.5,465.0,465.0,3566,74.0,135456,-38.0,165940000.0,3441000.0,3947,7074,2018-07-13 21:17:00
20180713 21:18,465.0,465.0,465.0,465.0,3850,284.0,135302,-154.0,179146000.0,13206000.0,3979,3714,2018-07-13 21:18:00
20180713 21:19,465.0,465.0,465.0,465.0,3850,0.0,135302,0.0,179146000.0,0.0,2719,2737,2018-07-13 21:19:00
20180713 21:20,465.0,465.0,464.5,464.5,3862,12.0,135314,12.0,179703000.0,557000.0,4039,1934,2018-07-13 21:20:00
20180713 21:21,464.5,465.0,464.5,465.0,3966,104.0,135418,104.0,184539000.0,4836000.0,2917,533,2018-07-13 21:21:00
20180713 21:22,465.0,465.0,464.5,464.5,3972,6.0,135420,2.0,184818000.0,279000.0,3517,683,2018-07-13 21:22:00
20180713 21:23,464.5,464.5,464.5,464.5,4038,66.0,135402,-18.0,187884000.0,3066000.0,2685,1051,2018-07-13 21:23:00
20180713 21:24,464.5,464.5,464.0,464.5,4114,76.0,135396,-6.0,191414000.0,3530000.0,2135,7535,2018-07-13 21:24:00
20180713 21:25,464.5,464.5,464.0,464.0,4256,142.0,135398,2.0,198003000.0,6589000.0,3026,11730,2018-07-13 21:25:00
20180713 21:26,464.0,464.0,464.0,464.0,4276,20.0,135404,6.0,198931000.0,928000.0,7945,10529,2018-07-13 21:26:00
20180713 21:27,464.0,464.0,464.0,464.0,4276,0.0,135404,0.0,198931000.0,0.0,3673,3834,2018-07-13 21:27:00
20180713 21:28,464.0,464.0,464.0,464.0,4276,0.0,135404,0.0,198931000.0,0.0,5716,6545,2018-07-13 21:28:00
20180713 21:29,464.0,464.5,464.0,464.0,4578,302.0,135456,52.0,212945000.0,14014000.0,2965,8725,2018-07-13 21:29:00
20180713 21:30,464.0,464.0,464.0,464.0,4700,122.0,135456,0.0,218606000.0,5661000.0,1733,4235,2018-07-13 21:30:00
20180713 21:31,464.0,464.0,464.0,464.0,4700,0.0,135456,0.0,218606000.0,0.0,2160,5903,2018-07-13 21:31:00
20180713 21:32,464.0,464.0,464.0,464.0,4714,14.0,135456,0.0,219255000.0,649000.0,487,1353,2018-07-13 21:32:00
20180713 21:33,464.0,464.0,464.0,464.0,4742,28.0,135482,26.0,220554000.0,1299000.0,1940,4842,2018-07-13 21:33:00
20180713 21:34,464.0,464.0,464.0,464.0,4744,2.0,135484,2.0,220647000.0,93000.0,2257,5584,2018-07-13 21:34:00
20180713 21:35,464.0,464.0,464.0,464.0,4744,0.0,135484,0.0,220647000.0,0.0,1779,3863,2018-07-13 21:35:00
20180713 21:36,464.0,464.0,464.0,464.0,4744,0.0,135484,0.0,220647000.0,0.0,1437,3021,2018-07-13 21:36:00
20180713 21:37,464.0,464.0,464.0,464.0,5490,746.0,135452,-32.0,255262000.0,34615000.0,3226,7283,2018-07-13 21:37:00
20180713 21:38,464.0,464.0,464.0,464.0,5492,2.0,135452,0.0,255354000.0,92000.0,523,2782,2018-07-13 21:38:00
20180713 21:39,464.0,464.0,464.0,464.0,5492,0.0,135452,0.0,255354000.0,0.0,886,3823,2018-07-13 21:39:00
20180713 21:40,464.0,464.0,463.5,463.5,5656,164.0,135598,146.0,262956000.0,7602000.0,2285,4952,2018-07-13 21:40:00
20180713 21:41,463.5,463.5,463.5,463.5,5828,172.0,135446,-152.0,270928000.0,7972000.0,8362,5762,2018-07-13 21:41:00
20180713 21:42,463.5,463.5,463.5,463.5,5828,0.0,135446,0.0,270928000.0,0.0,1769,1902,2018-07-13 21:42:00
20180713 21:43,463.5,463.5,463.5,463.5,5996,168.0,135538,92.0,278715000.0,7787000.0,4397,2729,2018-07-13 21:43:00
20180713 21:44,463.5,463.5,463.5,463.5,5996,0.0,135538,0.0,278715000.0,0.0,3919,1985,2018-07-13 21:44:00
20180713 21:45,463.5,463.5,463.5,463.5,5996,0.0,135538,0.0,278715000.0,0.0,4642,2300,2018-07-13 21:45:00
20180713 21:46,463.5,464.5,463.5,464.5,6210,214.0,135572,34.0,288645000.0,9930000.0,3918,1771,2018-07-13 21:46:00
20180713 21:47,464.5,464.5,464.5,464.5,6210,0.0,135572,0.0,288645000.0,0.0,2159,430,2018-07-13 21:47:00
20180713 21:48,464.5,464.5,464.0,464.0,6214,4.0,135572,0.0,288830000.0,185000.0,2974,700,2018-07-13 21:48:00
20180713 21:49,464.0,464.0,464.0,464.0,6418,204.0,135562,-10.0,298296000.0,9466000.0,3813,3926,2018-07-13 21:49:00
20180713 21:50,464.0,464.0,464.0,464.0,6418,0.0,135562,0.0,298296000.0,0.0,3150,1215,2018-07-13 21:50:00
20180713 21:51,464.0,464.0,464.0,464.0,6418,0.0,135562,0.0,298296000.0,0.0,2380,1145,2018-07-13 21:51:00
20180713 21:52,464.0,464.0,464.0,464.0,6418,0.0,135562,0.0,298296000.0,0.0,1436,955,2018-07-13 21:52:00
20180713 21:53,464.0,464.5,464.0,464.5,6424,6.0,135560,-2.0,298575000.0,279000.0,1094,12288,2018-07-13 21:53:00
20180713 21:54,464.5,465.0,464.5,464.5,6536,112.0,135574,14.0,303778000.0,5203000.0,4646,8612,2018-07-13 21:54:00
20180713 21:55,464.5,464.5,464.5,464.5,6536,0.0,135574,0.0,303778000.0,0.0,3385,2241,2018-07-13 21:55:00
20180713 21:56,464.5,464.5,464.5,464.5,6536,0.0,135574,0.0,303778000.0,0.0,3379,1874,2018-07-13 21:56:00
20180713 21:57,464.5,464.5,464.5,464.5,6536,0.0,135574,0.0,303778000.0,0.0,1995,1580,2018-07-13 21:57:00
20180713 21:58,464.5,464.5,464.5,464.5,6536,0.0,135574,0.0,303778000.0,0.0,3185,1981,2018-07-13 21:58:00
20180713 21:59,464.5,464.5,464.0,464.0,6540,4.0,135574,0.0,303963000.0,185000.0,2670,6944,2018-07-13 21:59:00
20180713 22:00,464.0,464.0,464.0,464.0,6620,80.0,135568,-6.0,307675000.0,3712000.0,5352,3225,2018-07-13 22:00:00
20180713 22:01,464.0,464.0,464.0,464.0,6778,158.0,135558,-10.0,315006000.0,7331000.0,6615,4782,2018-07-13 22:01:00
20180713 22:02,464.0,464.0,464.0,464.0,6778,0.0,135558,0.0,315006000.0,0.0,4435,3197,2018-07-13 22:02:00
20180713 22:03,464.0,464.0,464.0,464.0,6778,0.0,135558,0.0,315006000.0,0.0,2872,4579,2018-07-13 22:03:00
20180713 22:04,464.0,464.0,464.0,464.0,6778,0.0,135558,0.0,315006000.0,0.0,2430,4283,2018-07-13 22:04:00
20180713 22:05,464.0,464.0,464.0,464.0,6778,0.0,135558,0.0,315006000.0,0.0,2557,4644,2018-07-13 22:05:00
20180713 22:06,464.0,464.0,464.0,464.0,6970,192.0,135620,62.0,323915000.0,8909000.0,2194,5613,2018-07-13 22:06:00
20180713 22:07,464.0,464.0,463.5,463.5,6972,2.0,135618,-2.0,324008000.0,93000.0,619,3337,2018-07-13 22:07:00
20180713 22:08,463.5,463.5,463.5,463.5,6972,0.0,135618,0.0,324008000.0,0.0,579,2856,2018-07-13 22:08:00
20180713 22:09,463.5,464.0,463.5,463.5,7042,70.0,135622,4.0,327254000.0,3246000.0,931,6474,2018-07-13 22:09:00
20180713 22:10,463.5,463.5,463.5,463.5,7042,0.0,135622,0.0,327254000.0,0.0,972,5857,2018-07-13 22:10:00
20180713 22:11,463.5,463.5,463.5,463.5,7042,0.0,135622,0.0,327254000.0,0.0,333,1564,2018-07-13 22:11:00
20180713 22:12,463.5,463.5,463.5,463.5,7042,0.0,135622,0.0,327254000.0,0.0,325,1170,2018-07-13 22:12:00
20180713 22:13,463.5,464.0,463.5,464.0,7176,134.0,135684,62.0,333472000.0,6218000.0,5682,5255,2018-07-13 22:13:00
20180713 22:14,464.0,464.0,464.0,464.0,7178,2.0,135686,2.0,333564000.0,92000.0,2740,4529,2018-07-13 22:14:00
20180713 22:15,464.0,464.0,464.0,464.0,7188,10.0,135694,8.0,334028000.0,464000.0,4724,4965,2018-07-13 22:15:00
20180713 22:16,464.0,464.5,464.0,464.5,7212,24.0,135670,-24.0,335143000.0,1115000.0,1794,4824,2018-07-13 22:16:00
20180713 22:17,464.5,464.5,464.0,464.0,7222,10.0,135670,0.0,335607000.0,464000.0,1910,6182,2018-07-13 22:17:00
20180713 22:18,464.0,464.5,464.0,464.5,7252,30.0,135660,-10.0,337001000.0,1394000.0,799,2482,2018-07-13 22:18:00
20180713 22:19,464.5,464.5,464.5,464.5,7266,14.0,135662,2.0,337651000.0,650000.0,953,3765,2018-07-13 22:19:00
20180713 22:20,464.5,464.5,464.5,464.5,7324,58.0,135690,28.0,340345000.0,2694000.0,491,2787,2018-07-13 22:20:00
20180713 22:21,464.5,464.5,464.5,464.5,8728,1404.0,135808,118.0,405561000.0,65216000.0,15180,7436,2018-07-13 22:21:00
20180713 22:22,464.5,464.5,464.5,464.5,8930,202.0,135910,102.0,414944000.0,9383000.0,6049,1481,2018-07-13 22:22:00
20180713 22:23,464.5,464.5,464.5,464.5,8930,0.0,135910,0.0,414944000.0,0.0,5997,1774,2018-07-13 22:23:00
20180713 22:24,464.5,465.0,464.5,464.5,8934,4.0,135912,2.0,415130000.0,186000.0,4397,1324,2018-07-13 22:24:00
20180713 22:25,464.5,464.5,464.5,464.5,8936,2.0,135914,2.0,415223000.0,93000.0,1968,320,2018-07-13 22:25:00
20180713 22:26,464.5,464.5,464.5,464.5,8936,0.0,135914,0.0,415223000.0,0.0,4798,545,2018-07-13 22:26:00
20180713 22:27,464.5,464.5,464.5,464.5,9128,192.0,135934,20.0,424141000.0,8918000.0,8939,5844,2018-07-13 22:27:00
20180713 22:28,464.5,464.5,464.5,464.5,9128,0.0,135934,0.0,424141000.0,0.0,2506,1656,2018-07-13 22:28:00
20180713 22:29,464.5,464.5,464.5,464.5,9578,450.0,135894,-40.0,445043000.0,20902000.0,13808,7157,2018-07-13 22:29:00
20180713 22:30,464.5,464.5,464.5,464.5,9578,0.0,135894,0.0,445043000.0,0.0,13748,8455,2018-07-13 22:30:00
20180713 22:31,464.5,464.5,464.5,464.5,9578,0.0,135894,0.0,445043000.0,0.0,6756,1760,2018-07-13 22:31:00
20180713 22:32,464.5,464.5,464.5,464.5,9578,0.0,135894,0.0,445043000.0,0.0,8176,2487,2018-07-13 22:32:00
20180713 22:33,464.5,464.5,464.5,464.5,9578,0.0,135894,0.0,445043000.0,0.0,9244,2553,2018-07-13 22:33:00
20180713 22:34,464.5,464.5,463.5,463.5,10178,600.0,135992,98.0,472859000.0,27816000.0,7967,6838,2018-07-13 22:34:00
20180713 22:35,463.5,463.5,463.5,463.5,10178,0.0,135992,0.0,472859000.0,0.0,1790,1055,2018-07-13 22:35:00
20180713 22:36,463.5,464.5,463.5,464.5,10338,160.0,135958,-34.0,480284000.0,7425000.0,4915,1703,2018-07-13 22:36:00
20180713 22:37,464.5,464.5,464.5,464.5,10338,0.0,135958,0.0,480284000.0,0.0,2991,286,2018-07-13 22:37:00
20180713 22:38,464.5,464.5,464.0,464.0,10660,322.0,135988,30.0,495225000.0,14941000.0,2605,13880,2018-07-13 22:38:00
20180713 22:39,464.0,464.0,464.0,464.0,10668,8.0,135996,8.0,495596000.0,371000.0,1779,2500,2018-07-13 22:39:00
20180713 22:40,464.0,464.0,464.0,464.0,10668,0.0,135996,0.0,495596000.0,0.0,336,574,2018-07-13 22:40:00
20180713 22:42,464.0,464.0,464.0,464.0,10670,2.0,135998,2.0,495689000.0,93000.0,1221,2336,2018-07-13 22:42:00
20180713 22:43,464.0,464.0,464.0,464.0,10952,282.0,135942,-56.0,508774000.0,13085000.0,12321,4963,2018-07-13 22:43:00
20180713 22:44,464.0,464.0,464.0,464.0,10982,30.0,135962,20.0,510166000.0,1392000.0,4533,11092,2018-07-13 22:44:00
20180713 22:45,464.0,464.0,464.0,464.0,11066,84.0,135992,30.0,514064000.0,3898000.0,3820,12076,2018-07-13 22:45:00
20180713 22:46,464.0,464.0,464.0,464.0,11130,64.0,135992,0.0,517033000.0,2969000.0,2073,9390,2018-07-13 22:46:00
20180713 22:47,464.0,464.0,464.0,464.0,11144,14.0,136000,8.0,517683000.0,650000.0,4654,9145,2018-07-13 22:47:00
20180713 22:48,464.0,464.0,464.0,464.0,11146,2.0,136002,2.0,517776000.0,93000.0,3546,7257,2018-07-13 22:48:00
20180713 22:49,464.0,464.0,464.0,464.0,11198,52.0,136022,20.0,520188000.0,2412000.0,1803,4806,2018-07-13 22:49:00
20180713 22:50,464.0,464.0,464.0,464.0,11452,254.0,136068,46.0,531974000.0,11786000.0,3107,6141,2018-07-13 22:50:00
20180713 22:51,464.0,464.0,464.0,464.0,11474,22.0,136090,22.0,532995000.0,1021000.0,1206,3204,2018-07-13 22:51:00
20180713 22:52,464.0,464.0,464.0,464.0,11522,48.0,136138,48.0,535222000.0,2227000.0,1731,7476,2018-07-13 22:52:00
20180713 22:53,464.0,464.0,464.0,464.0,11524,2.0,136140,2.0,535315000.0,93000.0,601,1636,2018-07-13 22:53:00
20180713 22:54,464.0,464.0,464.0,464.0,11586,62.0,136104,-36.0,538192000.0,2877000.0,3146,16665,2018-07-13 22:54:00
20180713 22:55,464.0,464.0,464.0,464.0,11646,60.0,136060,-44.0,540976000.0,2784000.0,3352,20698,2018-07-13 22:55:00
20180713 22:56,464.0,464.0,464.0,464.0,11710,64.0,136054,-6.0,543945000.0,2969000.0,2902,21279,2018-07-13 22:56:00
20180713 22:57,464.0,464.0,463.5,463.5,12088,378.0,136004,-50.0,561483000.0,17538000.0,5680,14288,2018-07-13 22:57:00
20180713 22:58,463.5,464.0,463.5,464.0,12262,174.0,136054,50.0,569555000.0,8072000.0,3083,25414,2018-07-13 22:58:00
20180713 22:59,464.0,464.0,463.5,464.0,12268,6.0,136052,-2.0,569833000.0,278000.0,2928,9863,2018-07-13 22:59:00
20180713 23:00,464.0,464.0,464.0,464.0,12268,0.0,136052,0.0,569833000.0,0.0,1523,4442,2018-07-13 23:00:00
20180713 23:01,464.0,464.0,464.0,464.0,12268,0.0,136052,0.0,569833000.0,0.0,1777,4583,2018-07-13 23:01:00
20180713 23:02,464.0,464.0,464.0,464.0,12268,0.0,136052,0.0,569833000.0,0.0,1635,2854,2018-07-13 23:02:00
20180713 23:03,464.0,464.0,464.0,464.0,12268,0.0,136052,0.0,569833000.0,0.0,251,476,2018-07-13 23:03:00
20180713 23:04,464.0,464.0,464.0,464.0,12268,0.0,136052,0.0,569833000.0,0.0,1526,1928,2018-07-13 23:04:00
20180713 23:05,464.0,464.0,464.0,464.0,12268,0.0,136052,0.0,569833000.0,0.0,422,759,2018-07-13 23:05:00
20180713 23:06,464.0,464.0,464.0,464.0,12268,0.0,136052,0.0,569833000.0,0.0,127,263,2018-07-13 23:06:00
20180713 23:07,464.0,464.0,464.0,464.0,12268,0.0,136052,0.0,569833000.0,0.0,141,263,2018-07-13 23:07:00
20180713 23:08,464.0,464.0,463.5,463.5,12270,2.0,136050,-2.0,569926000.0,93000.0,254,525,2018-07-13 23:08:00
20180713 23:09,464.0,464.0,464.0,464.0,12272,2.0,136052,2.0,570019000.0,93000.0,126,262,2018-07-13 23:09:00
20180713 23:10,464.0,464.0,464.0,464.0,12272,0.0,136052,0.0,570019000.0,0.0,420,786,2018-07-13 23:10:00
20180713 23:11,464.0,464.0,464.0,464.0,12272,0.0,136052,0.0,570019000.0,0.0,357,786,2018-07-13 23:11:00
20180713 23:12,464.0,464.0,464.0,464.0,12332,60.0,136070,18.0,572803000.0,2784000.0,2216,355,2018-07-13 23:12:00
20180713 23:13,464.0,464.0,464.0,464.0,12332,0.0,136070,0.0,572803000.0,0.0,440,81,2018-07-13 23:13:00
20180713 23:14,464.0,464.0,464.0,464.0,12402,70.0,136132,62.0,576051000.0,3248000.0,2200,244,2018-07-13 23:14:00
20180713 23:15,464.0,464.0,464.0,464.0,12402,0.0,136132,0.0,576051000.0,0.0,880,120,2018-07-13 23:15:00
20180713 23:16,464.0,464.5,464.0,464.5,12426,24.0,136114,-18.0,577166000.0,1115000.0,2580,250,2018-07-13 23:16:00
20180713 23:17,464.5,464.5,464.5,464.5,12426,0.0,136114,0.0,577166000.0,0.0,1712,194,2018-07-13 23:17:00
20180713 23:18,464.5,464.5,464.5,464.5,12426,0.0,136114,0.0,577166000.0,0.0,428,38,2018-07-13 23:18:00
20180713 23:20,464.5,464.5,464.5,464.5,12426,0.0,136114,0.0,577166000.0,0.0,3960,936,2018-07-13 23:20:00
20180713 23:21,464.5,464.5,464.5,464.5,12426,0.0,136114,0.0,577166000.0,0.0,1949,478,2018-07-13 23:21:00
20180713 23:22,464.5,464.5,464.0,464.0,12428,2.0,136112,-2.0,577259000.0,93000.0,1167,158,2018-07-13 23:22:00
20180713 23:23,464.0,464.0,464.0,464.0,12452,24.0,136110,-2.0,578372000.0,1113000.0,778,130,2018-07-13 23:23:00
20180713 23:24,464.0,464.5,464.0,464.5,12516,64.0,136076,-34.0,581345000.0,2973000.0,2888,794,2018-07-13 23:24:00
20180713 23:25,464.0,465.0,464.0,465.0,13368,852.0,136656,580.0,620930000.0,39585000.0,4370,2977,2018-07-13 23:25:00
20180713 23:26,465.0,465.0,465.0,465.0,13778,410.0,136480,-176.0,639995000.0,19065000.0,5037,3117,2018-07-13 23:26:00
20180713 23:27,465.0,465.0,464.5,464.5,13828,50.0,136440,-40.0,642320000.0,2325000.0,820,275,2018-07-13 23:27:00
20180713 23:28,464.5,465.0,464.5,465.0,13920,92.0,136470,30.0,646597000.0,4277000.0,3593,5006,2018-07-13 23:28:00
20180713 23:29,465.0,465.0,465.0,465.0,14002,82.0,136502,32.0,650410000.0,3813000.0,3224,6933,2018-07-13 23:29:00
20180713 23:30,465.0,465.0,465.0,465.0,14002,0.0,136502,0.0,650410000.0,0.0,96,219,2018-07-13 23:30:00
20180716 09:00,463.5,463.5,463.0,463.5,21528,7526.0,137402,900.0,996309000.0,345899000.0,3888,4738,2018-07-16 09:00:00
20180716 09:01,463.5,465.0,463.5,465.0,21972,444.0,137234,-168.0,1016920000.0,20611000.0,7709,8984,2018-07-16 09:01:00
20180716 09:02,465.0,465.0,465.0,465.0,22098,126.0,137174,-60.0,1022780000.0,5860000.0,4367,30493,2018-07-16 09:02:00
20180716 09:03,465.0,465.0,464.5,464.5,22254,156.0,137118,-56.0,1030030000.0,7250000.0,7796,16646,2018-07-16 09:03:00
20180716 09:04,464.5,464.5,464.0,464.0,22316,62.0,137106,-12.0,1032910000.0,2880000.0,5100,12179,2018-07-16 09:04:00
20180716 09:05,464.0,464.0,464.0,464.0,22316,0.0,137106,0.0,1032910000.0,0.0,3826,5813,2018-07-16 09:05:00
20180716 09:06,464.0,464.0,464.0,464.0,22412,96.0,137010,-96.0,1037360000.0,4450000.0,2651,6030,2018-07-16 09:06:00
20180716 09:07,464.0,464.0,464.0,464.0,22696,284.0,136884,-126.0,1050540000.0,13180000.0,6990,8668,2018-07-16 09:07:00
20180716 09:08,464.0,464.0,464.0,464.0,22696,0.0,136884,0.0,1050540000.0,0.0,4745,2133,2018-07-16 09:08:00
20180716 09:09,464.0,464.0,464.0,464.0,22762,66.0,136852,-32.0,1053600000.0,3060000.0,7372,3594,2018-07-16 09:09:00
20180716 09:10,464.0,464.0,463.5,463.5,22942,180.0,136818,-34.0,1061940000.0,8340000.0,3581,4415,2018-07-16 09:10:00
20180716 09:11,463.5,463.5,463.5,463.5,23004,62.0,136812,-6.0,1064820000.0,2880000.0,3254,2822,2018-07-16 09:11:00
20180716 09:12,463.5,463.5,462.5,462.5,23126,122.0,136802,-10.0,1070470000.0,5650000.0,10874,5718,2018-07-16 09:12:00
20180716 09:13,462.5,463.0,462.5,463.0,23416,290.0,136736,-66.0,1083890000.0,13420000.0,10923,4701,2018-07-16 09:13:00
20180716 09:14,463.0,463.0,463.0,463.0,23852,436.0,136704,-32.0,1104080000.0,20190000.0,9623,5312,2018-07-16 09:14:00
20180716 09:15,463.0,463.0,463.0,463.0,24164,312.0,136664,-40.0,1118520000.0,14440000.0,5355,5538,2018-07-16 09:15:00
20180716 09:16,463.0,463.5,463.0,463.5,24246,82.0,136654,-10.0,1122320000.0,3800000.0,5426,2978,2018-07-16 09:16:00
20180716 09:17,463.5,463.5,463.5,463.5,24428,182.0,136580,-74.0,1130760000.0,8440000.0,2421,1633,2018-07-16 09:17:00
20180716 09:18,463.5,463.5,463.5,463.5,24428,0.0,136580,0.0,1130760000.0,0.0,3375,4560,2018-07-16 09:18:00
20180716 09:19,463.5,464.5,463.5,464.0,24764,336.0,136612,32.0,1146350000.0,15590000.0,7546,2180,2018-07-16 09:19:00
20180716 09:20,464.0,464.5,464.0,464.5,24824,60.0,136660,48.0,1149130000.0,2780000.0,9955,4198,2018-07-16 09:20:00
20180716 09:21,464.5,464.5,464.0,464.5,25240,416.0,136518,-142.0,1168460000.0,19330000.0,7770,7371,2018-07-16 09:21:00
20180716 09:22,464.5,464.5,464.5,464.5,25292,52.0,136512,-6.0,1170870000.0,2410000.0,13595,3602,2018-07-16 09:22:00
20180716 09:23,464.5,464.5,464.5,464.5,25292,0.0,136512,0.0,1170870000.0,0.0,1669,4845,2018-07-16 09:23:00
20180716 09:24,464.5,464.5,464.5,464.5,25292,0.0,136512,0.0,1170870000.0,0.0,542,1448,2018-07-16 09:24:00
20180716 09:25,464.5,465.0,464.5,465.0,25308,16.0,136502,-10.0,1171620000.0,750000.0,1694,2714,2018-07-16 09:25:00
20180716 09:26,465.0,465.0,464.5,464.5,25386,78.0,136522,20.0,1175240000.0,3620000.0,1138,630,2018-07-16 09:26:00
20180716 09:27,464.5,464.5,464.5,464.5,25388,2.0,136524,2.0,1175340000.0,100000.0,791,421,2018-07-16 09:27:00
20180716 09:28,464.5,464.5,464.5,464.5,25392,4.0,136528,4.0,1175520000.0,180000.0,3529,727,2018-07-16 09:28:00
20180716 09:29,464.5,464.5,464.5,464.5,26236,844.0,136318,-210.0,1214730000.0,39210000.0,9635,8827,2018-07-16 09:29:00
20180716 09:30,464.5,464.5,464.5,464.5,27382,1146.0,136192,-126.0,1267960000.0,53230000.0,14937,11206,2018-07-16 09:30:00
20180716 09:31,464.5,464.5,464.5,464.5,27382,0.0,136192,0.0,1267960000.0,0.0,3445,11176,2018-07-16 09:31:00
20180716 09:32,465.0,465.0,465.0,465.0,27394,12.0,136184,-8.0,1268520000.0,560000.0,359,2602,2018-07-16 09:32:00
20180716 09:33,465.0,465.0,465.0,465.0,27396,2.0,136182,-2.0,1268610000.0,90000.0,597,2751,2018-07-16 09:33:00
20180716 09:34,465.0,465.0,465.0,465.0,27496,100.0,136212,30.0,1273260000.0,4650000.0,901,1715,2018-07-16 09:34:00
20180716 09:35,465.0,465.0,465.0,465.0,27498,2.0,136210,-2.0,1273350000.0,90000.0,1360,525,2018-07-16 09:35:00
20180716 09:36,465.0,465.0,465.0,465.0,27498,0.0,136210,0.0,1273350000.0,0.0,904,198,2018-07-16 09:36:00
20180716 09:37,465.0,465.0,465.0,465.0,27588,90.0,136132,-78.0,1277540000.0,4190000.0,1065,1338,2018-07-16 09:37:00
20180716 09:38,465.0,465.0,465.0,465.0,27588,0.0,136132,0.0,1277540000.0,0.0,291,1056,2018-07-16 09:38:00
20180716 09:39,465.0,465.0,465.0,465.0,27800,212.0,136064,-68.0,1287390000.0,9850000.0,2264,7631,2018-07-16 09:39:00
20180716 09:40,465.0,465.0,465.0,465.0,27800,0.0,136064,0.0,1287390000.0,0.0,291,1484,2018-07-16 09:40:00
20180716 09:41,465.0,465.0,465.0,465.0,27878,78.0,136076,12.0,1291020000.0,3630000.0,1954,1249,2018-07-16 09:41:00
20180716 09:42,465.0,465.0,465.0,465.0,27878,0.0,136076,0.0,1291020000.0,0.0,715,415,2018-07-16 09:42:00
20180716 09:43,465.0,465.0,465.0,465.0,27878,0.0,136076,0.0,1291020000.0,0.0,143,85,2018-07-16 09:43:00
20180716 09:44,465.0,465.0,465.0,465.0,27912,34.0,136076,0.0,1292600000.0,1580000.0,429,230,2018-07-16 09:44:00
20180716 09:45,465.0,465.0,465.0,465.0,28014,102.0,136010,-66.0,1297350000.0,4750000.0,5172,6830,2018-07-16 09:45:00
20180716 09:46,465.0,465.0,464.5,464.5,28046,32.0,136040,30.0,1298830000.0,1480000.0,2762,2404,2018-07-16 09:46:00
20180716 09:47,464.5,464.5,464.5,464.5,28046,0.0,136040,0.0,1298830000.0,0.0,399,231,2018-07-16 09:47:00
20180716 09:48,464.5,464.5,464.5,464.5,28046,0.0,136040,0.0,1298830000.0,0.0,266,202,2018-07-16 09:48:00
20180716 09:50,464.5,464.5,464.5,464.5,28052,6.0,136042,2.0,1299110000.0,280000.0,798,641,2018-07-16 09:50:00
20180716 09:51,464.5,464.5,464.5,464.5,28052,0.0,136042,0.0,1299110000.0,0.0,533,454,2018-07-16 09:51:00
20180716 09:52,464.5,464.5,464.5,464.5,28052,0.0,136042,0.0,1299110000.0,0.0,764,752,2018-07-16 09:52:00
20180716 09:54,464.5,464.5,464.5,464.5,28052,0.0,136042,0.0,1299110000.0,0.0,821,506,2018-07-16 09:54:00
20180716 09:55,464.5,464.5,464.5,464.5,28056,4.0,136038,-4.0,1299300000.0,190000.0,715,402,2018-07-16 09:55:00
20180716 09:56,464.5,464.5,464.5,464.5,28058,2.0,136036,-2.0,1299390000.0,90000.0,569,320,2018-07-16 09:56:00
20180716 09:57,464.5,465.0,464.5,465.0,28194,136.0,135980,-56.0,1305710000.0,6320000.0,5771,2773,2018-07-16 09:57:00
20180716 09:58,465.0,465.0,465.0,465.0,28194,0.0,135980,0.0,1305710000.0,0.0,5854,2085,2018-07-16 09:58:00
20180716 09:59,465.0,465.0,465.0,465.0,28304,110.0,135958,-22.0,1310830000.0,5120000.0,7450,5379,2018-07-16 09:59:00
20180716 10:00,465.0,465.5,465.0,465.5,28528,224.0,135896,-62.0,1321250000.0,10420000.0,4261,11754,2018-07-16 10:00:00
20180716 10:01,465.5,465.5,465.5,465.5,28568,40.0,135856,-40.0,1323110000.0,1860000.0,1215,5124,2018-07-16 10:01:00
20180716 10:02,465.5,466.5,465.5,466.5,29110,542.0,135936,80.0,1348350000.0,25240000.0,1189,3358,2018-07-16 10:02:00
20180716 10:03,466.5,466.5,466.0,466.0,29522,412.0,136056,120.0,1367560000.0,19210000.0,3605,11108,2018-07-16 10:03:00
20180716 10:04,466.0,466.5,466.0,466.0,29584,62.0,136034,-22.0,1370450000.0,2890000.0,1785,7600,2018-07-16 10:04:00
20180716 10:05,466.0,466.0,466.0,466.0,29584,0.0,136034,0.0,1370450000.0,0.0,1675,6040,2018-07-16 10:05:00
20180716 10:06,466.0,466.5,466.0,466.5,29832,248.0,135874,-160.0,1382020000.0,11570000.0,7118,7075,2018-07-16 10:06:00
20180716 10:07,466.5,466.5,466.5,466.5,29974,142.0,135830,-44.0,1388640000.0,6620000.0,6368,9018,2018-07-16 10:07:00
20180716 10:08,466.5,466.5,466.5,466.5,29974,0.0,135830,0.0,1388640000.0,0.0,877,2518,2018-07-16 10:08:00
20180716 10:09,466.5,466.5,466.5,466.5,29974,0.0,135830,0.0,1388640000.0,0.0,592,1684,2018-07-16 10:09:00
20180716 10:10,466.5,466.5,466.5,466.5,30048,74.0,135822,-8.0,1392090000.0,3450000.0,702,3120,2018-07-16 10:10:00
20180716 10:11,466.0,466.0,466.0,466.0,30052,4.0,135822,0.0,1392280000.0,190000.0,270,1147,2018-07-16 10:11:00
20180716 10:12,466.0,466.5,466.0,466.0,30068,16.0,135822,0.0,1393030000.0,750000.0,4935,3749,2018-07-16 10:12:00
20180716 10:13,466.5,466.5,466.5,466.5,30088,20.0,135818,-4.0,1393960000.0,930000.0,1050,757,2018-07-16 10:13:00
20180716 10:14,466.0,466.0,465.5,465.5,30536,448.0,136038,220.0,1414830000.0,20870000.0,5884,1932,2018-07-16 10:14:00
20180716 10:30,465.5,466.0,465.5,465.5,31258,722.0,135982,-56.0,1448450000.0,33620000.0,8878,2691,2018-07-16 10:30:00
20180716 10:31,465.5,465.5,465.5,465.5,31392,134.0,136054,72.0,1454680000.0,6230000.0,1532,1402,2018-07-16 10:31:00
20180716 10:32,465.5,465.5,465.5,465.5,31394,2.0,136052,-2.0,1454780000.0,100000.0,9284,2211,2018-07-16 10:32:00
20180716 10:33,465.5,465.5,465.5,465.5,31396,2.0,136050,-2.0,1454870000.0,90000.0,8930,2503,2018-07-16 10:33:00
20180716 10:34,465.5,465.5,465.5,465.5,31446,50.0,136056,6.0,1457200000.0,2330000.0,3880,751,2018-07-16 10:34:00
20180716 10:35,465.5,465.5,465.5,465.5,31636,190.0,136030,-26.0,1466040000.0,8840000.0,1455,2652,2018-07-16 10:35:00
20180716 10:36,465.5,465.5,465.5,465.5,31636,0.0,136030,0.0,1466040000.0,0.0,1102,2891,2018-07-16 10:36:00
20180716 10:37,465.5,465.5,465.5,465.5,31636,0.0,136030,0.0,1466040000.0,0.0,1333,2692,2018-07-16 10:37:00
20180716 10:38,465.5,465.5,465.5,465.5,31638,2.0,136032,2.0,1466130000.0,90000.0,3380,3357,2018-07-16 10:38:00
20180716 10:39,465.5,465.5,465.5,465.5,31638,0.0,136032,0.0,1466130000.0,0.0,4967,1879,2018-07-16 10:39:00
20180716 10:40,465.5,465.5,465.5,465.5,31638,0.0,136032,0.0,1466130000.0,0.0,3324,1389,2018-07-16 10:40:00
20180716 10:41,465.5,465.5,465.0,465.0,32254,616.0,136222,190.0,1494780000.0,28650000.0,6954,2435,2018-07-16 10:41:00
20180716 10:42,465.0,465.0,465.0,465.0,32258,4.0,136220,-2.0,1494960000.0,180000.0,2778,928,2018-07-16 10:42:00
20180716 10:43,465.0,465.0,464.5,464.5,32298,40.0,136224,4.0,1496820000.0,1860000.0,3550,7540,2018-07-16 10:43:00
20180716 10:44,464.5,464.5,464.5,464.5,32300,2.0,136224,0.0,1496910000.0,90000.0,865,2665,2018-07-16 10:44:00
20180716 10:45,464.5,464.5,464.5,464.5,32300,0.0,136224,0.0,1496910000.0,0.0,1420,3829,2018-07-16 10:45:00
20180716 10:46,464.5,464.5,464.5,464.5,32302,2.0,136226,2.0,1497010000.0,100000.0,760,2699,2018-07-16 10:46:00
20180716 10:47,464.5,464.5,464.5,464.5,32302,0.0,136226,0.0,1497010000.0,0.0,761,2316,2018-07-16 10:47:00
20180716 10:48,464.5,464.5,464.5,464.5,32796,494.0,136212,-14.0,1519950000.0,22940000.0,9732,4563,2018-07-16 10:48:00
20180716 10:49,464.5,464.5,464.5,464.5,33012,216.0,136148,-64.0,1529990000.0,10040000.0,10904,10551,2018-07-16 10:49:00
20180716 10:50,464.5,464.5,464.5,464.5,33012,0.0,136148,0.0,1529990000.0,0.0,4125,5083,2018-07-16 10:50:00
20180716 10:51,464.5,464.5,464.5,464.5,33012,0.0,136148,0.0,1529990000.0,0.0,4125,5352,2018-07-16 10:51:00
20180716 10:52,464.5,464.5,464.5,464.5,33012,0.0,136148,0.0,1529990000.0,0.0,6363,3587,2018-07-16 10:52:00
20180716 10:53,464.5,464.5,464.5,464.5,33012,0.0,136148,0.0,1529990000.0,0.0,2362,1110,2018-07-16 10:53:00
20180716 10:55,465.0,465.0,465.0,465.0,33098,86.0,136070,-78.0,1533990000.0,4000000.0,5449,12030,2018-07-16 10:55:00
20180716 10:56,465.0,465.0,465.0,465.0,33306,208.0,135890,-180.0,1543660000.0,9670000.0,4786,12837,2018-07-16 10:56:00
20180716 10:57,465.0,465.0,465.0,465.0,33306,0.0,135890,0.0,1543660000.0,0.0,4136,10518,2018-07-16 10:57:00
20180716 10:58,465.0,465.0,465.0,465.0,33316,10.0,135890,0.0,1544120000.0,460000.0,4676,7952,2018-07-16 10:58:00
20180716 10:59,465.0,465.0,465.0,465.0,33316,0.0,135890,0.0,1544120000.0,0.0,284,229,2018-07-16 10:59:00
20180716 11:00,465.0,465.0,465.0,465.0,33316,0.0,135890,0.0,1544120000.0,0.0,1988,1561,2018-07-16 11:00:00
20180716 11:01,464.5,464.5,464.5,464.5,33318,2.0,135888,-2.0,1544220000.0,100000.0,1406,1139,2018-07-16 11:01:00
20180716 11:02,464.5,464.5,464.5,464.5,33320,2.0,135886,-2.0,1544310000.0,90000.0,3283,7464,2018-07-16 11:02:00
20180716 11:03,464.5,464.5,464.5,464.5,33320,0.0,135886,0.0,1544310000.0,0.0,3233,11086,2018-07-16 11:03:00
20180716 11:04,464.5,464.5,464.5,464.5,33670,350.0,135758,-128.0,1560570000.0,16260000.0,2851,7991,2018-07-16 11:04:00
20180716 11:05,464.5,464.5,464.5,464.5,33670,0.0,135758,0.0,1560570000.0,0.0,1585,4695,2018-07-16 11:05:00
20180716 11:06,464.5,464.5,464.5,464.5,33670,0.0,135758,0.0,1560570000.0,0.0,1663,1750,2018-07-16 11:06:00
20180716 11:07,464.5,464.5,464.5,464.5,33670,0.0,135758,0.0,1560570000.0,0.0,656,534,2018-07-16 11:07:00
20180716 11:09,464.5,464.5,464.5,464.5,33670,0.0,135758,0.0,1560570000.0,0.0,329,322,2018-07-16 11:09:00
20180716 11:10,464.5,464.5,464.5,464.5,33670,0.0,135758,0.0,1560570000.0,0.0,319,322,2018-07-16 11:10:00
20180716 11:12,464.5,464.5,464.5,464.5,34390,720.0,136364,606.0,1594010000.0,33440000.0,7854,12423,2018-07-16 11:12:00
20180716 11:13,464.5,464.5,464.5,464.5,34390,0.0,136364,0.0,1594010000.0,0.0,1437,1340,2018-07-16 11:13:00
20180716 11:14,465.0,465.0,464.5,464.5,34564,174.0,136384,20.0,1602090000.0,8080000.0,2329,1462,2018-07-16 11:14:00
20180716 11:15,464.5,464.5,464.5,464.5,34564,0.0,136384,0.0,1602090000.0,0.0,1943,1151,2018-07-16 11:15:00
20180716 11:16,464.5,464.5,464.5,464.5,34564,0.0,136384,0.0,1602090000.0,0.0,3134,5546,2018-07-16 11:16:00
20180716 11:17,464.5,464.5,464.5,464.5,34564,0.0,136384,0.0,1602090000.0,0.0,1034,5544,2018-07-16 11:17:00
20180716 11:18,464.5,464.5,464.5,464.5,34566,2.0,136382,-2.0,1602190000.0,100000.0,4570,10633,2018-07-16 11:18:00
20180716 11:19,464.5,465.0,464.5,465.0,34582,16.0,136366,-16.0,1602930000.0,740000.0,828,3879,2018-07-16 11:19:00
20180716 11:20,465.0,465.0,465.0,465.0,34582,0.0,136366,0.0,1602930000.0,0.0,2253,4459,2018-07-16 11:20:00
20180716 11:21,465.0,465.0,465.0,465.0,34582,0.0,136366,0.0,1602930000.0,0.0,1312,2608,2018-07-16 11:21:00
20180716 11:22,465.0,465.0,465.0,465.0,34786,204.0,136280,-86.0,1612420000.0,9490000.0,3080,10218,2018-07-16 11:22:00
20180716 11:23,465.0,465.0,465.0,465.0,34786,0.0,136280,0.0,1612420000.0,0.0,1682,6626,2018-07-16 11:23:00
20180716 11:24,465.0,465.0,464.5,465.0,35228,442.0,136340,60.0,1632970000.0,20550000.0,3162,6158,2018-07-16 11:24:00
20180716 11:25,465.0,465.5,465.0,465.0,35366,138.0,136460,120.0,1639390000.0,6420000.0,2676,4278,2018-07-16 11:25:00
20180716 11:26,465.0,465.0,465.0,465.0,35366,0.0,136460,0.0,1639390000.0,0.0,1621,4247,2018-07-16 11:26:00
20180716 11:27,465.0,465.5,465.0,465.0,35386,20.0,136460,0.0,1640320000.0,930000.0,1710,4948,2018-07-16 11:27:00
20180716 11:28,465.0,465.0,465.0,465.0,35406,20.0,136460,0.0,1641250000.0,930000.0,1178,5527,2018-07-16 11:28:00
20180716 11:29,465.5,465.5,465.0,465.0,36016,610.0,136562,102.0,1669640000.0,28390000.0,3157,8593,2018-07-16 11:29:00
20180716 11:30,465.0,465.0,465.0,465.0,36016,0.0,136562,0.0,1669640000.0,0.0,15,197,2018-07-16 11:30:00
20180716 13:30,465.0,465.0,465.0,465.0,36568,552.0,136694,132.0,1695310000.0,25670000.0,5569,7303,2018-07-16 13:30:00
20180716 13:31,465.0,465.0,464.5,464.5,36710,142.0,136700,6.0,1701910000.0,6600000.0,3074,8019,2018-07-16 13:31:00
20180716 13:32,464.5,464.5,464.5,464.5,36836,126.0,136700,0.0,1707760000.0,5850000.0,2504,3912,2018-07-16 13:32:00
20180716 13:33,465.0,465.0,465.0,465.0,36880,44.0,136694,-6.0,1709810000.0,2050000.0,4856,2714,2018-07-16 13:33:00
20180716 13:34,465.0,465.0,465.0,465.0,36914,34.0,136720,26.0,1711390000.0,1580000.0,1822,4324,2018-07-16 13:34:00
20180716 13:35,465.0,465.0,465.0,465.0,37070,156.0,136826,106.0,1718650000.0,7260000.0,4594,1440,2018-07-16 13:35:00
20180716 13:36,465.0,465.0,465.0,465.0,37320,250.0,136842,16.0,1730270000.0,11620000.0,5283,2710,2018-07-16 13:36:00
20180716 13:37,465.0,465.0,465.0,465.0,37320,0.0,136842,0.0,1730270000.0,0.0,3828,846,2018-07-16 13:37:00
20180716 13:38,465.0,465.0,465.0,465.0,37392,72.0,136818,-24.0,1733620000.0,3350000.0,2433,2905,2018-07-16 13:38:00
20180716 13:39,465.0,465.0,465.0,465.0,37392,0.0,136818,0.0,1733620000.0,0.0,883,3029,2018-07-16 13:39:00
20180716 13:40,465.0,465.0,465.0,465.0,37520,128.0,136826,8.0,1739570000.0,5950000.0,2560,2642,2018-07-16 13:40:00
20180716 13:41,465.0,465.0,465.0,465.0,37552,32.0,136834,8.0,1741060000.0,1490000.0,6495,2332,2018-07-16 13:41:00
20180716 13:42,465.0,465.0,465.0,465.0,37552,0.0,136834,0.0,1741060000.0,0.0,7423,7805,2018-07-16 13:42:00
20180716 13:43,465.0,465.0,465.0,465.0,37552,0.0,136834,0.0,1741060000.0,0.0,3330,3588,2018-07-16 13:43:00
20180716 13:44,465.0,465.0,465.0,465.0,37552,0.0,136834,0.0,1741060000.0,0.0,4242,3743,2018-07-16 13:44:00
20180716 13:45,465.0,465.0,465.0,465.0,37552,0.0,136834,0.0,1741060000.0,0.0,3395,2175,2018-07-16 13:45:00
20180716 13:46,465.0,465.0,465.0,465.0,37552,0.0,136834,0.0,1741060000.0,0.0,2935,1816,2018-07-16 13:46:00
20180716 13:47,465.0,465.0,465.0,465.0,37552,0.0,136834,0.0,1741060000.0,0.0,3650,3456,2018-07-16 13:47:00
20180716 13:48,465.0,465.0,465.0,465.0,37552,0.0,136834,0.0,1741060000.0,0.0,2450,2110,2018-07-16 13:48:00
20180716 13:49,465.0,465.0,465.0,465.0,37552,0.0,136834,0.0,1741060000.0,0.0,2229,1781,2018-07-16 13:49:00
20180716 13:50,465.0,465.5,465.0,465.5,37708,156.0,136930,96.0,1748320000.0,7260000.0,4493,3542,2018-07-16 13:50:00
20180716 13:51,465.5,465.5,465.5,465.5,37768,60.0,136918,-12.0,1751110000.0,2790000.0,1394,2158,2018-07-16 13:51:00
20180716 13:52,465.5,465.5,465.5,465.5,38918,1150.0,136944,26.0,1804650000.0,53540000.0,9169,6915,2018-07-16 13:52:00
20180716 13:53,465.5,465.5,465.5,465.5,39556,638.0,137566,622.0,1834340000.0,29690000.0,7208,5096,2018-07-16 13:53:00
20180716 13:54,465.5,465.5,465.5,465.5,41400,1844.0,137746,180.0,1920180000.0,85840000.0,9682,3974,2018-07-16 13:54:00
20180716 13:55,465.5,465.5,465.5,465.5,41424,24.0,137748,2.0,1921300000.0,1120000.0,5149,1773,2018-07-16 13:55:00
20180716 13:56,465.5,465.5,465.5,465.5,41424,0.0,137748,0.0,1921300000.0,0.0,5564,1474,2018-07-16 13:56:00
20180716 13:57,465.5,465.5,465.5,465.5,41424,0.0,137748,0.0,1921300000.0,0.0,2196,500,2018-07-16 13:57:00
20180716 13:58,465.5,465.5,465.5,465.5,42066,642.0,137552,-196.0,1951190000.0,29890000.0,2261,14785,2018-07-16 13:58:00
20180716 13:59,465.5,465.5,465.5,465.5,43106,1040.0,137630,78.0,1999600000.0,48410000.0,3776,16450,2018-07-16 13:59:00
20180716 14:00,465.5,465.5,465.5,465.5,43110,4.0,137630,0.0,1999780000.0,180000.0,1832,7967,2018-07-16 14:00:00
20180716 14:01,465.5,465.5,465.5,465.5,43110,0.0,137630,0.0,1999780000.0,0.0,6514,4172,2018-07-16 14:01:00
20180716 14:02,465.5,465.5,465.5,465.5,43110,0.0,137630,0.0,1999780000.0,0.0,1502,1188,2018-07-16 14:02:00
20180716 14:03,465.5,465.5,465.5,465.5,43310,200.0,137460,-170.0,2009090000.0,9310000.0,2692,2598,2018-07-16 14:03:00
20180716 14:04,465.5,465.5,465.5,465.5,43910,600.0,136888,-572.0,2037020000.0,27930000.0,5484,7602,2018-07-16 14:04:00
20180716 14:05,465.5,465.5,465.5,465.5,44110,200.0,136688,-200.0,2046330000.0,9310000.0,657,2269,2018-07-16 14:05:00
20180716 14:06,465.5,465.5,465.0,465.0,44120,10.0,136688,0.0,2046800000.0,470000.0,5399,5915,2018-07-16 14:06:00
20180716 14:07,465.0,465.0,465.0,465.0,44120,0.0,136688,0.0,2046800000.0,0.0,5217,3423,2018-07-16 14:07:00
20180716 14:08,465.0,465.5,465.0,465.5,44122,2.0,136688,0.0,2046890000.0,90000.0,4621,2473,2018-07-16 14:08:00
20180716 14:09,465.5,465.5,465.5,465.5,44122,0.0,136688,0.0,2046890000.0,0.0,2275,1320,2018-07-16 14:09:00
20180716 14:10,465.5,465.5,465.5,465.5,44122,0.0,136688,0.0,2046890000.0,0.0,2656,1815,2018-07-16 14:10:00
20180716 14:11,465.5,465.5,465.5,465.5,44124,2.0,136686,-2.0,2046980000.0,90000.0,3415,2835,2018-07-16 14:11:00
20180716 14:12,465.5,465.5,465.5,465.5,44124,0.0,136686,0.0,2046980000.0,0.0,1874,1328,2018-07-16 14:12:00
20180716 14:13,465.5,465.5,465.5,465.5,44124,0.0,136686,0.0,2046980000.0,0.0,2068,1815,2018-07-16 14:13:00
20180716 14:14,465.5,465.5,465.5,465.5,44124,0.0,136686,0.0,2046980000.0,0.0,4265,3815,2018-07-16 14:14:00
20180716 14:15,465.5,465.5,465.5,465.5,44124,0.0,136686,0.0,2046980000.0,0.0,2733,2400,2018-07-16 14:15:00
20180716 14:16,465.5,465.5,465.5,465.5,44240,116.0,136570,-116.0,2052380000.0,5400000.0,2881,2181,2018-07-16 14:16:00
20180716 14:17,465.5,465.5,465.5,465.5,44240,0.0,136570,0.0,2052380000.0,0.0,1561,1010,2018-07-16 14:17:00
20180716 14:18,465.5,465.5,465.0,465.0,45486,1246.0,136452,-118.0,2110320000.0,57940000.0,5066,5460,2018-07-16 14:18:00
20180716 14:19,465.0,465.0,465.0,465.0,45486,0.0,136452,0.0,2110320000.0,0.0,4685,2455,2018-07-16 14:19:00
20180716 14:20,465.0,465.0,465.0,465.0,45486,0.0,136452,0.0,2110320000.0,0.0,5086,3460,2018-07-16 14:20:00
20180716 14:22,465.0,465.0,465.0,465.0,45486,0.0,136452,0.0,2110320000.0,0.0,1953,782,2018-07-16 14:22:00
20180716 14:23,465.0,465.0,465.0,465.0,45486,0.0,136452,0.0,2110320000.0,0.0,212,99,2018-07-16 14:23:00
20180716 14:24,465.0,465.0,465.0,465.0,46160,674.0,136712,260.0,2141660000.0,31340000.0,1872,2966,2018-07-16 14:24:00
20180716 14:25,465.0,465.0,465.0,465.0,47324,1164.0,136550,-162.0,2195790000.0,54130000.0,5868,5584,2018-07-16 14:25:00
20180716 14:26,465.0,465.0,465.0,465.0,48462,1138.0,136378,-172.0,2248710000.0,52920000.0,8170,1153,2018-07-16 14:26:00
20180716 14:27,465.0,465.0,465.0,465.0,49150,688.0,136410,32.0,2280700000.0,31990000.0,3434,10359,2018-07-16 14:27:00
20180716 14:28,465.0,465.0,465.0,465.0,49150,0.0,136410,0.0,2280700000.0,0.0,23096,16985,2018-07-16 14:28:00
20180716 14:29,465.0,465.0,464.5,464.5,49498,348.0,136312,-98.0,2296860000.0,16160000.0,19970,12068,2018-07-16 14:29:00
20180716 14:30,464.5,464.5,464.5,464.5,50906,1408.0,135954,-358.0,2362270000.0,65410000.0,10079,3534,2018-07-16 14:30:00
20180716 14:31,464.5,464.5,464.5,464.5,50946,40.0,135982,28.0,2364120000.0,1850000.0,8641,9375,2018-07-16 14:31:00
20180716 14:32,464.5,464.5,464.5,464.5,50946,0.0,135982,0.0,2364120000.0,0.0,20819,15057,2018-07-16 14:32:00
20180716 14:33,464.5,464.5,464.5,464.5,52266,1320.0,136034,52.0,2425440000.0,61320000.0,12580,13435,2018-07-16 14:33:00
20180716 14:34,464.5,464.5,464.5,464.5,52574,308.0,136002,-32.0,2439740000.0,14300000.0,10583,3219,2018-07-16 14:34:00
20180716 14:35,464.5,464.5,464.5,464.5,53740,1166.0,135460,-542.0,2493910000.0,54170000.0,12628,4048,2018-07-16 14:35:00
20180716 14:36,464.5,464.5,464.5,464.5,54476,736.0,135700,240.0,2528090000.0,34180000.0,1457,4764,2018-07-16 14:36:00
20180716 14:37,464.5,464.5,464.5,464.5,55228,752.0,135010,-690.0,2563020000.0,34930000.0,7160,10039,2018-07-16 14:37:00
20180716 14:38,464.5,464.5,464.5,464.5,55364,136.0,135004,-6.0,2569340000.0,6320000.0,3679,8160,2018-07-16 14:38:00
20180716 14:39,464.5,464.5,464.5,464.5,55364,0.0,135004,0.0,2569340000.0,0.0,2637,10128,2018-07-16 14:39:00
20180716 14:40,464.5,464.5,464.5,464.5,55364,0.0,135004,0.0,2569340000.0,0.0,690,2215,2018-07-16 14:40:00
20180716 14:41,464.5,464.5,464.5,464.5,55364,0.0,135004,0.0,2569340000.0,0.0,5998,8368,2018-07-16 14:41:00
20180716 14:42,464.5,464.5,464.0,464.0,55434,70.0,135022,18.0,2572590000.0,3250000.0,7143,3900,2018-07-16 14:42:00
20180716 14:43,464.0,464.0,464.0,464.0,55528,94.0,134984,-38.0,2576950000.0,4360000.0,10899,3355,2018-07-16 14:43:00
20180716 14:44,464.0,464.0,464.0,464.0,55556,28.0,134978,-6.0,2578250000.0,1300000.0,3864,2307,2018-07-16 14:44:00
20180716 14:45,464.0,464.0,464.0,464.0,55570,14.0,134978,0.0,2578900000.0,650000.0,1461,1036,2018-07-16 14:45:00
20180716 14:46,464.0,464.0,464.0,464.0,55570,0.0,134978,0.0,2578900000.0,0.0,1094,1148,2018-07-16 14:46:00
20180716 14:47,464.0,464.5,464.0,464.5,55884,314.0,135090,112.0,2593480000.0,14580000.0,3206,3392,2018-07-16 14:47:00
20180716 14:48,464.5,464.5,464.5,464.5,55886,2.0,135092,2.0,2593580000.0,100000.0,5255,1918,2018-07-16 14:48:00
20180716 14:49,464.5,465.0,464.5,465.0,55892,6.0,135086,-6.0,2593860000.0,280000.0,2240,889,2018-07-16 14:49:00
20180716 14:50,465.0,465.0,464.5,465.0,56336,444.0,134786,-300.0,2614480000.0,20620000.0,1826,592,2018-07-16 14:50:00
20180716 14:51,465.0,465.5,465.0,465.5,56588,252.0,134840,54.0,2626200000.0,11720000.0,3865,1626,2018-07-16 14:51:00
20180716 14:52,465.5,465.5,465.5,465.5,56588,0.0,134840,0.0,2626200000.0,0.0,2878,1779,2018-07-16 14:52:00
20180716 14:53,465.5,465.5,465.5,465.5,56640,52.0,134868,28.0,2628620000.0,2420000.0,3073,8922,2018-07-16 14:53:00
20180716 14:54,465.5,465.5,465.5,465.5,56660,20.0,134868,0.0,2629550000.0,930000.0,2475,4914,2018-07-16 14:54:00
20180716 14:55,465.5,465.5,465.0,465.0,56686,26.0,134854,-14.0,2630760000.0,1210000.0,2392,2355,2018-07-16 14:55:00
20180716 14:56,465.0,465.0,465.0,465.0,56688,2.0,134852,-2.0,2630850000.0,90000.0,484,251,2018-07-16 14:56:00
20180716 14:57,465.0,465.0,465.0,465.0,56730,42.0,134844,-8.0,2632810000.0,1960000.0,1535,838,2018-07-16 14:57:00
20180716 14:58,465.0,465.5,465.0,465.5,57628,898.0,134502,-342.0,2674610000.0,41800000.0,3125,2076,2018-07-16 14:58:00
20180716 14:59,465.5,465.5,465.0,465.0,57734,106.0,134444,-58.0,2679540000.0,4930000.0,2009,1034,2018-07-16 14:59:00
20180716 15:00,465.0,465.0,465.0,465.0,57734,0.0,134444,0.0,2679540000.0,0.0,200,168,2018-07-16 15:00:00
20180716 20:59,463.5,463.5,463.5,463.5,622,622.0,139288,4844.0,28829700.0,28829700.0,33,143,2018-07-16 20:59:00
20180716 21:00,461.5,461.5,460.5,461.5,1124,502.0,139182,-106.0,51972600.0,23142900.0,4696,3946,2018-07-16 21:00:00
20180716 21:01,461.5,461.5,461.0,461.0,1222,98.0,139140,-42.0,56490600.0,4518000.0,9724,4732,2018-07-16 21:01:00
20180716 21:02,461.0,461.0,461.0,461.0,1784,562.0,138694,-446.0,82398800.0,25908200.0,5197,3481,2018-07-16 21:02:00
20180716 21:03,461.0,462.0,461.0,461.5,1866,82.0,138716,22.0,86183600.0,3784800.0,5922,2336,2018-07-16 21:03:00
20180716 21:04,461.5,462.0,461.5,461.5,1880,14.0,138702,-14.0,86829800.0,646200.0,4231,604,2018-07-16 21:04:00
20180716 21:05,461.5,461.5,461.5,461.5,2004,124.0,138660,-42.0,92552400.0,5722600.0,6420,7202,2018-07-16 21:05:00
20180716 21:06,461.5,461.5,461.5,461.5,2024,20.0,138674,14.0,93475400.0,923000.0,3609,1028,2018-07-16 21:06:00
20180716 21:07,461.5,462.5,461.5,462.5,2102,78.0,138622,-52.0,97079300.0,3603900.0,7908,5030,2018-07-16 21:07:00
20180716 21:08,462.5,462.5,462.5,462.5,2104,2.0,138620,-2.0,97171800.0,92500.0,939,1629,2018-07-16 21:08:00
20180716 21:09,462.5,462.5,462.5,462.5,2124,20.0,138620,0.0,98096800.0,925000.0,794,1450,2018-07-16 21:09:00
20180716 21:10,462.5,462.5,462.5,462.5,2236,112.0,138596,-24.0,103277000.0,5180200.0,269,1960,2018-07-16 21:10:00
20180716 21:11,462.0,462.0,462.0,462.0,2258,22.0,138602,6.0,104293000.0,1016000.0,645,1488,2018-07-16 21:11:00
20180716 21:12,462.0,462.5,462.0,462.5,2720,462.0,138438,-164.0,125639000.0,21346000.0,1342,3555,2018-07-16 21:12:00
20180716 21:13,462.5,462.5,462.5,462.5,3032,312.0,138396,-42.0,140069000.0,14430000.0,1224,2944,2018-07-16 21:13:00
20180716 21:14,462.5,463.0,462.5,463.0,3084,52.0,138434,38.0,142474000.0,2405000.0,979,1895,2018-07-16 21:14:00
20180716 21:15,463.0,463.0,462.5,462.5,3218,134.0,138428,-6.0,148671000.0,6197000.0,2177,4480,2018-07-16 21:15:00
20180716 21:16,462.5,462.5,462.5,462.5,3436,218.0,138452,24.0,158754000.0,10083000.0,1395,5085,2018-07-16 21:16:00
20180716 21:17,462.5,462.5,462.0,462.5,3486,50.0,138478,26.0,161066000.0,2312000.0,2675,3082,2018-07-16 21:17:00
20180716 21:18,462.5,462.5,462.5,462.5,3494,8.0,138474,-4.0,161436000.0,370000.0,2186,1244,2018-07-16 21:18:00
20180716 21:19,462.5,462.5,462.5,462.5,3494,0.0,138474,0.0,161436000.0,0.0,1054,480,2018-07-16 21:19:00
20180716 21:20,462.5,462.5,462.5,462.5,3526,32.0,138474,0.0,162916000.0,1480000.0,474,1755,2018-07-16 21:20:00
20180716 21:21,462.5,462.5,462.5,462.5,3526,0.0,138474,0.0,162916000.0,0.0,270,3448,2018-07-16 21:21:00
20180716 21:22,462.5,462.5,462.5,462.5,3526,0.0,138474,0.0,162916000.0,0.0,1249,4142,2018-07-16 21:22:00
20180716 21:23,462.5,462.5,462.5,462.5,3584,58.0,138492,18.0,165598000.0,2682000.0,1150,755,2018-07-16 21:23:00
20180716 21:24,462.5,462.5,462.5,462.5,3584,0.0,138492,0.0,165598000.0,0.0,206,228,2018-07-16 21:24:00
20180716 21:25,462.5,462.5,462.5,462.5,3584,0.0,138492,0.0,165598000.0,0.0,918,1708,2018-07-16 21:25:00
20180716 21:26,462.5,463.5,462.5,463.5,4268,684.0,138194,-298.0,197299000.0,31701000.0,3999,3403,2018-07-16 21:26:00
20180716 21:27,463.5,463.5,463.5,463.5,4384,116.0,138112,-82.0,202675000.0,5376000.0,2577,1431,2018-07-16 21:27:00
20180716 21:28,463.5,463.5,463.5,463.5,4388,4.0,138112,0.0,202861000.0,186000.0,1166,6459,2018-07-16 21:28:00
20180716 21:29,463.5,463.5,463.5,463.5,4388,0.0,138112,0.0,202861000.0,0.0,4424,7599,2018-07-16 21:29:00
20180716 21:30,463.5,463.5,463.5,463.5,4500,112.0,138120,8.0,208052000.0,5191000.0,600,2928,2018-07-16 21:30:00
20180716 21:31,463.5,463.5,463.5,463.5,4600,100.0,138054,-66.0,212687000.0,4635000.0,2182,384,2018-07-16 21:31:00
20180716 21:32,463.5,463.5,463.5,463.5,4826,226.0,138066,12.0,223162000.0,10475000.0,3799,896,2018-07-16 21:32:00
20180716 21:33,463.5,463.5,463.5,463.5,4826,0.0,138066,0.0,223162000.0,0.0,1855,227,2018-07-16 21:33:00
20180716 21:34,463.5,463.5,463.5,463.5,4840,14.0,138062,-4.0,223811000.0,649000.0,833,1870,2018-07-16 21:34:00
20180716 21:35,463.5,463.5,463.5,463.5,4844,4.0,138058,-4.0,223996000.0,185000.0,137,987,2018-07-16 21:35:00
20180716 21:36,463.5,463.5,463.5,463.5,4844,0.0,138058,0.0,223996000.0,0.0,329,1128,2018-07-16 21:36:00
20180716 21:37,463.5,463.5,463.5,463.5,4858,14.0,138044,-14.0,224645000.0,649000.0,89,427,2018-07-16 21:37:00
20180716 21:38,463.5,463.5,463.5,463.5,4858,0.0,138044,0.0,224645000.0,0.0,437,874,2018-07-16 21:38:00
20180716 21:39,463.5,463.5,463.5,463.5,4858,0.0,138044,0.0,224645000.0,0.0,133,294,2018-07-16 21:39:00
20180716 21:40,463.5,463.5,463.5,463.5,4858,0.0,138044,0.0,224645000.0,0.0,263,441,2018-07-16 21:40:00
20180716 21:42,463.0,463.0,463.0,463.0,4884,26.0,138022,-22.0,225849000.0,1204000.0,434,705,2018-07-16 21:42:00
20180716 21:43,463.0,463.5,463.0,463.5,4904,20.0,138016,-6.0,226776000.0,927000.0,155,628,2018-07-16 21:43:00
20180716 21:44,463.5,463.5,463.5,463.5,4908,4.0,138012,-4.0,226961000.0,185000.0,281,3983,2018-07-16 21:44:00
20180716 21:45,463.5,463.5,463.5,463.5,4908,0.0,138012,0.0,226961000.0,0.0,1482,5200,2018-07-16 21:45:00
20180716 21:46,463.5,463.5,463.5,463.5,4908,0.0,138012,0.0,226961000.0,0.0,2524,6321,2018-07-16 21:46:00
20180716 21:47,463.5,463.5,463.5,463.5,4908,0.0,138012,0.0,226961000.0,0.0,1252,2902,2018-07-16 21:47:00
20180716 21:48,463.5,463.5,463.5,463.5,4908,0.0,138012,0.0,226961000.0,0.0,395,854,2018-07-16 21:48:00
20180716 21:50,463.5,463.5,463.5,463.5,4908,0.0,138012,0.0,226961000.0,0.0,569,1082,2018-07-16 21:50:00
20180716 21:51,463.5,463.5,463.5,463.5,4908,0.0,138012,0.0,226961000.0,0.0,445,620,2018-07-16 21:51:00
20180716 21:52,463.5,463.5,463.5,463.5,4908,0.0,138012,0.0,226961000.0,0.0,276,368,2018-07-16 21:52:00
20180716 21:53,463.5,463.5,463.0,463.0,4950,42.0,137998,-14.0,228906000.0,1945000.0,3619,2960,2018-07-16 21:53:00
20180716 21:54,463.0,463.0,463.0,463.0,4952,2.0,137996,-2.0,228998000.0,92000.0,3719,1680,2018-07-16 21:54:00
20180716 21:55,463.0,463.0,462.5,463.0,5578,626.0,137724,-272.0,257982000.0,28984000.0,2650,3311,2018-07-16 21:55:00
20180716 21:56,463.0,463.0,463.0,463.0,5578,0.0,137724,0.0,257982000.0,0.0,8655,3561,2018-07-16 21:56:00
20180716 21:57,463.0,463.0,462.5,462.5,5582,4.0,137728,4.0,258167000.0,185000.0,3060,658,2018-07-16 21:57:00
20180716 21:58,462.5,462.5,462.5,462.5,5582,0.0,137728,0.0,258167000.0,0.0,2080,392,2018-07-16 21:58:00
20180716 21:59,462.5,462.5,462.0,462.5,6212,630.0,137838,110.0,287293000.0,29126000.0,2625,2084,2018-07-16 21:59:00
20180716 22:00,462.5,462.5,462.0,462.5,6354,142.0,137838,0.0,293859000.0,6566000.0,827,2394,2018-07-16 22:00:00
20180716 22:01,462.5,462.5,462.0,462.0,6618,264.0,137686,-152.0,306056000.0,12197000.0,2237,5743,2018-07-16 22:01:00
20180716 22:02,462.0,462.0,462.0,462.0,6618,0.0,137686,0.0,306056000.0,0.0,2791,1152,2018-07-16 22:02:00
20180716 22:03,462.0,462.0,462.0,462.0,6638,20.0,137666,-20.0,306980000.0,924000.0,1620,334,2018-07-16 22:03:00
20180716 22:04,462.0,462.5,462.0,462.0,7108,470.0,137604,-62.0,328709000.0,21729000.0,7722,4902,2018-07-16 22:04:00
20180716 22:05,462.0,462.0,462.0,462.0,7110,2.0,137602,-2.0,328801000.0,92000.0,1108,559,2018-07-16 22:05:00
20180716 22:06,462.0,462.0,462.0,462.0,7110,0.0,137602,0.0,328801000.0,0.0,272,457,2018-07-16 22:06:00
20180716 22:07,462.0,462.0,462.0,462.0,7346,236.0,137586,-16.0,339705000.0,10904000.0,3036,3949,2018-07-16 22:07:00
20180716 22:08,462.0,462.0,462.0,462.0,7350,4.0,137586,0.0,339889000.0,184000.0,444,290,2018-07-16 22:08:00
20180716 22:09,462.0,462.0,462.0,462.0,7350,0.0,137586,0.0,339889000.0,0.0,488,1126,2018-07-16 22:09:00
20180716 22:10,462.0,462.0,462.0,462.0,7350,0.0,137586,0.0,339889000.0,0.0,480,1330,2018-07-16 22:10:00
20180716 22:11,462.0,462.0,462.0,462.0,7350,0.0,137586,0.0,339889000.0,0.0,143,404,2018-07-16 22:11:00
20180716 22:12,462.0,462.5,462.0,462.5,7410,60.0,137552,-34.0,342664000.0,2775000.0,319,921,2018-07-16 22:12:00
20180716 22:13,462.5,462.5,462.5,462.5,7414,4.0,137552,0.0,342849000.0,185000.0,416,895,2018-07-16 22:13:00
20180716 22:14,462.5,462.5,462.5,462.5,7414,0.0,137552,0.0,342849000.0,0.0,79,127,2018-07-16 22:14:00
20180716 22:15,462.5,462.5,462.5,462.5,7414,0.0,137552,0.0,342849000.0,0.0,111,254,2018-07-16 22:15:00
20180716 22:16,462.5,462.5,462.5,462.5,7414,0.0,137552,0.0,342849000.0,0.0,53,381,2018-07-16 22:16:00
20180716 22:17,462.5,462.5,462.5,462.5,7414,0.0,137552,0.0,342849000.0,0.0,238,508,2018-07-16 22:17:00
20180716 22:18,462.5,462.5,462.5,462.5,7414,0.0,137552,0.0,342849000.0,0.0,143,508,2018-07-16 22:18:00
20180716 22:20,462.5,462.5,462.5,462.5,7444,30.0,137546,-6.0,344237000.0,1388000.0,2269,710,2018-07-16 22:20:00
20180716 22:21,462.5,463.0,462.5,463.0,8120,676.0,137622,76.0,375536000.0,31299000.0,3729,2734,2018-07-16 22:21:00
20180716 22:22,463.0,463.5,463.0,463.0,8396,276.0,137840,218.0,388315000.0,12779000.0,7338,858,2018-07-16 22:22:00
20180716 22:23,463.0,463.5,463.0,463.5,8456,60.0,137840,0.0,391093000.0,2778000.0,7160,2894,2018-07-16 22:23:00
20180716 22:24,463.5,463.5,463.5,463.5,8456,0.0,137840,0.0,391093000.0,0.0,1967,219,2018-07-16 22:24:00
20180716 22:25,463.5,463.5,463.5,463.5,8456,0.0,137840,0.0,391093000.0,0.0,279,63,2018-07-16 22:25:00
20180716 22:26,463.5,463.5,463.5,463.5,8456,0.0,137840,0.0,391093000.0,0.0,279,96,2018-07-16 22:26:00
20180716 22:27,463.5,463.5,463.0,463.0,8458,2.0,137838,-2.0,391186000.0,93000.0,837,147,2018-07-16 22:27:00
20180716 22:28,463.0,463.0,463.0,463.0,8458,0.0,137838,0.0,391186000.0,0.0,897,123,2018-07-16 22:28:00
20180716 22:29,463.0,463.0,463.0,463.0,8668,210.0,137892,54.0,400909000.0,9723000.0,2267,802,2018-07-16 22:29:00
20180716 22:30,463.0,463.0,463.0,463.0,8764,96.0,137870,-22.0,405354000.0,4445000.0,473,1119,2018-07-16 22:30:00
20180716 22:31,463.0,463.0,463.0,463.0,8764,0.0,137870,0.0,405354000.0,0.0,162,284,2018-07-16 22:31:00
20180716 22:32,463.0,463.0,463.0,463.0,8764,0.0,137870,0.0,405354000.0,0.0,234,426,2018-07-16 22:32:00
20180716 22:34,463.0,463.0,463.0,463.0,8764,0.0,137870,0.0,405354000.0,0.0,72,143,2018-07-16 22:34:00
20180716 22:35,463.0,463.0,463.0,463.0,8764,0.0,137870,0.0,405354000.0,0.0,230,1327,2018-07-16 22:35:00
20180716 22:36,463.0,463.0,463.0,463.0,8764,0.0,137870,0.0,405354000.0,0.0,191,612,2018-07-16 22:36:00
20180716 22:37,463.0,463.0,463.0,463.0,10208,1444.0,137502,-368.0,472211000.0,66857000.0,282,766,2018-07-16 22:37:00
20180716 22:38,463.0,463.0,463.0,463.0,15692,5484.0,137504,2.0,726120000.0,253909000.0,2764,4684,2018-07-16 22:38:00
20180716 22:39,463.0,463.0,463.0,463.0,15694,2.0,137506,2.0,726213000.0,93000.0,111,564,2018-07-16 22:39:00
20180716 22:40,463.0,463.0,463.0,463.0,15786,92.0,137590,84.0,730472000.0,4259000.0,372,987,2018-07-16 22:40:00
20180716 22:41,463.0,463.0,463.0,463.0,15786,0.0,137590,0.0,730472000.0,0.0,407,786,2018-07-16 22:41:00
20180716 22:42,463.0,463.0,463.0,463.0,15788,2.0,137590,0.0,730565000.0,93000.0,244,652,2018-07-16 22:42:00
20180716 22:43,463.0,463.0,463.0,463.0,15788,0.0,137590,0.0,730565000.0,0.0,28,261,2018-07-16 22:43:00
20180716 22:44,463.0,463.0,463.0,463.0,15790,2.0,137592,2.0,730658000.0,93000.0,13,130,2018-07-16 22:44:00
20180716 22:45,463.0,463.0,463.0,463.0,15882,92.0,137582,-10.0,734917000.0,4259000.0,837,1400,2018-07-16 22:45:00
20180716 22:46,463.0,463.0,463.0,463.0,15882,0.0,137582,0.0,734917000.0,0.0,1230,1199,2018-07-16 22:46:00
20180716 22:47,463.0,463.0,463.0,463.0,15882,0.0,137582,0.0,734917000.0,0.0,598,1189,2018-07-16 22:47:00
20180716 22:48,463.0,463.0,463.0,463.0,15910,28.0,137570,-12.0,736214000.0,1297000.0,628,1809,2018-07-16 22:48:00
20180716 22:49,463.0,463.0,463.0,463.0,15910,0.0,137570,0.0,736214000.0,0.0,1168,2805,2018-07-16 22:49:00
20180716 22:50,463.0,463.0,463.0,463.0,15910,0.0,137570,0.0,736214000.0,0.0,1932,5513,2018-07-16 22:50:00
20180716 22:51,463.0,463.0,463.0,463.0,15910,0.0,137570,0.0,736214000.0,0.0,301,1770,2018-07-16 22:51:00
20180716 22:52,463.0,463.0,463.0,463.0,15910,0.0,137570,0.0,736214000.0,0.0,704,2593,2018-07-16 22:52:00
20180716 22:53,463.0,463.0,463.0,463.0,15910,0.0,137570,0.0,736214000.0,0.0,63,459,2018-07-16 22:53:00
20180716 22:54,463.0,463.0,463.0,463.0,15910,0.0,137570,0.0,736214000.0,0.0,729,964,2018-07-16 22:54:00
20180716 22:55,463.0,463.0,462.5,462.5,15916,6.0,137566,-4.0,736491000.0,277000.0,1180,589,2018-07-16 22:55:00
20180716 22:56,462.5,462.5,462.5,462.5,15916,0.0,137566,0.0,736491000.0,0.0,697,1550,2018-07-16 22:56:00
20180716 22:57,462.5,462.5,462.5,462.5,15916,0.0,137566,0.0,736491000.0,0.0,954,1664,2018-07-16 22:57:00
20180716 22:58,462.5,462.5,462.5,462.5,15916,0.0,137566,0.0,736491000.0,0.0,2411,1830,2018-07-16 22:58:00
20180716 22:59,462.5,462.5,462.5,462.5,15916,0.0,137566,0.0,736491000.0,0.0,4118,2808,2018-07-16 22:59:00
20180716 23:00,462.5,462.5,462.5,462.5,15916,0.0,137566,0.0,736491000.0,0.0,3799,1710,2018-07-16 23:00:00
20180716 23:01,462.5,462.5,462.5,462.5,15916,0.0,137566,0.0,736491000.0,0.0,1334,176,2018-07-16 23:01:00
20180716 23:02,462.5,462.5,462.5,462.5,15916,0.0,137566,0.0,736491000.0,0.0,3543,504,2018-07-16 23:02:00
20180716 23:03,462.5,462.5,462.5,462.5,15916,0.0,137566,0.0,736491000.0,0.0,3235,516,2018-07-16 23:03:00
20180716 23:04,462.5,462.5,462.5,462.5,15956,40.0,137566,0.0,738341000.0,1850000.0,2518,183,2018-07-16 23:04:00
20180716 23:05,462.5,462.5,462.5,462.5,15976,20.0,137572,6.0,739266000.0,925000.0,3115,289,2018-07-16 23:05:00
20180716 23:06,462.5,462.5,462.5,462.5,16016,40.0,137590,18.0,741116000.0,1850000.0,3970,726,2018-07-16 23:06:00
20180716 23:07,462.5,462.5,462.5,462.5,16162,146.0,137546,-44.0,747869000.0,6753000.0,3367,461,2018-07-16 23:07:00
20180716 23:08,462.5,462.5,462.5,462.5,16162,0.0,137546,0.0,747869000.0,0.0,2174,330,2018-07-16 23:08:00
20180716 23:09,462.5,462.5,462.5,462.5,16214,52.0,137586,40.0,750274000.0,2405000.0,3328,965,2018-07-16 23:09:00
20180716 23:10,462.5,462.5,462.5,462.5,16214,0.0,137586,0.0,750274000.0,0.0,3275,988,2018-07-16 23:10:00
20180716 23:11,462.5,462.5,462.5,462.5,16214,0.0,137586,0.0,750274000.0,0.0,1926,391,2018-07-16 23:11:00
20180716 23:12,462.5,462.5,462.5,462.5,16214,0.0,137586,0.0,750274000.0,0.0,5418,626,2018-07-16 23:12:00
20180716 23:13,462.5,462.5,462.5,462.5,16314,100.0,137582,-4.0,754899000.0,4625000.0,4271,1958,2018-07-16 23:13:00
20180716 23:14,462.5,462.5,462.5,462.5,16394,80.0,137554,-28.0,758599000.0,3700000.0,5100,133,2018-07-16 23:14:00
20180716 23:15,462.5,462.5,462.5,462.5,16394,0.0,137554,0.0,758599000.0,0.0,692,26,2018-07-16 23:15:00
20180716 23:16,462.5,462.5,462.5,462.5,16418,24.0,137554,0.0,759709000.0,1110000.0,774,712,2018-07-16 23:16:00
20180716 23:17,462.5,462.5,462.5,462.5,16418,0.0,137554,0.0,759709000.0,0.0,720,1256,2018-07-16 23:17:00
20180716 23:18,462.5,463.0,462.5,463.0,16572,154.0,137564,10.0,766839000.0,7130000.0,1112,1833,2018-07-16 23:18:00
20180716 23:19,463.0,463.0,463.0,463.0,16572,0.0,137564,0.0,766839000.0,0.0,2774,335,2018-07-16 23:19:00
20180716 23:20,463.0,463.0,463.0,463.0,16580,8.0,137560,-4.0,767209000.0,370000.0,1974,190,2018-07-16 23:20:00
20180716 23:21,463.0,463.0,463.0,463.0,20380,3800.0,137546,-14.0,943149000.0,175940000.0,6476,5884,2018-07-16 23:21:00
20180716 23:22,463.0,463.0,462.5,463.0,20988,608.0,137538,-8.0,971298000.0,28149000.0,2806,2596,2018-07-16 23:22:00
20180716 23:24,463.0,463.5,463.0,463.5,21030,42.0,137506,-32.0,973245000.0,1947000.0,978,606,2018-07-16 23:24:00
20180716 23:25,463.5,463.5,463.0,463.0,21164,134.0,137432,-74.0,979448000.0,6203000.0,4037,3423,2018-07-16 23:25:00
20180716 23:26,463.0,463.0,463.0,463.0,21170,6.0,137432,0.0,979726000.0,278000.0,577,2125,2018-07-16 23:26:00
20180716 23:27,463.0,463.0,462.5,462.5,21184,14.0,137430,-2.0,980374000.0,648000.0,147,948,2018-07-16 23:27:00
20180716 23:28,463.0,463.5,463.0,463.5,21260,76.0,137412,-18.0,983895000.0,3521000.0,2220,776,2018-07-16 23:28:00
20180716 23:29,463.5,463.5,463.5,463.5,21316,56.0,137422,10.0,986490000.0,2595000.0,4554,1460,2018-07-16 23:29:00
20180717 09:00,464.5,464.5,464.5,464.5,40174,18858.0,135204,-2218.0,1866830000.0,880340000.0,4047,1441,2018-07-17 09:00:00
20180717 09:01,464.5,464.5,464.5,464.5,40228,54.0,135196,-8.0,1869330000.0,2500000.0,2552,2379,2018-07-17 09:01:00
20180717 09:02,464.5,464.5,464.0,464.0,40248,20.0,135186,-10.0,1870260000.0,930000.0,1565,3456,2018-07-17 09:02:00
20180717 09:03,464.0,464.5,464.0,464.0,40256,8.0,135180,-6.0,1870630000.0,370000.0,2207,2355,2018-07-17 09:03:00
20180717 09:04,464.0,464.5,464.0,464.5,40562,306.0,134938,-242.0,1884850000.0,14220000.0,1351,3504,2018-07-17 09:04:00
20180717 09:05,464.5,464.5,464.5,464.5,40564,2.0,134938,0.0,1884940000.0,90000.0,573,1327,2018-07-17 09:05:00
20180717 09:06,464.5,464.5,464.5,464.5,40564,0.0,134938,0.0,1884940000.0,0.0,675,1795,2018-07-17 09:06:00
20180717 09:07,464.5,464.5,464.5,464.5,40564,0.0,134938,0.0,1884940000.0,0.0,373,1086,2018-07-17 09:07:00
20180717 09:08,464.5,464.5,464.5,464.5,40602,38.0,134912,-26.0,1886710000.0,1770000.0,328,1817,2018-07-17 09:08:00
20180717 09:09,464.5,464.5,464.5,464.5,40882,280.0,135008,96.0,1899710000.0,13000000.0,1741,2712,2018-07-17 09:09:00
20180717 09:10,464.5,464.5,464.5,464.5,40882,0.0,135008,0.0,1899710000.0,0.0,1623,892,2018-07-17 09:10:00
20180717 09:11,464.5,465.0,464.5,465.0,41146,264.0,134830,-178.0,1911980000.0,12270000.0,5050,4268,2018-07-17 09:11:00
20180717 09:12,465.0,465.0,465.0,465.0,41146,0.0,134830,0.0,1911980000.0,0.0,237,81,2018-07-17 09:12:00
20180717 09:13,465.0,465.0,464.5,465.0,41284,138.0,134842,12.0,1918390000.0,6410000.0,3519,4453,2018-07-17 09:13:00
20180717 09:14,465.0,465.0,465.0,465.0,42268,984.0,135760,918.0,1964150000.0,45760000.0,5855,3088,2018-07-17 09:14:00
20180717 09:15,465.0,465.5,465.0,465.5,42550,282.0,135760,0.0,1977260000.0,13110000.0,4298,2780,2018-07-17 09:15:00
20180717 09:16,465.5,465.5,465.5,465.5,42550,0.0,135760,0.0,1977260000.0,0.0,1099,1660,2018-07-17 09:16:00
20180717 09:17,465.0,465.0,465.0,465.0,43692,1142.0,135022,-738.0,2030360000.0,53100000.0,4537,4803,2018-07-17 09:17:00
20180717 09:18,465.0,465.0,465.0,465.0,43694,2.0,135020,-2.0,2030460000.0,100000.0,1234,3074,2018-07-17 09:18:00
20180717 09:19,465.0,465.0,465.0,465.0,43694,0.0,135020,0.0,2030460000.0,0.0,308,618,2018-07-17 09:19:00
20180717 09:20,465.0,465.0,465.0,465.0,43898,204.0,134834,-186.0,2039940000.0,9480000.0,2642,3406,2018-07-17 09:20:00
20180717 09:21,465.0,465.0,465.0,465.0,44810,912.0,134364,-470.0,2082350000.0,42410000.0,3120,5060,2018-07-17 09:21:00
20180717 09:22,465.0,465.0,465.0,465.0,45750,940.0,134544,180.0,2126060000.0,43710000.0,5993,6194,2018-07-17 09:22:00
20180717 09:23,465.0,465.5,465.0,465.5,45752,2.0,134544,0.0,2126150000.0,90000.0,2226,573,2018-07-17 09:23:00
20180717 09:24,465.5,465.5,465.0,465.0,45826,74.0,134550,6.0,2129590000.0,3440000.0,3737,858,2018-07-17 09:24:00
20180717 09:25,465.0,465.0,465.0,465.0,45826,0.0,134550,0.0,2129590000.0,0.0,2550,565,2018-07-17 09:25:00
20180717 09:26,465.0,465.0,465.0,465.0,45826,0.0,134550,0.0,2129590000.0,0.0,2295,549,2018-07-17 09:26:00
20180717 09:27,465.0,465.0,465.0,465.0,45826,0.0,134550,0.0,2129590000.0,0.0,886,1428,2018-07-17 09:27:00
20180717 09:28,465.0,465.0,465.0,465.0,45826,0.0,134550,0.0,2129590000.0,0.0,500,550,2018-07-17 09:28:00
20180717 09:29,465.0,465.0,465.0,465.0,45826,0.0,134550,0.0,2129590000.0,0.0,243,333,2018-07-17 09:29:00
20180717 09:30,465.0,465.0,465.0,465.0,45826,0.0,134550,0.0,2129590000.0,0.0,1925,4226,2018-07-17 09:30:00
20180717 09:31,465.0,465.5,465.0,465.5,45828,2.0,134550,0.0,2129690000.0,100000.0,839,453,2018-07-17 09:31:00
20180717 09:32,465.5,465.5,465.5,465.5,45830,2.0,134550,0.0,2129780000.0,90000.0,1365,900,2018-07-17 09:32:00
20180717 09:33,465.5,465.5,465.5,465.5,45830,0.0,134550,0.0,2129780000.0,0.0,898,717,2018-07-17 09:33:00
20180717 09:34,465.5,465.5,465.5,465.5,45830,0.0,134550,0.0,2129780000.0,0.0,310,242,2018-07-17 09:34:00
20180717 09:35,465.5,465.5,465.5,465.5,45834,4.0,134554,4.0,2129970000.0,190000.0,771,589,2018-07-17 09:35:00
20180717 09:36,465.5,465.5,465.5,465.5,45834,0.0,134554,0.0,2129970000.0,0.0,956,829,2018-07-17 09:36:00
20180717 09:37,465.5,465.5,465.0,465.0,45844,10.0,134564,10.0,2130430000.0,460000.0,1810,642,2018-07-17 09:37:00
20180717 09:38,465.0,465.0,465.0,465.0,45844,0.0,134564,0.0,2130430000.0,0.0,2703,739,2018-07-17 09:38:00
20180717 09:39,465.0,465.0,465.0,465.0,45844,0.0,134564,0.0,2130430000.0,0.0,510,123,2018-07-17 09:39:00
20180717 09:40,465.0,465.0,465.0,465.0,45850,6.0,134564,0.0,2130710000.0,280000.0,765,168,2018-07-17 09:40:00
20180717 09:41,465.0,465.0,465.0,465.0,45850,0.0,134564,0.0,2130710000.0,0.0,4242,1820,2018-07-17 09:41:00
20180717 09:43,465.0,465.0,465.0,465.0,45850,0.0,134564,0.0,2130710000.0,0.0,1024,232,2018-07-17 09:43:00
20180717 09:44,465.0,465.0,465.0,465.0,45850,0.0,134564,0.0,2130710000.0,0.0,1238,389,2018-07-17 09:44:00
20180717 09:45,465.0,465.0,465.0,465.0,45852,2.0,134564,0.0,2130800000.0,90000.0,2353,1021,2018-07-17 09:45:00
20180717 09:46,465.0,465.0,465.0,465.0,45852,0.0,134564,0.0,2130800000.0,0.0,1729,776,2018-07-17 09:46:00
20180717 09:49,465.0,465.0,465.0,465.0,45852,0.0,134564,0.0,2130800000.0,0.0,1085,344,2018-07-17 09:49:00
20180717 09:50,465.0,465.0,465.0,465.0,46962,1110.0,134654,90.0,2182420000.0,51620000.0,3179,3389,2018-07-17 09:50:00
20180717 09:51,465.0,465.0,465.0,465.0,47190,228.0,134848,194.0,2193020000.0,10600000.0,1646,2764,2018-07-17 09:51:00
20180717 09:52,465.0,465.0,465.0,465.0,49264,2074.0,134742,-106.0,2289460000.0,96440000.0,5460,10493,2018-07-17 09:52:00
20180717 09:53,465.0,465.0,465.0,465.0,49572,308.0,134904,162.0,2303780000.0,14320000.0,3450,2325,2018-07-17 09:53:00
20180717 09:54,465.0,465.0,465.0,465.0,49616,44.0,134908,4.0,2305830000.0,2050000.0,2110,477,2018-07-17 09:54:00
20180717 09:55,465.0,465.0,465.0,465.0,49616,0.0,134908,0.0,2305830000.0,0.0,1048,276,2018-07-17 09:55:00
20180717 09:56,465.0,465.0,465.0,465.0,49616,0.0,134908,0.0,2305830000.0,0.0,4137,1590,2018-07-17 09:56:00
20180717 09:57,465.0,465.0,465.0,465.0,49616,0.0,134908,0.0,2305830000.0,0.0,1048,251,2018-07-17 09:57:00
20180717 09:58,465.0,465.0,465.0,465.0,49616,0.0,134908,0.0,2305830000.0,0.0,1372,431,2018-07-17 09:58:00
20180717 09:59,465.5,465.5,465.5,465.5,49618,2.0,134908,0.0,2305920000.0,90000.0,1032,238,2018-07-17 09:59:00
20180717 10:00,465.0,465.0,465.0,465.0,49718,100.0,134964,56.0,2310570000.0,4650000.0,969,2563,2018-07-17 10:00:00
20180717 10:01,465.0,465.0,465.0,465.0,49718,0.0,134964,0.0,2310570000.0,0.0,360,1713,2018-07-17 10:01:00
20180717 10:02,465.0,465.0,465.0,465.0,49718,0.0,134964,0.0,2310570000.0,0.0,316,954,2018-07-17 10:02:00
20180717 10:04,465.0,465.0,464.5,464.5,49720,2.0,134964,0.0,2310670000.0,100000.0,3995,3987,2018-07-17 10:04:00
20180717 10:05,464.5,464.5,464.5,464.5,50530,810.0,135038,74.0,2348290000.0,37620000.0,4217,2624,2018-07-17 10:05:00
20180717 10:06,464.5,464.5,464.5,464.5,50530,0.0,135038,0.0,2348290000.0,0.0,336,193,2018-07-17 10:06:00
20180717 10:07,464.5,464.5,464.5,464.5,50530,0.0,135038,0.0,2348290000.0,0.0,403,339,2018-07-17 10:07:00
20180717 10:08,464.5,465.0,464.5,465.0,50536,6.0,135040,2.0,2348570000.0,280000.0,2553,9766,2018-07-17 10:08:00
20180717 10:09,465.0,465.0,464.5,465.0,50594,58.0,135048,8.0,2351270000.0,2700000.0,2034,8348,2018-07-17 10:09:00
20180717 10:10,465.0,465.0,464.5,464.5,50626,32.0,135048,0.0,2352750000.0,1480000.0,3852,2798,2018-07-17 10:10:00
20180717 10:11,464.5,464.5,464.5,464.5,50626,0.0,135048,0.0,2352750000.0,0.0,5485,7826,2018-07-17 10:11:00
20180717 10:12,464.5,464.5,464.5,464.5,50626,0.0,135048,0.0,2352750000.0,0.0,2768,4835,2018-07-17 10:12:00
20180717 10:13,464.5,465.0,464.5,465.0,50636,10.0,135048,0.0,2353220000.0,470000.0,1468,4152,2018-07-17 10:13:00
20180717 10:14,465.0,465.0,464.5,464.5,51476,840.0,134908,-140.0,2392240000.0,39020000.0,4256,5521,2018-07-17 10:14:00
20180717 10:30,464.5,464.5,464.5,464.5,51476,0.0,134908,0.0,2392240000.0,0.0,1126,1601,2018-07-17 10:30:00
20180717 10:31,464.5,464.5,464.5,464.5,51496,20.0,134928,20.0,2393170000.0,930000.0,1635,1585,2018-07-17 10:31:00
20180717 10:32,464.5,464.5,464.5,464.5,51630,134.0,134950,22.0,2399390000.0,6220000.0,2051,1249,2018-07-17 10:32:00
20180717 10:33,464.5,464.5,464.5,464.5,51630,0.0,134950,0.0,2399390000.0,0.0,1075,2181,2018-07-17 10:33:00
20180717 10:34,464.5,464.5,464.5,464.5,51630,0.0,134950,0.0,2399390000.0,0.0,271,530,2018-07-17 10:34:00
20180717 10:35,464.5,464.5,464.5,464.5,51836,206.0,134988,38.0,2408960000.0,9570000.0,3644,9096,2018-07-17 10:35:00
20180717 10:36,464.5,464.5,464.5,464.5,51836,0.0,134988,0.0,2408960000.0,0.0,264,488,2018-07-17 10:36:00
20180717 10:37,464.5,464.5,464.5,464.5,51848,12.0,134990,2.0,2409520000.0,560000.0,3066,3282,2018-07-17 10:37:00
20180717 10:38,464.5,464.5,464.5,464.5,51848,0.0,134990,0.0,2409520000.0,0.0,1906,3824,2018-07-17 10:38:00
20180717 10:39,464.5,464.5,464.5,464.5,51848,0.0,134990,0.0,2409520000.0,0.0,2708,2224,2018-07-17 10:39:00
20180717 10:40,464.5,464.5,464.5,464.5,51848,0.0,134990,0.0,2409520000.0,0.0,2797,5114,2018-07-17 10:40:00
20180717 10:41,464.5,464.5,464.5,464.5,51848,0.0,134990,0.0,2409520000.0,0.0,219,720,2018-07-17 10:41:00
20180717 10:42,464.5,464.5,464.5,464.5,51848,0.0,134990,0.0,2409520000.0,0.0,463,926,2018-07-17 10:42:00
20180717 10:43,464.5,464.5,464.5,464.5,51876,28.0,134990,0.0,2410820000.0,1300000.0,5099,1985,2018-07-17 10:43:00
20180717 10:44,464.5,464.5,464.5,464.5,51880,4.0,134990,0.0,2411000000.0,180000.0,2882,625,2018-07-17 10:44:00
20180717 10:45,464.5,464.5,464.5,464.5,51900,20.0,135010,20.0,2411930000.0,930000.0,4327,2215,2018-07-17 10:45:00
20180717 10:46,464.5,464.5,464.5,464.5,52208,308.0,134972,-38.0,2426240000.0,14310000.0,981,803,2018-07-17 10:46:00
20180717 10:47,464.5,464.5,464.5,464.5,52658,450.0,135002,30.0,2447140000.0,20900000.0,3954,2504,2018-07-17 10:47:00
20180717 10:48,464.5,464.5,464.5,464.5,52806,148.0,134930,-72.0,2454010000.0,6870000.0,4638,3664,2018-07-17 10:48:00
20180717 10:49,464.5,464.5,464.5,464.5,54122,1316.0,134724,-206.0,2515140000.0,61130000.0,6080,4506,2018-07-17 10:49:00
20180717 10:50,464.5,464.5,464.5,464.5,54122,0.0,134724,0.0,2515140000.0,0.0,8076,7753,2018-07-17 10:50:00
20180717 10:51,464.5,464.5,464.5,464.5,54812,690.0,134734,10.0,2547190000.0,32050000.0,9651,9370,2018-07-17 10:51:00
20180717 10:52,464.5,464.5,464.5,464.5,55582,770.0,134784,50.0,2582960000.0,35770000.0,4682,9850,2018-07-17 10:52:00
20180717 10:53,464.5,464.5,464.5,464.5,55620,38.0,134754,-30.0,2584720000.0,1760000.0,2057,3349,2018-07-17 10:53:00
20180717 10:54,464.5,464.5,464.5,464.5,55636,16.0,134754,0.0,2585470000.0,750000.0,2645,3202,2018-07-17 10:54:00
20180717 10:55,464.5,464.5,464.5,464.5,55684,48.0,134766,12.0,2587700000.0,2230000.0,2675,2369,2018-07-17 10:55:00
20180717 10:56,464.5,464.5,464.0,464.5,55722,38.0,134752,-14.0,2589460000.0,1760000.0,8061,3711,2018-07-17 10:56:00
20180717 10:57,464.5,464.5,464.5,464.5,55722,0.0,134752,0.0,2589460000.0,0.0,728,800,2018-07-17 10:57:00
20180717 10:58,464.5,464.5,464.0,464.0,56066,344.0,134868,116.0,2605420000.0,15960000.0,4303,2180,2018-07-17 10:58:00
20180717 10:59,464.0,464.0,464.0,464.0,56066,0.0,134868,0.0,2605420000.0,0.0,2414,665,2018-07-17 10:59:00
20180717 11:00,464.0,464.0,464.0,464.0,56094,28.0,134852,-16.0,2606720000.0,1300000.0,3225,1185,2018-07-17 11:00:00
20180717 11:01,464.0,464.0,464.0,464.0,56094,0.0,134852,0.0,2606720000.0,0.0,4191,2030,2018-07-17 11:01:00
20180717 11:02,464.0,464.0,464.0,464.0,57034,940.0,134958,106.0,2650340000.0,43620000.0,8804,6385,2018-07-17 11:02:00
20180717 11:03,463.5,464.0,463.5,463.5,57610,576.0,134968,10.0,2677040000.0,26700000.0,3514,12783,2018-07-17 11:03:00
20180717 11:04,463.5,463.5,463.5,463.5,57818,208.0,134948,-20.0,2686680000.0,9640000.0,5137,7696,2018-07-17 11:04:00
20180717 11:05,463.5,463.5,463.5,463.5,58796,978.0,134564,-384.0,2732010000.0,45330000.0,3586,4598,2018-07-17 11:05:00
20180717 11:06,463.5,463.5,463.5,463.5,58796,0.0,134564,0.0,2732010000.0,0.0,580,953,2018-07-17 11:06:00
20180717 11:07,463.5,463.5,463.5,463.5,59076,280.0,134642,78.0,2744980000.0,12970000.0,9300,3595,2018-07-17 11:07:00
20180717 11:08,463.5,463.5,463.5,463.5,60034,958.0,134728,86.0,2789390000.0,44410000.0,7035,19360,2018-07-17 11:08:00
20180717 11:09,463.5,463.5,463.5,463.5,61872,1838.0,134268,-460.0,2874580000.0,85190000.0,2720,16564,2018-07-17 11:09:00
20180717 11:10,463.5,463.5,463.5,463.5,62628,756.0,134270,2.0,2909620000.0,35040000.0,6537,2118,2018-07-17 11:10:00
20180717 11:11,463.5,463.5,463.5,463.5,62628,0.0,134270,0.0,2909620000.0,0.0,1110,451,2018-07-17 11:11:00
20180717 11:12,463.5,463.5,463.5,463.5,62628,0.0,134270,0.0,2909620000.0,0.0,2024,904,2018-07-17 11:12:00
20180717 11:13,463.5,463.5,463.5,463.5,62628,0.0,134270,0.0,2909620000.0,0.0,908,480,2018-07-17 11:13:00
20180717 11:14,463.5,463.5,463.5,463.5,62814,186.0,134434,164.0,2918240000.0,8620000.0,995,2435,2018-07-17 11:14:00
20180717 11:15,463.5,463.5,463.5,463.5,62886,72.0,134368,-66.0,2921580000.0,3340000.0,5366,16297,2018-07-17 11:15:00
20180717 11:16,463.5,463.5,463.5,463.5,63012,126.0,134268,-100.0,2927420000.0,5840000.0,3277,15298,2018-07-17 11:16:00
20180717 11:17,463.5,463.5,463.5,463.5,63078,66.0,134246,-22.0,2930480000.0,3060000.0,3137,3558,2018-07-17 11:17:00
20180717 11:18,463.5,464.0,463.5,464.0,64634,1556.0,134848,602.0,3002600000.0,72120000.0,4912,8824,2018-07-17 11:18:00
20180717 11:19,464.0,464.0,464.0,464.0,64634,0.0,134848,0.0,3002600000.0,0.0,63,389,2018-07-17 11:19:00
20180717 11:20,464.0,464.0,464.0,464.0,64634,0.0,134848,0.0,3002600000.0,0.0,1011,4229,2018-07-17 11:20:00
20180717 11:21,464.0,464.0,464.0,464.0,64634,0.0,134848,0.0,3002600000.0,0.0,346,1707,2018-07-17 11:21:00
20180717 11:22,464.0,464.0,464.0,464.0,64674,40.0,134832,-16.0,3004450000.0,1850000.0,720,3300,2018-07-17 11:22:00
20180717 11:23,464.0,464.0,464.0,464.0,64674,0.0,134832,0.0,3004450000.0,0.0,187,660,2018-07-17 11:23:00
20180717 11:24,464.0,464.0,463.5,463.5,64676,2.0,134832,0.0,3004550000.0,100000.0,457,1594,2018-07-17 11:24:00
20180717 11:25,463.5,463.5,463.5,463.5,64676,0.0,134832,0.0,3004550000.0,0.0,782,1566,2018-07-17 11:25:00
20180717 11:26,463.5,463.5,463.5,463.5,64676,0.0,134832,0.0,3004550000.0,0.0,409,1894,2018-07-17 11:26:00
20180717 11:27,463.5,463.5,463.5,463.5,64710,34.0,134828,-4.0,3006120000.0,1570000.0,751,3434,2018-07-17 11:27:00
20180717 11:28,463.5,463.5,463.5,463.5,64710,0.0,134828,0.0,3006120000.0,0.0,1238,5092,2018-07-17 11:28:00
20180717 11:29,464.0,464.0,463.5,464.0,65072,362.0,134780,-48.0,3022910000.0,16790000.0,2028,5822,2018-07-17 11:29:00
20180717 13:30,464.0,464.0,463.5,463.5,65566,494.0,134644,-136.0,3045810000.0,22900000.0,3751,7318,2018-07-17 13:30:00
20180717 13:31,463.5,463.5,463.5,463.5,65566,0.0,134644,0.0,3045810000.0,0.0,2954,2281,2018-07-17 13:31:00
20180717 13:32,463.5,463.5,463.5,463.5,65570,4.0,134644,0.0,3045990000.0,180000.0,1661,3071,2018-07-17 13:32:00
20180717 13:33,464.0,464.0,464.0,464.0,66688,1118.0,134632,-12.0,3097870000.0,51880000.0,4030,5274,2018-07-17 13:33:00
20180717 13:34,464.0,464.0,464.0,464.0,66946,258.0,134440,-192.0,3109840000.0,11970000.0,6211,1411,2018-07-17 13:34:00
20180717 13:35,464.0,464.0,464.0,464.0,66946,0.0,134440,0.0,3109840000.0,0.0,750,644,2018-07-17 13:35:00
20180717 13:36,464.0,464.0,464.0,464.0,67468,522.0,134624,184.0,3134060000.0,24220000.0,2599,1437,2018-07-17 13:36:00
20180717 13:37,464.0,464.0,463.5,463.5,67484,16.0,134620,-4.0,3134800000.0,740000.0,1195,572,2018-07-17 13:37:00
20180717 13:38,463.5,463.5,463.5,463.5,67484,0.0,134620,0.0,3134800000.0,0.0,1040,823,2018-07-17 13:38:00
20180717 13:39,463.5,463.5,463.5,463.5,67496,12.0,134610,-10.0,3135360000.0,560000.0,4961,2445,2018-07-17 13:39:00
20180717 13:40,463.5,463.5,463.5,463.5,67496,0.0,134610,0.0,3135360000.0,0.0,3658,1563,2018-07-17 13:40:00
20180717 13:41,463.5,463.5,463.5,463.5,67496,0.0,134610,0.0,3135360000.0,0.0,645,326,2018-07-17 13:41:00
20180717 13:42,463.5,463.5,463.5,463.5,67496,0.0,134610,0.0,3135360000.0,0.0,4031,2898,2018-07-17 13:42:00
20180717 13:43,464.0,464.0,464.0,464.0,69248,1752.0,134512,-98.0,3216650000.0,81290000.0,2291,3879,2018-07-17 13:43:00
20180717 13:44,464.0,464.0,464.0,464.0,70958,1710.0,134596,84.0,3295990000.0,79340000.0,3490,3393,2018-07-17 13:44:00
20180717 13:45,464.0,464.0,464.0,464.0,72008,1050.0,134366,-230.0,3344710000.0,48720000.0,2617,4797,2018-07-17 13:45:00
20180717 13:46,464.0,464.0,464.0,464.0,72008,0.0,134366,0.0,3344710000.0,0.0,659,2525,2018-07-17 13:46:00
20180717 13:47,464.0,464.0,464.0,464.0,72008,0.0,134366,0.0,3344710000.0,0.0,855,2756,2018-07-17 13:47:00
20180717 13:48,464.0,464.0,463.5,464.0,72860,852.0,134416,50.0,3384210000.0,39500000.0,4459,4450,2018-07-17 13:48:00
20180717 13:49,464.0,464.0,463.0,463.5,73200,340.0,134606,190.0,3399960000.0,15750000.0,3507,6186,2018-07-17 13:49:00
20180717 13:50,463.5,463.5,463.0,463.5,73996,796.0,134510,-96.0,3436860000.0,36900000.0,3477,5727,2018-07-17 13:50:00
20180717 13:51,463.5,463.5,463.5,463.5,73998,2.0,134508,-2.0,3436950000.0,90000.0,783,2445,2018-07-17 13:51:00
20180717 13:52,463.5,463.5,463.5,463.5,73998,0.0,134508,0.0,3436950000.0,0.0,711,1742,2018-07-17 13:52:00
20180717 13:53,463.5,463.5,463.5,463.5,75028,1030.0,134496,-12.0,3484690000.0,47740000.0,4121,9894,2018-07-17 13:53:00
20180717 13:54,463.5,463.5,463.5,463.5,75034,6.0,134496,0.0,3484970000.0,280000.0,2289,7811,2018-07-17 13:54:00
20180717 13:55,463.5,463.5,463.5,463.5,76304,1270.0,133930,-566.0,3543830000.0,58860000.0,3489,9219,2018-07-17 13:55:00
20180717 13:56,463.5,463.5,463.5,463.5,76664,360.0,134142,212.0,3560520000.0,16690000.0,1560,1486,2018-07-17 13:56:00
20180717 13:57,463.5,464.0,463.5,463.5,76668,4.0,134140,-2.0,3560710000.0,190000.0,9627,3869,2018-07-17 13:57:00
20180717 13:58,463.5,463.5,463.5,463.5,76668,0.0,134140,0.0,3560710000.0,0.0,7498,3669,2018-07-17 13:58:00
20180717 14:00,463.5,464.0,463.5,464.0,76670,2.0,134140,0.0,3560800000.0,90000.0,1856,588,2018-07-17 14:00:00
20180717 14:01,464.0,464.0,464.0,464.0,76670,0.0,134140,0.0,3560800000.0,0.0,376,116,2018-07-17 14:01:00
20180717 14:02,464.0,464.0,464.0,464.0,76670,0.0,134140,0.0,3560800000.0,0.0,2331,789,2018-07-17 14:02:00
20180717 14:03,464.0,464.0,464.0,464.0,76670,0.0,134140,0.0,3560800000.0,0.0,6935,3309,2018-07-17 14:03:00
20180717 14:04,464.0,464.0,464.0,464.0,77272,602.0,134174,34.0,3588730000.0,27930000.0,1519,2034,2018-07-17 14:04:00
20180717 14:05,464.0,464.0,464.0,464.0,77604,332.0,134228,54.0,3604140000.0,15410000.0,6569,3588,2018-07-17 14:05:00
20180717 14:06,464.0,464.0,464.0,464.0,77606,2.0,134230,2.0,3604230000.0,90000.0,664,629,2018-07-17 14:06:00
20180717 14:07,464.0,464.5,464.0,464.5,78042,436.0,134466,236.0,3624480000.0,20250000.0,2872,2081,2018-07-17 14:07:00
20180717 14:08,464.5,465.0,464.5,465.0,78112,70.0,134496,30.0,3627730000.0,3250000.0,4959,1684,2018-07-17 14:08:00
20180717 14:09,465.0,465.0,464.5,464.5,78302,190.0,134428,-68.0,3636560000.0,8830000.0,4717,2370,2018-07-17 14:09:00
20180717 14:10,464.5,464.5,464.5,464.5,78410,108.0,134450,22.0,3641580000.0,5020000.0,2305,2052,2018-07-17 14:10:00
20180717 14:11,464.5,464.5,464.5,464.5,79636,1226.0,134270,-180.0,3698520000.0,56940000.0,5025,5476,2018-07-17 14:11:00
20180717 14:12,464.5,464.5,464.5,464.5,79636,0.0,134270,0.0,3698520000.0,0.0,1376,1648,2018-07-17 14:12:00
20180717 14:13,464.5,464.5,464.5,464.5,79636,0.0,134270,0.0,3698520000.0,0.0,234,274,2018-07-17 14:13:00
20180717 14:14,464.5,464.5,464.5,464.5,79636,0.0,134270,0.0,3698520000.0,0.0,1178,794,2018-07-17 14:14:00
20180717 14:15,464.5,464.5,464.5,464.5,79636,0.0,134270,0.0,3698520000.0,0.0,1093,1775,2018-07-17 14:15:00
20180717 14:16,464.5,464.5,464.5,464.5,79636,0.0,134270,0.0,3698520000.0,0.0,795,1186,2018-07-17 14:16:00
20180717 14:17,464.5,464.5,464.5,464.5,79636,0.0,134270,0.0,3698520000.0,0.0,726,749,2018-07-17 14:17:00
20180717 14:18,464.5,464.5,464.5,464.5,79636,0.0,134270,0.0,3698520000.0,0.0,516,396,2018-07-17 14:18:00
20180717 14:19,464.5,465.0,464.5,465.0,79640,4.0,134270,0.0,3698710000.0,190000.0,983,1425,2018-07-17 14:19:00
20180717 14:20,465.0,465.0,465.0,465.0,79682,42.0,134280,10.0,3700660000.0,1950000.0,1286,2451,2018-07-17 14:20:00
20180717 14:21,465.0,465.0,465.0,465.0,79684,2.0,134280,0.0,3700760000.0,100000.0,383,555,2018-07-17 14:21:00
20180717 14:22,465.0,465.0,465.0,465.0,80580,896.0,134244,-36.0,3742420000.0,41660000.0,6470,13147,2018-07-17 14:22:00
20180717 14:23,465.0,465.0,465.0,465.0,80580,0.0,134244,0.0,3742420000.0,0.0,1344,1829,2018-07-17 14:23:00
20180717 14:24,465.0,465.0,465.0,465.0,80580,0.0,134244,0.0,3742420000.0,0.0,1345,3014,2018-07-17 14:24:00
20180717 14:25,465.0,465.5,465.0,465.5,80590,10.0,134252,8.0,3742890000.0,470000.0,1503,3372,2018-07-17 14:25:00
20180717 14:26,465.5,465.5,465.0,465.0,80592,2.0,134252,0.0,3742980000.0,90000.0,786,1792,2018-07-17 14:26:00
20180717 14:27,465.0,465.0,465.0,465.0,80594,2.0,134250,-2.0,3743070000.0,90000.0,224,403,2018-07-17 14:27:00
20180717 14:28,465.0,465.0,465.0,465.0,80594,0.0,134250,0.0,3743070000.0,0.0,407,804,2018-07-17 14:28:00
20180717 14:29,465.0,465.0,465.0,465.0,80594,0.0,134250,0.0,3743070000.0,0.0,202,402,2018-07-17 14:29:00
20180717 14:30,465.0,465.5,465.0,465.5,81384,790.0,134188,-62.0,3779850000.0,36780000.0,1611,3599,2018-07-17 14:30:00
20180717 14:31,465.5,465.5,465.5,465.5,81384,0.0,134188,0.0,3779850000.0,0.0,254,623,2018-07-17 14:31:00
20180717 14:32,465.5,465.5,465.5,465.5,81384,0.0,134188,0.0,3779850000.0,0.0,1132,3084,2018-07-17 14:32:00
20180717 14:33,465.5,465.5,465.5,465.5,82058,674.0,134188,0.0,3811220000.0,31370000.0,541,2070,2018-07-17 14:33:00
20180717 14:34,465.5,465.5,465.5,465.5,82058,0.0,134188,0.0,3811220000.0,0.0,930,1126,2018-07-17 14:34:00
20180717 14:35,465.5,465.5,465.5,465.5,82058,0.0,134188,0.0,3811220000.0,0.0,170,223,2018-07-17 14:35:00
20180717 14:36,465.5,465.5,465.0,465.0,82060,2.0,134188,0.0,3811310000.0,90000.0,1059,1014,2018-07-17 14:36:00
20180717 14:38,465.0,465.0,465.0,465.0,82060,0.0,134188,0.0,3811310000.0,0.0,218,225,2018-07-17 14:38:00
20180717 14:39,465.0,465.0,465.0,465.0,82060,0.0,134188,0.0,3811310000.0,0.0,436,414,2018-07-17 14:39:00
20180717 14:40,465.0,465.0,465.0,465.0,82060,0.0,134188,0.0,3811310000.0,0.0,1308,1245,2018-07-17 14:40:00
20180717 14:41,465.0,465.0,465.0,465.0,82060,0.0,134188,0.0,3811310000.0,0.0,624,681,2018-07-17 14:41:00
20180717 14:42,465.5,465.5,465.5,465.5,82062,2.0,134188,0.0,3811410000.0,100000.0,1000,1135,2018-07-17 14:42:00
20180717 14:43,465.5,465.5,465.5,465.5,82062,0.0,134188,0.0,3811410000.0,0.0,183,227,2018-07-17 14:43:00
20180717 14:44,465.5,465.5,465.5,465.5,82062,0.0,134188,0.0,3811410000.0,0.0,5225,4381,2018-07-17 14:44:00
20180717 14:45,465.5,465.5,465.5,465.5,82062,0.0,134188,0.0,3811410000.0,0.0,6988,5836,2018-07-17 14:45:00
20180717 14:46,465.5,465.5,465.5,465.5,82062,0.0,134188,0.0,3811410000.0,0.0,4204,4036,2018-07-17 14:46:00
20180717 14:47,465.5,465.5,465.5,465.5,82062,0.0,134188,0.0,3811410000.0,0.0,1005,1130,2018-07-17 14:47:00
20180717 14:48,465.5,465.5,465.5,465.5,82096,34.0,134172,-16.0,3812990000.0,1580000.0,795,2389,2018-07-17 14:48:00
20180717 14:49,465.5,466.0,465.0,466.0,82406,310.0,134286,114.0,3827420000.0,14430000.0,2009,3608,2018-07-17 14:49:00
20180717 14:50,466.0,466.0,466.0,466.0,82406,0.0,134286,0.0,3827420000.0,0.0,736,482,2018-07-17 14:50:00
20180717 14:51,466.0,466.0,466.0,466.0,82408,2.0,134286,0.0,3827510000.0,90000.0,865,1039,2018-07-17 14:51:00
20180717 14:52,466.0,466.0,466.0,466.0,82418,10.0,134296,10.0,3827980000.0,470000.0,1185,1560,2018-07-17 14:52:00
20180717 14:53,466.0,466.0,465.5,465.5,82428,10.0,134286,-10.0,3828440000.0,460000.0,1842,965,2018-07-17 14:53:00
20180717 14:54,465.5,466.0,465.5,466.0,82430,2.0,134286,0.0,3828540000.0,100000.0,2878,872,2018-07-17 14:54:00
20180717 14:55,466.0,466.0,466.0,466.0,82430,0.0,134286,0.0,3828540000.0,0.0,692,220,2018-07-17 14:55:00
20180717 14:56,466.0,466.5,465.5,466.5,83316,886.0,134002,-284.0,3869830000.0,41290000.0,7818,7698,2018-07-17 14:56:00
20180717 14:57,466.5,466.5,466.0,466.0,83724,408.0,133960,-42.0,3888850000.0,19020000.0,5341,2472,2018-07-17 14:57:00
20180717 14:58,466.0,466.0,465.0,465.5,84268,544.0,133898,-62.0,3914170000.0,25320000.0,2806,6695,2018-07-17 14:58:00
20180717 14:59,465.0,465.5,465.0,465.5,84542,274.0,133868,-30.0,3926930000.0,12760000.0,2707,3759,2018-07-17 14:59:00
20180717 15:00,465.5,465.5,465.5,465.5,84542,0.0,133868,0.0,3926930000.0,0.0,10,96,2018-07-17 15:00:00
20180717 23:29,464.0,464.0,464.0,464.0,40090,40090.0,135206,1338.0,1862920000.0,1862920000.0,11,110,2018-07-17 23:29:00
20180718 09:00,466.5,467.0,466.5,466.5,35922,35922.0,136176,970.0,1676630000.0,1676630000.0,503,1794,2018-07-18 09:00:00
20180718 09:01,466.5,466.5,466.5,466.5,35922,0.0,136176,0.0,1676630000.0,0.0,296,533,2018-07-18 09:01:00
20180718 09:02,466.5,467.0,466.5,467.0,35942,20.0,136174,-2.0,1677570000.0,940000.0,448,841,2018-07-18 09:02:00
20180718 09:03,467.0,467.0,467.0,467.0,35944,2.0,136176,2.0,1677660000.0,90000.0,214,670,2018-07-18 09:03:00
20180718 09:04,467.0,467.0,466.5,466.5,35948,4.0,136176,0.0,1677850000.0,190000.0,815,1035,2018-07-18 09:04:00
20180718 09:05,466.5,467.0,466.5,467.0,36006,58.0,136180,4.0,1680560000.0,2710000.0,2640,2109,2018-07-18 09:05:00
20180718 09:06,467.0,467.0,467.0,467.0,36006,0.0,136180,0.0,1680560000.0,0.0,814,625,2018-07-18 09:06:00
20180718 09:07,467.0,467.0,467.0,467.0,36006,0.0,136180,0.0,1680560000.0,0.0,1071,1209,2018-07-18 09:07:00
20180718 09:08,467.0,467.0,467.0,467.0,36118,112.0,136146,-34.0,1685790000.0,5230000.0,2411,2026,2018-07-18 09:08:00
20180718 09:09,467.0,467.0,467.0,467.0,36422,304.0,136070,-76.0,1699980000.0,14190000.0,2108,2290,2018-07-18 09:09:00
20180718 09:10,467.0,467.0,467.0,467.0,36422,0.0,136070,0.0,1699980000.0,0.0,2190,2316,2018-07-18 09:10:00
20180718 09:11,467.0,467.0,466.5,467.0,36518,96.0,136010,-60.0,1704460000.0,4480000.0,6226,2385,2018-07-18 09:11:00
20180718 09:12,467.0,467.0,467.0,467.0,36518,0.0,136010,0.0,1704460000.0,0.0,1114,1566,2018-07-18 09:12:00
20180718 09:13,467.0,467.0,467.0,467.0,36518,0.0,136010,0.0,1704460000.0,0.0,1430,2037,2018-07-18 09:13:00
20180718 09:14,467.0,467.0,467.0,467.0,36552,34.0,136014,4.0,1706050000.0,1590000.0,4557,7790,2018-07-18 09:14:00
20180718 09:15,467.0,467.0,467.0,467.0,36856,304.0,136294,280.0,1720250000.0,14200000.0,3161,3969,2018-07-18 09:15:00
20180718 09:16,467.0,467.0,467.0,467.0,36858,2.0,136294,0.0,1720340000.0,90000.0,783,790,2018-07-18 09:16:00
20180718 09:17,467.0,467.0,467.0,467.0,36916,58.0,136314,20.0,1723050000.0,2710000.0,3059,5298,2018-07-18 09:17:00
20180718 09:18,467.0,467.0,467.0,467.0,38274,1358.0,136978,664.0,1786470000.0,63420000.0,5899,11492,2018-07-18 09:18:00
20180718 09:19,467.0,467.0,467.0,467.0,38282,8.0,136986,8.0,1786840000.0,370000.0,4158,1308,2018-07-18 09:19:00
20180718 09:20,467.0,467.0,467.0,467.0,38440,158.0,136892,-94.0,1794220000.0,7380000.0,3016,2459,2018-07-18 09:20:00
20180718 09:21,467.0,467.0,467.0,467.0,38442,2.0,136890,-2.0,1794310000.0,90000.0,3452,1483,2018-07-18 09:21:00
20180718 09:22,467.0,467.0,467.0,467.0,38442,0.0,136890,0.0,1794310000.0,0.0,4105,777,2018-07-18 09:22:00
20180718 09:23,467.0,467.0,467.0,467.0,38442,0.0,136890,0.0,1794310000.0,0.0,4917,1487,2018-07-18 09:23:00
20180718 09:24,467.0,467.0,467.0,467.0,39054,612.0,136924,34.0,1822890000.0,28580000.0,2038,1509,2018-07-18 09:24:00
20180718 09:25,467.0,467.0,467.0,467.0,39054,0.0,136924,0.0,1822890000.0,0.0,2636,1275,2018-07-18 09:25:00
20180718 09:26,467.0,467.0,467.0,467.0,39054,0.0,136924,0.0,1822890000.0,0.0,1588,769,2018-07-18 09:26:00
20180718 09:27,467.0,467.0,467.0,467.0,39054,0.0,136924,0.0,1822890000.0,0.0,1599,815,2018-07-18 09:27:00
20180718 09:28,467.0,467.0,467.0,467.0,39054,0.0,136924,0.0,1822890000.0,0.0,470,240,2018-07-18 09:28:00
20180718 09:30,467.0,467.0,467.0,467.0,39054,0.0,136924,0.0,1822890000.0,0.0,1368,864,2018-07-18 09:30:00
20180718 09:31,467.0,467.0,467.0,467.0,39054,0.0,136924,0.0,1822890000.0,0.0,1101,744,2018-07-18 09:31:00
20180718 09:32,467.0,467.0,467.0,467.0,39054,0.0,136924,0.0,1822890000.0,0.0,642,372,2018-07-18 09:32:00
20180718 09:33,467.0,467.0,467.0,467.0,39054,0.0,136924,0.0,1822890000.0,0.0,855,491,2018-07-18 09:33:00
20180718 09:34,467.0,467.0,467.0,467.0,39054,0.0,136924,0.0,1822890000.0,0.0,1530,868,2018-07-18 09:34:00
20180718 09:36,467.0,467.0,467.0,467.0,39054,0.0,136924,0.0,1822890000.0,0.0,1389,868,2018-07-18 09:36:00
20180718 09:37,467.0,467.0,467.0,467.0,39054,0.0,136924,0.0,1822890000.0,0.0,1308,601,2018-07-18 09:37:00
20180718 09:38,467.0,467.0,466.5,466.5,39066,12.0,136936,12.0,1823450000.0,560000.0,1108,602,2018-07-18 09:38:00
20180718 09:39,466.5,466.5,466.5,466.5,39066,0.0,136936,0.0,1823450000.0,0.0,369,236,2018-07-18 09:39:00
20180718 09:40,466.5,466.5,466.5,466.5,39252,186.0,136890,-46.0,1832130000.0,8680000.0,2091,3645,2018-07-18 09:40:00
20180718 09:41,466.5,466.5,466.5,466.5,39278,26.0,136864,-26.0,1833340000.0,1210000.0,436,1871,2018-07-18 09:41:00
20180718 09:42,466.5,466.5,466.5,466.5,39278,0.0,136864,0.0,1833340000.0,0.0,606,1272,2018-07-18 09:42:00
20180718 09:43,466.5,466.5,466.5,466.5,39308,30.0,136868,4.0,1834740000.0,1400000.0,259,488,2018-07-18 09:43:00
20180718 09:44,466.5,466.5,466.5,466.5,39308,0.0,136868,0.0,1834740000.0,0.0,561,985,2018-07-18 09:44:00
20180718 09:45,466.5,466.5,466.5,466.5,39308,0.0,136868,0.0,1834740000.0,0.0,2904,1736,2018-07-18 09:45:00
20180718 09:46,466.5,466.5,466.5,466.5,39308,0.0,136868,0.0,1834740000.0,0.0,1069,1029,2018-07-18 09:46:00
20180718 09:47,466.5,466.5,466.0,466.0,39312,4.0,136864,-4.0,1834930000.0,190000.0,958,558,2018-07-18 09:47:00
20180718 09:48,466.0,466.0,466.0,466.0,39314,2.0,136864,0.0,1835020000.0,90000.0,954,520,2018-07-18 09:48:00
20180718 09:49,466.0,466.0,466.0,466.0,39314,0.0,136864,0.0,1835020000.0,0.0,434,340,2018-07-18 09:49:00
20180718 09:50,466.0,466.0,466.0,466.0,39314,0.0,136864,0.0,1835020000.0,0.0,478,335,2018-07-18 09:50:00
20180718 09:51,466.0,466.0,466.0,466.0,39314,0.0,136864,0.0,1835020000.0,0.0,239,169,2018-07-18 09:51:00
20180718 09:52,466.0,466.0,466.0,466.0,39314,0.0,136864,0.0,1835020000.0,0.0,348,338,2018-07-18 09:52:00
20180718 09:54,466.0,466.0,466.0,466.0,39318,4.0,136862,-2.0,1835210000.0,190000.0,485,509,2018-07-18 09:54:00
20180718 09:55,466.0,466.0,466.0,466.0,39386,68.0,136818,-44.0,1838380000.0,3170000.0,1460,927,2018-07-18 09:55:00
20180718 09:56,466.0,466.0,466.0,466.0,39550,164.0,136756,-62.0,1846020000.0,7640000.0,1213,907,2018-07-18 09:56:00
20180718 09:57,466.0,466.0,466.0,466.0,39550,0.0,136756,0.0,1846020000.0,0.0,1132,1361,2018-07-18 09:57:00
20180718 09:58,466.0,466.0,466.0,466.0,39550,0.0,136756,0.0,1846020000.0,0.0,770,556,2018-07-18 09:58:00
20180718 09:59,466.0,466.0,465.5,465.5,39578,28.0,136744,-12.0,1847320000.0,1300000.0,2258,1218,2018-07-18 09:59:00
20180718 10:00,465.5,465.5,465.5,465.5,40304,726.0,136394,-350.0,1881120000.0,33800000.0,4625,2108,2018-07-18 10:00:00
20180718 10:01,465.5,465.5,465.5,465.5,41870,1566.0,136210,-184.0,1954010000.0,72890000.0,4071,2008,2018-07-18 10:01:00
20180718 10:02,466.0,466.0,465.5,465.5,41974,104.0,136314,104.0,1958860000.0,4850000.0,2402,1835,2018-07-18 10:02:00
20180718 10:03,465.5,465.5,465.5,465.5,41974,0.0,136314,0.0,1958860000.0,0.0,734,687,2018-07-18 10:03:00
20180718 10:04,465.5,465.5,465.5,465.5,41974,0.0,136314,0.0,1958860000.0,0.0,2151,1449,2018-07-18 10:04:00
20180718 10:05,465.5,465.5,465.5,465.5,41976,2.0,136312,-2.0,1958950000.0,90000.0,2053,1220,2018-07-18 10:05:00
20180718 10:06,465.5,465.5,465.5,465.5,41976,0.0,136312,0.0,1958950000.0,0.0,515,385,2018-07-18 10:06:00
20180718 10:09,465.5,465.5,465.5,465.5,41994,18.0,136294,-18.0,1959790000.0,840000.0,525,396,2018-07-18 10:09:00
20180718 10:11,465.5,466.0,465.5,466.0,42118,124.0,136260,-34.0,1965570000.0,5780000.0,1214,2256,2018-07-18 10:11:00
20180718 10:12,466.0,466.0,466.0,466.0,43012,894.0,136108,-152.0,2007230000.0,41660000.0,2256,3929,2018-07-18 10:12:00
20180718 10:13,466.0,466.0,466.0,466.0,43626,614.0,136078,-30.0,2035840000.0,28610000.0,1025,2831,2018-07-18 10:13:00
20180718 10:14,466.0,466.0,465.5,466.0,44598,972.0,136014,-64.0,2081130000.0,45290000.0,1457,4869,2018-07-18 10:14:00
20180718 10:30,466.0,466.5,466.0,466.5,47560,2962.0,135944,-70.0,2219310000.0,138180000.0,2413,3701,2018-07-18 10:30:00
20180718 10:31,466.5,466.5,466.5,466.5,47578,18.0,135944,0.0,2220150000.0,840000.0,6193,3480,2018-07-18 10:31:00
20180718 10:32,466.5,466.5,466.5,466.5,47926,348.0,135668,-276.0,2236380000.0,16230000.0,6607,2452,2018-07-18 10:32:00
20180718 10:33,466.5,466.5,466.5,466.5,47926,0.0,135668,0.0,2236380000.0,0.0,2055,1283,2018-07-18 10:33:00
20180718 10:34,466.5,466.5,466.5,466.5,47926,0.0,135668,0.0,2236380000.0,0.0,1367,1060,2018-07-18 10:34:00
20180718 10:35,466.5,466.5,466.5,466.5,47926,0.0,135668,0.0,2236380000.0,0.0,791,510,2018-07-18 10:35:00
20180718 10:36,466.5,466.5,466.5,466.5,50312,2386.0,135548,-120.0,2347690000.0,111310000.0,6658,3645,2018-07-18 10:36:00
20180718 10:37,466.5,466.5,466.5,466.5,50626,314.0,135836,288.0,2362340000.0,14650000.0,1050,226,2018-07-18 10:37:00
20180718 10:38,466.5,466.5,466.5,466.5,50630,4.0,135840,4.0,2362520000.0,180000.0,2234,1229,2018-07-18 10:38:00
20180718 10:39,466.5,466.5,466.5,466.5,50650,20.0,135850,10.0,2363460000.0,940000.0,1780,853,2018-07-18 10:39:00
20180718 10:40,466.5,466.5,466.5,466.5,50650,0.0,135850,0.0,2363460000.0,0.0,612,446,2018-07-18 10:40:00
20180718 10:41,466.5,466.5,466.5,466.5,50650,0.0,135850,0.0,2363460000.0,0.0,312,223,2018-07-18 10:41:00
20180718 10:42,466.5,466.5,466.5,466.5,50650,0.0,135850,0.0,2363460000.0,0.0,542,522,2018-07-18 10:42:00
20180718 10:43,466.5,467.0,466.5,467.0,50702,52.0,135798,-52.0,2365890000.0,2430000.0,818,742,2018-07-18 10:43:00
20180718 10:44,467.0,467.0,467.0,467.0,50702,0.0,135798,0.0,2365890000.0,0.0,630,567,2018-07-18 10:44:00
20180718 10:45,467.0,467.0,467.0,467.0,50702,0.0,135798,0.0,2365890000.0,0.0,1170,437,2018-07-18 10:45:00
20180718 10:46,467.0,467.0,466.5,466.5,50968,266.0,135608,-190.0,2378290000.0,12400000.0,3132,500,2018-07-18 10:46:00
20180718 10:47,466.5,466.5,466.5,466.5,50968,0.0,135608,0.0,2378290000.0,0.0,912,140,2018-07-18 10:47:00
20180718 10:48,466.5,466.5,466.5,466.5,50968,0.0,135608,0.0,2378290000.0,0.0,456,71,2018-07-18 10:48:00
20180718 10:50,466.5,466.5,466.5,466.5,50968,0.0,135608,0.0,2378290000.0,0.0,2586,682,2018-07-18 10:50:00
20180718 10:51,466.5,466.5,466.5,466.5,51000,32.0,135576,-32.0,2379790000.0,1500000.0,4827,1000,2018-07-18 10:51:00
20180718 10:52,466.5,466.5,466.5,466.5,51000,0.0,135576,0.0,2379790000.0,0.0,1975,1105,2018-07-18 10:52:00
20180718 10:54,466.5,466.5,466.5,466.5,51610,610.0,135298,-278.0,2408240000.0,28450000.0,1580,533,2018-07-18 10:54:00
20180718 10:55,466.5,466.5,466.5,466.5,51920,310.0,135004,-294.0,2422710000.0,14470000.0,1580,312,2018-07-18 10:55:00
20180718 10:56,467.0,467.0,466.5,466.5,52532,612.0,134950,-54.0,2451260000.0,28550000.0,1330,2333,2018-07-18 10:56:00
20180718 10:57,466.5,466.5,466.5,466.5,52532,0.0,134950,0.0,2451260000.0,0.0,482,748,2018-07-18 10:57:00
20180718 10:58,466.5,466.5,466.5,466.5,52558,26.0,134970,20.0,2452470000.0,1210000.0,680,761,2018-07-18 10:58:00
20180718 10:59,466.5,466.5,466.5,466.5,52558,0.0,134970,0.0,2452470000.0,0.0,129,186,2018-07-18 10:59:00
20180718 11:00,466.5,466.5,466.5,466.5,52602,44.0,134988,18.0,2454520000.0,2050000.0,1052,2274,2018-07-18 11:00:00
20180718 11:01,466.5,466.5,466.5,466.5,52602,0.0,134988,0.0,2454520000.0,0.0,531,810,2018-07-18 11:01:00
20180718 11:02,466.5,466.5,466.5,466.5,52602,0.0,134988,0.0,2454520000.0,0.0,254,478,2018-07-18 11:02:00
20180718 11:04,466.5,466.5,466.5,466.5,52602,0.0,134988,0.0,2454520000.0,0.0,2731,1223,2018-07-18 11:04:00
20180718 11:05,466.5,466.5,466.5,466.5,52602,0.0,134988,0.0,2454520000.0,0.0,788,339,2018-07-18 11:05:00
20180718 11:06,466.5,466.5,466.5,466.5,52602,0.0,134988,0.0,2454520000.0,0.0,394,178,2018-07-18 11:06:00
20180718 11:07,466.5,466.5,466.5,466.5,52604,2.0,134988,0.0,2454610000.0,90000.0,787,362,2018-07-18 11:07:00
20180718 11:09,466.5,466.5,466.5,466.5,52604,0.0,134988,0.0,2454610000.0,0.0,3117,1036,2018-07-18 11:09:00
20180718 11:10,466.5,466.5,466.5,466.5,52604,0.0,134988,0.0,2454610000.0,0.0,1107,344,2018-07-18 11:10:00
20180718 11:11,466.5,466.5,466.5,466.5,52604,0.0,134988,0.0,2454610000.0,0.0,2244,568,2018-07-18 11:11:00
20180718 11:12,466.5,466.5,466.5,466.5,52604,0.0,134988,0.0,2454610000.0,0.0,3366,698,2018-07-18 11:12:00
20180718 11:13,466.5,466.5,466.5,466.5,54048,1444.0,134452,-536.0,2521980000.0,67370000.0,8583,4370,2018-07-18 11:13:00
20180718 11:14,466.5,466.5,466.5,466.5,54214,166.0,134474,22.0,2529720000.0,7740000.0,2535,2132,2018-07-18 11:14:00
20180718 11:15,466.5,466.5,466.5,466.5,54216,2.0,134474,0.0,2529810000.0,90000.0,1921,1828,2018-07-18 11:15:00
20180718 11:16,466.5,466.5,466.0,466.0,54224,8.0,134474,0.0,2530190000.0,380000.0,3151,917,2018-07-18 11:16:00
20180718 11:17,466.0,466.0,466.0,466.0,55344,1120.0,135494,1020.0,2582380000.0,52190000.0,6251,4550,2018-07-18 11:17:00
20180718 11:18,466.0,466.0,466.0,466.0,57200,1856.0,135412,-82.0,2668870000.0,86490000.0,10797,4259,2018-07-18 11:18:00
20180718 11:19,466.0,466.0,466.0,466.0,58892,1692.0,135512,100.0,2747720000.0,78850000.0,1320,5949,2018-07-18 11:19:00
20180718 11:20,466.0,466.0,466.0,466.0,59930,1038.0,135710,198.0,2796090000.0,48370000.0,6719,3787,2018-07-18 11:20:00
20180718 11:21,466.0,466.0,466.0,466.0,60330,400.0,135346,-364.0,2814730000.0,18640000.0,4400,3287,2018-07-18 11:21:00
20180718 11:22,466.0,466.0,466.0,466.0,60330,0.0,135346,0.0,2814730000.0,0.0,874,802,2018-07-18 11:22:00
20180718 11:24,466.0,466.0,466.0,466.0,60344,14.0,135346,0.0,2815380000.0,650000.0,946,821,2018-07-18 11:24:00
20180718 11:25,466.0,466.0,466.0,466.0,60344,0.0,135346,0.0,2815380000.0,0.0,621,532,2018-07-18 11:25:00
20180718 11:27,466.0,466.0,466.0,466.0,60378,34.0,135312,-34.0,2816960000.0,1580000.0,6576,6526,2018-07-18 11:27:00
20180718 11:28,466.0,466.5,466.0,466.5,60390,12.0,135312,0.0,2817520000.0,560000.0,4762,4636,2018-07-18 11:28:00
20180718 11:29,466.5,466.5,466.0,466.0,60594,204.0,135108,-204.0,2827030000.0,9510000.0,7041,5984,2018-07-18 11:29:00
20180718 13:30,466.0,466.5,466.0,466.5,60604,10.0,135108,0.0,2827500000.0,470000.0,4994,5175,2018-07-18 13:30:00
20180718 13:31,466.5,466.5,466.5,466.5,60606,2.0,135106,-2.0,2827590000.0,90000.0,3931,6943,2018-07-18 13:31:00
20180718 13:32,466.5,466.5,466.0,466.0,60616,10.0,135096,-10.0,2828060000.0,470000.0,8729,8141,2018-07-18 13:32:00
20180718 13:33,466.0,466.0,466.0,466.0,60790,174.0,135168,72.0,2836160000.0,8100000.0,6080,2773,2018-07-18 13:33:00
20180718 13:34,466.0,466.0,466.0,466.0,62290,1500.0,134876,-292.0,2906060000.0,69900000.0,8671,6311,2018-07-18 13:34:00
20180718 13:35,466.0,466.0,466.0,466.0,63838,1548.0,135340,464.0,2978200000.0,72140000.0,7726,4096,2018-07-18 13:35:00
20180718 13:36,466.0,466.0,466.0,466.0,64436,598.0,135372,32.0,3006070000.0,27870000.0,5353,13208,2018-07-18 13:36:00
20180718 13:37,466.0,466.0,466.0,466.0,64436,0.0,135372,0.0,3006070000.0,0.0,3919,3376,2018-07-18 13:37:00
20180718 13:38,466.0,466.0,466.0,466.0,64440,4.0,135372,0.0,3006250000.0,180000.0,744,293,2018-07-18 13:38:00
20180718 13:39,466.0,466.0,465.5,465.5,64520,80.0,135372,0.0,3009980000.0,3730000.0,3878,1809,2018-07-18 13:39:00
20180718 13:40,465.5,465.5,465.5,465.5,64526,6.0,135366,-6.0,3010260000.0,280000.0,3710,1508,2018-07-18 13:40:00
20180718 13:41,465.5,465.5,465.5,465.5,64526,0.0,135366,0.0,3010260000.0,0.0,366,169,2018-07-18 13:41:00
20180718 13:42,465.5,465.5,465.5,465.5,64558,32.0,135344,-22.0,3011750000.0,1490000.0,1104,411,2018-07-18 13:42:00
20180718 13:43,465.5,465.5,465.5,465.5,64598,40.0,135342,-2.0,3013610000.0,1860000.0,6545,1618,2018-07-18 13:43:00
20180718 13:44,465.5,466.0,465.5,466.0,64672,74.0,135398,56.0,3017060000.0,3450000.0,3054,5842,2018-07-18 13:44:00
20180718 13:45,466.0,466.0,466.0,466.0,64674,2.0,135400,2.0,3017150000.0,90000.0,2884,6734,2018-07-18 13:45:00
20180718 13:46,466.0,466.0,465.5,465.5,64678,4.0,135400,0.0,3017340000.0,190000.0,1816,3563,2018-07-18 13:46:00
20180718 13:47,465.5,465.5,465.5,465.5,64678,0.0,135400,0.0,3017340000.0,0.0,603,1186,2018-07-18 13:47:00
20180718 13:48,465.5,465.5,465.5,465.5,64678,0.0,135400,0.0,3017340000.0,0.0,1208,2237,2018-07-18 13:48:00
20180718 13:49,465.5,465.5,465.5,465.5,64678,0.0,135400,0.0,3017340000.0,0.0,603,1106,2018-07-18 13:49:00
20180718 13:50,465.5,465.5,465.5,465.5,65104,426.0,135108,-292.0,3037170000.0,19830000.0,4028,4516,2018-07-18 13:50:00
20180718 13:51,465.5,465.5,465.5,465.5,65184,80.0,135036,-72.0,3040890000.0,3720000.0,1088,2151,2018-07-18 13:51:00
20180718 13:52,465.5,466.0,465.5,465.5,66036,852.0,135322,286.0,3080550000.0,39660000.0,5816,2898,2018-07-18 13:52:00
20180718 13:53,466.0,466.0,465.5,466.0,66766,730.0,135576,254.0,3114570000.0,34020000.0,2970,9009,2018-07-18 13:53:00
20180718 13:54,466.0,466.0,465.5,465.5,66996,230.0,135706,130.0,3125280000.0,10710000.0,2766,9364,2018-07-18 13:54:00
20180718 13:55,465.5,466.0,465.5,466.0,67264,268.0,135794,88.0,3137760000.0,12480000.0,4844,1296,2018-07-18 13:55:00
20180718 13:56,466.0,466.0,466.0,466.0,67564,300.0,136050,256.0,3151740000.0,13980000.0,1985,254,2018-07-18 13:56:00
20180718 13:57,466.0,466.0,466.0,466.0,67668,104.0,136110,60.0,3156590000.0,4850000.0,3022,2924,2018-07-18 13:57:00
20180718 13:58,466.0,466.0,466.0,466.0,68532,864.0,135652,-458.0,3196850000.0,40260000.0,1052,7647,2018-07-18 13:58:00
20180718 13:59,466.0,466.0,466.0,466.0,68534,2.0,135654,2.0,3196950000.0,100000.0,2709,4543,2018-07-18 13:59:00
20180718 14:01,466.0,466.0,465.5,465.5,68556,22.0,135672,18.0,3197970000.0,1020000.0,3170,971,2018-07-18 14:01:00
20180718 14:02,465.5,466.0,465.5,466.0,68560,4.0,135672,0.0,3198160000.0,190000.0,1870,480,2018-07-18 14:02:00
20180718 14:03,466.0,466.0,466.0,466.0,69406,846.0,135720,48.0,3237580000.0,39420000.0,5153,3222,2018-07-18 14:03:00
20180718 14:04,466.0,467.0,466.0,467.0,69786,380.0,136026,306.0,3255310000.0,17730000.0,3759,4832,2018-07-18 14:04:00
20180718 14:05,467.0,467.0,466.0,466.0,69950,164.0,135970,-56.0,3262960000.0,7650000.0,7885,8344,2018-07-18 14:05:00
20180718 14:06,466.0,466.0,466.0,466.0,69950,0.0,135970,0.0,3262960000.0,0.0,4687,5312,2018-07-18 14:06:00
20180718 14:07,466.0,466.5,466.0,466.5,70054,104.0,135958,-12.0,3267810000.0,4850000.0,5345,8410,2018-07-18 14:07:00
20180718 14:08,466.5,466.5,466.5,466.5,70104,50.0,135972,14.0,3270140000.0,2330000.0,4933,6128,2018-07-18 14:08:00
20180718 14:09,466.5,466.5,466.5,466.5,70104,0.0,135972,0.0,3270140000.0,0.0,4166,3063,2018-07-18 14:09:00
20180718 14:10,466.0,466.0,465.5,465.5,71042,938.0,135892,-80.0,3313840000.0,43700000.0,10047,4670,2018-07-18 14:10:00
20180718 14:11,465.5,465.5,465.5,465.5,71086,44.0,135848,-44.0,3315880000.0,2040000.0,4710,2489,2018-07-18 14:11:00
20180718 14:12,465.5,465.5,465.5,465.5,71086,0.0,135848,0.0,3315880000.0,0.0,1730,669,2018-07-18 14:12:00
20180718 14:13,465.5,465.5,465.0,465.5,71704,618.0,135942,94.0,3344650000.0,28770000.0,10156,5358,2018-07-18 14:13:00
20180718 14:14,465.5,465.5,465.5,465.5,72154,450.0,136280,338.0,3365600000.0,20950000.0,1883,1923,2018-07-18 14:14:00
20180718 14:15,465.5,465.5,464.5,465.0,72814,660.0,136010,-270.0,3396270000.0,30670000.0,8929,4117,2018-07-18 14:15:00
20180718 14:16,464.5,465.0,464.0,465.0,74920,2106.0,135552,-458.0,3494150000.0,97880000.0,12755,6467,2018-07-18 14:16:00
20180718 14:17,465.0,465.5,465.0,465.5,77060,2140.0,136016,464.0,3593710000.0,99560000.0,4444,8441,2018-07-18 14:17:00
20180718 14:18,465.5,465.5,465.5,465.5,78650,1590.0,135786,-230.0,3667720000.0,74010000.0,4027,11465,2018-07-18 14:18:00
20180718 14:19,465.5,465.5,465.5,465.5,78670,20.0,135782,-4.0,3668660000.0,940000.0,8544,13686,2018-07-18 14:19:00
20180718 14:20,465.5,466.0,465.5,466.0,82564,3894.0,136276,494.0,3849920000.0,181260000.0,6884,21727,2018-07-18 14:20:00
20180718 14:21,466.0,466.0,465.5,465.5,85018,2454.0,136620,344.0,3964160000.0,114240000.0,9842,8557,2018-07-18 14:21:00
20180718 14:22,465.5,465.5,465.5,465.5,88746,3728.0,136232,-388.0,4137700000.0,173540000.0,22864,8671,2018-07-18 14:22:00
20180718 14:23,465.5,465.5,465.5,465.5,90838,2092.0,136174,-58.0,4235080000.0,97380000.0,7170,8188,2018-07-18 14:23:00
20180718 14:24,465.5,465.5,465.5,465.5,94840,4002.0,135216,-958.0,4421370000.0,186290000.0,14578,13775,2018-07-18 14:24:00
20180718 14:25,465.5,465.5,465.5,465.5,96000,1160.0,135546,330.0,4475370000.0,54000000.0,9952,3489,2018-07-18 14:25:00
20180718 14:26,465.5,465.5,465.5,465.5,96018,18.0,135546,0.0,4476210000.0,840000.0,3141,1189,2018-07-18 14:26:00
20180718 14:27,465.5,465.5,465.5,465.5,96018,0.0,135546,0.0,4476210000.0,0.0,3112,2985,2018-07-18 14:27:00
20180718 14:28,465.5,465.5,465.5,465.5,96018,0.0,135546,0.0,4476210000.0,0.0,552,945,2018-07-18 14:28:00
20180718 14:29,465.5,465.5,465.5,465.5,96018,0.0,135546,0.0,4476210000.0,0.0,183,315,2018-07-18 14:29:00
20180718 14:30,465.5,465.5,465.5,465.5,96018,0.0,135546,0.0,4476210000.0,0.0,368,625,2018-07-18 14:30:00
20180718 14:31,465.5,465.5,465.5,465.5,96018,0.0,135546,0.0,4476210000.0,0.0,545,940,2018-07-18 14:31:00
20180718 14:32,465.5,465.5,465.5,465.5,96018,0.0,135546,0.0,4476210000.0,0.0,174,315,2018-07-18 14:32:00
20180718 14:33,465.5,465.5,465.5,465.5,96620,602.0,135286,-260.0,4504230000.0,28020000.0,3549,3395,2018-07-18 14:33:00
20180718 14:34,465.5,465.5,465.5,465.5,96620,0.0,135286,0.0,4504230000.0,0.0,420,384,2018-07-18 14:34:00
20180718 14:35,465.5,465.5,465.0,465.0,96622,2.0,135284,-2.0,4504320000.0,90000.0,414,463,2018-07-18 14:35:00
20180718 14:36,465.0,465.0,465.0,465.0,96622,0.0,135284,0.0,4504320000.0,0.0,167,231,2018-07-18 14:36:00
20180718 14:37,465.0,465.0,465.0,465.0,96622,0.0,135284,0.0,4504320000.0,0.0,167,233,2018-07-18 14:37:00
20180718 14:38,465.5,465.5,465.5,465.5,96956,334.0,135476,192.0,4519870000.0,15550000.0,1222,889,2018-07-18 14:38:00
20180718 14:39,466.0,466.0,466.0,466.0,96984,28.0,135458,-18.0,4521180000.0,1310000.0,1045,1280,2018-07-18 14:39:00
20180718 14:40,466.0,466.0,466.0,466.0,98258,1274.0,134914,-544.0,4580540000.0,59360000.0,5264,5488,2018-07-18 14:40:00
20180718 14:41,466.0,466.0,466.0,466.0,98364,106.0,134974,60.0,4585480000.0,4940000.0,4204,2042,2018-07-18 14:41:00
20180718 14:42,466.0,466.0,466.0,466.0,98364,0.0,134974,0.0,4585480000.0,0.0,3671,3516,2018-07-18 14:42:00
20180718 14:43,466.0,466.0,466.0,466.0,98364,0.0,134974,0.0,4585480000.0,0.0,2807,1374,2018-07-18 14:43:00
20180718 14:44,466.0,466.0,466.0,466.0,98364,0.0,134974,0.0,4585480000.0,0.0,4072,1719,2018-07-18 14:44:00
20180718 14:45,466.0,466.5,466.0,466.5,98936,572.0,135018,44.0,4612170000.0,26690000.0,3092,3467,2018-07-18 14:45:00
20180718 14:46,466.5,466.5,466.0,466.0,98938,2.0,135018,0.0,4612260000.0,90000.0,1067,1688,2018-07-18 14:46:00
20180718 14:47,466.0,466.0,466.0,466.0,98938,0.0,135018,0.0,4612260000.0,0.0,118,144,2018-07-18 14:47:00
20180718 14:48,466.0,466.0,466.0,466.0,99000,62.0,135048,30.0,4615150000.0,2890000.0,4907,803,2018-07-18 14:48:00
20180718 14:49,466.0,466.0,466.0,466.0,99018,18.0,135044,-4.0,4615990000.0,840000.0,8164,3425,2018-07-18 14:49:00
20180718 14:50,466.0,466.0,466.0,466.0,99020,2.0,135044,0.0,4616080000.0,90000.0,2226,684,2018-07-18 14:50:00
20180718 14:51,466.0,466.0,466.0,466.0,99020,0.0,135044,0.0,4616080000.0,0.0,1350,286,2018-07-18 14:51:00
20180718 14:52,466.0,466.0,466.0,466.0,99022,2.0,135042,-2.0,4616180000.0,100000.0,10355,3615,2018-07-18 14:52:00
20180718 14:53,466.0,466.0,466.0,466.0,99038,16.0,135032,-10.0,4616920000.0,740000.0,5781,1154,2018-07-18 14:53:00
20180718 14:54,466.0,466.0,466.0,466.0,99276,238.0,135070,38.0,4628010000.0,11090000.0,6345,2968,2018-07-18 14:54:00
20180718 14:55,466.0,466.0,465.5,465.5,99310,34.0,135036,-34.0,4629590000.0,1580000.0,2430,755,2018-07-18 14:55:00
20180718 14:56,465.5,465.5,465.5,465.5,99326,16.0,135030,-6.0,4630340000.0,750000.0,3543,620,2018-07-18 14:56:00
20180718 14:57,465.5,466.0,465.5,466.0,101274,1948.0,135436,406.0,4721090000.0,90750000.0,7114,1823,2018-07-18 14:57:00
20180718 14:58,466.0,466.0,465.5,465.5,101294,20.0,135454,18.0,4722020000.0,930000.0,3065,974,2018-07-18 14:58:00
20180718 14:59,465.5,466.0,465.5,465.5,104196,2902.0,135482,28.0,4857110000.0,135090000.0,3217,4086,2018-07-18 14:59:00
20180718 15:00,465.5,465.5,465.5,465.5,104196,0.0,135482,0.0,4857110000.0,0.0,2,460,2018-07-18 15:00:00
20180718 20:59,464.0,464.0,464.0,464.0,1100,1100.0,134602,-880.0,51040000.0,51040000.0,3,6,2018-07-18 20:59:00
20180718 21:00,464.0,465.5,464.0,465.5,1370,270.0,134412,-190.0,63608500.0,12568500.0,1810,4237,2018-07-18 21:00:00
20180718 21:01,465.5,466.0,465.5,466.0,3262,1892.0,134488,76.0,151776000.0,88167500.0,5702,5404,2018-07-18 21:01:00
20180718 21:02,466.0,466.0,466.0,466.0,4846,1584.0,134496,8.0,225590000.0,73814000.0,2496,2173,2018-07-18 21:02:00
20180718 21:03,466.0,467.5,466.0,467.0,6062,1216.0,134328,-168.0,282372000.0,56782000.0,6883,4426,2018-07-18 21:03:00
20180718 21:04,467.0,467.5,467.0,467.0,6248,186.0,134262,-66.0,291059000.0,8687000.0,11591,2851,2018-07-18 21:04:00
20180718 21:05,467.0,467.0,466.5,466.5,6978,730.0,134408,146.0,325114000.0,34055000.0,4096,4541,2018-07-18 21:05:00
20180718 21:06,466.5,466.5,466.5,466.5,6980,2.0,134408,0.0,325207000.0,93000.0,1797,525,2018-07-18 21:06:00
20180718 21:07,466.5,466.5,466.5,466.5,6980,0.0,134408,0.0,325207000.0,0.0,1605,1573,2018-07-18 21:07:00
20180718 21:08,466.5,466.5,466.0,466.0,6984,4.0,134412,4.0,325393000.0,186000.0,1219,634,2018-07-18 21:08:00
20180718 21:09,466.0,466.0,466.0,466.0,7098,114.0,134348,-64.0,330706000.0,5313000.0,2001,2115,2018-07-18 21:09:00
20180718 21:10,466.0,466.0,466.0,466.0,7098,0.0,134348,0.0,330706000.0,0.0,1105,1148,2018-07-18 21:10:00
20180718 21:11,466.0,466.0,465.5,465.5,10448,3350.0,134734,386.0,486648000.0,155942000.0,6606,8585,2018-07-18 21:11:00
20180718 21:12,465.5,465.5,465.5,465.5,10448,0.0,134734,0.0,486648000.0,0.0,332,419,2018-07-18 21:12:00
20180718 21:13,465.5,465.5,465.5,465.5,11454,1006.0,134784,50.0,533477000.0,46829000.0,2850,4939,2018-07-18 21:13:00
20180718 21:14,465.5,465.5,465.5,465.5,12166,712.0,134878,94.0,566621000.0,33144000.0,2635,2477,2018-07-18 21:14:00
20180718 21:15,465.5,466.0,465.5,466.0,12174,8.0,134878,0.0,566994000.0,373000.0,2214,1226,2018-07-18 21:15:00
20180718 21:16,466.0,466.0,466.0,466.0,12244,70.0,134830,-48.0,570256000.0,3262000.0,3030,16242,2018-07-18 21:16:00
20180718 21:17,465.5,465.5,465.5,465.5,12644,400.0,134952,122.0,588876000.0,18620000.0,1529,5379,2018-07-18 21:17:00
20180718 21:18,465.5,465.5,465.5,465.5,12644,0.0,134952,0.0,588876000.0,0.0,1082,3388,2018-07-18 21:18:00
20180718 21:19,465.5,465.5,465.5,465.5,12644,0.0,134952,0.0,588876000.0,0.0,565,2175,2018-07-18 21:19:00
20180718 21:20,465.5,465.5,465.5,465.5,12644,0.0,134952,0.0,588876000.0,0.0,329,1342,2018-07-18 21:20:00
20180718 21:21,465.5,465.5,465.5,465.5,12644,0.0,134952,0.0,588876000.0,0.0,1061,3118,2018-07-18 21:21:00
20180718 21:22,465.5,465.5,465.5,465.5,12644,0.0,134952,0.0,588876000.0,0.0,1160,3507,2018-07-18 21:22:00
20180718 21:23,465.5,465.5,465.5,465.5,12644,0.0,134952,0.0,588876000.0,0.0,1018,3118,2018-07-18 21:23:00
20180718 21:24,465.5,465.5,465.5,465.5,12644,0.0,134952,0.0,588876000.0,0.0,427,1347,2018-07-18 21:24:00
20180718 21:25,465.5,465.5,465.5,465.5,12644,0.0,134952,0.0,588876000.0,0.0,1043,3113,2018-07-18 21:25:00
20180718 21:26,465.5,465.5,465.5,465.5,12644,0.0,134952,0.0,588876000.0,0.0,432,1332,2018-07-18 21:26:00
20180718 21:27,465.5,466.0,465.5,466.0,12664,20.0,134972,20.0,589808000.0,932000.0,718,2220,2018-07-18 21:27:00
20180718 21:28,466.0,466.0,466.0,466.0,12664,0.0,134972,0.0,589808000.0,0.0,432,1332,2018-07-18 21:28:00
20180718 21:29,466.0,466.0,466.0,466.0,12666,2.0,134974,2.0,589901000.0,93000.0,585,1686,2018-07-18 21:29:00
20180718 21:30,466.0,466.0,466.0,466.0,12666,0.0,134974,0.0,589901000.0,0.0,815,2484,2018-07-18 21:30:00
20180718 21:31,466.0,466.0,466.0,466.0,12666,0.0,134974,0.0,589901000.0,0.0,296,823,2018-07-18 21:31:00
20180718 21:32,466.0,466.0,466.0,466.0,12666,0.0,134974,0.0,589901000.0,0.0,148,416,2018-07-18 21:32:00
20180718 21:33,466.0,466.0,466.0,466.0,12666,0.0,134974,0.0,589901000.0,0.0,730,2085,2018-07-18 21:33:00
20180718 21:34,466.0,466.0,466.0,466.0,12666,0.0,134974,0.0,589901000.0,0.0,863,2502,2018-07-18 21:34:00
20180718 21:35,466.0,466.0,466.0,466.0,12666,0.0,134974,0.0,589901000.0,0.0,143,417,2018-07-18 21:35:00
20180718 21:36,466.0,466.0,466.0,466.0,12666,0.0,134974,0.0,589901000.0,0.0,430,1256,2018-07-18 21:36:00
20180718 21:37,466.0,466.0,466.0,466.0,12666,0.0,134974,0.0,589901000.0,0.0,149,417,2018-07-18 21:37:00
20180718 21:38,466.0,466.0,466.0,466.0,12666,0.0,134974,0.0,589901000.0,0.0,1088,2899,2018-07-18 21:38:00
20180718 21:39,466.0,466.0,466.0,466.0,12666,0.0,134974,0.0,589901000.0,0.0,611,1667,2018-07-18 21:39:00
20180718 21:40,466.0,466.0,466.0,466.0,12666,0.0,134974,0.0,589901000.0,0.0,472,1248,2018-07-18 21:40:00
20180718 21:41,466.0,466.0,466.0,466.0,12666,0.0,134974,0.0,589901000.0,0.0,309,832,2018-07-18 21:41:00
20180718 21:42,466.0,466.0,466.0,466.0,12666,0.0,134974,0.0,589901000.0,0.0,160,416,2018-07-18 21:42:00
20180718 21:45,466.0,466.0,466.0,466.0,12666,0.0,134974,0.0,589901000.0,0.0,755,2070,2018-07-18 21:45:00
20180718 21:46,466.0,466.0,466.0,466.0,12666,0.0,134974,0.0,589901000.0,0.0,780,2080,2018-07-18 21:46:00
20180718 21:47,466.0,466.0,466.0,466.0,12676,10.0,134972,-2.0,590367000.0,466000.0,615,1662,2018-07-18 21:47:00
20180718 21:48,466.0,466.0,466.0,466.0,12676,0.0,134972,0.0,590367000.0,0.0,375,1242,2018-07-18 21:48:00
20180718 21:49,466.0,466.0,466.0,466.0,12676,0.0,134972,0.0,590367000.0,0.0,350,1242,2018-07-18 21:49:00
20180718 21:50,466.0,466.0,466.0,466.0,12676,0.0,134972,0.0,590367000.0,0.0,298,828,2018-07-18 21:50:00
20180718 21:51,466.0,466.0,466.0,466.0,12690,14.0,134964,-8.0,591019000.0,652000.0,383,1656,2018-07-18 21:51:00
20180718 21:52,466.0,466.0,466.0,466.0,13926,1236.0,135062,98.0,648617000.0,57598000.0,1373,6254,2018-07-18 21:52:00
20180718 21:53,466.0,466.0,466.0,466.0,13926,0.0,135062,0.0,648617000.0,0.0,855,385,2018-07-18 21:53:00
20180718 21:54,466.0,466.0,466.0,466.0,13930,4.0,135062,0.0,648803000.0,186000.0,2244,1773,2018-07-18 21:54:00
20180718 21:55,466.0,466.0,466.0,466.0,13930,0.0,135062,0.0,648803000.0,0.0,2133,5344,2018-07-18 21:55:00
20180718 21:56,466.5,467.5,466.5,467.5,15830,1900.0,134824,-238.0,737448000.0,88645000.0,2563,7656,2018-07-18 21:56:00
20180718 21:57,467.5,467.5,467.5,467.5,15830,0.0,134824,0.0,737448000.0,0.0,359,1365,2018-07-18 21:57:00
20180718 21:58,467.5,468.5,467.5,468.0,16526,696.0,134796,-28.0,769997000.0,32549000.0,2954,4721,2018-07-18 21:58:00
20180718 21:59,468.0,468.0,467.0,467.5,16624,98.0,134834,38.0,774578000.0,4581000.0,2263,2068,2018-07-18 21:59:00
20180718 22:00,467.5,467.5,467.5,467.5,17196,572.0,134852,18.0,801319000.0,26741000.0,1557,3769,2018-07-18 22:00:00
20180718 22:01,467.5,467.5,467.5,467.5,17228,32.0,134822,-30.0,802815000.0,1496000.0,4234,4791,2018-07-18 22:01:00
20180718 22:02,468.0,468.0,468.0,468.0,17292,64.0,134766,-56.0,805811000.0,2996000.0,1496,1651,2018-07-18 22:02:00
20180718 22:03,468.0,468.0,467.5,468.0,17388,96.0,134774,8.0,810303000.0,4492000.0,1708,3198,2018-07-18 22:03:00
20180718 22:04,468.0,468.5,467.5,468.0,17972,584.0,134836,62.0,837635000.0,27332000.0,2706,3333,2018-07-18 22:04:00
20180718 22:05,468.0,468.0,468.0,468.0,18008,36.0,134808,-28.0,839319000.0,1684000.0,235,1265,2018-07-18 22:05:00
20180718 22:06,468.0,468.0,468.0,468.0,18484,476.0,134846,38.0,861596000.0,22277000.0,2580,931,2018-07-18 22:06:00
20180718 22:07,468.0,468.0,468.0,468.0,18528,44.0,134846,0.0,863655000.0,2059000.0,1465,2512,2018-07-18 22:07:00
20180718 22:08,468.0,468.0,468.0,468.0,18528,0.0,134846,0.0,863655000.0,0.0,286,805,2018-07-18 22:08:00
20180718 22:09,468.0,468.0,468.0,468.0,18528,0.0,134846,0.0,863655000.0,0.0,600,1298,2018-07-18 22:09:00
20180718 22:10,468.0,468.0,468.0,468.0,18528,0.0,134846,0.0,863655000.0,0.0,544,1125,2018-07-18 22:10:00
20180718 22:11,468.0,468.0,468.0,468.0,18530,2.0,134846,0.0,863749000.0,94000.0,692,969,2018-07-18 22:11:00
20180718 22:12,468.0,468.0,468.0,468.0,18532,2.0,134846,0.0,863843000.0,94000.0,992,1237,2018-07-18 22:12:00
20180718 22:13,468.0,468.0,468.0,468.0,18532,0.0,134846,0.0,863843000.0,0.0,1727,1654,2018-07-18 22:13:00
20180718 22:14,468.0,468.0,467.0,467.0,20744,2212.0,135164,318.0,967154000.0,103311000.0,4860,8393,2018-07-18 22:14:00
20180718 22:15,467.0,467.5,467.0,467.5,20826,82.0,135170,6.0,970983000.0,3829000.0,1483,1589,2018-07-18 22:15:00
20180718 22:16,467.5,467.5,467.5,467.5,20826,0.0,135170,0.0,970983000.0,0.0,137,93,2018-07-18 22:16:00
20180718 22:17,467.5,467.5,467.5,467.5,20826,0.0,135170,0.0,970983000.0,0.0,823,538,2018-07-18 22:17:00
20180718 22:18,467.5,467.5,467.5,467.5,20826,0.0,135170,0.0,970983000.0,0.0,142,88,2018-07-18 22:18:00
20180718 22:19,467.5,467.5,467.5,467.5,20826,0.0,135170,0.0,970983000.0,0.0,284,181,2018-07-18 22:19:00
20180718 22:20,467.5,467.5,467.5,467.5,20826,0.0,135170,0.0,970983000.0,0.0,284,181,2018-07-18 22:20:00
20180718 22:21,467.5,467.5,467.5,467.5,20826,0.0,135170,0.0,970983000.0,0.0,414,259,2018-07-18 22:21:00
20180718 22:22,467.5,467.5,467.5,467.5,20826,0.0,135170,0.0,970983000.0,0.0,1360,320,2018-07-18 22:22:00
20180718 22:24,467.5,467.5,467.5,467.5,20826,0.0,135170,0.0,970983000.0,0.0,811,205,2018-07-18 22:24:00
20180718 22:25,467.5,467.5,467.5,467.5,20826,0.0,135170,0.0,970983000.0,0.0,813,340,2018-07-18 22:25:00
20180718 22:26,467.5,467.5,467.5,467.5,20826,0.0,135170,0.0,970983000.0,0.0,232,133,2018-07-18 22:26:00
20180718 22:27,467.5,467.5,467.5,467.5,21036,210.0,135258,88.0,980801000.0,9818000.0,403,12,2018-07-18 22:27:00
20180718 22:28,467.5,467.5,467.5,467.5,29056,8020.0,136502,1244.0,1355740000.0,374939000.0,15411,11703,2018-07-18 22:28:00
20180718 22:29,467.5,468.0,467.5,468.0,30098,1042.0,136602,100.0,1404500000.0,48760000.0,4974,4038,2018-07-18 22:29:00
20180718 22:30,468.0,468.0,468.0,468.0,30098,0.0,136602,0.0,1404500000.0,0.0,587,981,2018-07-18 22:30:00
20180718 22:31,468.0,468.0,467.5,467.5,31040,942.0,136782,180.0,1448540000.0,44040000.0,3464,2353,2018-07-18 22:31:00
20180718 22:32,467.5,467.5,467.5,467.5,31040,0.0,136782,0.0,1448540000.0,0.0,979,768,2018-07-18 22:32:00
20180718 22:33,467.5,467.5,467.0,467.0,31060,20.0,136782,0.0,1449470000.0,930000.0,583,450,2018-07-18 22:33:00
20180718 22:34,467.5,467.5,467.5,467.5,31118,58.0,136782,0.0,1452180000.0,2710000.0,457,552,2018-07-18 22:34:00
20180718 22:35,467.5,467.5,467.0,467.0,31156,38.0,136792,10.0,1453960000.0,1780000.0,909,1076,2018-07-18 22:35:00
20180718 22:36,467.0,467.0,467.0,467.0,31194,38.0,136824,32.0,1455730000.0,1770000.0,1970,1930,2018-07-18 22:36:00
20180718 22:37,467.0,467.0,467.0,467.0,31194,0.0,136824,0.0,1455730000.0,0.0,544,590,2018-07-18 22:37:00
20180718 22:39,467.0,467.5,467.0,467.5,33064,1870.0,136110,-714.0,1543150000.0,87420000.0,1699,11333,2018-07-18 22:39:00
20180718 22:40,467.5,467.5,467.0,467.5,34050,986.0,136064,-46.0,1589200000.0,46050000.0,3570,11100,2018-07-18 22:40:00
20180718 22:41,467.5,467.5,467.5,467.5,34198,148.0,135964,-100.0,1596120000.0,6920000.0,1096,566,2018-07-18 22:41:00
20180718 22:42,467.5,467.5,467.5,467.5,34198,0.0,135964,0.0,1596120000.0,0.0,663,226,2018-07-18 22:42:00
20180718 22:43,467.0,467.0,467.0,467.0,34304,106.0,136034,70.0,1601070000.0,4950000.0,1343,530,2018-07-18 22:43:00
20180718 22:44,467.0,467.0,467.0,467.0,34304,0.0,136034,0.0,1601070000.0,0.0,175,94,2018-07-18 22:44:00
20180718 22:45,467.0,467.0,467.0,467.0,34304,0.0,136034,0.0,1601070000.0,0.0,175,99,2018-07-18 22:45:00
20180718 22:46,467.0,467.0,467.0,467.0,34304,0.0,136034,0.0,1601070000.0,0.0,872,460,2018-07-18 22:46:00
20180718 22:47,467.0,467.0,467.0,467.0,34320,16.0,136030,-4.0,1601820000.0,750000.0,730,200,2018-07-18 22:47:00
20180718 22:48,467.0,467.0,467.0,467.0,34380,60.0,136002,-28.0,1604620000.0,2800000.0,946,3386,2018-07-18 22:48:00
20180718 22:50,467.0,467.0,467.0,467.0,34380,0.0,136002,0.0,1604620000.0,0.0,348,1593,2018-07-18 22:50:00
20180718 22:52,467.0,467.0,467.0,467.0,35464,1084.0,136284,282.0,1655250000.0,50630000.0,3307,8384,2018-07-18 22:52:00
20180718 22:53,467.0,467.0,467.0,467.0,35464,0.0,136284,0.0,1655250000.0,0.0,1363,628,2018-07-18 22:53:00
20180718 22:54,467.0,467.0,467.0,467.0,35464,0.0,136284,0.0,1655250000.0,0.0,1328,710,2018-07-18 22:54:00
20180718 22:55,467.5,467.5,467.0,467.0,35488,24.0,136272,-12.0,1656370000.0,1120000.0,1567,3069,2018-07-18 22:55:00
20180718 22:56,467.0,467.0,467.0,467.0,35488,0.0,136272,0.0,1656370000.0,0.0,898,511,2018-07-18 22:56:00
20180718 22:57,467.0,467.0,467.0,467.0,35488,0.0,136272,0.0,1656370000.0,0.0,631,396,2018-07-18 22:57:00
20180718 22:58,467.0,467.5,467.0,467.5,35498,10.0,136282,10.0,1656830000.0,460000.0,3007,12354,2018-07-18 22:58:00
20180718 22:59,467.5,467.5,467.5,467.5,35498,0.0,136282,0.0,1656830000.0,0.0,1568,1828,2018-07-18 22:59:00
20180718 23:00,467.0,467.0,467.0,467.0,35510,12.0,136270,-12.0,1657390000.0,560000.0,1111,468,2018-07-18 23:00:00
20180718 23:01,467.0,467.0,467.0,467.0,35510,0.0,136270,0.0,1657390000.0,0.0,518,350,2018-07-18 23:01:00
20180718 23:02,467.0,467.0,467.0,467.0,35510,0.0,136270,0.0,1657390000.0,0.0,436,395,2018-07-18 23:02:00
20180718 23:03,467.0,467.0,467.0,467.0,35510,0.0,136270,0.0,1657390000.0,0.0,552,388,2018-07-18 23:03:00
20180718 23:04,467.0,467.0,467.0,467.0,35516,6.0,136264,-6.0,1657670000.0,280000.0,552,260,2018-07-18 23:04:00
20180718 23:05,467.0,467.0,467.0,467.0,35516,0.0,136264,0.0,1657670000.0,0.0,362,178,2018-07-18 23:05:00
20180718 23:08,467.0,467.0,467.0,467.0,35516,0.0,136264,0.0,1657670000.0,0.0,180,88,2018-07-18 23:08:00
20180718 23:09,467.0,467.0,467.0,467.0,35516,0.0,136264,0.0,1657670000.0,0.0,360,179,2018-07-18 23:09:00
20180718 23:10,467.0,467.0,467.0,467.0,35518,2.0,136262,-2.0,1657770000.0,100000.0,705,357,2018-07-18 23:10:00
20180718 23:17,467.0,467.5,467.0,467.5,35558,40.0,136254,-8.0,1659640000.0,1870000.0,344,174,2018-07-18 23:17:00
20180718 23:18,467.5,467.5,467.0,467.0,35562,4.0,136254,0.0,1659820000.0,180000.0,867,233,2018-07-18 23:18:00
20180718 23:19,467.0,467.0,467.0,467.0,35562,0.0,136254,0.0,1659820000.0,0.0,296,112,2018-07-18 23:19:00
20180718 23:21,467.0,467.0,467.0,467.0,35562,0.0,136254,0.0,1659820000.0,0.0,256,112,2018-07-18 23:21:00
20180718 23:23,467.0,467.0,467.0,467.0,35562,0.0,136254,0.0,1659820000.0,0.0,1700,1685,2018-07-18 23:23:00
20180718 23:24,467.0,467.0,467.0,467.0,35590,28.0,136226,-28.0,1661130000.0,1310000.0,829,870,2018-07-18 23:24:00
20180718 23:25,467.0,467.0,467.0,467.0,35592,2.0,136226,0.0,1661230000.0,100000.0,542,532,2018-07-18 23:25:00
20180718 23:26,467.0,467.0,467.0,467.0,35592,0.0,136226,0.0,1661230000.0,0.0,550,322,2018-07-18 23:26:00
20180718 23:27,467.0,467.0,467.0,467.0,35682,90.0,136224,-2.0,1665430000.0,4200000.0,1294,416,2018-07-18 23:27:00
20180718 23:28,467.0,467.0,467.0,467.0,35686,4.0,136220,-4.0,1665620000.0,190000.0,315,37,2018-07-18 23:28:00
20180718 23:29,467.0,467.0,466.5,466.5,35902,216.0,136184,-36.0,1675700000.0,10080000.0,1493,2568,2018-07-18 23:29:00
20180719 09:00,470.5,470.5,470.0,470.0,40336,4434.0,132434,-3750.0,1890600000.0,214900000.0,2735,5246,2018-07-19 09:00:00
20180719 09:01,470.0,472.0,470.0,472.0,40624,288.0,132382,-52.0,1904170000.0,13570000.0,2798,4310,2018-07-19 09:01:00
20180719 09:02,472.0,472.5,471.0,471.0,41316,692.0,132186,-196.0,1936800000.0,32630000.0,2399,3312,2018-07-19 09:02:00
20180719 09:03,471.0,471.0,471.0,471.0,41360,44.0,132144,-42.0,1938880000.0,2080000.0,4976,2458,2018-07-19 09:03:00
20180719 09:04,471.0,471.0,471.0,471.0,41370,10.0,132144,0.0,1939350000.0,470000.0,3106,1932,2018-07-19 09:04:00
20180719 09:05,471.0,472.0,471.0,471.5,42298,928.0,132336,192.0,1983110000.0,43760000.0,7053,4833,2018-07-19 09:05:00
20180719 09:06,471.5,471.5,471.0,471.0,42786,488.0,132024,-312.0,2006090000.0,22980000.0,5050,4037,2018-07-19 09:06:00
20180719 09:07,471.0,471.0,471.0,471.0,42924,138.0,131952,-72.0,2012590000.0,6500000.0,3329,4819,2018-07-19 09:07:00
20180719 09:08,471.0,471.0,471.0,471.0,43220,296.0,131892,-60.0,2026530000.0,13940000.0,10383,6177,2018-07-19 09:08:00
20180719 09:09,471.0,471.0,471.0,471.0,43432,212.0,131846,-46.0,2036520000.0,9990000.0,5371,6831,2018-07-19 09:09:00
20180719 09:10,471.0,471.0,471.0,471.0,43566,134.0,131834,-12.0,2042830000.0,6310000.0,3465,5228,2018-07-19 09:10:00
20180719 09:11,471.0,471.0,471.0,471.0,43854,288.0,131760,-74.0,2056390000.0,13560000.0,3380,3273,2018-07-19 09:11:00
20180719 09:12,471.0,471.5,470.5,471.0,44216,362.0,131808,48.0,2073450000.0,17060000.0,6081,4717,2018-07-19 09:12:00
20180719 09:13,471.0,471.0,471.0,471.0,45530,1314.0,131816,8.0,2135340000.0,61890000.0,3548,7561,2018-07-19 09:13:00
20180719 09:14,471.0,471.0,471.0,471.0,45742,212.0,131896,80.0,2145320000.0,9980000.0,2625,2776,2018-07-19 09:14:00
20180719 09:15,471.0,471.0,471.0,471.0,45742,0.0,131896,0.0,2145320000.0,0.0,862,1287,2018-07-19 09:15:00
20180719 09:16,471.0,471.0,471.0,471.0,45984,242.0,131786,-110.0,2156720000.0,11400000.0,3365,2140,2018-07-19 09:16:00
20180719 09:17,471.0,471.0,470.5,471.0,47068,1084.0,131784,-2.0,2207720000.0,51000000.0,5818,2109,2018-07-19 09:17:00
20180719 09:18,471.0,471.0,470.5,470.5,47126,58.0,131802,18.0,2210450000.0,2730000.0,5507,1625,2018-07-19 09:18:00
20180719 09:19,470.5,471.0,470.5,471.0,47912,786.0,132250,448.0,2247430000.0,36980000.0,7906,4687,2018-07-19 09:19:00
20180719 09:20,471.0,471.0,470.5,470.5,48148,236.0,132272,22.0,2258540000.0,11110000.0,1639,2274,2018-07-19 09:20:00
20180719 09:21,470.5,470.5,470.5,470.5,48158,10.0,132276,4.0,2259010000.0,470000.0,2248,2587,2018-07-19 09:21:00
20180719 09:22,470.5,470.5,470.5,470.5,48352,194.0,132268,-8.0,2268140000.0,9130000.0,8969,3360,2018-07-19 09:22:00
20180719 09:23,470.5,471.0,470.5,470.5,48356,4.0,132264,-4.0,2268320000.0,180000.0,5967,1566,2018-07-19 09:23:00
20180719 09:24,470.5,471.0,470.5,471.0,48998,642.0,132048,-216.0,2298530000.0,30210000.0,8704,2832,2018-07-19 09:24:00
20180719 09:25,471.0,471.0,471.0,471.0,48998,0.0,132048,0.0,2298530000.0,0.0,1637,2032,2018-07-19 09:25:00
20180719 09:26,471.0,471.0,471.0,471.0,48998,0.0,132048,0.0,2298530000.0,0.0,475,789,2018-07-19 09:26:00
20180719 09:27,471.0,471.0,470.5,470.5,49108,110.0,132040,-8.0,2303710000.0,5180000.0,2069,2658,2018-07-19 09:27:00
20180719 09:28,470.5,470.5,470.5,470.5,49270,162.0,131972,-68.0,2311330000.0,7620000.0,1086,3123,2018-07-19 09:28:00
20180719 09:29,470.5,470.5,470.5,470.5,49344,74.0,131958,-14.0,2314810000.0,3480000.0,5904,2787,2018-07-19 09:29:00
20180719 09:30,470.5,470.5,470.5,470.5,49344,0.0,131958,0.0,2314810000.0,0.0,3598,1487,2018-07-19 09:30:00
20180719 09:31,470.5,471.0,470.5,471.0,49348,4.0,131958,0.0,2315000000.0,190000.0,1325,378,2018-07-19 09:31:00
20180719 09:32,471.0,471.0,471.0,471.0,49350,2.0,131956,-2.0,2315090000.0,90000.0,2339,500,2018-07-19 09:32:00
20180719 09:33,471.0,471.0,471.0,471.0,49350,0.0,131956,0.0,2315090000.0,0.0,4117,1584,2018-07-19 09:33:00
20180719 09:34,471.0,471.0,470.5,470.5,50000,650.0,132508,552.0,2345680000.0,30590000.0,4318,2646,2018-07-19 09:34:00
20180719 09:35,470.5,470.5,470.5,470.5,50000,0.0,132508,0.0,2345680000.0,0.0,305,134,2018-07-19 09:35:00
20180719 09:36,470.5,470.5,470.5,470.5,50000,0.0,132508,0.0,2345680000.0,0.0,2135,1222,2018-07-19 09:36:00
20180719 09:37,470.5,470.5,470.5,470.5,50018,18.0,132490,-18.0,2346520000.0,840000.0,1830,1071,2018-07-19 09:37:00
20180719 09:38,470.5,470.5,470.5,470.5,50590,572.0,132152,-338.0,2373440000.0,26920000.0,4302,1072,2018-07-19 09:38:00
20180719 09:39,470.5,470.5,470.5,470.5,51688,1098.0,132562,410.0,2425100000.0,51660000.0,6677,2536,2018-07-19 09:39:00
20180719 09:40,470.5,470.5,470.5,470.5,51688,0.0,132562,0.0,2425100000.0,0.0,591,210,2018-07-19 09:40:00
20180719 09:41,470.5,470.5,470.5,470.5,51988,300.0,132824,262.0,2439210000.0,14110000.0,3749,3701,2018-07-19 09:41:00
20180719 09:42,470.5,470.5,470.5,470.5,51988,0.0,132824,0.0,2439210000.0,0.0,1367,1552,2018-07-19 09:42:00
20180719 09:43,470.5,470.5,470.5,470.5,52006,18.0,132826,2.0,2440060000.0,850000.0,2402,2178,2018-07-19 09:43:00
20180719 09:44,470.5,470.5,470.5,470.5,52006,0.0,132826,0.0,2440060000.0,0.0,1477,1574,2018-07-19 09:44:00
20180719 09:45,470.5,470.5,470.5,470.5,52606,600.0,132592,-234.0,2468290000.0,28230000.0,1885,1743,2018-07-19 09:45:00
20180719 09:46,470.5,470.5,470.5,470.5,52616,10.0,132582,-10.0,2468760000.0,470000.0,1967,1510,2018-07-19 09:46:00
20180719 09:47,470.5,470.5,470.5,470.5,52736,120.0,132518,-64.0,2474410000.0,5650000.0,7440,1793,2018-07-19 09:47:00
20180719 09:48,470.5,470.5,470.5,470.5,52736,0.0,132518,0.0,2474410000.0,0.0,7207,890,2018-07-19 09:48:00
20180719 09:49,470.5,470.5,470.5,470.5,53918,1182.0,132920,402.0,2530020000.0,55610000.0,6615,3728,2018-07-19 09:49:00
20180719 09:50,470.5,470.5,470.5,470.5,54552,634.0,132470,-450.0,2559850000.0,29830000.0,4388,3969,2018-07-19 09:50:00
20180719 09:51,470.5,470.5,470.5,470.5,55254,702.0,132910,440.0,2592880000.0,33030000.0,7569,3683,2018-07-19 09:51:00
20180719 09:52,470.5,470.5,470.5,470.5,55254,0.0,132910,0.0,2592880000.0,0.0,1184,324,2018-07-19 09:52:00
20180719 09:53,470.5,470.5,470.5,470.5,55948,694.0,132410,-500.0,2625530000.0,32650000.0,6598,8545,2018-07-19 09:53:00
20180719 09:54,470.5,470.5,470.5,470.5,55948,0.0,132410,0.0,2625530000.0,0.0,4854,4052,2018-07-19 09:54:00
20180719 09:55,470.5,470.5,470.5,470.5,55952,4.0,132410,0.0,2625720000.0,190000.0,2813,3899,2018-07-19 09:55:00
20180719 09:57,470.5,470.5,470.5,470.5,57148,1196.0,133048,638.0,2681990000.0,56270000.0,3945,5825,2018-07-19 09:57:00
20180719 09:58,470.5,470.5,470.5,470.5,57180,32.0,133058,10.0,2683500000.0,1510000.0,4420,2850,2018-07-19 09:58:00
20180719 09:59,470.5,471.0,470.5,471.0,57232,52.0,133058,0.0,2685940000.0,2440000.0,1753,5468,2018-07-19 09:59:00
20180719 10:00,471.0,471.0,471.0,471.0,57484,252.0,133094,36.0,2697810000.0,11870000.0,5208,9171,2018-07-19 10:00:00
20180719 10:01,471.0,471.0,471.0,471.0,58440,956.0,133688,594.0,2742840000.0,45030000.0,3952,7358,2018-07-19 10:01:00
20180719 10:02,471.0,471.0,471.0,471.0,58890,450.0,133674,-14.0,2764040000.0,21200000.0,4921,7255,2018-07-19 10:02:00
20180719 10:03,471.5,471.5,471.0,471.0,58914,24.0,133672,-2.0,2765170000.0,1130000.0,4116,1196,2018-07-19 10:03:00
20180719 10:04,471.0,471.0,471.0,471.0,59538,624.0,133272,-400.0,2794560000.0,29390000.0,9403,8801,2018-07-19 10:04:00
20180719 10:05,471.0,471.5,471.0,471.5,60430,892.0,133716,444.0,2836610000.0,42050000.0,6014,9011,2018-07-19 10:05:00
20180719 10:06,471.5,471.5,471.5,471.5,61084,654.0,133910,194.0,2867450000.0,30840000.0,6751,6447,2018-07-19 10:06:00
20180719 10:07,471.5,472.0,471.5,471.5,65284,4200.0,134138,228.0,3065480000.0,198030000.0,10584,9084,2018-07-19 10:07:00
20180719 10:08,471.5,471.5,471.5,471.5,66008,724.0,133570,-568.0,3099620000.0,34140000.0,6912,8038,2018-07-19 10:08:00
20180719 10:09,471.5,471.5,471.5,471.5,66008,0.0,133570,0.0,3099620000.0,0.0,4285,7999,2018-07-19 10:09:00
20180719 10:10,471.5,471.5,471.5,471.5,66012,4.0,133566,-4.0,3099810000.0,190000.0,2083,1794,2018-07-19 10:10:00
20180719 10:11,471.5,471.5,471.5,471.5,66026,14.0,133562,-4.0,3100470000.0,660000.0,3191,2641,2018-07-19 10:11:00
20180719 10:12,471.5,471.5,471.5,471.5,66026,0.0,133562,0.0,3100470000.0,0.0,2918,3038,2018-07-19 10:12:00
20180719 10:13,471.5,471.5,471.0,471.5,66096,70.0,133576,14.0,3103770000.0,3300000.0,2560,7221,2018-07-19 10:13:00
20180719 10:14,471.5,471.5,471.5,471.5,66096,0.0,133576,0.0,3103770000.0,0.0,1132,3326,2018-07-19 10:14:00
20180719 10:30,471.5,471.5,471.5,471.5,67000,904.0,133572,-4.0,3146390000.0,42620000.0,5993,7181,2018-07-19 10:30:00
20180719 10:31,471.5,471.5,471.5,471.5,67446,446.0,133990,418.0,3167420000.0,21030000.0,350,5575,2018-07-19 10:31:00
20180719 10:32,471.5,471.5,471.0,471.0,67896,450.0,133614,-376.0,3188640000.0,21220000.0,2112,6481,2018-07-19 10:32:00
20180719 10:33,471.0,471.0,471.0,471.0,67906,10.0,133604,-10.0,3189110000.0,470000.0,6513,2980,2018-07-19 10:33:00
20180719 10:34,471.0,471.5,471.0,471.5,67922,16.0,133590,-14.0,3189860000.0,750000.0,7113,3349,2018-07-19 10:34:00
20180719 10:35,471.5,471.5,471.5,471.5,67924,2.0,133590,0.0,3189950000.0,90000.0,2717,2041,2018-07-19 10:35:00
20180719 10:36,471.5,471.5,471.5,471.5,67934,10.0,133584,-6.0,3190430000.0,480000.0,2653,1920,2018-07-19 10:36:00
20180719 10:37,471.5,471.5,471.5,471.5,67934,0.0,133584,0.0,3190430000.0,0.0,4432,2739,2018-07-19 10:37:00
20180719 10:38,471.5,471.5,471.0,471.0,69600,1666.0,133660,76.0,3268890000.0,78460000.0,8762,4780,2018-07-19 10:38:00
20180719 10:39,471.0,471.0,471.0,471.0,69608,8.0,133668,8.0,3269270000.0,380000.0,5271,3397,2018-07-19 10:39:00
20180719 10:40,471.0,471.0,471.0,471.0,70182,574.0,134080,412.0,3296310000.0,27040000.0,4321,3525,2018-07-19 10:40:00
20180719 10:41,471.0,471.0,471.0,471.0,70434,252.0,134330,250.0,3308180000.0,11870000.0,7579,4555,2018-07-19 10:41:00
20180719 10:42,471.0,471.0,471.0,471.0,70458,24.0,134334,4.0,3309310000.0,1130000.0,2815,1423,2018-07-19 10:42:00
20180719 10:43,471.0,471.0,471.0,471.0,70458,0.0,134334,0.0,3309310000.0,0.0,237,120,2018-07-19 10:43:00
20180719 10:44,471.0,471.0,471.0,471.0,70458,0.0,134334,0.0,3309310000.0,0.0,1485,781,2018-07-19 10:44:00
20180719 10:45,471.0,471.0,471.0,471.0,70458,0.0,134334,0.0,3309310000.0,0.0,1567,999,2018-07-19 10:45:00
20180719 10:46,471.0,471.0,471.0,471.0,70458,0.0,134334,0.0,3309310000.0,0.0,3932,2451,2018-07-19 10:46:00
20180719 10:47,471.0,471.5,471.0,471.5,70460,2.0,134332,-2.0,3309400000.0,90000.0,676,383,2018-07-19 10:47:00
20180719 10:48,471.5,471.5,471.5,471.5,70460,0.0,134332,0.0,3309400000.0,0.0,216,127,2018-07-19 10:48:00
20180719 10:51,471.5,472.5,471.5,472.5,71430,970.0,134216,-116.0,3355150000.0,45750000.0,3218,4348,2018-07-19 10:51:00
20180719 10:52,472.5,472.5,472.0,472.0,71432,2.0,134218,2.0,3355250000.0,100000.0,1964,1194,2018-07-19 10:52:00
20180719 10:53,472.0,472.0,472.0,472.0,71766,334.0,134214,-4.0,3371010000.0,15760000.0,3636,2673,2018-07-19 10:53:00
20180719 10:54,472.0,472.0,472.0,472.0,72496,730.0,134766,552.0,3405470000.0,34460000.0,4904,5402,2018-07-19 10:54:00
20180719 10:55,472.0,472.0,472.0,472.0,73698,1202.0,133882,-884.0,3462200000.0,56730000.0,4374,6199,2018-07-19 10:55:00
20180719 10:56,472.0,472.0,472.0,472.0,73698,0.0,133882,0.0,3462200000.0,0.0,1290,1859,2018-07-19 10:56:00
20180719 10:57,472.0,472.5,472.0,472.0,75146,1448.0,133798,-84.0,3530550000.0,68350000.0,10380,8036,2018-07-19 10:57:00
20180719 10:58,472.0,473.0,472.0,472.5,75314,168.0,133874,76.0,3538490000.0,7940000.0,10277,4595,2018-07-19 10:58:00
20180719 10:59,472.5,472.5,472.5,472.5,76130,816.0,134290,416.0,3577040000.0,38550000.0,13135,8800,2018-07-19 10:59:00
20180719 11:00,472.5,472.5,472.0,472.0,76850,720.0,134552,262.0,3611050000.0,34010000.0,4987,4409,2018-07-19 11:00:00
20180719 11:01,472.0,472.0,471.5,472.0,78128,1278.0,134588,36.0,3671370000.0,60320000.0,4164,6458,2018-07-19 11:01:00
20180719 11:02,472.0,472.0,471.5,471.5,78158,30.0,134614,26.0,3672790000.0,1420000.0,1118,4260,2018-07-19 11:02:00
20180719 11:03,471.5,471.5,471.5,471.5,78852,694.0,135160,546.0,3705510000.0,32720000.0,2951,7663,2018-07-19 11:03:00
20180719 11:04,471.5,471.5,471.0,471.0,78956,104.0,135208,48.0,3710410000.0,4900000.0,2229,3506,2018-07-19 11:04:00
20180719 11:05,471.0,471.0,471.0,471.0,78994,38.0,135204,-4.0,3712200000.0,1790000.0,1655,3078,2018-07-19 11:05:00
20180719 11:06,471.0,471.0,471.0,471.0,79138,144.0,135278,74.0,3718980000.0,6780000.0,1983,1562,2018-07-19 11:06:00
20180719 11:07,471.0,471.0,471.0,471.0,79138,0.0,135278,0.0,3718980000.0,0.0,2396,922,2018-07-19 11:07:00
20180719 11:08,471.0,471.0,471.0,471.0,79138,0.0,135278,0.0,3718980000.0,0.0,498,318,2018-07-19 11:08:00
20180719 11:09,471.0,471.0,471.0,471.0,79138,0.0,135278,0.0,3718980000.0,0.0,1374,684,2018-07-19 11:09:00
20180719 11:10,471.0,472.0,471.0,472.0,79376,238.0,135450,172.0,3730200000.0,11220000.0,1643,3046,2018-07-19 11:10:00
20180719 11:11,472.0,472.0,472.0,472.0,79952,576.0,134972,-478.0,3757390000.0,27190000.0,4956,3330,2018-07-19 11:11:00
20180719 11:12,471.5,471.5,471.5,471.5,79954,2.0,134970,-2.0,3757480000.0,90000.0,2111,1055,2018-07-19 11:12:00
20180719 11:13,471.5,471.5,471.5,471.5,79954,0.0,134970,0.0,3757480000.0,0.0,2948,1397,2018-07-19 11:13:00
20180719 11:14,471.5,471.5,471.5,471.5,79954,0.0,134970,0.0,3757480000.0,0.0,6292,5113,2018-07-19 11:14:00
20180719 11:15,471.5,472.0,471.5,472.0,79974,20.0,134962,-8.0,3758430000.0,950000.0,4828,3753,2018-07-19 11:15:00
20180719 11:16,472.0,472.0,472.0,472.0,79974,0.0,134962,0.0,3758430000.0,0.0,807,586,2018-07-19 11:16:00
20180719 11:17,472.0,472.0,472.0,472.0,79974,0.0,134962,0.0,3758430000.0,0.0,1984,1896,2018-07-19 11:17:00
20180719 11:18,472.0,472.0,472.0,472.0,79974,0.0,134962,0.0,3758430000.0,0.0,3052,2669,2018-07-19 11:18:00
20180719 11:19,472.0,472.0,472.0,472.0,79974,0.0,134962,0.0,3758430000.0,0.0,1708,1618,2018-07-19 11:19:00
20180719 11:20,472.0,472.0,471.5,471.5,80158,184.0,134918,-44.0,3767100000.0,8670000.0,4253,2931,2018-07-19 11:20:00
20180719 11:21,471.5,471.5,471.5,471.5,80158,0.0,134918,0.0,3767100000.0,0.0,2714,2176,2018-07-19 11:21:00
20180719 11:22,471.5,471.5,471.5,471.5,80158,0.0,134918,0.0,3767100000.0,0.0,1526,1380,2018-07-19 11:22:00
20180719 11:23,471.5,472.0,471.5,472.0,80162,4.0,134914,-4.0,3767290000.0,190000.0,2639,2035,2018-07-19 11:23:00
20180719 11:24,472.0,472.0,471.5,472.0,80342,180.0,134912,-2.0,3775780000.0,8490000.0,5690,3595,2018-07-19 11:24:00
20180719 11:25,472.0,472.0,471.5,471.5,82438,2096.0,134536,-376.0,3874610000.0,98830000.0,8363,5752,2018-07-19 11:25:00
20180719 11:26,471.5,471.5,471.5,471.5,83328,890.0,134950,414.0,3916570000.0,41960000.0,5170,7450,2018-07-19 11:26:00
20180719 11:27,471.5,471.5,471.0,471.5,83380,52.0,134938,-12.0,3919020000.0,2450000.0,4553,7374,2018-07-19 11:27:00
20180719 11:28,471.5,471.5,471.5,471.5,83386,6.0,134940,2.0,3919310000.0,290000.0,1903,5810,2018-07-19 11:28:00
20180719 11:29,471.5,471.5,471.0,471.5,84042,656.0,135350,410.0,3950230000.0,30920000.0,2348,4965,2018-07-19 11:29:00
20180719 13:30,471.5,471.5,471.0,471.0,84302,260.0,135454,104.0,3962490000.0,12260000.0,1413,2629,2018-07-19 13:30:00
20180719 13:31,471.0,471.0,471.0,471.0,85028,726.0,134926,-528.0,3996690000.0,34200000.0,2974,2268,2018-07-19 13:31:00
20180719 13:32,471.0,471.0,471.0,471.0,85028,0.0,134926,0.0,3996690000.0,0.0,3085,1717,2018-07-19 13:32:00
20180719 13:33,471.5,472.0,471.5,471.5,85290,262.0,134912,-14.0,4009040000.0,12350000.0,3436,2260,2018-07-19 13:33:00
20180719 13:34,471.5,471.5,471.0,471.0,85984,694.0,134606,-306.0,4041730000.0,32690000.0,6458,4041,2018-07-19 13:34:00
20180719 13:35,471.0,471.0,470.5,470.5,88644,2660.0,135392,786.0,4167010000.0,125280000.0,14328,21446,2018-07-19 13:35:00
20180719 13:36,470.5,471.0,470.5,470.5,88664,20.0,135408,16.0,4167950000.0,940000.0,18453,8926,2018-07-19 13:36:00
20180719 13:37,470.5,471.0,470.5,470.5,89730,1066.0,135750,342.0,4218110000.0,50160000.0,9921,9373,2018-07-19 13:37:00
20180719 13:38,470.5,470.5,470.5,470.5,90510,780.0,135508,-242.0,4254800000.0,36690000.0,6462,6759,2018-07-19 13:38:00
20180719 13:39,470.5,471.0,470.5,471.0,90512,2.0,135510,2.0,4254900000.0,100000.0,4697,3368,2018-07-19 13:39:00
20180719 13:40,471.0,471.0,470.5,470.5,90682,170.0,135544,34.0,4262900000.0,8000000.0,9208,7152,2018-07-19 13:40:00
20180719 13:41,470.5,471.0,470.5,471.0,91004,322.0,135742,198.0,4278050000.0,15150000.0,4964,2901,2018-07-19 13:41:00
20180719 13:42,471.0,471.0,471.0,471.0,91004,0.0,135742,0.0,4278050000.0,0.0,1289,1009,2018-07-19 13:42:00
20180719 13:43,471.0,471.0,471.0,471.0,91004,0.0,135742,0.0,4278050000.0,0.0,404,267,2018-07-19 13:43:00
20180719 13:44,471.0,471.0,471.0,471.0,91004,0.0,135742,0.0,4278050000.0,0.0,1394,1080,2018-07-19 13:44:00
20180719 13:45,471.0,471.0,471.0,471.0,91004,0.0,135742,0.0,4278050000.0,0.0,1194,927,2018-07-19 13:45:00
20180719 13:46,471.0,471.0,471.0,471.0,91004,0.0,135742,0.0,4278050000.0,0.0,2244,2247,2018-07-19 13:46:00
20180719 13:47,471.0,471.0,471.0,471.0,91004,0.0,135742,0.0,4278050000.0,0.0,3060,3326,2018-07-19 13:47:00
20180719 13:48,471.0,471.0,471.0,471.0,91004,0.0,135742,0.0,4278050000.0,0.0,1900,2661,2018-07-19 13:48:00
20180719 13:49,471.0,471.0,470.5,470.5,91314,310.0,135758,16.0,4292630000.0,14580000.0,3400,2494,2018-07-19 13:49:00
20180719 13:50,470.5,470.5,470.5,470.5,91314,0.0,135758,0.0,4292630000.0,0.0,1168,678,2018-07-19 13:50:00
20180719 13:51,470.5,470.5,470.5,470.5,91358,44.0,135788,30.0,4294700000.0,2070000.0,2212,1398,2018-07-19 13:51:00
20180719 13:52,470.5,470.5,470.5,470.5,91358,0.0,135788,0.0,4294700000.0,0.0,1134,682,2018-07-19 13:52:00
20180719 13:53,470.5,470.5,470.5,470.5,91358,0.0,135788,0.0,4294700000.0,0.0,358,234,2018-07-19 13:53:00
20180719 13:54,470.5,470.5,470.0,470.0,91362,4.0,135790,2.0,4294890000.0,190000.0,1132,701,2018-07-19 13:54:00
20180719 13:55,470.0,470.0,470.0,470.0,91366,4.0,135792,2.0,4295080000.0,190000.0,3112,1777,2018-07-19 13:55:00
20180719 13:56,470.0,470.0,470.0,470.0,91368,2.0,135794,2.0,4295170000.0,90000.0,1144,697,2018-07-19 13:56:00
20180719 13:57,470.0,470.5,470.0,470.5,91376,8.0,135802,8.0,4295550000.0,380000.0,1160,688,2018-07-19 13:57:00
20180719 13:58,470.5,470.5,470.5,470.5,92206,830.0,136256,454.0,4334600000.0,39050000.0,4691,2369,2018-07-19 13:58:00
20180719 13:59,470.5,471.0,470.5,470.5,94000,1794.0,136286,30.0,4419010000.0,84410000.0,7089,3812,2018-07-19 13:59:00
20180719 14:00,470.5,470.5,470.5,470.5,94028,28.0,136300,14.0,4420330000.0,1320000.0,1125,1799,2018-07-19 14:00:00
20180719 14:01,470.5,471.0,470.5,471.0,94030,2.0,136302,2.0,4420420000.0,90000.0,877,1510,2018-07-19 14:01:00
20180719 14:02,471.0,471.0,470.5,471.0,94332,302.0,136360,58.0,4434630000.0,14210000.0,875,1116,2018-07-19 14:02:00
20180719 14:03,471.0,471.0,471.0,471.0,94334,2.0,136362,2.0,4434720000.0,90000.0,1012,1220,2018-07-19 14:03:00
20180719 14:04,471.0,471.0,471.0,471.0,94334,0.0,136362,0.0,4434720000.0,0.0,1307,1807,2018-07-19 14:04:00
20180719 14:05,471.0,471.0,470.0,470.0,96712,2378.0,135704,-658.0,4546580000.0,111860000.0,11811,3823,2018-07-19 14:05:00
20180719 14:06,470.0,470.5,470.0,470.5,97144,432.0,135738,34.0,4566900000.0,20320000.0,6328,3412,2018-07-19 14:06:00
20180719 14:07,470.5,470.5,470.5,470.5,97184,40.0,135754,16.0,4568780000.0,1880000.0,9308,11306,2018-07-19 14:07:00
20180719 14:08,470.5,470.5,470.0,470.0,97344,160.0,135836,82.0,4576300000.0,7520000.0,6269,8862,2018-07-19 14:08:00
20180719 14:09,470.0,470.0,470.0,470.0,97344,0.0,135836,0.0,4576300000.0,0.0,663,2289,2018-07-19 14:09:00
20180719 14:10,470.0,470.0,470.0,470.0,97344,0.0,135836,0.0,4576300000.0,0.0,932,1938,2018-07-19 14:10:00
20180719 14:11,470.0,470.0,470.0,470.0,97344,0.0,135836,0.0,4576300000.0,0.0,2681,5208,2018-07-19 14:11:00
20180719 14:12,470.0,470.0,470.0,470.0,97344,0.0,135836,0.0,4576300000.0,0.0,3245,6092,2018-07-19 14:12:00
20180719 14:13,470.0,470.0,470.0,470.0,98370,1026.0,136586,750.0,4624530000.0,48230000.0,7458,4512,2018-07-19 14:13:00
20180719 14:14,470.0,470.0,469.5,469.5,98964,594.0,136080,-506.0,4652410000.0,27880000.0,8456,2335,2018-07-19 14:14:00
20180719 14:15,469.5,469.5,469.5,469.5,99100,136.0,136078,-2.0,4658800000.0,6390000.0,3619,1840,2018-07-19 14:15:00
20180719 14:16,469.5,469.5,469.5,469.5,100632,1532.0,136256,178.0,4730730000.0,71930000.0,16747,4348,2018-07-19 14:16:00
20180719 14:17,469.5,469.5,469.5,469.5,101470,838.0,136908,652.0,4770070000.0,39340000.0,34420,7404,2018-07-19 14:17:00
20180719 14:18,469.5,469.5,468.5,468.5,103218,1748.0,137076,168.0,4851980000.0,81910000.0,8600,6276,2018-07-19 14:18:00
20180719 14:19,468.0,468.5,468.0,468.5,104610,1392.0,136684,-392.0,4917160000.0,65180000.0,10413,6142,2018-07-19 14:19:00
20180719 14:20,468.5,468.5,468.5,468.5,104610,0.0,136684,0.0,4917160000.0,0.0,1109,419,2018-07-19 14:20:00
20180719 14:21,468.5,469.0,468.5,469.0,105702,1092.0,137164,480.0,4968380000.0,51220000.0,9160,5167,2018-07-19 14:21:00
20180719 14:22,469.0,469.0,469.0,469.0,107156,1454.0,136838,-326.0,5036570000.0,68190000.0,10946,12267,2018-07-19 14:22:00
20180719 14:23,469.0,469.0,468.5,469.0,107414,258.0,136982,144.0,5048670000.0,12100000.0,9151,6622,2018-07-19 14:23:00
20180719 14:24,469.0,469.0,468.5,468.5,108232,818.0,137518,536.0,5087030000.0,38360000.0,3500,5011,2018-07-19 14:24:00
20180719 14:25,468.5,468.5,468.5,468.5,108278,46.0,137562,44.0,5089190000.0,2160000.0,1177,2314,2018-07-19 14:25:00
20180719 14:26,468.5,469.0,468.5,469.0,108680,402.0,137622,60.0,5108040000.0,18850000.0,2546,3389,2018-07-19 14:26:00
20180719 14:27,469.0,469.0,468.5,468.5,108728,48.0,137638,16.0,5110290000.0,2250000.0,1327,2081,2018-07-19 14:27:00
20180719 14:28,468.5,468.5,468.5,468.5,108776,48.0,137640,2.0,5112530000.0,2240000.0,701,1185,2018-07-19 14:28:00
20180719 14:29,468.5,469.0,468.5,469.0,112890,4114.0,137550,-90.0,5305480000.0,192950000.0,5921,6060,2018-07-19 14:29:00
20180719 14:30,469.0,469.0,468.5,468.5,112938,48.0,137580,30.0,5307730000.0,2250000.0,3020,4219,2018-07-19 14:30:00
20180719 14:31,468.5,469.0,468.5,469.0,113122,184.0,137614,34.0,5316360000.0,8630000.0,2702,3762,2018-07-19 14:31:00
20180719 14:32,469.0,469.0,469.0,469.0,113748,626.0,138190,576.0,5345720000.0,29360000.0,4133,600,2018-07-19 14:32:00
20180719 14:33,469.0,469.0,469.0,469.0,114422,674.0,137796,-394.0,5377330000.0,31610000.0,1897,4409,2018-07-19 14:33:00
20180719 14:34,469.0,469.0,468.5,468.5,114470,48.0,137796,0.0,5379580000.0,2250000.0,3024,6486,2018-07-19 14:34:00
20180719 14:35,468.5,469.0,468.5,468.5,114520,50.0,137812,16.0,5381920000.0,2340000.0,1914,5065,2018-07-19 14:35:00
20180719 14:36,468.5,469.0,468.5,468.5,114572,52.0,137860,48.0,5384350000.0,2430000.0,1405,2848,2018-07-19 14:36:00
20180719 14:37,468.5,468.5,468.5,468.5,114794,222.0,138038,178.0,5394750000.0,10400000.0,2357,6004,2018-07-19 14:37:00
20180719 14:38,468.5,468.5,468.0,468.0,115638,844.0,138300,262.0,5434250000.0,39500000.0,3670,5098,2018-07-19 14:38:00
20180719 14:39,468.0,468.5,467.5,467.5,115952,314.0,138444,144.0,5448950000.0,14700000.0,3652,6338,2018-07-19 14:39:00
20180719 14:40,467.5,468.0,467.5,467.5,116836,884.0,138990,546.0,5490320000.0,41370000.0,3645,7143,2018-07-19 14:40:00
20180719 14:41,467.5,468.0,467.5,468.0,117116,280.0,139134,144.0,5503420000.0,13100000.0,3576,8754,2018-07-19 14:41:00
20180719 14:42,468.0,468.0,468.0,468.0,117162,46.0,139180,46.0,5505570000.0,2150000.0,1502,1681,2018-07-19 14:42:00
20180719 14:43,468.0,468.0,468.0,468.0,117212,50.0,139228,48.0,5507910000.0,2340000.0,940,1035,2018-07-19 14:43:00
20180719 14:44,468.0,468.0,468.0,468.0,117260,48.0,139270,42.0,5510160000.0,2250000.0,1502,1647,2018-07-19 14:44:00
20180719 14:45,468.0,468.0,467.5,467.5,118088,828.0,138844,-426.0,5548910000.0,38750000.0,2427,2703,2018-07-19 14:45:00
20180719 14:46,467.5,467.5,467.5,467.5,118142,54.0,138884,40.0,5551430000.0,2520000.0,2305,2508,2018-07-19 14:46:00
20180719 14:47,467.5,468.0,467.5,467.5,118226,84.0,138930,46.0,5555360000.0,3930000.0,1479,1734,2018-07-19 14:47:00
20180719 14:48,467.5,467.5,467.0,467.0,119152,926.0,138802,-128.0,5598650000.0,43290000.0,4598,3323,2018-07-19 14:48:00
20180719 14:49,467.0,467.5,467.0,467.0,119262,110.0,138820,18.0,5603790000.0,5140000.0,3171,945,2018-07-19 14:49:00
20180719 14:50,467.0,467.0,467.0,467.0,119348,86.0,138784,-36.0,5607800000.0,4010000.0,3986,912,2018-07-19 14:50:00
20180719 14:51,467.0,467.0,467.0,467.0,119516,168.0,138756,-28.0,5615650000.0,7850000.0,5554,2049,2018-07-19 14:51:00
20180719 14:52,467.0,467.0,467.0,467.0,119674,158.0,138782,26.0,5623030000.0,7380000.0,7166,2517,2018-07-19 14:52:00
20180719 14:53,467.0,467.0,466.5,466.5,119804,130.0,138790,8.0,5629100000.0,6070000.0,6949,3071,2018-07-19 14:53:00
20180719 14:54,466.5,467.5,466.5,467.5,120396,592.0,138778,-12.0,5656740000.0,27640000.0,6859,4286,2018-07-19 14:54:00
20180719 14:55,467.5,467.5,466.5,466.5,122274,1878.0,139424,646.0,5744350000.0,87610000.0,9997,5231,2018-07-19 14:55:00
20180719 14:56,466.5,466.5,466.5,466.5,122408,134.0,139488,64.0,5750610000.0,6260000.0,8649,3511,2018-07-19 14:56:00
20180719 14:57,466.5,466.5,465.5,466.5,124654,2246.0,139962,474.0,5855370000.0,104760000.0,9105,7623,2018-07-19 14:57:00
20180719 14:58,466.5,466.5,466.0,466.5,125712,1058.0,139324,-638.0,5904730000.0,49360000.0,4221,6249,2018-07-19 14:58:00
20180719 14:59,466.5,467.0,466.0,467.0,126130,418.0,139394,70.0,5924230000.0,19500000.0,3340,4268,2018-07-19 14:59:00
20180719 15:00,466.5,466.5,466.5,466.5,126132,2.0,139392,-2.0,5924330000.0,100000.0,459,18,2018-07-19 15:00:00
20180719 20:59,466.0,466.0,466.0,466.0,124,124.0,135360,-4032.0,5778400.0,5778400.0,1,1,2018-07-19 20:59:00
20180719 21:00,466.0,466.5,466.0,466.5,184,60.0,135356,-4.0,8574700.0,2796300.0,661,2695,2018-07-19 21:00:00
20180719 21:01,466.0,466.0,466.0,466.0,240,56.0,135308,-48.0,11184300.0,2609600.0,974,2786,2018-07-19 21:01:00
20180719 21:02,466.0,466.0,466.0,466.0,240,0.0,135308,0.0,11184300.0,0.0,1167,4286,2018-07-19 21:02:00
20180719 21:03,466.0,466.0,466.0,466.0,1970,1730.0,134166,-1142.0,91802300.0,80618000.0,700,6028,2018-07-19 21:03:00
20180719 21:04,466.0,466.0,466.0,466.0,2164,194.0,134184,18.0,100843000.0,9040700.0,595,1835,2018-07-19 21:04:00
20180719 21:05,466.0,466.0,466.0,466.0,2164,0.0,134184,0.0,100843000.0,0.0,2538,9165,2018-07-19 21:05:00
20180719 21:06,466.0,467.0,466.0,466.5,2434,270.0,134036,-148.0,113438000.0,12595000.0,874,2507,2018-07-19 21:06:00
20180719 21:07,466.5,467.0,466.5,466.5,2438,4.0,134034,-2.0,113625000.0,187000.0,1626,2362,2018-07-19 21:07:00
20180719 21:08,466.5,466.5,466.5,466.5,2438,0.0,134034,0.0,113625000.0,0.0,426,898,2018-07-19 21:08:00
20180719 21:09,466.5,466.5,466.5,466.5,3358,920.0,133288,-746.0,156543000.0,42918000.0,2016,3169,2018-07-19 21:09:00
20180719 21:10,466.5,468.0,466.5,468.0,3836,478.0,133082,-206.0,178880000.0,22337000.0,2956,4060,2018-07-19 21:10:00
20180719 21:11,468.0,468.5,468.0,468.0,3966,130.0,133012,-70.0,184965000.0,6085000.0,1630,4193,2018-07-19 21:11:00
20180719 21:12,468.0,468.0,467.5,467.5,4098,132.0,132988,-24.0,191136000.0,6171000.0,2976,5067,2018-07-19 21:12:00
20180719 21:13,467.5,467.5,467.5,467.5,4098,0.0,132988,0.0,191136000.0,0.0,1986,1300,2018-07-19 21:13:00
20180719 21:14,467.5,468.0,467.5,468.0,4104,6.0,132986,-2.0,191416000.0,280000.0,2027,1329,2018-07-19 21:14:00
20180719 21:15,468.0,468.0,468.0,468.0,4404,300.0,133116,130.0,205456000.0,14040000.0,2147,3344,2018-07-19 21:15:00
20180719 21:16,468.0,468.0,468.0,468.0,4406,2.0,133116,0.0,205550000.0,94000.0,1684,5771,2018-07-19 21:16:00
20180719 21:17,467.5,467.5,467.5,467.5,4410,4.0,133116,0.0,205737000.0,187000.0,559,1800,2018-07-19 21:17:00
20180719 21:18,467.5,467.5,467.5,467.5,4412,2.0,133118,2.0,205830000.0,93000.0,2117,5641,2018-07-19 21:18:00
20180719 21:19,467.5,467.5,467.5,467.5,4422,10.0,133114,-4.0,206298000.0,468000.0,3462,8904,2018-07-19 21:19:00
20180719 21:20,467.5,467.5,467.5,467.5,4432,10.0,133118,4.0,206765000.0,467000.0,1104,1084,2018-07-19 21:20:00
20180719 21:21,467.5,468.0,467.5,468.0,4442,10.0,133118,0.0,207233000.0,468000.0,744,648,2018-07-19 21:21:00
20180719 21:22,468.0,468.0,468.0,468.0,4442,0.0,133118,0.0,207233000.0,0.0,417,376,2018-07-19 21:22:00
20180719 21:23,468.0,468.0,467.5,467.5,4448,6.0,133116,-2.0,207514000.0,281000.0,974,856,2018-07-19 21:23:00
20180719 21:24,467.5,467.5,467.5,467.5,4456,8.0,133108,-8.0,207888000.0,374000.0,534,462,2018-07-19 21:24:00
20180719 21:25,467.5,467.5,467.5,467.5,4562,106.0,133090,-18.0,212843000.0,4955000.0,1011,1191,2018-07-19 21:25:00
20180719 21:26,467.0,467.0,467.0,467.0,4764,202.0,133136,46.0,222276000.0,9433000.0,974,924,2018-07-19 21:26:00
20180719 21:27,467.0,467.0,467.0,467.0,6430,1666.0,132748,-388.0,300079000.0,77803000.0,2483,6338,2018-07-19 21:27:00
20180719 21:28,467.0,467.0,467.0,467.0,8470,2040.0,132952,204.0,395347000.0,95268000.0,6616,7515,2018-07-19 21:28:00
20180719 21:29,467.0,467.0,467.0,467.0,8474,4.0,132948,-4.0,395533000.0,186000.0,740,193,2018-07-19 21:29:00
20180719 21:30,467.0,467.0,467.0,467.0,8474,0.0,132948,0.0,395533000.0,0.0,3016,640,2018-07-19 21:30:00
20180719 21:31,467.0,467.0,467.0,467.0,8474,0.0,132948,0.0,395533000.0,0.0,3338,2173,2018-07-19 21:31:00
20180719 21:32,467.0,467.0,467.0,467.0,8474,0.0,132948,0.0,395533000.0,0.0,430,520,2018-07-19 21:32:00
20180719 21:33,467.0,467.0,467.0,467.0,8474,0.0,132948,0.0,395533000.0,0.0,697,623,2018-07-19 21:33:00
20180719 21:34,467.0,467.5,467.0,467.5,8478,4.0,132946,-2.0,395720000.0,187000.0,731,768,2018-07-19 21:34:00
20180719 21:35,467.5,467.5,467.5,467.5,8484,6.0,132946,0.0,396001000.0,281000.0,2948,7509,2018-07-19 21:35:00
20180719 21:36,467.5,467.5,467.5,467.5,8490,6.0,132946,0.0,396281000.0,280000.0,2521,7037,2018-07-19 21:36:00
20180719 21:37,467.5,467.5,467.0,467.0,8498,8.0,132938,-8.0,396655000.0,374000.0,2529,2733,2018-07-19 21:37:00
20180719 21:38,467.0,467.0,467.0,467.0,8498,0.0,132938,0.0,396655000.0,0.0,3609,4580,2018-07-19 21:38:00
20180719 21:39,467.0,467.0,467.0,467.0,8498,0.0,132938,0.0,396655000.0,0.0,2487,4169,2018-07-19 21:39:00
20180719 21:40,467.0,467.0,467.0,467.0,8498,0.0,132938,0.0,396655000.0,0.0,2567,3889,2018-07-19 21:40:00
20180719 21:41,467.0,467.0,467.0,467.0,8498,0.0,132938,0.0,396655000.0,0.0,2897,5037,2018-07-19 21:41:00
20180719 21:42,467.0,467.0,467.0,467.0,8498,0.0,132938,0.0,396655000.0,0.0,3504,5401,2018-07-19 21:42:00
20180719 21:43,467.0,467.0,467.0,467.0,8498,0.0,132938,0.0,396655000.0,0.0,3303,3224,2018-07-19 21:43:00
20180719 21:44,467.0,467.0,467.0,467.0,8498,0.0,132938,0.0,396655000.0,0.0,1101,901,2018-07-19 21:44:00
20180719 21:45,467.0,467.0,467.0,467.0,8498,0.0,132938,0.0,396655000.0,0.0,1029,829,2018-07-19 21:45:00
20180719 21:46,467.0,467.0,467.0,467.0,8498,0.0,132938,0.0,396655000.0,0.0,2126,1258,2018-07-19 21:46:00
20180719 21:47,467.0,467.0,467.0,467.0,8498,0.0,132938,0.0,396655000.0,0.0,2657,2439,2018-07-19 21:47:00
20180719 21:48,467.0,467.5,467.0,467.5,8504,6.0,132944,6.0,396936000.0,281000.0,3055,5224,2018-07-19 21:48:00
20180719 21:49,467.5,467.5,467.5,467.5,8504,0.0,132944,0.0,396936000.0,0.0,3162,3972,2018-07-19 21:49:00
20180719 21:50,467.5,467.5,467.5,467.5,8504,0.0,132944,0.0,396936000.0,0.0,681,469,2018-07-19 21:50:00
20180719 21:51,467.5,467.5,467.5,467.5,8504,0.0,132944,0.0,396936000.0,0.0,1010,724,2018-07-19 21:51:00
20180719 21:52,467.5,467.5,467.5,467.5,8504,0.0,132944,0.0,396936000.0,0.0,679,529,2018-07-19 21:52:00
20180719 21:53,467.5,467.5,467.5,467.5,8504,0.0,132944,0.0,396936000.0,0.0,516,385,2018-07-19 21:53:00
20180719 21:54,467.5,467.5,467.5,467.5,8504,0.0,132944,0.0,396936000.0,0.0,520,410,2018-07-19 21:54:00
20180719 21:55,467.5,467.5,467.5,467.5,8944,440.0,133192,248.0,417506000.0,20570000.0,5519,1610,2018-07-19 21:55:00
20180719 21:56,467.5,467.5,467.5,467.5,9100,156.0,133148,-44.0,424799000.0,7293000.0,1828,1236,2018-07-19 21:56:00
20180719 21:58,467.5,467.5,467.5,467.5,9106,6.0,133148,0.0,425079000.0,280000.0,1047,1963,2018-07-19 21:58:00
20180719 21:59,467.5,467.5,467.5,467.5,9106,0.0,133148,0.0,425079000.0,0.0,551,741,2018-07-19 21:59:00
20180719 22:00,467.5,467.5,467.5,467.5,9524,418.0,132844,-304.0,444621000.0,19542000.0,2021,2188,2018-07-19 22:00:00
20180719 22:01,467.5,467.5,467.5,467.5,9524,0.0,132844,0.0,444621000.0,0.0,896,203,2018-07-19 22:01:00
20180719 22:02,467.5,467.5,467.5,467.5,10580,1056.0,132524,-320.0,493989000.0,49368000.0,6373,2586,2018-07-19 22:02:00
20180719 22:03,467.5,467.5,467.5,467.5,10898,318.0,132828,304.0,508855000.0,14866000.0,8189,1322,2018-07-19 22:03:00
20180719 22:04,467.5,467.5,467.5,467.5,10898,0.0,132828,0.0,508855000.0,0.0,4986,1005,2018-07-19 22:04:00
20180719 22:05,467.5,467.5,467.5,467.5,10898,0.0,132828,0.0,508855000.0,0.0,6201,1077,2018-07-19 22:05:00
20180719 22:06,467.5,467.5,467.5,467.5,10898,0.0,132828,0.0,508855000.0,0.0,4055,983,2018-07-19 22:06:00
20180719 22:07,467.5,467.5,467.5,467.5,10898,0.0,132828,0.0,508855000.0,0.0,4492,1070,2018-07-19 22:07:00
20180719 22:08,467.5,467.5,467.5,467.5,10898,0.0,132828,0.0,508855000.0,0.0,906,213,2018-07-19 22:08:00
20180719 22:09,467.5,467.5,467.5,467.5,11514,616.0,132628,-200.0,537653000.0,28798000.0,2464,2646,2018-07-19 22:09:00
20180719 22:10,467.5,467.5,467.5,467.5,11514,0.0,132628,0.0,537653000.0,0.0,279,1962,2018-07-19 22:10:00
20180719 22:11,467.5,467.5,467.5,467.5,11514,0.0,132628,0.0,537653000.0,0.0,410,1750,2018-07-19 22:11:00
20180719 22:12,467.5,467.5,467.5,467.5,11514,0.0,132628,0.0,537653000.0,0.0,622,1206,2018-07-19 22:12:00
20180719 22:13,467.5,467.5,467.5,467.5,11514,0.0,132628,0.0,537653000.0,0.0,468,736,2018-07-19 22:13:00
20180719 22:14,467.5,467.5,467.5,467.5,11514,0.0,132628,0.0,537653000.0,0.0,478,808,2018-07-19 22:14:00
20180719 22:15,467.5,467.5,467.5,467.5,11514,0.0,132628,0.0,537653000.0,0.0,1801,2454,2018-07-19 22:15:00
20180719 22:16,467.5,467.5,467.0,467.0,11522,8.0,132624,-4.0,538027000.0,374000.0,1606,2225,2018-07-19 22:16:00
20180719 22:17,467.0,467.0,467.0,467.0,11522,0.0,132624,0.0,538027000.0,0.0,131,185,2018-07-19 22:17:00
20180719 22:18,467.0,467.0,467.0,467.0,11522,0.0,132624,0.0,538027000.0,0.0,126,185,2018-07-19 22:18:00
20180719 22:19,467.0,467.0,467.0,467.0,11522,0.0,132624,0.0,538027000.0,0.0,257,370,2018-07-19 22:19:00
20180719 22:20,467.0,467.0,467.0,467.0,11522,0.0,132624,0.0,538027000.0,0.0,528,814,2018-07-19 22:20:00
20180719 22:21,467.0,467.0,467.0,467.0,11522,0.0,132624,0.0,538027000.0,0.0,534,906,2018-07-19 22:21:00
20180719 22:22,467.0,467.0,467.0,467.0,11522,0.0,132624,0.0,538027000.0,0.0,126,227,2018-07-19 22:22:00
20180719 22:23,467.0,467.0,467.0,467.0,11522,0.0,132624,0.0,538027000.0,0.0,550,801,2018-07-19 22:23:00
20180719 22:24,467.0,467.0,467.0,467.0,11522,0.0,132624,0.0,538027000.0,0.0,928,1501,2018-07-19 22:24:00
20180719 22:25,467.0,467.0,467.0,467.0,11522,0.0,132624,0.0,538027000.0,0.0,709,1422,2018-07-19 22:25:00
20180719 22:26,467.0,467.0,467.0,467.0,11522,0.0,132624,0.0,538027000.0,0.0,462,740,2018-07-19 22:26:00
20180719 22:27,467.0,467.0,467.0,467.0,11522,0.0,132624,0.0,538027000.0,0.0,121,185,2018-07-19 22:27:00
20180719 22:28,467.0,467.0,467.0,467.0,11522,0.0,132624,0.0,538027000.0,0.0,597,926,2018-07-19 22:28:00
20180719 22:29,467.0,467.0,467.0,467.0,11522,0.0,132624,0.0,538027000.0,0.0,302,558,2018-07-19 22:29:00
20180719 22:30,467.0,467.5,467.0,467.0,11554,32.0,132604,-20.0,539523000.0,1496000.0,642,2836,2018-07-19 22:30:00
20180719 22:31,467.0,467.0,467.0,467.0,11564,10.0,132604,0.0,539990000.0,467000.0,444,858,2018-07-19 22:31:00
20180719 22:32,467.0,467.5,467.0,467.5,11866,302.0,132516,-88.0,554108000.0,14118000.0,1714,1574,2018-07-19 22:32:00
20180719 22:33,467.5,467.5,467.5,467.5,11870,4.0,132512,-4.0,554295000.0,187000.0,6821,1579,2018-07-19 22:33:00
20180719 22:34,467.5,467.5,467.5,467.5,13412,1542.0,133110,598.0,626384000.0,72089000.0,4940,4951,2018-07-19 22:34:00
20180719 22:35,467.5,467.5,467.5,467.5,13424,12.0,133104,-6.0,626945000.0,561000.0,2073,5983,2018-07-19 22:35:00
20180719 22:36,467.5,467.5,467.5,467.5,13772,348.0,132824,-280.0,643214000.0,16269000.0,480,2416,2018-07-19 22:36:00
20180719 22:37,467.5,467.5,467.5,467.5,13772,0.0,132824,0.0,643214000.0,0.0,1445,5626,2018-07-19 22:37:00
20180719 22:38,467.5,467.5,467.5,467.5,13772,0.0,132824,0.0,643214000.0,0.0,1480,5587,2018-07-19 22:38:00
20180719 22:39,467.5,467.5,467.5,467.5,13874,102.0,132744,-80.0,647982000.0,4768000.0,1745,5372,2018-07-19 22:39:00
20180719 22:40,467.5,467.5,467.5,467.5,15236,1362.0,132654,-90.0,711656000.0,63674000.0,3754,9081,2018-07-19 22:40:00
20180719 22:41,467.5,467.5,467.5,467.5,15238,2.0,132654,0.0,711749000.0,93000.0,1165,6570,2018-07-19 22:41:00
20180719 22:42,467.5,467.5,467.5,467.5,15238,0.0,132654,0.0,711749000.0,0.0,1927,9388,2018-07-19 22:42:00
20180719 22:43,467.5,467.5,467.5,467.5,15440,202.0,132574,-80.0,721193000.0,9444000.0,942,1559,2018-07-19 22:43:00
20180719 22:44,467.5,467.5,467.5,467.5,15440,0.0,132574,0.0,721193000.0,0.0,415,335,2018-07-19 22:44:00
20180719 22:45,467.5,470.0,467.5,470.0,17932,2492.0,132352,-222.0,838194000.0,117001000.0,4447,12413,2018-07-19 22:45:00
20180719 22:46,470.0,470.5,470.0,470.0,18516,584.0,132232,-120.0,865642000.0,27448000.0,5530,4130,2018-07-19 22:46:00
20180719 22:47,469.5,469.5,469.0,469.0,18722,206.0,132308,76.0,875312000.0,9670000.0,4092,5338,2018-07-19 22:47:00
20180719 22:48,469.0,469.0,469.0,469.0,19974,1252.0,132380,72.0,934030000.0,58718000.0,3595,5972,2018-07-19 22:48:00
20180719 22:49,469.0,469.5,469.0,469.5,20074,100.0,132284,-96.0,938725000.0,4695000.0,741,5654,2018-07-19 22:49:00
20180719 22:50,469.5,469.5,469.5,469.5,20170,96.0,132242,-42.0,943233000.0,4508000.0,3478,2475,2018-07-19 22:50:00
20180719 22:51,469.0,469.0,469.0,469.0,20174,4.0,132244,2.0,943420000.0,187000.0,431,1801,2018-07-19 22:51:00
20180719 22:52,469.0,469.0,469.0,469.0,20174,0.0,132244,0.0,943420000.0,0.0,1448,3292,2018-07-19 22:52:00
20180719 22:53,469.0,469.0,469.0,469.0,20212,38.0,132260,16.0,945202000.0,1782000.0,1107,1765,2018-07-19 22:53:00
20180719 22:54,469.0,469.5,469.0,469.5,20858,646.0,132442,182.0,975532000.0,30330000.0,2034,5536,2018-07-19 22:54:00
20180719 22:55,469.5,470.0,469.5,470.0,21490,632.0,132516,74.0,1005230000.0,29698000.0,2740,3549,2018-07-19 22:55:00
20180719 22:56,470.0,470.0,470.0,470.0,21490,0.0,132516,0.0,1005230000.0,0.0,960,1185,2018-07-19 22:56:00
20180719 22:57,470.0,470.0,470.0,470.0,21490,0.0,132516,0.0,1005230000.0,0.0,2137,3304,2018-07-19 22:57:00
20180719 22:58,470.0,470.0,469.5,469.5,21560,70.0,132480,-36.0,1008520000.0,3290000.0,1573,1792,2018-07-19 22:58:00
20180719 22:59,469.5,470.0,469.0,469.0,22096,536.0,132626,146.0,1033660000.0,25140000.0,5494,7502,2018-07-19 22:59:00
20180719 23:00,469.0,469.0,469.0,469.0,23284,1188.0,132590,-36.0,1089380000.0,55720000.0,4788,962,2018-07-19 23:00:00
20180719 23:01,469.0,469.0,469.0,469.0,26152,2868.0,132220,-370.0,1223890000.0,134510000.0,5541,7658,2018-07-19 23:01:00
20180719 23:02,469.0,469.0,468.5,469.0,27758,1606.0,132158,-62.0,1299200000.0,75310000.0,3410,4913,2018-07-19 23:02:00
20180719 23:03,469.0,469.0,469.0,469.0,27758,0.0,132158,0.0,1299200000.0,0.0,1332,1600,2018-07-19 23:03:00
20180719 23:04,469.0,469.0,469.0,469.0,27758,0.0,132158,0.0,1299200000.0,0.0,410,510,2018-07-19 23:04:00
20180719 23:05,469.0,469.0,469.0,469.0,27762,4.0,132158,0.0,1299380000.0,180000.0,1017,1364,2018-07-19 23:05:00
20180719 23:06,469.0,469.0,469.0,469.0,27762,0.0,132158,0.0,1299380000.0,0.0,115,202,2018-07-19 23:06:00
20180719 23:07,469.0,469.0,469.0,469.0,28898,1136.0,132448,290.0,1352660000.0,53280000.0,9357,8436,2018-07-19 23:07:00
20180719 23:08,469.0,469.0,469.0,469.0,28898,0.0,132448,0.0,1352660000.0,0.0,3220,5629,2018-07-19 23:08:00
20180719 23:09,469.0,469.0,469.0,469.0,28898,0.0,132448,0.0,1352660000.0,0.0,469,1920,2018-07-19 23:09:00
20180719 23:10,469.0,469.0,469.0,469.0,28898,0.0,132448,0.0,1352660000.0,0.0,335,1250,2018-07-19 23:10:00
20180719 23:11,469.0,469.0,469.0,469.0,28898,0.0,132448,0.0,1352660000.0,0.0,500,1448,2018-07-19 23:11:00
20180719 23:12,469.0,469.0,469.0,469.0,28898,0.0,132448,0.0,1352660000.0,0.0,439,832,2018-07-19 23:12:00
20180719 23:14,469.0,469.0,469.0,469.0,28898,0.0,132448,0.0,1352660000.0,0.0,148,256,2018-07-19 23:14:00
20180719 23:15,469.0,469.0,469.0,469.0,28898,0.0,132448,0.0,1352660000.0,0.0,959,1687,2018-07-19 23:15:00
20180719 23:16,469.0,469.5,469.0,469.5,28932,34.0,132418,-30.0,1354260000.0,1600000.0,766,1342,2018-07-19 23:16:00
20180719 23:17,469.5,469.5,469.5,469.5,28952,20.0,132418,0.0,1355200000.0,940000.0,668,1522,2018-07-19 23:17:00
20180719 23:19,469.5,469.5,469.0,469.5,30626,1674.0,132414,-4.0,1433790000.0,78590000.0,4208,4309,2018-07-19 23:19:00
20180719 23:20,470.0,470.0,469.5,469.5,30928,302.0,132204,-210.0,1447970000.0,14180000.0,2118,728,2018-07-19 23:20:00
20180719 23:21,469.5,469.5,469.5,469.5,30930,2.0,132204,0.0,1448070000.0,100000.0,2042,2750,2018-07-19 23:21:00
20180719 23:22,469.5,469.5,469.5,469.5,30930,0.0,132204,0.0,1448070000.0,0.0,1220,930,2018-07-19 23:22:00
20180719 23:23,469.5,469.5,469.5,469.5,30930,0.0,132204,0.0,1448070000.0,0.0,2514,1742,2018-07-19 23:23:00
20180719 23:24,469.5,469.5,469.5,469.5,30930,0.0,132204,0.0,1448070000.0,0.0,1391,1143,2018-07-19 23:24:00
20180719 23:25,469.5,469.5,469.5,469.5,30940,10.0,132204,0.0,1448540000.0,470000.0,1104,752,2018-07-19 23:25:00
20180719 23:26,470.0,470.5,470.0,470.5,31332,392.0,131934,-270.0,1466960000.0,18420000.0,1568,1230,2018-07-19 23:26:00
20180719 23:27,470.5,471.0,470.0,470.5,35182,3850.0,132236,302.0,1648110000.0,181150000.0,3606,2237,2018-07-19 23:27:00
20180719 23:28,470.5,470.5,470.0,470.5,39530,4348.0,132568,332.0,1852680000.0,204570000.0,2935,2013,2018-07-19 23:28:00
20180719 23:29,470.5,471.0,470.0,470.5,40174,644.0,132534,-34.0,1882980000.0,30300000.0,1721,781,2018-07-19 23:29:00
20180720 20:59,466.5,466.5,466.5,466.5,92,92.0,139480,6946.0,4291800.0,4291800.0,1,1,2018-07-20 20:59:00
20180720 21:00,466.0,467.0,466.0,467.0,258,166.0,139454,-26.0,12036500.0,7744700.0,2415,4875,2018-07-20 21:00:00
20180720 21:01,467.0,467.5,466.5,467.5,360,102.0,139402,-52.0,16801100.0,4764600.0,1437,3813,2018-07-20 21:01:00
20180720 21:02,467.5,468.0,467.5,468.0,580,220.0,139348,-54.0,27086800.0,10285700.0,1746,1587,2018-07-20 21:02:00
20180720 21:03,468.0,468.0,467.5,467.5,828,248.0,139296,-52.0,38683900.0,11597100.0,1730,2481,2018-07-20 21:03:00
20180720 21:04,467.5,467.5,467.5,467.5,876,48.0,139292,-4.0,40927900.0,2244000.0,1927,2194,2018-07-20 21:04:00
20180720 21:05,467.5,467.5,467.5,467.5,1060,184.0,139278,-14.0,49529900.0,8602000.0,3359,4188,2018-07-20 21:05:00
20180720 21:06,467.5,467.5,467.5,467.5,1086,26.0,139256,-22.0,50745400.0,1215500.0,1097,1890,2018-07-20 21:06:00
20180720 21:07,467.5,467.5,467.5,467.5,1086,0.0,139256,0.0,50745400.0,0.0,605,1707,2018-07-20 21:07:00
20180720 21:08,467.5,467.5,467.5,467.5,1614,528.0,139774,518.0,75429400.0,24684000.0,506,1906,2018-07-20 21:08:00
20180720 21:09,467.5,468.0,467.5,468.0,1738,124.0,139848,74.0,81226500.0,5797100.0,3456,3801,2018-07-20 21:09:00
20180720 21:10,468.0,468.0,467.5,467.5,2352,614.0,139282,-566.0,109931000.0,28704500.0,2512,1854,2018-07-20 21:10:00
20180720 21:11,467.5,468.0,467.5,468.0,4056,1704.0,137680,-1602.0,189678000.0,79747000.0,3691,6044,2018-07-20 21:11:00
20180720 21:12,468.0,468.0,468.0,468.0,5790,1734.0,136134,-1546.0,270829000.0,81151000.0,2477,4014,2018-07-20 21:12:00
20180720 21:13,468.0,468.0,468.0,468.0,5842,52.0,136148,14.0,273263000.0,2434000.0,1103,6012,2018-07-20 21:13:00
20180720 21:14,468.0,468.0,468.0,468.0,7510,1668.0,134702,-1446.0,351325000.0,78062000.0,5124,5437,2018-07-20 21:14:00
20180720 21:15,468.0,468.0,468.0,468.0,8350,840.0,134236,-466.0,390637000.0,39312000.0,2608,1674,2018-07-20 21:15:00
20180720 21:16,468.0,468.0,468.0,468.0,8484,134.0,134158,-78.0,396909000.0,6272000.0,1340,786,2018-07-20 21:16:00
20180720 21:17,468.0,468.0,468.0,468.0,8780,296.0,134150,-8.0,410761000.0,13852000.0,2332,1436,2018-07-20 21:17:00
20180720 21:18,468.0,468.0,468.0,468.0,8920,140.0,134110,-40.0,417313000.0,6552000.0,920,909,2018-07-20 21:18:00
20180720 21:19,468.0,468.0,468.0,468.0,8920,0.0,134110,0.0,417313000.0,0.0,405,451,2018-07-20 21:19:00
20180720 21:20,468.0,468.0,468.0,468.0,9068,148.0,134112,2.0,424240000.0,6927000.0,1084,2778,2018-07-20 21:20:00
20180720 21:21,468.0,468.0,468.0,468.0,9350,282.0,134136,24.0,437437000.0,13197000.0,2177,1998,2018-07-20 21:21:00
20180720 21:22,468.0,468.0,468.0,468.0,9350,0.0,134136,0.0,437437000.0,0.0,210,123,2018-07-20 21:22:00
20180720 21:25,468.0,468.5,468.0,468.5,9368,18.0,134138,2.0,438281000.0,844000.0,1421,853,2018-07-20 21:25:00
20180720 21:26,468.5,468.5,468.5,468.5,9368,0.0,134138,0.0,438281000.0,0.0,2468,3865,2018-07-20 21:26:00
20180720 21:27,468.5,468.5,468.5,468.5,9368,0.0,134138,0.0,438281000.0,0.0,2979,7928,2018-07-20 21:27:00
20180720 21:28,468.5,468.5,468.5,468.5,9370,2.0,134138,0.0,438374000.0,93000.0,1944,5600,2018-07-20 21:28:00
20180720 21:29,468.5,468.5,468.5,468.5,9370,0.0,134138,0.0,438374000.0,0.0,782,1782,2018-07-20 21:29:00
20180720 21:30,468.5,468.5,468.5,468.5,9370,0.0,134138,0.0,438374000.0,0.0,3747,14853,2018-07-20 21:30:00
20180720 21:31,468.5,468.5,468.5,468.5,9370,0.0,134138,0.0,438374000.0,0.0,1898,5877,2018-07-20 21:31:00
20180720 21:32,468.5,468.5,468.5,468.5,9370,0.0,134138,0.0,438374000.0,0.0,161,261,2018-07-20 21:32:00
20180720 21:33,468.5,468.5,468.5,468.5,9370,0.0,134138,0.0,438374000.0,0.0,1166,1422,2018-07-20 21:33:00
20180720 21:34,468.5,468.5,468.5,468.5,9370,0.0,134138,0.0,438374000.0,0.0,714,892,2018-07-20 21:34:00
20180720 21:35,468.5,468.5,468.5,468.5,9370,0.0,134138,0.0,438374000.0,0.0,1087,476,2018-07-20 21:35:00
20180720 21:36,468.0,468.0,468.0,468.0,9438,68.0,134094,-44.0,441557000.0,3183000.0,1707,775,2018-07-20 21:36:00
20180720 21:37,468.0,468.0,468.0,468.0,10560,1122.0,134468,374.0,494066000.0,52509000.0,3347,6473,2018-07-20 21:37:00
20180720 21:38,468.0,468.0,468.0,468.0,10560,0.0,134468,0.0,494066000.0,0.0,66,257,2018-07-20 21:38:00
20180720 21:39,468.0,468.0,468.0,468.0,10560,0.0,134468,0.0,494066000.0,0.0,282,771,2018-07-20 21:39:00
20180720 21:40,468.0,468.0,468.0,468.0,10560,0.0,134468,0.0,494066000.0,0.0,1026,2795,2018-07-20 21:40:00
20180720 21:41,468.0,468.0,468.0,468.0,10562,2.0,134468,0.0,494160000.0,94000.0,1450,3948,2018-07-20 21:41:00
20180720 21:42,468.0,468.0,468.0,468.0,10702,140.0,134502,34.0,500712000.0,6552000.0,1673,4347,2018-07-20 21:42:00
20180720 21:43,468.0,468.0,468.0,468.0,10722,20.0,134512,10.0,501648000.0,936000.0,2129,1708,2018-07-20 21:43:00
20180720 21:44,468.0,468.5,468.0,468.5,10742,20.0,134502,-10.0,502585000.0,937000.0,3053,5340,2018-07-20 21:44:00
20180720 21:45,468.5,468.5,468.5,468.5,10742,0.0,134502,0.0,502585000.0,0.0,1320,1226,2018-07-20 21:45:00
20180720 21:46,468.5,468.5,468.0,468.0,10776,34.0,134536,34.0,504176000.0,1591000.0,2033,1187,2018-07-20 21:46:00
20180720 21:47,468.0,468.0,468.0,468.0,10776,0.0,134536,0.0,504176000.0,0.0,392,206,2018-07-20 21:47:00
20180720 21:48,468.0,468.0,468.0,468.0,10776,0.0,134536,0.0,504176000.0,0.0,1174,853,2018-07-20 21:48:00
20180720 21:51,468.0,468.0,468.0,468.0,10776,0.0,134536,0.0,504176000.0,0.0,2686,3437,2018-07-20 21:51:00
20180720 21:52,468.0,468.0,468.0,468.0,10776,0.0,134536,0.0,504176000.0,0.0,2095,1878,2018-07-20 21:52:00
20180720 21:53,468.0,468.0,468.0,468.0,10778,2.0,134536,0.0,504270000.0,94000.0,394,219,2018-07-20 21:53:00
20180720 21:54,468.0,468.0,468.0,468.0,10850,72.0,134496,-40.0,507639000.0,3369000.0,1530,877,2018-07-20 21:54:00
20180720 21:56,468.0,468.0,468.0,468.0,10850,0.0,134496,0.0,507639000.0,0.0,154,131,2018-07-20 21:56:00
20180720 21:57,468.0,468.0,468.0,468.0,10850,0.0,134496,0.0,507639000.0,0.0,844,1457,2018-07-20 21:57:00
20180720 21:58,468.5,468.5,468.5,468.5,10920,70.0,134474,-22.0,510919000.0,3280000.0,501,2871,2018-07-20 21:58:00
20180720 21:59,468.5,468.5,468.5,468.5,14702,3782.0,134956,482.0,688106000.0,177187000.0,5906,12221,2018-07-20 21:59:00
20180720 22:00,468.5,468.5,468.5,468.5,15262,560.0,134460,-496.0,714342000.0,26236000.0,474,2428,2018-07-20 22:00:00
20180720 22:03,468.5,468.5,468.5,468.5,15262,0.0,134460,0.0,714342000.0,0.0,514,1741,2018-07-20 22:03:00
20180720 22:04,468.5,468.5,468.5,468.5,15262,0.0,134460,0.0,714342000.0,0.0,83,349,2018-07-20 22:04:00
20180720 22:05,468.5,468.5,468.5,468.5,15592,330.0,134334,-126.0,729802000.0,15460000.0,2103,7315,2018-07-20 22:05:00
20180720 22:06,468.5,468.5,468.5,468.5,15592,0.0,134334,0.0,729802000.0,0.0,188,968,2018-07-20 22:06:00
20180720 22:07,468.5,469.0,468.5,469.0,16140,548.0,134830,496.0,755503000.0,25701000.0,352,5374,2018-07-20 22:07:00
20180720 22:08,469.0,469.0,469.0,469.0,16554,414.0,134812,-18.0,774920000.0,19417000.0,1430,1981,2018-07-20 22:08:00
20180720 22:09,469.0,469.0,469.0,469.0,16554,0.0,134812,0.0,774920000.0,0.0,139,102,2018-07-20 22:09:00
20180720 22:11,468.5,468.5,468.5,468.5,17390,836.0,134406,-406.0,814087000.0,39167000.0,682,1424,2018-07-20 22:11:00
20180720 22:12,468.5,468.5,468.5,468.5,17574,184.0,134276,-130.0,822707000.0,8620000.0,5164,6419,2018-07-20 22:12:00
20180720 22:13,468.5,468.5,468.5,468.5,18196,622.0,134742,466.0,851848000.0,29141000.0,3396,2093,2018-07-20 22:13:00
20180720 22:14,468.5,468.5,468.5,468.5,18198,2.0,134744,2.0,851941000.0,93000.0,1045,226,2018-07-20 22:14:00
20180720 22:15,468.5,468.5,468.5,468.5,18198,0.0,134744,0.0,851941000.0,0.0,627,398,2018-07-20 22:15:00
20180720 22:18,468.5,468.5,468.5,468.5,18982,784.0,134232,-512.0,888672000.0,36731000.0,805,1551,2018-07-20 22:18:00
20180720 22:19,468.5,468.5,468.5,468.5,18984,2.0,134230,-2.0,888765000.0,93000.0,418,231,2018-07-20 22:19:00
20180720 22:20,468.5,468.5,468.5,468.5,19868,884.0,134418,188.0,930181000.0,41416000.0,13865,3675,2018-07-20 22:20:00
20180720 22:21,468.5,468.5,468.5,468.5,19868,0.0,134418,0.0,930181000.0,0.0,5553,2302,2018-07-20 22:21:00
20180720 22:22,468.5,468.5,468.5,468.5,19868,0.0,134418,0.0,930181000.0,0.0,2293,1977,2018-07-20 22:22:00
20180720 22:23,468.5,468.5,468.5,468.5,19870,2.0,134420,2.0,930275000.0,94000.0,528,1005,2018-07-20 22:23:00
20180720 22:25,468.5,468.5,468.5,468.5,19870,0.0,134420,0.0,930275000.0,0.0,173,335,2018-07-20 22:25:00
20180720 22:26,468.5,468.5,468.5,468.5,19870,0.0,134420,0.0,930275000.0,0.0,346,675,2018-07-20 22:26:00
20180720 22:28,468.5,468.5,468.5,468.5,19870,0.0,134420,0.0,930275000.0,0.0,384,744,2018-07-20 22:28:00
20180720 22:29,468.5,468.5,468.5,468.5,19870,0.0,134420,0.0,930275000.0,0.0,2335,1946,2018-07-20 22:29:00
20180720 22:30,468.5,468.5,468.5,468.5,19884,14.0,134420,0.0,930930000.0,655000.0,2684,3697,2018-07-20 22:30:00
20180720 22:31,468.5,468.5,468.5,468.5,19884,0.0,134420,0.0,930930000.0,0.0,167,369,2018-07-20 22:31:00
20180720 22:32,468.5,468.5,468.5,468.5,19884,0.0,134420,0.0,930930000.0,0.0,167,349,2018-07-20 22:32:00
20180720 22:33,468.5,468.5,468.5,468.5,19884,0.0,134420,0.0,930930000.0,0.0,167,354,2018-07-20 22:33:00
20180720 22:34,468.5,468.5,468.5,468.5,20214,330.0,134390,-30.0,946391000.0,15461000.0,2701,3726,2018-07-20 22:34:00
20180720 22:35,468.5,468.5,468.5,468.5,20214,0.0,134390,0.0,946391000.0,0.0,1045,917,2018-07-20 22:35:00
20180720 22:36,468.5,468.5,468.5,468.5,20214,0.0,134390,0.0,946391000.0,0.0,510,667,2018-07-20 22:36:00
20180720 22:37,468.5,468.5,468.5,468.5,20214,0.0,134390,0.0,946391000.0,0.0,102,163,2018-07-20 22:37:00
20180720 22:38,468.5,468.5,468.5,468.5,20214,0.0,134390,0.0,946391000.0,0.0,102,151,2018-07-20 22:38:00
20180720 22:39,468.5,468.5,468.5,468.5,20214,0.0,134390,0.0,946391000.0,0.0,1224,3189,2018-07-20 22:39:00
20180720 22:40,468.5,469.0,468.5,469.0,27430,7216.0,134042,-348.0,1284820000.0,338429000.0,9432,14869,2018-07-20 22:40:00
20180720 22:41,469.0,469.0,469.0,469.0,27606,176.0,134046,4.0,1293080000.0,8260000.0,3705,3641,2018-07-20 22:41:00
20180720 22:42,469.0,469.0,469.0,469.0,27606,0.0,134046,0.0,1293080000.0,0.0,1365,1262,2018-07-20 22:42:00
20180720 22:43,469.0,469.0,469.0,469.0,27606,0.0,134046,0.0,1293080000.0,0.0,195,105,2018-07-20 22:43:00
20180720 22:44,469.0,469.0,469.0,469.0,27606,0.0,134046,0.0,1293080000.0,0.0,1397,921,2018-07-20 22:44:00
20180720 22:45,469.0,469.0,469.0,469.0,27606,0.0,134046,0.0,1293080000.0,0.0,712,608,2018-07-20 22:45:00
20180720 22:46,469.0,469.0,469.0,469.0,27810,204.0,133962,-84.0,1302640000.0,9560000.0,3935,1812,2018-07-20 22:46:00
20180720 22:47,469.0,469.0,469.0,469.0,27810,0.0,133962,0.0,1302640000.0,0.0,583,260,2018-07-20 22:47:00
20180720 22:48,468.5,469.0,468.5,469.0,30712,2902.0,133736,-226.0,1438650000.0,136010000.0,7047,6032,2018-07-20 22:48:00
20180720 22:49,468.5,468.5,468.5,468.5,30874,162.0,133730,-6.0,1446240000.0,7590000.0,2764,1724,2018-07-20 22:49:00
20180720 22:51,468.5,468.5,468.5,468.5,30874,0.0,133730,0.0,1446240000.0,0.0,1382,1044,2018-07-20 22:51:00
20180720 22:52,468.5,468.5,468.5,468.5,30880,6.0,133724,-6.0,1446520000.0,280000.0,2588,961,2018-07-20 22:52:00
20180720 22:53,468.5,468.5,468.5,468.5,32194,1314.0,133706,-18.0,1508080000.0,61560000.0,4638,5941,2018-07-20 22:53:00
20180720 22:54,468.5,468.5,468.5,468.5,32194,0.0,133706,0.0,1508080000.0,0.0,2047,1254,2018-07-20 22:54:00
20180720 22:55,468.5,468.5,468.5,468.5,32194,0.0,133706,0.0,1508080000.0,0.0,684,424,2018-07-20 22:55:00
20180720 22:56,468.5,468.5,468.5,468.5,32194,0.0,133706,0.0,1508080000.0,0.0,342,232,2018-07-20 22:56:00
20180720 22:59,468.5,468.5,468.5,468.5,32194,0.0,133706,0.0,1508080000.0,0.0,2736,1901,2018-07-20 22:59:00
20180720 23:00,468.5,468.5,468.5,468.5,32194,0.0,133706,0.0,1508080000.0,0.0,342,195,2018-07-20 23:00:00
20180720 23:04,468.5,468.5,468.5,468.5,32202,8.0,133706,0.0,1508450000.0,370000.0,685,382,2018-07-20 23:04:00
20180720 23:05,468.5,468.5,468.5,468.5,32202,0.0,133706,0.0,1508450000.0,0.0,1014,603,2018-07-20 23:05:00
20180720 23:07,468.5,468.5,468.5,468.5,32202,0.0,133706,0.0,1508450000.0,0.0,337,222,2018-07-20 23:07:00
20180720 23:10,468.5,468.5,468.5,468.5,32202,0.0,133706,0.0,1508450000.0,0.0,790,960,2018-07-20 23:10:00
20180720 23:11,468.5,468.5,468.5,468.5,32202,0.0,133706,0.0,1508450000.0,0.0,1054,1358,2018-07-20 23:11:00
20180720 23:12,468.5,468.5,468.5,468.5,32202,0.0,133706,0.0,1508450000.0,0.0,266,332,2018-07-20 23:12:00
20180720 23:13,468.5,468.5,468.5,468.5,32202,0.0,133706,0.0,1508450000.0,0.0,266,322,2018-07-20 23:13:00
20180720 23:15,468.5,468.5,468.5,468.5,32202,0.0,133706,0.0,1508450000.0,0.0,281,282,2018-07-20 23:15:00
20180720 23:16,468.5,469.0,468.5,469.0,32214,12.0,133706,0.0,1509020000.0,570000.0,1656,1592,2018-07-20 23:16:00
20180720 23:17,469.0,469.0,469.0,469.0,32214,0.0,133706,0.0,1509020000.0,0.0,275,252,2018-07-20 23:17:00
20180720 23:18,469.0,469.0,469.0,469.0,32222,8.0,133714,8.0,1509390000.0,370000.0,546,506,2018-07-20 23:18:00
20180720 23:19,469.0,469.0,469.0,469.0,32222,0.0,133714,0.0,1509390000.0,0.0,1810,786,2018-07-20 23:19:00
20180720 23:20,469.0,469.0,469.0,469.0,32222,0.0,133714,0.0,1509390000.0,0.0,500,176,2018-07-20 23:20:00
20180720 23:21,469.0,469.0,469.0,469.0,32222,0.0,133714,0.0,1509390000.0,0.0,750,360,2018-07-20 23:21:00
20180720 23:24,469.0,469.0,468.5,468.5,32262,40.0,133748,34.0,1511270000.0,1880000.0,1310,674,2018-07-20 23:24:00
20180720 23:25,468.5,468.5,468.5,468.5,32262,0.0,133748,0.0,1511270000.0,0.0,394,191,2018-07-20 23:25:00
20180720 23:26,468.5,468.5,468.5,468.5,33768,1506.0,133818,70.0,1581820000.0,70550000.0,4137,3578,2018-07-20 23:26:00
20180720 23:27,468.5,468.5,468.5,468.5,33820,52.0,133804,-14.0,1584260000.0,2440000.0,1672,884,2018-07-20 23:27:00
20180720 23:28,469.0,469.0,469.0,469.0,33822,2.0,133802,-2.0,1584350000.0,90000.0,155,113,2018-07-20 23:28:00
20180720 23:29,468.5,468.5,468.5,468.5,33862,40.0,133802,0.0,1586230000.0,1880000.0,3167,2188,2018-07-20 23:29:00
20180724 11:29,478.0,478.0,478.0,478.0,104536,70674.0,126620,-7182.0,4987070000.0,3400840000.0,629,746,2018-07-24 11:29:00
20180724 13:30,477.5,478.0,477.5,478.0,105336,800.0,126420,-200.0,5025290000.0,38220000.0,5586,5803,2018-07-24 13:30:00
20180724 13:31,478.0,478.0,477.5,477.5,105576,240.0,126420,0.0,5036750000.0,11460000.0,1810,2075,2018-07-24 13:31:00
20180724 13:32,477.5,478.0,477.5,478.0,105676,100.0,126420,0.0,5041530000.0,4780000.0,6593,5411,2018-07-24 13:32:00
20180724 13:33,478.0,478.0,477.5,477.5,106042,366.0,126522,102.0,5059010000.0,17480000.0,5131,7666,2018-07-24 13:33:00
20180724 13:34,477.5,477.5,477.0,477.0,107208,1166.0,126712,190.0,5114630000.0,55620000.0,11137,13817,2018-07-24 13:34:00
20180724 13:35,477.0,477.0,477.0,477.0,108792,1584.0,126514,-198.0,5190180000.0,75550000.0,6409,14087,2018-07-24 13:35:00
20180724 13:36,477.0,477.0,477.0,477.0,109840,1048.0,126962,448.0,5240170000.0,49990000.0,5820,7278,2018-07-24 13:36:00
20180724 13:37,477.0,477.0,477.0,477.0,109840,0.0,126962,0.0,5240170000.0,0.0,1220,1316,2018-07-24 13:37:00
20180724 13:38,477.0,477.0,477.0,477.0,109840,0.0,126962,0.0,5240170000.0,0.0,4188,7498,2018-07-24 13:38:00
20180724 13:39,477.0,477.0,477.0,477.0,109840,0.0,126962,0.0,5240170000.0,0.0,1858,4728,2018-07-24 13:39:00
20180724 13:40,477.0,477.0,477.0,477.0,109840,0.0,126962,0.0,5240170000.0,0.0,780,2270,2018-07-24 13:40:00
20180724 13:41,477.0,477.0,477.0,477.0,109840,0.0,126962,0.0,5240170000.0,0.0,1300,3575,2018-07-24 13:41:00
20180724 13:42,477.0,477.0,477.0,477.0,109842,2.0,126962,0.0,5240270000.0,100000.0,2746,3927,2018-07-24 13:42:00
20180724 13:43,477.0,477.0,477.0,477.0,109842,0.0,126962,0.0,5240270000.0,0.0,1661,3567,2018-07-24 13:43:00
20180724 13:44,477.0,477.0,477.0,477.0,109842,0.0,126962,0.0,5240270000.0,0.0,790,2107,2018-07-24 13:44:00
20180724 13:45,477.0,477.0,477.0,477.0,110038,196.0,126830,-132.0,5249620000.0,9350000.0,2879,4102,2018-07-24 13:45:00
20180724 13:46,477.0,477.0,477.0,477.0,110058,20.0,126810,-20.0,5250570000.0,950000.0,11132,8062,2018-07-24 13:46:00
20180724 13:47,477.0,477.0,477.0,477.0,110060,2.0,126808,-2.0,5250670000.0,100000.0,1317,842,2018-07-24 13:47:00
20180724 13:48,477.0,477.0,477.0,477.0,110062,2.0,126806,-2.0,5250760000.0,90000.0,967,632,2018-07-24 13:48:00
20180724 13:49,477.0,477.0,477.0,477.0,110062,0.0,126806,0.0,5250760000.0,0.0,966,625,2018-07-24 13:49:00
20180724 13:50,477.0,477.0,477.0,477.0,110062,0.0,126806,0.0,5250760000.0,0.0,647,414,2018-07-24 13:50:00
20180724 13:51,477.0,477.0,477.0,477.0,110062,0.0,126806,0.0,5250760000.0,0.0,975,604,2018-07-24 13:51:00
20180724 13:52,477.0,477.0,476.5,476.5,112486,2424.0,126778,-28.0,5366390000.0,115630000.0,12933,6099,2018-07-24 13:52:00
20180724 13:54,476.5,477.0,476.5,476.5,113928,1442.0,126708,-70.0,5435100000.0,68710000.0,13080,14541,2018-07-24 13:54:00
20180724 13:55,476.5,476.5,476.5,476.5,113968,40.0,126700,-8.0,5437010000.0,1910000.0,4792,4156,2018-07-24 13:55:00
20180724 13:56,476.5,476.5,476.5,476.5,113968,0.0,126700,0.0,5437010000.0,0.0,540,495,2018-07-24 13:56:00
20180724 13:57,476.5,476.5,476.5,476.5,113970,2.0,126700,0.0,5437100000.0,90000.0,710,555,2018-07-24 13:57:00
20180724 13:58,476.5,476.5,476.5,476.5,113970,0.0,126700,0.0,5437100000.0,0.0,659,633,2018-07-24 13:58:00
20180724 13:59,476.5,476.5,476.5,476.5,113970,0.0,126700,0.0,5437100000.0,0.0,583,436,2018-07-24 13:59:00
20180724 14:00,476.5,476.5,476.5,476.5,113970,0.0,126700,0.0,5437100000.0,0.0,1336,1753,2018-07-24 14:00:00
20180724 14:01,476.5,476.5,476.5,476.5,113970,0.0,126700,0.0,5437100000.0,0.0,680,745,2018-07-24 14:01:00
20180724 14:02,476.5,476.5,476.5,476.5,113970,0.0,126700,0.0,5437100000.0,0.0,170,158,2018-07-24 14:02:00
20180724 14:03,476.5,476.5,476.5,476.5,113970,0.0,126700,0.0,5437100000.0,0.0,723,652,2018-07-24 14:03:00
20180724 14:04,476.5,476.5,476.5,476.5,113970,0.0,126700,0.0,5437100000.0,0.0,847,640,2018-07-24 14:04:00
20180724 14:05,476.5,476.5,476.5,476.5,113970,0.0,126700,0.0,5437100000.0,0.0,1042,985,2018-07-24 14:05:00
20180724 14:06,476.5,476.5,476.5,476.5,114002,32.0,126700,0.0,5438630000.0,1530000.0,760,636,2018-07-24 14:06:00
20180724 14:07,476.5,476.5,476.5,476.5,114008,6.0,126700,0.0,5438910000.0,280000.0,776,856,2018-07-24 14:07:00
20180724 14:09,476.5,477.0,476.5,476.5,115356,1348.0,126402,-298.0,5503200000.0,64290000.0,7203,5315,2018-07-24 14:09:00
20180724 14:10,476.5,477.0,476.5,477.0,115388,32.0,126410,8.0,5504730000.0,1530000.0,6739,10056,2018-07-24 14:10:00
20180724 14:11,477.0,477.0,476.5,476.5,115594,206.0,126412,2.0,5514540000.0,9810000.0,7487,7842,2018-07-24 14:11:00
20180724 14:12,476.5,476.5,476.5,476.5,115614,20.0,126412,0.0,5515500000.0,960000.0,5435,6113,2018-07-24 14:12:00
20180724 14:13,476.5,477.0,476.5,476.5,115860,246.0,126542,130.0,5527220000.0,11720000.0,7518,12870,2018-07-24 14:13:00
20180724 14:14,476.5,476.5,476.5,476.5,115860,0.0,126542,0.0,5527220000.0,0.0,6706,5158,2018-07-24 14:14:00
20180724 14:15,476.5,476.5,476.5,476.5,115876,16.0,126550,8.0,5527980000.0,760000.0,5734,3906,2018-07-24 14:15:00
20180724 14:16,476.5,477.0,476.5,477.0,115878,2.0,126548,-2.0,5528080000.0,100000.0,3442,8938,2018-07-24 14:16:00
20180724 14:17,477.0,477.5,477.0,477.0,117520,1642.0,126974,426.0,5606400000.0,78320000.0,6093,5194,2018-07-24 14:17:00
20180724 14:18,477.0,477.5,477.0,477.0,117660,140.0,127002,28.0,5613080000.0,6680000.0,3253,9717,2018-07-24 14:18:00
20180724 14:19,477.5,477.5,477.5,477.5,117846,186.0,127136,134.0,5621960000.0,8880000.0,1908,8877,2018-07-24 14:19:00
20180724 14:20,477.5,477.5,477.5,477.5,120136,2290.0,126788,-348.0,5731310000.0,109350000.0,16755,11966,2018-07-24 14:20:00
20180724 14:21,477.5,477.5,477.5,477.5,120174,38.0,126804,16.0,5733130000.0,1820000.0,2447,1250,2018-07-24 14:21:00
20180724 14:22,477.5,477.5,477.5,477.5,120522,348.0,127038,234.0,5749740000.0,16610000.0,4414,11321,2018-07-24 14:22:00
20180724 14:23,477.0,477.0,477.0,477.0,121128,606.0,127014,-24.0,5778650000.0,28910000.0,2779,1675,2018-07-24 14:23:00
20180724 14:24,477.0,477.0,476.5,477.0,122334,1206.0,127310,296.0,5836180000.0,57530000.0,7934,11109,2018-07-24 14:24:00
20180724 14:25,477.0,477.0,477.0,477.0,122334,0.0,127310,0.0,5836180000.0,0.0,3151,1919,2018-07-24 14:25:00
20180724 14:26,476.5,476.5,476.5,476.5,122346,12.0,127310,0.0,5836750000.0,570000.0,1330,1150,2018-07-24 14:26:00
20180724 14:27,476.5,476.5,476.5,476.5,122350,4.0,127310,0.0,5836940000.0,190000.0,709,700,2018-07-24 14:27:00
20180724 14:28,476.5,476.5,476.5,476.5,122350,0.0,127310,0.0,5836940000.0,0.0,472,456,2018-07-24 14:28:00
20180724 14:29,476.5,476.5,476.5,476.5,122350,0.0,127310,0.0,5836940000.0,0.0,1180,1069,2018-07-24 14:29:00
20180724 14:30,476.5,476.5,476.5,476.5,122350,0.0,127310,0.0,5836940000.0,0.0,720,640,2018-07-24 14:30:00
20180724 14:31,476.5,476.5,476.5,476.5,122350,0.0,127310,0.0,5836940000.0,0.0,1738,1490,2018-07-24 14:31:00
20180724 14:33,476.5,477.0,476.5,477.0,122358,8.0,127302,-8.0,5837320000.0,380000.0,764,636,2018-07-24 14:33:00
20180724 14:34,477.0,477.0,477.0,477.0,122886,528.0,127528,226.0,5862500000.0,25180000.0,2315,2766,2018-07-24 14:34:00
20180724 14:35,477.0,477.0,477.0,477.0,122886,0.0,127528,0.0,5862500000.0,0.0,2325,2395,2018-07-24 14:35:00
20180724 14:36,477.0,477.0,477.0,477.0,123234,348.0,127802,274.0,5879100000.0,16600000.0,15006,12822,2018-07-24 14:36:00
20180724 14:37,477.0,477.0,477.0,477.0,123530,296.0,127978,176.0,5893220000.0,14120000.0,7512,7103,2018-07-24 14:37:00
20180724 14:38,477.0,477.0,476.5,476.5,123548,18.0,127968,-10.0,5894080000.0,860000.0,2561,1742,2018-07-24 14:38:00
20180724 14:39,476.5,477.0,476.5,477.0,124982,1434.0,128036,68.0,5962480000.0,68400000.0,7993,12547,2018-07-24 14:39:00
20180724 14:40,477.0,477.0,477.0,477.0,124982,0.0,128036,0.0,5962480000.0,0.0,8755,17341,2018-07-24 14:40:00
20180724 14:41,477.0,477.0,477.0,477.0,125010,28.0,128046,10.0,5963820000.0,1340000.0,3626,8503,2018-07-24 14:41:00
20180724 14:42,477.0,477.0,477.0,477.0,125112,102.0,128124,78.0,5968680000.0,4860000.0,5582,6112,2018-07-24 14:42:00
20180724 14:43,477.0,477.0,477.0,477.0,125114,2.0,128126,2.0,5968780000.0,100000.0,6808,4826,2018-07-24 14:43:00
20180724 14:44,477.0,477.0,476.5,476.5,125622,508.0,127698,-428.0,5992990000.0,24210000.0,5502,6946,2018-07-24 14:44:00
20180724 14:45,476.5,476.5,476.5,476.5,125778,156.0,127740,42.0,6000420000.0,7430000.0,7560,4486,2018-07-24 14:45:00
20180724 14:46,476.5,476.5,476.5,476.5,126202,424.0,128160,420.0,6020620000.0,20200000.0,9673,3151,2018-07-24 14:46:00
20180724 14:47,476.5,476.5,476.0,476.0,126222,20.0,128142,-18.0,6021580000.0,960000.0,526,215,2018-07-24 14:47:00
20180724 14:48,476.0,476.5,476.0,476.5,126538,316.0,128154,12.0,6036630000.0,15050000.0,4039,3949,2018-07-24 14:48:00
20180724 14:49,476.5,476.5,475.5,476.0,127094,556.0,128224,70.0,6063100000.0,26470000.0,5923,6043,2018-07-24 14:49:00
20180724 14:50,476.0,476.0,476.0,476.0,128952,1858.0,128446,222.0,6151540000.0,88440000.0,10840,6984,2018-07-24 14:50:00
20180724 14:51,476.0,476.0,476.0,476.0,130914,1962.0,127514,-932.0,6244930000.0,93390000.0,12553,7249,2018-07-24 14:51:00
20180724 14:52,476.0,476.0,476.0,476.0,131962,1048.0,127952,438.0,6294810000.0,49880000.0,4427,6560,2018-07-24 14:52:00
20180724 14:53,476.0,476.5,476.0,476.5,132408,446.0,128234,282.0,6316040000.0,21230000.0,6358,9636,2018-07-24 14:53:00
20180724 14:54,476.5,476.5,476.0,476.0,132410,2.0,128234,0.0,6316140000.0,100000.0,1289,1902,2018-07-24 14:54:00
20180724 14:55,476.0,476.5,476.0,476.5,132444,34.0,128234,0.0,6317760000.0,1620000.0,1324,2660,2018-07-24 14:55:00
20180724 14:56,476.5,476.5,476.0,476.0,132450,6.0,128238,4.0,6318050000.0,290000.0,2525,8009,2018-07-24 14:56:00
20180724 14:57,476.0,476.5,476.0,476.0,132536,86.0,128226,-12.0,6322140000.0,4090000.0,3229,11346,2018-07-24 14:57:00
20180724 14:58,476.0,476.5,476.0,476.5,132832,296.0,128330,104.0,6336240000.0,14100000.0,2431,12190,2018-07-24 14:58:00
20180724 14:59,476.5,476.5,476.5,476.5,135322,2490.0,128546,216.0,6454890000.0,118650000.0,7168,16576,2018-07-24 14:59:00
20180724 15:00,476.5,476.5,476.5,476.5,135322,0.0,128546,0.0,6454890000.0,0.0,26,344,2018-07-24 15:00:00
20180725 09:00,481.0,481.0,480.5,480.5,86520,86520.0,125070,-3476.0,4139630000.0,4139630000.0,12209,3518,2018-07-25 09:00:00
20180725 09:01,480.5,480.5,480.5,480.5,86602,82.0,125142,72.0,4143570000.0,3940000.0,685,1830,2018-07-25 09:01:00
20180725 09:02,480.5,480.5,480.5,480.5,86616,14.0,125140,-2.0,4144240000.0,670000.0,1387,3089,2018-07-25 09:02:00
20180725 09:03,480.5,480.5,480.5,480.5,87420,804.0,125826,686.0,4182870000.0,38630000.0,3377,2611,2018-07-25 09:03:00
20180725 09:04,480.5,480.5,480.0,480.0,88718,1298.0,126020,194.0,4245170000.0,62300000.0,11776,11783,2018-07-25 09:04:00
20180725 09:05,480.0,480.5,480.0,480.5,88720,2.0,126022,2.0,4245270000.0,100000.0,3389,3148,2018-07-25 09:05:00
20180725 09:06,480.5,480.5,480.5,480.5,88720,0.0,126022,0.0,4245270000.0,0.0,2720,2688,2018-07-25 09:06:00
20180725 09:07,480.5,480.5,480.5,480.5,88720,0.0,126022,0.0,4245270000.0,0.0,684,693,2018-07-25 09:07:00
20180725 09:08,480.0,480.0,480.0,480.0,91122,2402.0,125882,-140.0,4360570000.0,115300000.0,10519,17708,2018-07-25 09:08:00
20180725 09:09,480.0,480.0,480.0,480.0,91122,0.0,125882,0.0,4360570000.0,0.0,494,1604,2018-07-25 09:09:00
20180725 09:10,480.0,480.0,480.0,480.0,91122,0.0,125882,0.0,4360570000.0,0.0,351,1076,2018-07-25 09:10:00
20180725 09:12,480.0,480.0,480.0,480.0,91130,8.0,125886,4.0,4360950000.0,380000.0,515,1614,2018-07-25 09:12:00
20180725 09:13,480.0,480.0,480.0,480.0,92414,1284.0,125680,-206.0,4422580000.0,61630000.0,4351,10609,2018-07-25 09:13:00
20180725 09:14,480.0,480.5,480.0,480.0,92434,20.0,125694,14.0,4423540000.0,960000.0,11239,3364,2018-07-25 09:14:00
20180725 09:15,480.0,480.5,480.0,480.5,92436,2.0,125696,2.0,4423640000.0,100000.0,8246,3053,2018-07-25 09:15:00
20180725 09:16,480.5,480.5,480.0,480.0,92438,2.0,125696,0.0,4423730000.0,90000.0,5695,2307,2018-07-25 09:16:00
20180725 09:17,480.0,480.5,480.0,480.5,92440,2.0,125698,2.0,4423830000.0,100000.0,3278,1016,2018-07-25 09:17:00
20180725 09:18,480.5,480.5,480.5,480.5,92440,0.0,125698,0.0,4423830000.0,0.0,3786,1523,2018-07-25 09:18:00
20180725 09:19,480.5,480.5,479.5,480.0,96790,4350.0,125594,-104.0,4632620000.0,208790000.0,15769,11985,2018-07-25 09:19:00
20180725 09:20,480.0,480.0,480.0,480.0,98088,1298.0,125116,-478.0,4694930000.0,62310000.0,9725,20836,2018-07-25 09:20:00
20180725 09:21,480.0,480.0,480.0,480.0,98090,2.0,125116,0.0,4695020000.0,90000.0,8742,13343,2018-07-25 09:21:00
20180725 09:22,480.0,480.0,480.0,480.0,98092,2.0,125116,0.0,4695120000.0,100000.0,2165,2173,2018-07-25 09:22:00
20180725 09:23,480.0,480.0,480.0,480.0,98092,0.0,125116,0.0,4695120000.0,0.0,914,737,2018-07-25 09:23:00
20180725 09:24,480.0,480.0,480.0,480.0,98094,2.0,125116,0.0,4695220000.0,100000.0,1795,2476,2018-07-25 09:24:00
20180725 09:25,480.0,480.0,480.0,480.0,98122,28.0,125098,-18.0,4696560000.0,1340000.0,944,1824,2018-07-25 09:25:00
20180725 09:26,480.0,480.0,479.5,480.0,99788,1666.0,125466,368.0,4776530000.0,79970000.0,5785,4407,2018-07-25 09:26:00
20180725 09:27,480.0,480.0,480.0,480.0,99800,12.0,125466,0.0,4777100000.0,570000.0,5770,4061,2018-07-25 09:27:00
20180725 09:28,479.5,480.0,479.5,480.0,99806,6.0,125466,0.0,4777390000.0,290000.0,3179,2259,2018-07-25 09:28:00
20180725 09:29,479.5,479.5,479.5,479.5,99810,4.0,125466,0.0,4777580000.0,190000.0,640,775,2018-07-25 09:29:00
20180725 09:30,479.5,480.0,479.5,480.0,99812,2.0,125464,-2.0,4777680000.0,100000.0,2535,2812,2018-07-25 09:30:00
20180725 09:31,480.0,480.0,480.0,480.0,99812,0.0,125464,0.0,4777680000.0,0.0,215,225,2018-07-25 09:31:00
20180725 09:32,480.0,480.0,480.0,480.0,99816,4.0,125464,0.0,4777870000.0,190000.0,2859,1469,2018-07-25 09:32:00
20180725 09:33,479.5,479.5,479.5,479.5,103012,3196.0,124678,-786.0,4931120000.0,153250000.0,9238,10801,2018-07-25 09:33:00
20180725 09:34,479.5,479.5,479.0,479.5,105268,2256.0,125484,806.0,5039180000.0,108060000.0,3974,4259,2018-07-25 09:34:00
20180725 09:35,479.5,479.5,478.0,478.0,107110,1842.0,125532,48.0,5127310000.0,88130000.0,7462,5873,2018-07-25 09:35:00
20180725 09:36,478.0,478.0,478.0,478.0,107496,386.0,125516,-16.0,5145770000.0,18460000.0,7067,4244,2018-07-25 09:36:00
20180725 09:37,478.0,478.0,478.0,478.0,110306,2810.0,124390,-1126.0,5280080000.0,134310000.0,9384,6300,2018-07-25 09:37:00
20180725 09:38,478.0,478.0,477.5,478.0,110314,8.0,124388,-2.0,5280470000.0,390000.0,3171,2466,2018-07-25 09:38:00
20180725 09:39,478.0,478.0,478.0,478.0,110374,60.0,124328,-60.0,5283330000.0,2860000.0,3626,4126,2018-07-25 09:39:00
20180725 09:40,478.0,478.0,478.0,478.0,110378,4.0,124326,-2.0,5283530000.0,200000.0,6219,13882,2018-07-25 09:40:00
20180725 09:41,478.0,478.0,478.0,478.0,111532,1154.0,124940,614.0,5338690000.0,55160000.0,2340,5700,2018-07-25 09:41:00
20180725 09:42,478.0,478.0,478.0,478.0,111572,40.0,124900,-40.0,5340600000.0,1910000.0,3222,4782,2018-07-25 09:42:00
20180725 09:43,478.0,478.5,478.0,478.5,114638,3066.0,125066,166.0,5487160000.0,146560000.0,13294,5223,2018-07-25 09:43:00
20180725 09:44,478.5,478.5,478.5,478.5,114638,0.0,125066,0.0,5487160000.0,0.0,8753,5503,2018-07-25 09:44:00
20180725 09:45,478.5,478.5,478.0,478.0,114720,82.0,125024,-42.0,5491080000.0,3920000.0,7349,3954,2018-07-25 09:45:00
20180725 09:46,478.0,478.0,478.0,478.0,114720,0.0,125024,0.0,5491080000.0,0.0,349,304,2018-07-25 09:46:00
20180725 09:47,478.0,478.0,478.0,478.0,118392,3672.0,125112,88.0,5666600000.0,175520000.0,7558,10232,2018-07-25 09:47:00
20180725 09:48,478.0,478.0,478.0,478.0,118392,0.0,125112,0.0,5666600000.0,0.0,627,440,2018-07-25 09:48:00
20180725 09:49,478.0,478.0,478.0,478.0,119828,1436.0,124378,-734.0,5735240000.0,68640000.0,3817,3414,2018-07-25 09:49:00
20180725 09:50,478.0,478.0,477.0,477.0,125606,5778.0,124936,558.0,6011240000.0,276000000.0,20082,13397,2018-07-25 09:50:00
20180725 09:51,477.0,477.5,477.0,477.5,125644,38.0,124936,0.0,6013050000.0,1810000.0,2975,8647,2018-07-25 09:51:00
20180725 09:52,477.5,477.5,477.0,477.0,127396,1752.0,124338,-598.0,6096650000.0,83600000.0,5464,4557,2018-07-25 09:52:00
20180725 09:53,477.0,477.0,477.0,477.0,127396,0.0,124338,0.0,6096650000.0,0.0,1941,2648,2018-07-25 09:53:00
20180725 09:54,477.0,477.0,477.0,477.0,127396,0.0,124338,0.0,6096650000.0,0.0,1728,2308,2018-07-25 09:54:00
20180725 09:55,477.0,477.0,477.0,477.0,127396,0.0,124338,0.0,6096650000.0,0.0,473,513,2018-07-25 09:55:00
20180725 09:56,477.0,477.0,477.0,477.0,127396,0.0,124338,0.0,6096650000.0,0.0,493,627,2018-07-25 09:56:00
20180725 09:57,477.0,477.0,477.0,477.0,127396,0.0,124338,0.0,6096650000.0,0.0,674,735,2018-07-25 09:57:00
20180725 09:59,477.0,477.0,477.0,477.0,127396,0.0,124338,0.0,6096650000.0,0.0,487,777,2018-07-25 09:59:00
20180725 10:00,477.0,477.5,477.0,477.5,127748,352.0,124480,142.0,6113460000.0,16810000.0,6573,2626,2018-07-25 10:00:00
20180725 10:01,477.5,478.5,477.5,478.5,129504,1756.0,125226,746.0,6197440000.0,83980000.0,13550,12701,2018-07-25 10:01:00
20180725 10:02,478.5,479.0,478.5,479.0,134452,4948.0,124894,-332.0,6434290000.0,236850000.0,15432,24807,2018-07-25 10:02:00
20180725 10:03,479.0,479.0,479.0,479.0,134626,174.0,124752,-142.0,6442620000.0,8330000.0,5108,5746,2018-07-25 10:03:00
20180725 10:04,479.0,479.0,479.0,479.0,134840,214.0,124630,-122.0,6452870000.0,10250000.0,4432,5670,2018-07-25 10:04:00
20180725 10:05,479.0,479.5,479.0,479.5,135236,396.0,124438,-192.0,6471860000.0,18990000.0,3291,2340,2018-07-25 10:05:00
20180725 10:06,479.5,479.5,479.5,479.5,135238,2.0,124440,2.0,6471960000.0,100000.0,1831,1011,2018-07-25 10:06:00
20180725 10:07,479.5,479.5,479.5,479.5,135238,0.0,124440,0.0,6471960000.0,0.0,2201,1251,2018-07-25 10:07:00
20180725 10:08,479.5,479.5,479.0,479.0,135598,360.0,124276,-164.0,6489200000.0,17240000.0,13831,7155,2018-07-25 10:08:00
20180725 10:09,479.0,479.0,478.5,478.5,135600,2.0,124276,0.0,6489300000.0,100000.0,13724,4436,2018-07-25 10:09:00
20180725 10:10,478.5,479.0,478.5,479.0,135602,2.0,124274,-2.0,6489390000.0,90000.0,7984,3112,2018-07-25 10:10:00
20180725 10:11,479.0,479.0,479.0,479.0,135602,0.0,124274,0.0,6489390000.0,0.0,3699,1200,2018-07-25 10:11:00
20180725 10:12,479.0,479.0,479.0,479.0,135602,0.0,124274,0.0,6489390000.0,0.0,8008,2742,2018-07-25 10:12:00
20180725 10:13,479.0,479.0,479.0,479.0,135612,10.0,124264,-10.0,6489870000.0,480000.0,7690,2536,2018-07-25 10:13:00
20180725 10:14,479.0,479.0,478.5,478.5,136032,420.0,124500,236.0,6509970000.0,20100000.0,8413,9787,2018-07-25 10:14:00
20180725 10:30,478.5,478.5,478.5,478.5,139426,3394.0,124818,318.0,6672370000.0,162400000.0,5682,18561,2018-07-25 10:30:00
20180725 10:31,478.5,478.5,478.5,478.5,140638,1212.0,124746,-72.0,6730370000.0,58000000.0,3125,4050,2018-07-25 10:31:00
20180725 10:32,478.5,478.5,478.5,478.5,141324,686.0,124702,-44.0,6763190000.0,32820000.0,7468,3351,2018-07-25 10:32:00
20180725 10:33,478.5,479.0,478.5,479.0,141328,4.0,124698,-4.0,6763380000.0,190000.0,7352,2393,2018-07-25 10:33:00
20180725 10:34,479.0,479.0,479.0,479.0,141328,0.0,124698,0.0,6763380000.0,0.0,5031,3189,2018-07-25 10:34:00
20180725 10:36,479.0,479.0,478.5,479.0,141338,10.0,124698,0.0,6763860000.0,480000.0,2986,1713,2018-07-25 10:36:00
20180725 10:37,479.0,479.0,479.0,479.0,141338,0.0,124698,0.0,6763860000.0,0.0,869,510,2018-07-25 10:37:00
20180725 10:38,479.0,479.0,479.0,479.0,141338,0.0,124698,0.0,6763860000.0,0.0,2223,1936,2018-07-25 10:38:00
20180725 10:39,479.0,479.0,479.0,479.0,144920,3582.0,124626,-72.0,6935440000.0,171580000.0,13744,16973,2018-07-25 10:39:00
20180725 10:40,479.0,479.0,479.0,479.0,145394,474.0,124550,-76.0,6958140000.0,22700000.0,3020,1349,2018-07-25 10:40:00
20180725 10:41,479.0,479.0,479.0,479.0,145394,0.0,124550,0.0,6958140000.0,0.0,777,354,2018-07-25 10:41:00
20180725 10:42,479.0,479.0,479.0,479.0,145394,0.0,124550,0.0,6958140000.0,0.0,774,332,2018-07-25 10:42:00
20180725 10:43,479.0,479.0,479.0,479.0,145394,0.0,124550,0.0,6958140000.0,0.0,258,120,2018-07-25 10:43:00
20180725 10:44,479.0,479.0,479.0,479.0,145394,0.0,124550,0.0,6958140000.0,0.0,4328,10011,2018-07-25 10:44:00
20180725 10:45,479.0,479.0,479.0,479.0,145394,0.0,124550,0.0,6958140000.0,0.0,2683,4545,2018-07-25 10:45:00
20180725 10:46,479.0,479.0,479.0,479.0,145434,40.0,124562,12.0,6960060000.0,1920000.0,1052,568,2018-07-25 10:46:00
20180725 10:47,479.0,479.0,479.0,479.0,145434,0.0,124562,0.0,6960060000.0,0.0,263,135,2018-07-25 10:47:00
20180725 10:48,479.0,479.5,479.0,479.5,145436,2.0,124564,2.0,6960150000.0,90000.0,2011,5635,2018-07-25 10:48:00
20180725 10:49,479.5,479.5,479.5,479.5,145436,0.0,124564,0.0,6960150000.0,0.0,893,2516,2018-07-25 10:49:00
20180725 10:50,479.5,479.5,479.5,479.5,145438,2.0,124564,0.0,6960250000.0,100000.0,679,1433,2018-07-25 10:50:00
20180725 10:51,479.0,479.0,479.0,479.0,145440,2.0,124566,2.0,6960350000.0,100000.0,673,1422,2018-07-25 10:51:00
20180725 10:52,479.0,479.0,479.0,479.0,150948,5508.0,125474,908.0,7224180000.0,263830000.0,10482,16271,2018-07-25 10:52:00
20180725 10:53,479.0,479.0,479.0,479.0,151784,836.0,124892,-582.0,7264220000.0,40040000.0,3182,1884,2018-07-25 10:53:00
20180725 10:54,479.0,479.0,479.0,479.0,151814,30.0,124862,-30.0,7265660000.0,1440000.0,265,82,2018-07-25 10:54:00
20180725 10:55,479.5,479.5,479.0,479.0,151822,8.0,124860,-2.0,7266040000.0,380000.0,2676,925,2018-07-25 10:55:00
20180725 10:56,479.0,479.0,479.0,479.0,151822,0.0,124860,0.0,7266040000.0,0.0,276,137,2018-07-25 10:56:00
20180725 10:57,479.0,479.0,479.0,479.0,151834,12.0,124858,-2.0,7266620000.0,580000.0,2411,3761,2018-07-25 10:57:00
20180725 10:58,479.0,479.0,479.0,479.0,153672,1838.0,125146,288.0,7354660000.0,88040000.0,5403,8556,2018-07-25 10:58:00
20180725 10:59,479.0,479.0,479.0,479.0,153672,0.0,125146,0.0,7354660000.0,0.0,1240,647,2018-07-25 10:59:00
20180725 11:00,479.0,479.5,479.0,479.5,153674,2.0,125146,0.0,7354760000.0,100000.0,1912,1641,2018-07-25 11:00:00
20180725 11:01,479.5,479.5,479.5,479.5,153762,88.0,125136,-10.0,7358980000.0,4220000.0,4227,4075,2018-07-25 11:01:00
20180725 11:02,479.5,479.5,479.5,479.5,153762,0.0,125136,0.0,7358980000.0,0.0,4839,4290,2018-07-25 11:02:00
20180725 11:03,479.5,479.5,479.5,479.5,153762,0.0,125136,0.0,7358980000.0,0.0,3358,4177,2018-07-25 11:03:00
20180725 11:05,479.5,479.5,479.5,479.5,156920,3158.0,125930,794.0,7510400000.0,151420000.0,8860,15743,2018-07-25 11:05:00
20180725 11:06,479.5,479.5,479.5,479.5,157972,1052.0,125318,-612.0,7560840000.0,50440000.0,2004,2536,2018-07-25 11:06:00
20180725 11:07,479.5,479.5,479.5,479.5,157972,0.0,125318,0.0,7560840000.0,0.0,531,928,2018-07-25 11:07:00
20180725 11:08,479.5,479.5,479.5,479.5,158026,54.0,125272,-46.0,7563430000.0,2590000.0,1934,5406,2018-07-25 11:08:00
20180725 11:09,479.5,479.5,479.5,479.5,158026,0.0,125272,0.0,7563430000.0,0.0,511,913,2018-07-25 11:09:00
20180725 11:10,479.5,479.5,479.5,479.5,158026,0.0,125272,0.0,7563430000.0,0.0,167,311,2018-07-25 11:10:00
20180725 11:12,479.5,479.5,479.5,479.5,160436,2410.0,125902,630.0,7678990000.0,115560000.0,6202,13358,2018-07-25 11:12:00
20180725 11:13,479.5,479.5,479.5,479.5,160436,0.0,125902,0.0,7678990000.0,0.0,1496,1281,2018-07-25 11:13:00
20180725 11:14,479.5,479.5,479.5,479.5,160436,0.0,125902,0.0,7678990000.0,0.0,142,160,2018-07-25 11:14:00
20180725 11:15,480.0,480.0,480.0,480.0,161920,1484.0,125606,-296.0,7750230000.0,71240000.0,10085,8162,2018-07-25 11:15:00
20180725 11:16,480.0,480.0,480.0,480.0,161920,0.0,125606,0.0,7750230000.0,0.0,226,240,2018-07-25 11:16:00
20180725 11:17,480.0,480.0,480.0,480.0,161920,0.0,125606,0.0,7750230000.0,0.0,2824,1780,2018-07-25 11:17:00
20180725 11:18,480.0,480.0,479.5,479.5,161944,24.0,125618,12.0,7751380000.0,1150000.0,4985,1245,2018-07-25 11:18:00
20180725 11:19,479.5,479.5,479.0,479.5,163196,1252.0,125058,-560.0,7811410000.0,60030000.0,3181,4153,2018-07-25 11:19:00
20180725 11:20,479.5,479.5,479.0,479.0,166766,3570.0,125740,682.0,7982410000.0,171000000.0,11904,6296,2018-07-25 11:20:00
20180725 11:21,479.0,479.0,479.0,479.0,169830,3064.0,125820,80.0,8129180000.0,146770000.0,9323,5594,2018-07-25 11:21:00
20180725 11:22,479.0,479.0,479.0,479.0,169850,20.0,125822,2.0,8130140000.0,960000.0,2023,2844,2018-07-25 11:22:00
20180725 11:23,479.0,479.0,479.0,479.0,169890,40.0,125856,34.0,8132050000.0,1910000.0,1570,1118,2018-07-25 11:23:00
20180725 11:24,479.0,479.0,479.0,479.0,169906,16.0,125872,16.0,8132820000.0,770000.0,814,449,2018-07-25 11:24:00
20180725 11:25,479.0,479.0,479.0,479.0,169906,0.0,125872,0.0,8132820000.0,0.0,529,286,2018-07-25 11:25:00
20180725 11:26,479.0,479.0,479.0,479.0,169906,0.0,125872,0.0,8132820000.0,0.0,253,143,2018-07-25 11:26:00
20180725 11:27,479.0,479.0,479.0,479.0,169926,20.0,125872,0.0,8133780000.0,960000.0,17654,7099,2018-07-25 11:27:00
20180725 11:28,479.0,479.0,479.0,479.0,169926,0.0,125872,0.0,8133780000.0,0.0,185,195,2018-07-25 11:28:00
20180725 11:29,479.0,479.5,478.5,479.0,171392,1466.0,125748,-124.0,8204000000.0,70220000.0,9499,6074,2018-07-25 11:29:00
20180725 13:30,479.0,479.5,479.0,479.5,171412,20.0,125748,0.0,8204960000.0,960000.0,3373,865,2018-07-25 13:30:00
20180725 13:31,479.5,479.5,479.5,479.5,171412,0.0,125748,0.0,8204960000.0,0.0,677,230,2018-07-25 13:31:00
20180725 13:32,479.5,479.5,479.0,479.0,171768,356.0,125804,56.0,8222010000.0,17050000.0,2967,2851,2018-07-25 13:32:00
20180725 13:33,479.0,479.0,479.0,479.0,173054,1286.0,125928,124.0,8283610000.0,61600000.0,14985,13416,2018-07-25 13:33:00
20180725 13:34,479.0,479.0,479.0,479.0,177208,4154.0,124964,-964.0,8482590000.0,198980000.0,20544,18359,2018-07-25 13:34:00
20180725 13:35,479.0,479.0,479.0,479.0,177208,0.0,124964,0.0,8482590000.0,0.0,2268,1484,2018-07-25 13:35:00
20180725 13:37,479.0,479.5,479.0,479.5,179430,2222.0,125624,660.0,8589130000.0,106540000.0,13699,5951,2018-07-25 13:37:00
20180725 13:38,479.5,479.5,479.5,479.5,179432,2.0,125624,0.0,8589230000.0,100000.0,9204,3159,2018-07-25 13:38:00
20180725 13:39,479.5,479.5,479.5,479.5,179432,0.0,125624,0.0,8589230000.0,0.0,8689,3903,2018-07-25 13:39:00
20180725 13:40,479.5,479.5,479.5,479.5,180514,1082.0,125212,-412.0,8641110000.0,51880000.0,11896,4452,2018-07-25 13:40:00
20180725 13:41,479.5,479.5,479.5,479.5,180514,0.0,125212,0.0,8641110000.0,0.0,3032,1325,2018-07-25 13:41:00
20180725 13:42,479.5,479.5,479.5,479.5,180514,0.0,125212,0.0,8641110000.0,0.0,340,156,2018-07-25 13:42:00
20180725 13:44,479.5,479.5,479.0,479.0,182160,1646.0,125370,158.0,8719950000.0,78840000.0,10240,9824,2018-07-25 13:44:00
20180725 13:45,479.0,479.0,479.0,479.0,183976,1816.0,125374,4.0,8806940000.0,86990000.0,9585,9288,2018-07-25 13:45:00
20180725 13:47,479.0,479.0,479.0,479.0,185806,1830.0,125384,10.0,8894600000.0,87660000.0,1904,3718,2018-07-25 13:47:00
20180725 13:48,479.0,479.0,479.0,479.0,187164,1358.0,125444,60.0,8959650000.0,65050000.0,12099,7525,2018-07-25 13:48:00
20180725 13:49,479.0,479.0,479.0,479.0,187164,0.0,125444,0.0,8959650000.0,0.0,4774,1845,2018-07-25 13:49:00
20180725 13:50,479.0,479.0,479.0,479.0,188832,1668.0,125144,-300.0,9039540000.0,79890000.0,8195,7735,2018-07-25 13:50:00
20180725 13:51,479.0,479.0,479.0,479.0,188928,96.0,125088,-56.0,9044140000.0,4600000.0,3278,1786,2018-07-25 13:51:00
20180725 13:52,479.0,479.5,479.0,479.5,188996,68.0,125088,0.0,9047400000.0,3260000.0,3132,4415,2018-07-25 13:52:00
20180725 13:53,479.5,479.5,479.5,479.5,188996,0.0,125088,0.0,9047400000.0,0.0,1772,963,2018-07-25 13:53:00
20180725 13:54,479.5,479.5,479.5,479.5,189040,44.0,125088,0.0,9049510000.0,2110000.0,2472,1459,2018-07-25 13:54:00
20180725 13:55,479.5,479.5,479.5,479.5,189040,0.0,125088,0.0,9049510000.0,0.0,3236,4709,2018-07-25 13:55:00
20180725 13:56,479.5,479.5,479.0,479.0,189106,66.0,125022,-66.0,9052670000.0,3160000.0,3893,3515,2018-07-25 13:56:00
20180725 13:57,479.0,479.5,479.0,479.5,189126,20.0,125020,-2.0,9053630000.0,960000.0,7736,10818,2018-07-25 13:57:00
20180725 13:58,479.5,479.5,479.5,479.5,189126,0.0,125020,0.0,9053630000.0,0.0,1964,4306,2018-07-25 13:58:00
20180725 13:59,479.5,479.5,479.0,479.5,190646,1520.0,125420,400.0,9126520000.0,72890000.0,5942,11216,2018-07-25 13:59:00
20180725 14:00,479.5,479.5,479.0,479.5,191284,638.0,125792,372.0,9157110000.0,30590000.0,15439,14769,2018-07-25 14:00:00
20180725 14:01,479.5,479.5,479.5,479.5,191284,0.0,125792,0.0,9157110000.0,0.0,1201,915,2018-07-25 14:01:00
20180725 14:02,479.5,479.5,479.5,479.5,191284,0.0,125792,0.0,9157110000.0,0.0,4140,5550,2018-07-25 14:02:00
20180725 14:03,479.5,479.5,479.5,479.5,191286,2.0,125794,2.0,9157200000.0,90000.0,1016,610,2018-07-25 14:03:00
20180725 14:04,479.5,479.5,479.5,479.5,191326,40.0,125834,40.0,9159120000.0,1920000.0,6497,2604,2018-07-25 14:04:00
20180725 14:05,479.5,479.5,479.5,479.5,191326,0.0,125834,0.0,9159120000.0,0.0,755,291,2018-07-25 14:05:00
20180725 14:06,479.5,479.5,479.5,479.5,191326,0.0,125834,0.0,9159120000.0,0.0,2343,858,2018-07-25 14:06:00
20180725 14:07,479.5,479.5,479.0,479.0,191340,14.0,125834,0.0,9159790000.0,670000.0,14422,5413,2018-07-25 14:07:00
20180725 14:08,479.0,479.0,479.0,479.0,191406,66.0,125792,-42.0,9162950000.0,3160000.0,6231,2461,2018-07-25 14:08:00
20180725 14:09,479.0,479.0,479.0,479.0,191446,40.0,125752,-40.0,9164870000.0,1920000.0,2049,734,2018-07-25 14:09:00
20180725 14:12,479.0,479.0,479.0,479.0,191446,0.0,125752,0.0,9164870000.0,0.0,1366,479,2018-07-25 14:12:00
20180725 14:13,479.0,479.5,479.0,479.5,191450,4.0,125756,4.0,9165060000.0,190000.0,4300,3735,2018-07-25 14:13:00
20180725 14:14,479.5,479.5,479.5,479.5,191450,0.0,125756,0.0,9165060000.0,0.0,2985,3325,2018-07-25 14:14:00
20180725 14:15,479.5,479.5,479.5,479.5,191450,0.0,125756,0.0,9165060000.0,0.0,597,733,2018-07-25 14:15:00
20180725 14:16,479.5,479.5,479.5,479.5,191450,0.0,125756,0.0,9165060000.0,0.0,6963,6368,2018-07-25 14:16:00
20180725 14:17,479.5,479.5,479.5,479.5,191902,452.0,125914,158.0,9186730000.0,21670000.0,7427,9541,2018-07-25 14:17:00
20180725 14:18,479.5,479.5,479.5,479.5,191902,0.0,125914,0.0,9186730000.0,0.0,6066,3454,2018-07-25 14:18:00
20180725 14:19,479.5,479.5,479.5,479.5,191902,0.0,125914,0.0,9186730000.0,0.0,1780,845,2018-07-25 14:19:00
20180725 14:20,479.5,479.5,479.5,479.5,191902,0.0,125914,0.0,9186730000.0,0.0,890,425,2018-07-25 14:20:00
20180725 14:21,479.5,479.5,479.5,479.5,191902,0.0,125914,0.0,9186730000.0,0.0,890,420,2018-07-25 14:21:00
20180725 14:25,479.5,479.5,479.5,479.5,191902,0.0,125914,0.0,9186730000.0,0.0,3588,1687,2018-07-25 14:25:00
20180725 14:26,479.5,479.5,479.5,479.5,191902,0.0,125914,0.0,9186730000.0,0.0,1802,847,2018-07-25 14:26:00
20180725 14:27,479.5,479.5,479.5,479.5,191902,0.0,125914,0.0,9186730000.0,0.0,2703,1268,2018-07-25 14:27:00
20180725 14:28,479.0,479.0,479.0,479.0,194972,3070.0,126428,514.0,9333790000.0,147060000.0,14294,13359,2018-07-25 14:28:00
20180725 14:29,479.0,479.0,479.0,479.0,194972,0.0,126428,0.0,9333790000.0,0.0,11618,5581,2018-07-25 14:29:00
20180725 14:30,479.0,479.0,478.5,478.5,195006,34.0,126428,0.0,9335410000.0,1620000.0,7800,4081,2018-07-25 14:30:00
20180725 14:31,479.0,479.0,479.0,479.0,196458,1452.0,127016,588.0,9404960000.0,69550000.0,9458,9389,2018-07-25 14:31:00
20180725 14:32,479.0,479.0,479.0,479.0,196458,0.0,127016,0.0,9404960000.0,0.0,4531,3721,2018-07-25 14:32:00
20180725 14:33,479.0,479.0,479.0,479.0,196468,10.0,127016,0.0,9405440000.0,480000.0,3943,3259,2018-07-25 14:33:00
20180725 14:34,479.0,479.5,479.0,479.5,196554,86.0,127056,40.0,9409570000.0,4130000.0,5324,2745,2018-07-25 14:34:00
20180725 14:35,479.5,479.5,479.0,479.0,196594,40.0,127066,10.0,9411480000.0,1910000.0,2786,1355,2018-07-25 14:35:00
20180725 14:37,479.0,479.0,479.0,479.0,196594,0.0,127066,0.0,9411480000.0,0.0,9848,4400,2018-07-25 14:37:00
20180725 14:38,479.0,479.5,479.0,479.5,197554,960.0,127066,0.0,9457520000.0,46040000.0,16735,8790,2018-07-25 14:38:00
20180725 14:39,479.5,479.5,479.5,479.5,197554,0.0,127066,0.0,9457520000.0,0.0,10459,3532,2018-07-25 14:39:00
20180725 14:40,479.5,479.5,479.0,479.0,197568,14.0,127066,0.0,9458190000.0,670000.0,7364,4627,2018-07-25 14:40:00
20180725 14:41,479.0,479.5,479.0,479.5,198306,738.0,127064,-2.0,9493570000.0,35380000.0,9088,8110,2018-07-25 14:41:00
20180725 14:42,479.5,479.5,479.5,479.5,198428,122.0,127078,14.0,9499420000.0,5850000.0,3335,5845,2018-07-25 14:42:00
20180725 14:43,479.5,479.5,479.0,479.0,198504,76.0,127060,-18.0,9503060000.0,3640000.0,3721,2255,2018-07-25 14:43:00
20180725 14:44,479.0,479.0,479.0,479.0,198708,204.0,127192,132.0,9512840000.0,9780000.0,11357,3389,2018-07-25 14:44:00
20180725 14:45,479.0,479.5,479.0,479.0,201926,3218.0,126718,-474.0,9667000000.0,154160000.0,26902,11612,2018-07-25 14:45:00
20180725 14:46,479.0,479.0,479.0,479.0,201926,0.0,126718,0.0,9667000000.0,0.0,16324,8943,2018-07-25 14:46:00
20180725 14:47,479.0,479.0,479.0,479.0,201926,0.0,126718,0.0,9667000000.0,0.0,2327,1004,2018-07-25 14:47:00
20180725 14:48,479.0,479.0,479.0,479.0,201926,0.0,126718,0.0,9667000000.0,0.0,1166,474,2018-07-25 14:48:00
20180725 14:49,479.0,479.0,479.0,479.0,202994,1068.0,125732,-986.0,9718150000.0,51150000.0,6156,2631,2018-07-25 14:49:00
20180725 14:50,479.0,479.0,479.0,479.0,205228,2234.0,124282,-1450.0,9825160000.0,107010000.0,4149,4716,2018-07-25 14:50:00
20180725 14:51,479.0,479.0,479.0,479.0,208948,3720.0,124648,366.0,10003300000.0,178140000.0,15074,6637,2018-07-25 14:51:00
20180725 14:52,479.0,479.0,479.0,479.0,208948,0.0,124648,0.0,10003300000.0,0.0,7500,1484,2018-07-25 14:52:00
20180725 14:53,479.0,479.5,479.0,479.5,208980,32.0,124616,-32.0,10004900000.0,1600000.0,9680,3702,2018-07-25 14:53:00
20180725 14:54,479.5,479.5,479.0,479.5,209486,506.0,124110,-506.0,10029100000.0,24200000.0,18761,9102,2018-07-25 14:54:00
20180725 14:55,479.5,479.5,479.5,479.5,209694,208.0,124102,-8.0,10039100000.0,10000000.0,13964,8269,2018-07-25 14:55:00
20180725 14:56,479.5,479.5,479.0,479.0,212176,2482.0,124680,578.0,10158000000.0,118900000.0,29058,9473,2018-07-25 14:56:00
20180725 14:57,479.0,479.0,479.0,479.0,212456,280.0,124922,242.0,10171400000.0,13400000.0,7015,2463,2018-07-25 14:57:00
20180725 14:58,479.0,479.0,478.5,479.0,212502,46.0,124930,8.0,10173600000.0,2200000.0,3198,4443,2018-07-25 14:58:00
20180725 14:59,479.0,479.5,479.0,479.0,214318,1816.0,125300,370.0,10260600000.0,87000000.0,20854,18876,2018-07-25 14:59:00
20180725 15:00,479.0,479.0,479.0,479.0,214318,0.0,125300,0.0,10260600000.0,0.0,1088,72,2018-07-25 15:00:00
20180725 20:59,477.0,477.0,477.0,477.0,74,74.0,128620,3320.0,3529800.0,3529800.0,1,1,2018-07-25 20:59:00
20180725 21:00,477.0,477.5,477.0,477.0,1430,1356.0,128316,-304.0,68214100.0,64684300.0,2629,16880,2018-07-25 21:00:00
20180725 21:01,476.5,477.0,476.5,477.0,2388,958.0,127774,-542.0,113910000.0,45695900.0,2474,10064,2018-07-25 21:01:00
20180725 21:02,477.0,477.0,476.5,476.5,2400,12.0,127774,0.0,114482000.0,572000.0,1624,4369,2018-07-25 21:02:00
20180725 21:03,476.5,477.0,476.5,477.0,3360,960.0,127308,-466.0,160274000.0,45792000.0,3493,6808,2018-07-25 21:03:00
20180725 21:04,477.0,477.5,477.0,477.5,3866,506.0,127208,-100.0,184435000.0,24161000.0,3831,8513,2018-07-25 21:04:00
20180725 21:05,477.5,478.5,477.5,478.5,4360,494.0,126762,-446.0,208039000.0,23604000.0,2956,3888,2018-07-25 21:05:00
20180725 21:06,478.5,478.5,478.0,478.0,5182,822.0,127260,498.0,247332000.0,39293000.0,4181,2850,2018-07-25 21:06:00
20180725 21:07,478.0,478.0,478.0,478.0,5186,4.0,127264,4.0,247523000.0,191000.0,1326,1086,2018-07-25 21:07:00
20180725 21:08,478.0,478.0,478.0,478.0,5606,420.0,127214,-50.0,267599000.0,20076000.0,3515,10049,2018-07-25 21:08:00
20180725 21:09,478.0,478.0,478.0,478.0,6054,448.0,127190,-24.0,289013000.0,21414000.0,7710,7738,2018-07-25 21:09:00
20180725 21:10,478.0,478.0,478.0,478.0,6296,242.0,127178,-12.0,300581000.0,11568000.0,4154,2552,2018-07-25 21:10:00
20180725 21:11,478.0,478.0,477.5,477.5,7172,876.0,126424,-754.0,342410000.0,41829000.0,2700,1103,2018-07-25 21:11:00
20180725 21:12,477.5,477.5,477.5,477.5,7172,0.0,126424,0.0,342410000.0,0.0,1143,635,2018-07-25 21:12:00
20180725 21:13,477.5,477.5,477.5,477.5,7172,0.0,126424,0.0,342410000.0,0.0,1393,846,2018-07-25 21:13:00
20180725 21:14,477.5,477.5,477.5,477.5,7172,0.0,126424,0.0,342410000.0,0.0,591,550,2018-07-25 21:14:00
20180725 21:15,477.5,478.0,477.5,478.0,7516,344.0,126306,-118.0,358853000.0,16443000.0,4152,20290,2018-07-25 21:15:00
20180725 21:16,478.0,478.0,478.0,478.0,7520,4.0,126308,2.0,359044000.0,191000.0,1594,1081,2018-07-25 21:16:00
20180725 21:17,478.0,478.0,478.0,478.0,7520,0.0,126308,0.0,359044000.0,0.0,9237,3430,2018-07-25 21:17:00
20180725 21:18,478.0,478.0,478.0,478.0,7520,0.0,126308,0.0,359044000.0,0.0,9838,3927,2018-07-25 21:18:00
20180725 21:19,478.0,478.0,478.0,478.0,7520,0.0,126308,0.0,359044000.0,0.0,16034,8217,2018-07-25 21:19:00
20180725 21:20,478.0,478.0,477.5,477.5,7524,4.0,126308,0.0,359235000.0,191000.0,8771,3773,2018-07-25 21:20:00
20180725 21:21,477.5,477.5,477.5,477.5,9360,1836.0,126768,460.0,446904000.0,87669000.0,9752,6119,2018-07-25 21:21:00
20180725 21:22,477.5,477.5,477.5,477.5,16862,7502.0,126718,-50.0,805125000.0,358221000.0,22242,14111,2018-07-25 21:22:00
20180725 21:23,477.5,477.5,477.5,477.5,16862,0.0,126718,0.0,805125000.0,0.0,11629,6897,2018-07-25 21:23:00
20180725 21:24,477.5,477.5,477.5,477.5,16922,60.0,126666,-52.0,807990000.0,2865000.0,4792,3729,2018-07-25 21:24:00
20180725 21:25,477.5,477.5,477.5,477.5,16956,34.0,126666,0.0,809613000.0,1623000.0,788,660,2018-07-25 21:25:00
20180725 21:27,477.5,477.5,477.5,477.5,17162,206.0,126746,80.0,819450000.0,9837000.0,9226,3594,2018-07-25 21:27:00
20180725 21:28,477.5,477.5,477.5,477.5,18458,1296.0,126960,214.0,881334000.0,61884000.0,6874,4568,2018-07-25 21:28:00
20180725 21:29,477.5,477.5,477.5,477.5,24852,6394.0,127750,790.0,1186650000.0,305316000.0,24212,9469,2018-07-25 21:29:00
20180725 21:30,477.5,477.5,477.5,477.5,27522,2670.0,126722,-1028.0,1314140000.0,127490000.0,7354,6497,2018-07-25 21:30:00
20180725 21:31,477.5,477.5,477.5,477.5,27590,68.0,126692,-30.0,1317390000.0,3250000.0,5432,2044,2018-07-25 21:31:00
20180725 21:32,477.5,477.5,477.5,477.5,27590,0.0,126692,0.0,1317390000.0,0.0,2654,1276,2018-07-25 21:32:00
20180725 21:33,478.0,478.0,478.0,478.0,27592,2.0,126694,2.0,1317480000.0,90000.0,772,492,2018-07-25 21:33:00
20180725 21:34,478.0,478.0,478.0,478.0,27592,0.0,126694,0.0,1317480000.0,0.0,4712,2560,2018-07-25 21:34:00
20180725 21:35,478.0,478.0,477.5,477.5,27620,28.0,126678,-16.0,1318820000.0,1340000.0,4101,1716,2018-07-25 21:35:00
20180725 21:36,477.5,477.5,477.5,477.5,30416,2796.0,126918,240.0,1452330000.0,133510000.0,10559,11603,2018-07-25 21:36:00
20180725 21:37,477.5,477.5,477.5,477.5,30444,28.0,126918,0.0,1453670000.0,1340000.0,13147,6637,2018-07-25 21:37:00
20180725 21:38,477.5,478.0,477.5,477.5,30502,58.0,126918,0.0,1456440000.0,2770000.0,4103,2928,2018-07-25 21:38:00
20180725 21:39,477.5,477.5,477.5,477.5,30502,0.0,126918,0.0,1456440000.0,0.0,9227,8926,2018-07-25 21:39:00
20180725 21:40,477.5,478.0,477.5,478.0,31366,864.0,126160,-758.0,1497740000.0,41300000.0,8087,14516,2018-07-25 21:40:00
20180725 21:41,478.0,478.0,478.0,478.0,31366,0.0,126160,0.0,1497740000.0,0.0,3348,2439,2018-07-25 21:41:00
20180725 21:42,478.0,478.0,478.0,478.0,31366,0.0,126160,0.0,1497740000.0,0.0,1032,723,2018-07-25 21:42:00
20180725 21:43,478.0,478.0,478.0,478.0,31366,0.0,126160,0.0,1497740000.0,0.0,359,234,2018-07-25 21:43:00
20180725 21:44,478.0,478.0,478.0,478.0,31366,0.0,126160,0.0,1497740000.0,0.0,719,478,2018-07-25 21:44:00
20180725 21:45,478.0,478.0,478.0,478.0,31366,0.0,126160,0.0,1497740000.0,0.0,1420,960,2018-07-25 21:45:00
20180725 21:46,478.0,478.0,478.0,478.0,31366,0.0,126160,0.0,1497740000.0,0.0,2828,1968,2018-07-25 21:46:00
20180725 21:47,478.0,478.0,478.0,478.0,31366,0.0,126160,0.0,1497740000.0,0.0,710,394,2018-07-25 21:47:00
20180725 21:48,478.0,478.0,478.0,478.0,31366,0.0,126160,0.0,1497740000.0,0.0,718,306,2018-07-25 21:48:00
20180725 21:49,478.0,478.0,478.0,478.0,31366,0.0,126160,0.0,1497740000.0,0.0,2947,1138,2018-07-25 21:49:00
20180725 21:50,478.0,478.0,477.5,477.5,31546,180.0,126036,-124.0,1506330000.0,8590000.0,2649,628,2018-07-25 21:50:00
20180725 21:51,477.5,477.5,477.5,477.5,32420,874.0,126110,74.0,1548070000.0,41740000.0,3223,4095,2018-07-25 21:51:00
20180725 21:52,477.5,477.5,477.5,477.5,32420,0.0,126110,0.0,1548070000.0,0.0,1532,1175,2018-07-25 21:52:00
20180725 21:53,477.5,477.5,477.5,477.5,32420,0.0,126110,0.0,1548070000.0,0.0,1951,1441,2018-07-25 21:53:00
20180725 21:54,477.5,477.5,477.5,477.5,32420,0.0,126110,0.0,1548070000.0,0.0,582,315,2018-07-25 21:54:00
20180725 21:55,477.5,477.5,477.5,477.5,32420,0.0,126110,0.0,1548070000.0,0.0,584,315,2018-07-25 21:55:00
20180725 21:56,477.5,477.5,477.5,477.5,32420,0.0,126110,0.0,1548070000.0,0.0,584,317,2018-07-25 21:56:00
20180725 21:57,477.5,477.5,477.5,477.5,32420,0.0,126110,0.0,1548070000.0,0.0,584,315,2018-07-25 21:57:00
20180725 21:58,477.5,477.5,477.5,477.5,32420,0.0,126110,0.0,1548070000.0,0.0,876,598,2018-07-25 21:58:00
20180725 21:59,477.5,477.5,477.0,477.0,34636,2216.0,126032,-78.0,1653870000.0,105800000.0,6708,3405,2018-07-25 21:59:00
20180725 22:00,477.0,477.0,477.0,477.0,34636,0.0,126032,0.0,1653870000.0,0.0,4489,1493,2018-07-25 22:00:00
20180725 22:01,477.0,477.0,477.0,477.0,35614,978.0,126792,760.0,1700520000.0,46650000.0,1857,1062,2018-07-25 22:01:00
20180725 22:02,477.0,477.0,476.5,477.0,37042,1428.0,125974,-818.0,1768630000.0,68110000.0,2777,6630,2018-07-25 22:02:00
20180725 22:03,477.0,477.0,477.0,477.0,37044,2.0,125974,0.0,1768720000.0,90000.0,830,680,2018-07-25 22:03:00
20180725 22:04,477.0,477.0,477.0,477.0,37044,0.0,125974,0.0,1768720000.0,0.0,294,333,2018-07-25 22:04:00
20180725 22:05,477.5,477.5,477.0,477.0,37964,920.0,125950,-24.0,1812600000.0,43880000.0,1542,2716,2018-07-25 22:05:00
20180725 22:06,477.0,477.0,477.0,477.0,37964,0.0,125950,0.0,1812600000.0,0.0,1050,1720,2018-07-25 22:06:00
20180725 22:07,477.5,477.5,477.5,477.5,37974,10.0,125954,4.0,1813080000.0,480000.0,311,468,2018-07-25 22:07:00
20180725 22:08,477.5,477.5,477.5,477.5,37974,0.0,125954,0.0,1813080000.0,0.0,163,233,2018-07-25 22:08:00
20180725 22:11,477.5,477.5,477.5,477.5,37974,0.0,125954,0.0,1813080000.0,0.0,2469,3029,2018-07-25 22:11:00
20180725 22:12,477.5,477.5,477.5,477.5,37974,0.0,125954,0.0,1813080000.0,0.0,335,466,2018-07-25 22:12:00
20180725 22:13,477.5,477.5,477.5,477.5,37992,18.0,125936,-18.0,1813940000.0,860000.0,1107,1611,2018-07-25 22:13:00
20180725 22:14,477.5,477.5,477.5,477.5,37992,0.0,125936,0.0,1813940000.0,0.0,3786,3893,2018-07-25 22:14:00
20180725 22:15,477.5,477.5,477.5,477.5,37992,0.0,125936,0.0,1813940000.0,0.0,1708,2041,2018-07-25 22:15:00
20180725 22:16,477.5,477.5,477.0,477.0,38168,176.0,126066,130.0,1822340000.0,8400000.0,3964,3331,2018-07-25 22:16:00
20180725 22:17,477.0,477.0,477.0,477.0,38168,0.0,126066,0.0,1822340000.0,0.0,3434,3716,2018-07-25 22:17:00
20180725 22:18,477.0,479.0,477.0,478.5,41004,2836.0,125760,-306.0,1958010000.0,135670000.0,3305,6036,2018-07-25 22:18:00
20180725 22:19,478.5,478.5,478.5,478.5,41004,0.0,125760,0.0,1958010000.0,0.0,1267,1097,2018-07-25 22:19:00
20180725 22:20,478.5,479.0,478.5,479.0,41024,20.0,125740,-20.0,1958970000.0,960000.0,326,314,2018-07-25 22:20:00
20180725 22:21,479.0,479.0,478.5,478.5,41026,2.0,125740,0.0,1959060000.0,90000.0,601,692,2018-07-25 22:21:00
20180725 22:22,478.5,478.5,478.5,478.5,41026,0.0,125740,0.0,1959060000.0,0.0,99,126,2018-07-25 22:22:00
20180725 22:23,478.5,478.5,478.5,478.5,41028,2.0,125740,0.0,1959160000.0,100000.0,766,1818,2018-07-25 22:23:00
20180725 22:24,479.0,479.5,479.0,479.5,43354,2326.0,125676,-64.0,2070580000.0,111420000.0,12952,4177,2018-07-25 22:24:00
20180725 22:25,479.0,479.5,479.0,479.0,44374,1020.0,125592,-84.0,2119440000.0,48860000.0,5354,1906,2018-07-25 22:25:00
20180725 22:26,479.0,479.0,478.5,478.5,44386,12.0,125580,-12.0,2120020000.0,580000.0,439,586,2018-07-25 22:26:00
20180725 22:27,479.0,479.0,479.0,479.0,44392,6.0,125584,4.0,2120300000.0,280000.0,439,431,2018-07-25 22:27:00
20180725 22:28,479.0,479.0,479.0,479.0,44392,0.0,125584,0.0,2120300000.0,0.0,287,284,2018-07-25 22:28:00
20180725 22:29,479.0,479.0,479.0,479.0,44392,0.0,125584,0.0,2120300000.0,0.0,1756,1331,2018-07-25 22:29:00
20180725 22:30,479.0,479.0,478.5,478.5,46572,2180.0,125748,164.0,2224620000.0,104320000.0,7980,5367,2018-07-25 22:30:00
20180725 22:31,478.5,478.5,478.5,478.5,46572,0.0,125748,0.0,2224620000.0,0.0,624,487,2018-07-25 22:31:00
20180725 22:32,478.5,478.5,478.5,478.5,46580,8.0,125756,8.0,2225000000.0,380000.0,1891,1686,2018-07-25 22:32:00
20180725 22:33,478.5,478.5,478.5,478.5,46580,0.0,125756,0.0,2225000000.0,0.0,420,340,2018-07-25 22:33:00
20180725 22:34,478.5,478.5,478.5,478.5,46580,0.0,125756,0.0,2225000000.0,0.0,424,340,2018-07-25 22:34:00
20180725 22:35,478.5,478.5,478.5,478.5,46580,0.0,125756,0.0,2225000000.0,0.0,656,481,2018-07-25 22:35:00
20180725 22:36,478.5,478.5,478.5,478.5,46580,0.0,125756,0.0,2225000000.0,0.0,1055,925,2018-07-25 22:36:00
20180725 22:37,478.5,478.5,478.5,478.5,46580,0.0,125756,0.0,2225000000.0,0.0,868,810,2018-07-25 22:37:00
20180725 22:38,478.5,478.5,478.5,478.5,46580,0.0,125756,0.0,2225000000.0,0.0,424,318,2018-07-25 22:38:00
20180725 22:39,478.5,478.5,478.5,478.5,46702,122.0,125862,106.0,2230840000.0,5840000.0,920,4280,2018-07-25 22:39:00
20180725 22:40,478.5,478.5,478.5,478.5,46746,44.0,125874,12.0,2232940000.0,2100000.0,1046,8453,2018-07-25 22:40:00
20180725 22:41,478.5,478.5,478.5,478.5,49272,2526.0,125326,-548.0,2353810000.0,120870000.0,2751,11450,2018-07-25 22:41:00
20180725 22:42,478.5,478.5,478.5,478.5,49456,184.0,125316,-10.0,2362620000.0,8810000.0,821,6662,2018-07-25 22:42:00
20180725 22:43,478.5,478.5,478.5,478.5,50530,1074.0,125932,616.0,2414010000.0,51390000.0,2306,10866,2018-07-25 22:43:00
20180725 22:44,478.5,478.5,478.5,478.5,60524,9994.0,125388,-544.0,2892220000.0,478210000.0,12864,11509,2018-07-25 22:44:00
20180725 22:45,478.5,478.5,478.5,478.5,61438,914.0,125320,-68.0,2935950000.0,43730000.0,1974,1618,2018-07-25 22:45:00
20180725 22:46,478.5,478.5,478.5,478.5,61438,0.0,125320,0.0,2935950000.0,0.0,1409,1167,2018-07-25 22:46:00
20180725 22:47,478.5,479.5,478.5,479.0,63582,2144.0,125312,-8.0,3038650000.0,102700000.0,3397,2161,2018-07-25 22:47:00
20180725 22:48,479.0,479.0,479.0,479.0,63684,102.0,125284,-28.0,3043540000.0,4890000.0,1950,1384,2018-07-25 22:48:00
20180725 22:49,479.0,479.0,479.0,479.0,63684,0.0,125284,0.0,3043540000.0,0.0,2908,4319,2018-07-25 22:49:00
20180725 22:50,479.0,479.0,479.0,479.0,64586,902.0,124534,-750.0,3086750000.0,43210000.0,5499,13488,2018-07-25 22:50:00
20180725 22:51,479.0,479.0,479.0,479.0,64586,0.0,124534,0.0,3086750000.0,0.0,153,267,2018-07-25 22:51:00
20180725 22:52,479.0,479.0,479.0,479.0,65578,992.0,125258,724.0,3134260000.0,47510000.0,1763,2418,2018-07-25 22:52:00
20180725 22:53,479.0,479.0,479.0,479.0,65578,0.0,125258,0.0,3134260000.0,0.0,411,597,2018-07-25 22:53:00
20180725 22:54,479.0,479.0,479.0,479.0,65578,0.0,125258,0.0,3134260000.0,0.0,4214,4189,2018-07-25 22:54:00
20180725 22:55,479.0,479.0,479.0,479.0,65578,0.0,125258,0.0,3134260000.0,0.0,3415,4149,2018-07-25 22:55:00
20180725 22:56,479.0,480.5,479.0,480.5,66352,774.0,125334,76.0,3171410000.0,37150000.0,3954,3269,2018-07-25 22:56:00
20180725 22:57,480.0,480.0,480.0,480.0,66432,80.0,125354,20.0,3175250000.0,3840000.0,3769,1902,2018-07-25 22:57:00
20180725 22:58,480.0,480.0,480.0,480.0,66440,8.0,125356,2.0,3175630000.0,380000.0,1521,1008,2018-07-25 22:58:00
20180725 22:59,480.0,480.0,480.0,480.0,66714,274.0,125286,-70.0,3188790000.0,13160000.0,3475,8680,2018-07-25 22:59:00
20180725 23:00,479.5,479.5,479.5,479.5,66816,102.0,125228,-58.0,3193680000.0,4890000.0,4069,4143,2018-07-25 23:00:00
20180725 23:01,479.5,479.5,479.0,479.5,67398,582.0,125244,16.0,3221580000.0,27900000.0,2299,4266,2018-07-25 23:01:00
20180725 23:02,479.5,479.5,479.5,479.5,68182,784.0,125776,532.0,3259180000.0,37600000.0,5237,7386,2018-07-25 23:02:00
20180725 23:03,479.5,479.5,479.5,479.5,69574,1392.0,126052,276.0,3325920000.0,66740000.0,4190,6142,2018-07-25 23:03:00
20180725 23:04,479.5,479.5,479.5,479.5,69996,422.0,126036,-16.0,3346160000.0,20240000.0,3069,6644,2018-07-25 23:04:00
20180725 23:05,479.5,479.5,479.5,479.5,69996,0.0,126036,0.0,3346160000.0,0.0,254,830,2018-07-25 23:05:00
20180725 23:06,479.5,479.5,479.5,479.5,69996,0.0,126036,0.0,3346160000.0,0.0,1288,3291,2018-07-25 23:06:00
20180725 23:07,479.5,479.5,479.5,479.5,69996,0.0,126036,0.0,3346160000.0,0.0,334,1159,2018-07-25 23:07:00
20180725 23:08,479.5,480.0,479.5,480.0,70016,20.0,126016,-20.0,3347120000.0,960000.0,1034,2348,2018-07-25 23:08:00
20180725 23:09,480.0,480.0,480.0,480.0,70020,4.0,126012,-4.0,3347310000.0,190000.0,452,1570,2018-07-25 23:09:00
20180725 23:10,480.0,480.0,480.0,480.0,70020,0.0,126012,0.0,3347310000.0,0.0,860,1940,2018-07-25 23:10:00
20180725 23:11,480.0,480.0,480.0,480.0,70020,0.0,126012,0.0,3347310000.0,0.0,536,1556,2018-07-25 23:11:00
20180725 23:12,480.0,480.0,480.0,480.0,73464,3444.0,125024,-988.0,3512620000.0,165310000.0,6939,7113,2018-07-25 23:12:00
20180725 23:13,480.0,480.5,480.0,480.5,73466,2.0,125024,0.0,3512720000.0,100000.0,3700,1058,2018-07-25 23:13:00
20180725 23:14,480.5,480.5,480.5,480.5,73468,2.0,125026,2.0,3512810000.0,90000.0,2435,678,2018-07-25 23:14:00
20180725 23:15,480.5,480.5,480.5,480.5,73468,0.0,125026,0.0,3512810000.0,0.0,3175,1556,2018-07-25 23:15:00
20180725 23:16,480.5,480.5,480.5,480.5,73468,0.0,125026,0.0,3512810000.0,0.0,1767,658,2018-07-25 23:16:00
20180725 23:17,480.5,480.5,480.5,480.5,73468,0.0,125026,0.0,3512810000.0,0.0,443,152,2018-07-25 23:17:00
20180725 23:18,480.5,480.5,480.0,480.0,73502,34.0,125010,-16.0,3514450000.0,1640000.0,2611,921,2018-07-25 23:18:00
20180725 23:19,480.0,480.0,480.0,480.0,73510,8.0,125006,-4.0,3514830000.0,380000.0,3015,1081,2018-07-25 23:19:00
20180725 23:20,480.0,480.0,480.0,480.0,73550,40.0,124966,-40.0,3516750000.0,1920000.0,1317,485,2018-07-25 23:20:00
20180725 23:21,480.0,480.0,480.0,480.0,73550,0.0,124966,0.0,3516750000.0,0.0,880,302,2018-07-25 23:21:00
20180725 23:22,480.0,480.0,480.0,480.0,73550,0.0,124966,0.0,3516750000.0,0.0,436,151,2018-07-25 23:22:00
20180725 23:23,480.0,480.0,480.0,480.0,73552,2.0,124966,0.0,3516850000.0,100000.0,870,301,2018-07-25 23:23:00
20180725 23:24,480.0,480.5,480.0,480.5,73582,30.0,124938,-28.0,3518290000.0,1440000.0,3845,1319,2018-07-25 23:24:00
20180725 23:25,480.0,480.5,480.0,480.5,73598,16.0,124922,-16.0,3519060000.0,770000.0,2489,1041,2018-07-25 23:25:00
20180725 23:26,480.5,480.5,480.0,480.0,73900,302.0,124880,-42.0,3533550000.0,14490000.0,3432,7574,2018-07-25 23:26:00
20180725 23:27,480.0,480.0,479.5,480.0,79802,5902.0,124832,-48.0,3816850000.0,283300000.0,7158,13413,2018-07-25 23:27:00
20180725 23:28,480.0,480.0,480.0,480.0,80464,662.0,124830,-2.0,3848620000.0,31770000.0,786,2048,2018-07-25 23:28:00
20180725 23:29,480.5,481.0,480.0,481.0,85350,4886.0,125062,232.0,4083400000.0,234780000.0,10111,3246,2018-07-25 23:29:00
20180725 23:30,481.0,481.0,481.0,481.0,85350,0.0,125062,0.0,4083400000.0,0.0,452,92,2018-07-25 23:30:00
20180726 09:00,477.0,477.0,477.0,477.0,63780,63780.0,125466,404.0,3045860000.0,3045860000.0,18353,25297,2018-07-26 09:00:00
20180726 09:01,477.0,477.5,477.0,477.5,65274,1494.0,126240,774.0,3117130000.0,71270000.0,5889,15163,2018-07-26 09:01:00
20180726 09:02,477.5,477.5,477.5,477.5,65274,0.0,126240,0.0,3117130000.0,0.0,5585,2344,2018-07-26 09:02:00
20180726 09:03,477.5,477.5,477.5,477.5,65274,0.0,126240,0.0,3117130000.0,0.0,3580,1071,2018-07-26 09:03:00
20180726 09:04,477.0,477.0,477.0,477.0,68270,2996.0,126024,-216.0,3260040000.0,142910000.0,33949,19124,2018-07-26 09:04:00
20180726 09:05,477.0,477.0,477.0,477.0,68270,0.0,126024,0.0,3260040000.0,0.0,18201,4575,2018-07-26 09:05:00
20180726 09:06,477.0,477.0,477.0,477.0,68786,516.0,125636,-388.0,3284650000.0,24610000.0,4956,3322,2018-07-26 09:06:00
20180726 09:07,477.0,477.0,477.0,477.0,68786,0.0,125636,0.0,3284650000.0,0.0,2124,1293,2018-07-26 09:07:00
20180726 09:08,477.0,477.0,477.0,477.0,69306,520.0,125176,-460.0,3309450000.0,24800000.0,4956,2347,2018-07-26 09:08:00
20180726 09:09,477.0,477.5,477.0,477.5,70238,932.0,125090,-86.0,3353950000.0,44500000.0,7724,8598,2018-07-26 09:09:00
20180726 09:10,477.5,478.0,477.5,477.5,73696,3458.0,126376,1286.0,3519070000.0,165120000.0,5863,17198,2018-07-26 09:10:00
20180726 09:11,477.5,478.0,477.5,478.0,74698,1002.0,127250,874.0,3566970000.0,47900000.0,10259,13126,2018-07-26 09:11:00
20180726 09:12,478.0,478.0,478.0,478.0,74776,78.0,127324,74.0,3570700000.0,3730000.0,3893,13005,2018-07-26 09:12:00
20180726 09:13,478.0,478.0,478.0,478.0,74776,0.0,127324,0.0,3570700000.0,0.0,720,2289,2018-07-26 09:13:00
20180726 09:14,478.0,478.0,478.0,478.0,74776,0.0,127324,0.0,3570700000.0,0.0,1290,3818,2018-07-26 09:14:00
20180726 09:15,478.0,478.0,478.0,478.0,74776,0.0,127324,0.0,3570700000.0,0.0,282,764,2018-07-26 09:15:00
20180726 09:16,478.0,478.0,478.0,478.0,74776,0.0,127324,0.0,3570700000.0,0.0,583,1528,2018-07-26 09:16:00
20180726 09:17,478.0,478.0,477.5,478.0,74868,92.0,127244,-80.0,3575090000.0,4390000.0,2049,5391,2018-07-26 09:17:00
20180726 09:19,478.0,478.0,478.0,478.0,74982,114.0,127334,90.0,3580540000.0,5450000.0,2102,7423,2018-07-26 09:19:00
20180726 09:20,478.0,478.0,478.0,478.0,75058,76.0,127348,14.0,3584170000.0,3630000.0,1887,10296,2018-07-26 09:20:00
20180726 09:21,478.0,478.0,478.0,478.0,75060,2.0,127350,2.0,3584270000.0,100000.0,4581,26950,2018-07-26 09:21:00
20180726 09:22,478.0,478.0,478.0,478.0,75060,0.0,127350,0.0,3584270000.0,0.0,4303,24718,2018-07-26 09:22:00
20180726 09:23,478.0,478.0,478.0,478.0,75060,0.0,127350,0.0,3584270000.0,0.0,5585,33867,2018-07-26 09:23:00
20180726 09:24,478.0,478.0,477.5,477.5,75072,12.0,127344,-6.0,3584840000.0,570000.0,4720,27019,2018-07-26 09:24:00
20180726 09:25,477.5,478.0,477.5,478.0,77936,2864.0,127410,66.0,3721740000.0,136900000.0,15153,39567,2018-07-26 09:25:00
20180726 09:26,478.0,478.0,478.0,478.0,78238,302.0,127108,-302.0,3736180000.0,14440000.0,7524,7273,2018-07-26 09:26:00
20180726 09:27,478.0,478.0,478.0,478.0,78838,600.0,126508,-600.0,3764860000.0,28680000.0,9819,16044,2018-07-26 09:27:00
20180726 09:28,478.0,478.0,478.0,478.0,78838,0.0,126508,0.0,3764860000.0,0.0,3321,12400,2018-07-26 09:28:00
20180726 09:29,478.0,478.0,478.0,478.0,81828,2990.0,126382,-126.0,3907780000.0,142920000.0,9168,33219,2018-07-26 09:29:00
20180726 09:30,478.0,478.5,478.0,478.5,82586,758.0,126196,-186.0,3944050000.0,36270000.0,5185,7521,2018-07-26 09:30:00
20180726 09:31,478.5,478.5,478.0,478.0,82784,198.0,126218,22.0,3953510000.0,9460000.0,5376,1792,2018-07-26 09:31:00
20180726 09:32,478.0,478.0,478.0,478.0,82788,4.0,126218,0.0,3953700000.0,190000.0,6721,1831,2018-07-26 09:32:00
20180726 09:33,478.0,478.0,478.0,478.0,82788,0.0,126218,0.0,3953700000.0,0.0,3115,1021,2018-07-26 09:33:00
20180726 09:34,478.0,478.5,478.0,478.5,82794,6.0,126218,0.0,3953990000.0,290000.0,6304,2377,2018-07-26 09:34:00
20180726 09:35,478.5,478.5,478.5,478.5,82794,0.0,126218,0.0,3953990000.0,0.0,5097,2146,2018-07-26 09:35:00
20180726 09:36,478.5,478.5,478.5,478.5,82794,0.0,126218,0.0,3953990000.0,0.0,4466,2138,2018-07-26 09:36:00
20180726 09:37,478.5,478.5,478.5,478.5,82794,0.0,126218,0.0,3953990000.0,0.0,4466,2291,2018-07-26 09:37:00
20180726 09:38,478.5,478.5,478.5,478.5,82794,0.0,126218,0.0,3953990000.0,0.0,2552,1408,2018-07-26 09:38:00
20180726 09:39,478.5,478.5,478.5,478.5,82794,0.0,126218,0.0,3953990000.0,0.0,1276,730,2018-07-26 09:39:00
20180726 09:40,478.5,478.5,478.5,478.5,82794,0.0,126218,0.0,3953990000.0,0.0,638,369,2018-07-26 09:40:00
20180726 09:41,478.5,478.5,478.5,478.5,82794,0.0,126218,0.0,3953990000.0,0.0,638,370,2018-07-26 09:41:00
20180726 09:42,478.5,478.5,478.5,478.5,82794,0.0,126218,0.0,3953990000.0,0.0,1276,745,2018-07-26 09:42:00
20180726 09:43,478.5,478.5,478.5,478.5,82794,0.0,126218,0.0,3953990000.0,0.0,1276,757,2018-07-26 09:43:00
20180726 09:44,478.5,478.5,478.0,478.0,82796,2.0,126218,0.0,3954090000.0,100000.0,1914,1144,2018-07-26 09:44:00
20180726 09:46,478.0,478.0,478.0,478.0,82796,0.0,126218,0.0,3954090000.0,0.0,1276,765,2018-07-26 09:46:00
20180726 09:47,478.0,478.5,478.0,478.5,82800,4.0,126218,0.0,3954280000.0,190000.0,1276,766,2018-07-26 09:47:00
20180726 09:49,478.5,478.5,478.5,478.5,82800,0.0,126218,0.0,3954280000.0,0.0,636,383,2018-07-26 09:49:00
20180726 09:51,478.5,478.5,478.5,478.5,82800,0.0,126218,0.0,3954280000.0,0.0,2752,1525,2018-07-26 09:51:00
20180726 09:52,478.0,478.0,478.0,478.0,84272,1472.0,126842,624.0,4024640000.0,70360000.0,8426,4393,2018-07-26 09:52:00
20180726 09:53,478.0,478.0,478.0,478.0,84288,16.0,126842,0.0,4025410000.0,770000.0,496,2880,2018-07-26 09:53:00
20180726 09:54,478.0,478.0,477.5,478.0,84292,4.0,126842,0.0,4025600000.0,190000.0,4944,10473,2018-07-26 09:54:00
20180726 09:55,478.0,478.0,478.0,478.0,84292,0.0,126842,0.0,4025600000.0,0.0,788,1376,2018-07-26 09:55:00
20180726 09:56,478.0,478.0,478.0,478.0,84292,0.0,126842,0.0,4025600000.0,0.0,794,1382,2018-07-26 09:56:00
20180726 09:57,478.0,478.0,478.0,478.0,84292,0.0,126842,0.0,4025600000.0,0.0,358,691,2018-07-26 09:57:00
20180726 09:58,478.0,478.0,478.0,478.0,84292,0.0,126842,0.0,4025600000.0,0.0,721,1382,2018-07-26 09:58:00
20180726 09:59,478.0,478.0,478.0,478.0,84292,0.0,126842,0.0,4025600000.0,0.0,1011,1974,2018-07-26 09:59:00
20180726 10:00,478.0,478.0,478.0,478.0,84292,0.0,126842,0.0,4025600000.0,0.0,343,593,2018-07-26 10:00:00
20180726 10:01,477.5,477.5,477.0,477.0,87734,3442.0,126426,-416.0,4189890000.0,164290000.0,8354,12275,2018-07-26 10:01:00
20180726 10:02,477.0,477.0,477.0,477.0,87760,26.0,126448,22.0,4191130000.0,1240000.0,17258,6406,2018-07-26 10:02:00
20180726 10:03,477.0,477.0,477.0,477.0,87760,0.0,126448,0.0,4191130000.0,0.0,8644,2464,2018-07-26 10:03:00
20180726 10:04,477.0,477.0,477.0,477.0,87760,0.0,126448,0.0,4191130000.0,0.0,16274,6312,2018-07-26 10:04:00
20180726 10:05,477.0,477.0,477.0,477.0,87764,4.0,126448,0.0,4191320000.0,190000.0,15750,4405,2018-07-26 10:05:00
20180726 10:06,477.0,478.0,477.0,478.0,88286,522.0,126722,274.0,4216250000.0,24930000.0,17568,5482,2018-07-26 10:06:00
20180726 10:07,477.5,477.5,477.5,477.5,88288,2.0,126722,0.0,4216350000.0,100000.0,7600,2766,2018-07-26 10:07:00
20180726 10:08,477.5,477.5,477.5,477.5,88288,0.0,126722,0.0,4216350000.0,0.0,5964,2183,2018-07-26 10:08:00
20180726 10:09,477.5,478.0,477.5,478.0,88300,12.0,126722,0.0,4216920000.0,570000.0,6593,2308,2018-07-26 10:09:00
20180726 10:10,478.0,478.0,477.5,477.5,88984,684.0,126666,-56.0,4249580000.0,32660000.0,10193,4722,2018-07-26 10:10:00
20180726 10:11,477.5,477.5,477.5,477.5,88984,0.0,126666,0.0,4249580000.0,0.0,3965,1486,2018-07-26 10:11:00
20180726 10:12,477.5,477.5,477.5,477.5,88984,0.0,126666,0.0,4249580000.0,0.0,7544,2754,2018-07-26 10:12:00
20180726 10:13,477.5,477.5,477.5,477.5,88984,0.0,126666,0.0,4249580000.0,0.0,4044,1547,2018-07-26 10:13:00
20180726 10:14,477.5,478.0,477.5,478.0,89072,88.0,126608,-58.0,4253790000.0,4210000.0,6303,2859,2018-07-26 10:14:00
20180726 10:30,478.0,478.0,478.0,478.0,89074,2.0,126608,0.0,4253880000.0,90000.0,8153,4215,2018-07-26 10:30:00
20180726 10:31,478.0,478.0,478.0,478.0,105246,16172.0,125926,-682.0,5026900000.0,773020000.0,71286,15022,2018-07-26 10:31:00
20180726 10:32,478.0,478.0,478.0,478.0,109472,4226.0,126618,692.0,5228910000.0,202010000.0,46952,10655,2018-07-26 10:32:00
20180726 10:33,478.0,478.0,478.0,478.0,109656,184.0,126622,4.0,5237700000.0,8790000.0,5760,1211,2018-07-26 10:33:00
20180726 10:34,478.0,478.5,478.0,478.5,112508,2852.0,126006,-616.0,5374030000.0,136330000.0,18161,6647,2018-07-26 10:34:00
20180726 10:35,478.5,478.5,478.5,478.5,112508,0.0,126006,0.0,5374030000.0,0.0,4802,1390,2018-07-26 10:35:00
20180726 10:36,478.5,478.5,478.0,478.0,112510,2.0,126006,0.0,5374120000.0,90000.0,3826,1123,2018-07-26 10:36:00
20180726 10:37,478.0,478.0,478.0,478.0,112520,10.0,126006,0.0,5374600000.0,480000.0,5613,1880,2018-07-26 10:37:00
20180726 10:38,478.0,478.0,478.0,478.0,112520,0.0,126006,0.0,5374600000.0,0.0,24327,9317,2018-07-26 10:38:00
20180726 10:39,478.0,478.5,478.0,478.5,112530,10.0,126006,0.0,5375080000.0,480000.0,4674,1774,2018-07-26 10:39:00
20180726 10:40,478.5,478.5,478.5,478.5,112530,0.0,126006,0.0,5375080000.0,0.0,1880,682,2018-07-26 10:40:00
20180726 10:41,478.5,478.5,478.0,478.0,112534,4.0,126002,-4.0,5375270000.0,190000.0,1880,684,2018-07-26 10:41:00
20180726 10:42,478.0,478.0,478.0,478.0,112534,0.0,126002,0.0,5375270000.0,0.0,941,341,2018-07-26 10:42:00
20180726 10:43,478.0,478.0,478.0,478.0,112534,0.0,126002,0.0,5375270000.0,0.0,2822,993,2018-07-26 10:43:00
20180726 10:44,478.5,478.5,478.5,478.5,112536,2.0,126004,2.0,5375370000.0,100000.0,1878,664,2018-07-26 10:44:00
20180726 10:45,478.5,478.5,478.5,478.5,112536,0.0,126004,0.0,5375370000.0,0.0,1878,670,2018-07-26 10:45:00
20180726 10:47,478.5,478.5,478.0,478.0,112542,6.0,125998,-6.0,5375650000.0,280000.0,3740,1303,2018-07-26 10:47:00
20180726 10:48,478.0,478.0,478.0,478.0,112542,0.0,125998,0.0,5375650000.0,0.0,2793,1007,2018-07-26 10:48:00
20180726 10:49,478.0,478.5,478.0,478.5,112550,8.0,126006,8.0,5376040000.0,390000.0,3881,1337,2018-07-26 10:49:00
20180726 10:50,478.5,478.5,478.0,478.0,112594,44.0,125964,-42.0,5378140000.0,2100000.0,3812,1262,2018-07-26 10:50:00
20180726 10:51,478.0,478.0,478.0,478.0,112598,4.0,125960,-4.0,5378330000.0,190000.0,4760,1562,2018-07-26 10:51:00
20180726 10:52,478.0,478.0,478.0,478.0,112598,0.0,125960,0.0,5378330000.0,0.0,948,320,2018-07-26 10:52:00
20180726 10:53,478.0,478.0,478.0,478.0,112598,0.0,125960,0.0,5378330000.0,0.0,948,326,2018-07-26 10:53:00
20180726 10:54,478.0,478.5,478.0,478.5,112600,2.0,125962,2.0,5378430000.0,100000.0,2843,977,2018-07-26 10:54:00
20180726 10:55,478.5,478.5,478.5,478.5,112600,0.0,125962,0.0,5378430000.0,0.0,947,325,2018-07-26 10:55:00
20180726 10:56,478.5,478.5,478.5,478.5,112602,2.0,125962,0.0,5378520000.0,90000.0,2846,959,2018-07-26 10:56:00
20180726 10:59,478.5,478.5,478.5,478.5,112604,2.0,125964,2.0,5378620000.0,100000.0,953,317,2018-07-26 10:59:00
20180726 11:01,478.5,478.5,478.5,478.5,112606,2.0,125964,0.0,5378710000.0,90000.0,1909,634,2018-07-26 11:01:00
20180726 11:02,478.5,478.5,478.5,478.5,112606,0.0,125964,0.0,5378710000.0,0.0,4785,1564,2018-07-26 11:02:00
20180726 11:03,478.5,478.5,478.5,478.5,112606,0.0,125964,0.0,5378710000.0,0.0,957,262,2018-07-26 11:03:00
20180726 11:04,478.5,478.5,478.5,478.5,112612,6.0,125970,6.0,5379000000.0,290000.0,2866,792,2018-07-26 11:04:00
20180726 11:05,478.5,478.5,478.5,478.5,112612,0.0,125970,0.0,5379000000.0,0.0,1910,527,2018-07-26 11:05:00
20180726 11:08,478.5,478.5,478.5,478.5,112612,0.0,125970,0.0,5379000000.0,0.0,9464,2367,2018-07-26 11:08:00
20180726 11:09,478.5,478.5,478.5,478.5,112614,2.0,125972,2.0,5379100000.0,100000.0,17510,3945,2018-07-26 11:09:00
20180726 11:10,478.5,478.5,478.5,478.5,112614,0.0,125972,0.0,5379100000.0,0.0,7957,2036,2018-07-26 11:10:00
20180726 11:11,478.5,478.5,478.0,478.0,112616,2.0,125972,0.0,5379190000.0,90000.0,12343,2741,2018-07-26 11:11:00
20180726 11:12,478.0,478.0,478.0,478.0,112616,0.0,125972,0.0,5379190000.0,0.0,13251,2739,2018-07-26 11:12:00
20180726 11:13,478.0,478.0,478.0,478.0,112616,0.0,125972,0.0,5379190000.0,0.0,4891,986,2018-07-26 11:13:00
20180726 11:14,478.0,478.5,478.0,478.5,112634,18.0,125990,18.0,5380050000.0,860000.0,14685,2976,2018-07-26 11:14:00
20180726 11:15,478.5,478.5,478.0,478.0,112674,40.0,126024,34.0,5381970000.0,1920000.0,20932,4037,2018-07-26 11:15:00
20180726 11:16,478.0,478.0,478.0,478.0,112674,0.0,126024,0.0,5381970000.0,0.0,20122,3604,2018-07-26 11:16:00
20180726 11:17,478.0,478.0,478.0,478.0,112774,100.0,126086,62.0,5386750000.0,4780000.0,13975,2110,2018-07-26 11:17:00
20180726 11:18,478.0,478.0,478.0,478.0,112774,0.0,126086,0.0,5386750000.0,0.0,7559,1068,2018-07-26 11:18:00
20180726 11:19,478.0,478.5,478.0,478.5,112842,68.0,126068,-18.0,5390000000.0,3250000.0,20908,3409,2018-07-26 11:19:00
20180726 11:20,478.5,478.5,478.5,478.5,113876,1034.0,125964,-104.0,5439480000.0,49480000.0,5214,2872,2018-07-26 11:20:00
20180726 11:21,478.5,478.5,478.5,478.5,113876,0.0,125964,0.0,5439480000.0,0.0,3882,1180,2018-07-26 11:21:00
20180726 11:22,478.5,478.5,478.5,478.5,113876,0.0,125964,0.0,5439480000.0,0.0,3898,1135,2018-07-26 11:22:00
20180726 11:23,478.5,478.5,478.5,478.5,113876,0.0,125964,0.0,5439480000.0,0.0,3185,985,2018-07-26 11:23:00
20180726 11:24,478.5,478.5,478.5,478.5,113882,6.0,125970,6.0,5439760000.0,280000.0,3046,948,2018-07-26 11:24:00
20180726 11:25,478.5,478.5,478.5,478.5,113882,0.0,125970,0.0,5439760000.0,0.0,3624,1156,2018-07-26 11:25:00
20180726 11:26,478.5,478.5,478.5,478.5,113884,2.0,125972,2.0,5439860000.0,100000.0,4229,1805,2018-07-26 11:26:00
20180726 11:27,478.5,478.5,477.5,478.0,114312,428.0,125956,-16.0,5460310000.0,20450000.0,16756,7161,2018-07-26 11:27:00
20180726 11:28,478.0,478.0,477.0,477.5,116330,2018.0,125528,-428.0,5556670000.0,96360000.0,9960,8212,2018-07-26 11:28:00
20180726 11:29,477.5,477.5,477.5,477.5,122912,6582.0,124938,-590.0,5870960000.0,314290000.0,16404,14103,2018-07-26 11:29:00
20180726 13:30,477.5,478.0,477.5,478.0,124070,1158.0,124972,34.0,5926310000.0,55350000.0,15301,12429,2018-07-26 13:30:00
20180726 13:31,478.0,478.0,478.0,478.0,125070,1000.0,124038,-934.0,5974110000.0,47800000.0,5243,8881,2018-07-26 13:31:00
20180726 13:32,478.0,478.0,478.0,478.0,125300,230.0,123814,-224.0,5985110000.0,11000000.0,4822,6432,2018-07-26 13:32:00
20180726 13:33,478.0,478.0,477.0,477.5,127610,2310.0,123504,-310.0,6095510000.0,110400000.0,24932,8012,2018-07-26 13:33:00
20180726 13:34,477.5,477.5,477.5,477.5,127854,244.0,123602,98.0,6107170000.0,11660000.0,5272,3965,2018-07-26 13:34:00
20180726 13:35,477.5,477.5,476.0,476.5,129128,1274.0,124290,688.0,6167910000.0,60740000.0,7529,8538,2018-07-26 13:35:00
20180726 13:36,476.5,476.5,476.5,476.5,129152,24.0,124286,-4.0,6169060000.0,1150000.0,2597,1937,2018-07-26 13:36:00
20180726 13:37,476.5,476.5,476.5,476.5,130096,944.0,123716,-570.0,6214040000.0,44980000.0,2365,2785,2018-07-26 13:37:00
20180726 13:38,477.5,477.5,477.5,477.5,130358,262.0,123684,-32.0,6226540000.0,12500000.0,8780,9662,2018-07-26 13:38:00
20180726 13:39,477.5,477.5,476.5,477.0,132558,2200.0,124132,448.0,6331550000.0,105010000.0,9235,12019,2018-07-26 13:39:00
20180726 13:40,477.0,477.5,477.0,477.0,134478,1920.0,123472,-660.0,6423230000.0,91680000.0,8535,16866,2018-07-26 13:40:00
20180726 13:41,477.0,477.5,477.0,477.0,134526,48.0,123472,0.0,6425520000.0,2290000.0,12100,25523,2018-07-26 13:41:00
20180726 13:42,477.0,477.5,477.0,477.0,134562,36.0,123472,0.0,6427230000.0,1710000.0,4049,15028,2018-07-26 13:42:00
20180726 13:43,477.0,477.0,477.0,477.0,134584,22.0,123472,0.0,6428280000.0,1050000.0,2732,9315,2018-07-26 13:43:00
20180726 13:44,477.0,477.5,477.0,477.5,135418,834.0,124144,672.0,6468110000.0,39830000.0,2522,11766,2018-07-26 13:44:00
20180726 13:45,477.5,477.5,477.5,477.5,138462,3044.0,123302,-842.0,6613460000.0,145350000.0,15394,31255,2018-07-26 13:45:00
20180726 13:46,477.5,477.5,477.5,477.5,138462,0.0,123302,0.0,6613460000.0,0.0,3344,3240,2018-07-26 13:46:00
20180726 13:47,477.5,477.5,477.5,477.5,138464,2.0,123304,2.0,6613550000.0,90000.0,4906,5005,2018-07-26 13:47:00
20180726 13:48,477.5,477.5,477.5,477.5,138464,0.0,123304,0.0,6613550000.0,0.0,3695,3819,2018-07-26 13:48:00
20180726 13:49,477.5,477.5,477.5,477.5,138466,2.0,123306,2.0,6613650000.0,100000.0,3651,3892,2018-07-26 13:49:00
20180726 13:50,477.5,477.5,477.5,477.5,138466,0.0,123306,0.0,6613650000.0,0.0,3691,3900,2018-07-26 13:50:00
20180726 13:51,477.5,477.5,477.0,477.5,139064,598.0,123248,-58.0,6642180000.0,28530000.0,17486,4925,2018-07-26 13:51:00
20180726 13:52,477.5,477.5,477.0,477.0,152630,13566.0,122382,-866.0,7289270000.0,647090000.0,35298,34329,2018-07-26 13:52:00
20180726 13:53,477.0,477.0,477.0,477.0,161820,9190.0,123938,1556.0,7727640000.0,438370000.0,26812,20885,2018-07-26 13:53:00
20180726 13:54,477.0,478.0,477.0,478.0,167272,5452.0,124348,410.0,7987940000.0,260300000.0,27059,12000,2018-07-26 13:54:00
20180726 13:55,478.0,478.0,478.0,478.0,167272,0.0,124348,0.0,7987940000.0,0.0,4341,1377,2018-07-26 13:55:00
20180726 13:56,478.0,478.0,478.0,478.0,167274,2.0,124350,2.0,7988040000.0,100000.0,6149,1893,2018-07-26 13:56:00
20180726 13:57,478.0,478.0,478.0,478.0,167274,0.0,124350,0.0,7988040000.0,0.0,3925,1045,2018-07-26 13:57:00
20180726 13:58,478.0,478.0,478.0,478.0,167274,0.0,124350,0.0,7988040000.0,0.0,5451,2739,2018-07-26 13:58:00
20180726 13:59,478.0,478.0,478.0,478.0,167274,0.0,124350,0.0,7988040000.0,0.0,2565,1125,2018-07-26 13:59:00
20180726 14:00,478.0,478.0,478.0,478.0,167306,32.0,124350,0.0,7989570000.0,1530000.0,2546,1170,2018-07-26 14:00:00
20180726 14:01,478.0,478.0,477.5,477.5,168002,696.0,123948,-402.0,8022800000.0,33230000.0,8663,2291,2018-07-26 14:01:00
20180726 14:02,477.5,477.5,477.5,477.5,168002,0.0,123948,0.0,8022800000.0,0.0,4644,1731,2018-07-26 14:02:00
20180726 14:03,477.5,477.5,477.5,477.5,168002,0.0,123948,0.0,8022800000.0,0.0,6285,2106,2018-07-26 14:03:00
20180726 14:04,477.5,478.0,477.5,478.0,168010,8.0,123956,8.0,8023180000.0,380000.0,4728,1527,2018-07-26 14:04:00
20180726 14:05,478.0,478.0,478.0,478.0,168010,0.0,123956,0.0,8023180000.0,0.0,7509,2415,2018-07-26 14:05:00
20180726 14:06,478.0,478.0,478.0,478.0,168010,0.0,123956,0.0,8023180000.0,0.0,7579,2311,2018-07-26 14:06:00
20180726 14:07,478.0,478.0,478.0,478.0,168010,0.0,123956,0.0,8023180000.0,0.0,2301,694,2018-07-26 14:07:00
20180726 14:08,477.5,477.5,477.5,477.5,173384,5374.0,123260,-696.0,8279790000.0,256610000.0,32568,9844,2018-07-26 14:08:00
20180726 14:09,477.5,478.0,477.5,478.0,174306,922.0,123676,416.0,8323820000.0,44030000.0,11488,6126,2018-07-26 14:09:00
20180726 14:10,478.0,478.0,478.0,478.0,174306,0.0,123676,0.0,8323820000.0,0.0,9876,4937,2018-07-26 14:10:00
20180726 14:11,478.0,478.0,478.0,478.0,174306,0.0,123676,0.0,8323820000.0,0.0,3095,1657,2018-07-26 14:11:00
20180726 14:12,478.0,478.0,478.0,478.0,174326,20.0,123674,-2.0,8324770000.0,950000.0,8158,3497,2018-07-26 14:12:00
20180726 14:13,478.0,478.0,477.5,477.5,176012,1686.0,124312,638.0,8405280000.0,80510000.0,7491,9040,2018-07-26 14:13:00
20180726 14:14,477.5,478.0,477.5,478.0,182248,6236.0,124104,-208.0,8703050000.0,297770000.0,18889,18869,2018-07-26 14:14:00
20180726 14:15,477.5,477.5,477.0,477.0,188118,5870.0,123700,-404.0,8983250000.0,280200000.0,29697,14268,2018-07-26 14:15:00
20180726 14:16,477.0,477.5,476.5,477.0,191820,3702.0,123922,222.0,9159810000.0,176560000.0,17311,18588,2018-07-26 14:16:00
20180726 14:17,477.0,477.0,477.0,477.0,191880,60.0,123940,18.0,9162670000.0,2860000.0,7893,12335,2018-07-26 14:17:00
20180726 14:18,477.0,477.0,477.0,477.0,191928,48.0,123966,26.0,9164960000.0,2290000.0,6117,17882,2018-07-26 14:18:00
20180726 14:19,477.0,477.0,477.0,477.0,191936,8.0,123966,0.0,9165340000.0,380000.0,4214,11244,2018-07-26 14:19:00
20180726 14:20,477.0,477.0,477.0,477.0,191936,0.0,123966,0.0,9165340000.0,0.0,2370,5998,2018-07-26 14:20:00
20180726 14:21,477.0,477.0,477.0,477.0,191938,2.0,123964,-2.0,9165430000.0,90000.0,3009,8038,2018-07-26 14:21:00
20180726 14:22,477.0,477.0,477.0,477.0,198950,7012.0,124788,824.0,9499910000.0,334480000.0,22875,46253,2018-07-26 14:22:00
20180726 14:23,477.0,477.0,476.5,476.5,198978,28.0,124802,14.0,9501240000.0,1330000.0,6926,11775,2018-07-26 14:23:00
20180726 14:24,476.5,477.0,476.5,477.0,200274,1296.0,124974,172.0,9563060000.0,61820000.0,7616,26800,2018-07-26 14:24:00
20180726 14:25,477.0,477.0,477.0,477.0,204088,3814.0,125100,126.0,9744990000.0,181930000.0,13807,30924,2018-07-26 14:25:00
20180726 14:26,477.0,477.0,476.5,477.0,205534,1446.0,125138,38.0,9813960000.0,68970000.0,12639,12476,2018-07-26 14:26:00
20180726 14:27,477.0,477.0,477.0,477.0,209372,3838.0,125476,338.0,9997030000.0,183070000.0,11427,16513,2018-07-26 14:27:00
20180726 14:28,477.0,477.0,477.0,477.0,211018,1646.0,125264,-212.0,10075500000.0,78470000.0,7428,11570,2018-07-26 14:28:00
20180726 14:29,477.0,477.0,477.0,477.0,211020,2.0,125264,0.0,10075600000.0,100000.0,528,1104,2018-07-26 14:29:00
20180726 14:30,477.0,477.0,477.0,477.0,211918,898.0,124964,-300.0,10118500000.0,42900000.0,8164,10212,2018-07-26 14:30:00
20180726 14:31,477.0,477.0,477.0,477.0,215984,4066.0,125614,650.0,10312400000.0,193900000.0,13031,20952,2018-07-26 14:31:00
20180726 14:32,477.0,477.0,476.5,477.0,220528,4544.0,126660,1046.0,10529200000.0,216800000.0,16513,25271,2018-07-26 14:32:00
20180726 14:33,477.0,477.0,477.0,477.0,227114,6586.0,126848,188.0,10843300000.0,314100000.0,19882,31742,2018-07-26 14:33:00
20180726 14:34,477.0,477.0,477.0,477.0,231698,4584.0,127106,258.0,11062000000.0,218700000.0,26381,19946,2018-07-26 14:34:00
20180726 14:35,477.0,477.0,477.0,477.0,238280,6582.0,127542,436.0,11375900000.0,313900000.0,29216,28812,2018-07-26 14:35:00
20180726 14:36,477.0,477.5,477.0,477.5,238290,10.0,127542,0.0,11376400000.0,500000.0,5481,2149,2018-07-26 14:36:00
20180726 14:37,477.5,477.5,477.0,477.0,238532,242.0,127640,98.0,11388000000.0,11600000.0,11056,3023,2018-07-26 14:37:00
20180726 14:38,477.0,477.0,477.0,477.0,238532,0.0,127640,0.0,11388000000.0,0.0,4239,1419,2018-07-26 14:38:00
20180726 14:39,477.5,477.5,477.5,477.5,238718,186.0,127460,-180.0,11396800000.0,8800000.0,6905,2566,2018-07-26 14:39:00
20180726 14:40,477.5,477.5,477.5,477.5,238720,2.0,127460,0.0,11396900000.0,100000.0,2692,950,2018-07-26 14:40:00
20180726 14:41,477.5,477.5,477.5,477.5,238720,0.0,127460,0.0,11396900000.0,0.0,12067,3366,2018-07-26 14:41:00
20180726 14:42,477.5,477.5,477.5,477.5,238720,0.0,127460,0.0,11396900000.0,0.0,17847,4952,2018-07-26 14:42:00
20180726 14:43,477.5,477.5,477.5,477.5,238768,48.0,127460,0.0,11399200000.0,2300000.0,12858,7574,2018-07-26 14:43:00
20180726 14:44,477.5,477.5,477.0,477.0,238844,76.0,127436,-24.0,11402900000.0,3700000.0,6261,1822,2018-07-26 14:44:00
20180726 14:45,477.0,477.0,476.5,477.0,240048,1204.0,127634,198.0,11460300000.0,57400000.0,15928,12025,2018-07-26 14:45:00
20180726 14:46,477.0,477.0,477.0,477.0,240154,106.0,127686,52.0,11465300000.0,5000000.0,5613,12783,2018-07-26 14:46:00
20180726 14:47,477.0,477.0,476.5,477.0,240204,50.0,127686,0.0,11467700000.0,2400000.0,5423,19323,2018-07-26 14:47:00
20180726 14:48,477.0,477.0,477.0,477.0,241114,910.0,127634,-52.0,11511100000.0,43400000.0,8808,22949,2018-07-26 14:48:00
20180726 14:49,477.0,477.0,477.0,477.0,242590,1476.0,127630,-4.0,11581500000.0,70400000.0,8798,17890,2018-07-26 14:49:00
20180726 14:50,477.0,477.0,477.0,477.0,244340,1750.0,127302,-328.0,11665000000.0,83500000.0,12436,18460,2018-07-26 14:50:00
20180726 14:51,477.0,477.0,477.0,477.0,244340,0.0,127302,0.0,11665000000.0,0.0,6824,13175,2018-07-26 14:51:00
20180726 14:52,477.0,477.0,477.0,477.0,244340,0.0,127302,0.0,11665000000.0,0.0,3776,6255,2018-07-26 14:52:00
20180726 14:53,477.0,477.0,477.0,477.0,244340,0.0,127302,0.0,11665000000.0,0.0,4444,7639,2018-07-26 14:53:00
20180726 14:54,477.0,477.0,477.0,477.0,244412,72.0,127358,56.0,11668500000.0,3500000.0,3994,7865,2018-07-26 14:54:00
20180726 14:55,477.0,477.0,477.0,477.0,246132,1720.0,126868,-490.0,11750500000.0,82000000.0,9401,22610,2018-07-26 14:55:00
20180726 14:56,477.0,477.0,477.0,477.0,246660,528.0,126500,-368.0,11775700000.0,25200000.0,20683,17141,2018-07-26 14:56:00
20180726 14:57,477.0,477.5,477.0,477.0,247192,532.0,126378,-122.0,11801100000.0,25400000.0,15392,12325,2018-07-26 14:57:00
20180726 14:58,477.0,477.5,477.0,477.5,247664,472.0,126304,-74.0,11823600000.0,22500000.0,9375,11485,2018-07-26 14:58:00
20180726 14:59,477.0,477.5,477.0,477.0,249388,1724.0,126366,62.0,11905900000.0,82300000.0,10991,27498,2018-07-26 14:59:00
20180726 15:00,477.0,477.0,477.0,477.0,249396,8.0,126358,-8.0,11906300000.0,400000.0,42,300,2018-07-26 15:00:00
20180726 20:59,478.5,478.5,478.5,478.5,68,68.0,125368,-990.0,3253800.0,3253800.0,2,1,2018-07-26 20:59:00
20180726 21:00,478.0,479.5,478.0,479.0,334,266.0,125532,164.0,15999400.0,12745600.0,4556,3326,2018-07-26 21:00:00
20180726 21:01,479.0,479.5,479.0,479.5,1066,732.0,125490,-42.0,51062400.0,35063000.0,13274,2524,2018-07-26 21:01:00
20180726 21:02,479.5,479.5,479.0,479.0,1172,106.0,125568,78.0,56142100.0,5079700.0,6209,1781,2018-07-26 21:02:00
20180726 21:03,479.0,479.0,479.0,479.0,1172,0.0,125568,0.0,56142100.0,0.0,3876,1860,2018-07-26 21:03:00
20180726 21:04,479.0,479.5,479.0,479.5,1260,88.0,125570,2.0,60359600.0,4217500.0,12865,3361,2018-07-26 21:04:00
20180726 21:05,479.0,479.0,479.0,479.0,1978,718.0,125406,-164.0,94751800.0,34392200.0,12797,5192,2018-07-26 21:05:00
20180726 21:06,479.0,479.0,479.0,479.0,2440,462.0,125680,274.0,116882000.0,22130200.0,5596,4137,2018-07-26 21:06:00
20180726 21:07,479.0,479.0,479.0,479.0,2440,0.0,125680,0.0,116882000.0,0.0,1358,1286,2018-07-26 21:07:00
20180726 21:08,479.0,479.0,479.0,479.0,2470,30.0,125678,-2.0,118319000.0,1437000.0,969,971,2018-07-26 21:08:00
20180726 21:09,479.0,479.5,479.0,479.5,2474,4.0,125680,2.0,118510000.0,191000.0,777,901,2018-07-26 21:09:00
20180726 21:10,479.5,479.5,479.5,479.5,2474,0.0,125680,0.0,118510000.0,0.0,1155,1358,2018-07-26 21:10:00
20180726 21:11,479.5,479.5,479.5,479.5,2474,0.0,125680,0.0,118510000.0,0.0,255,332,2018-07-26 21:11:00
20180726 21:12,479.5,479.5,479.0,479.0,2478,4.0,125680,0.0,118702000.0,192000.0,636,834,2018-07-26 21:12:00
20180726 21:13,479.0,479.0,479.0,479.0,2478,0.0,125680,0.0,118702000.0,0.0,1153,1373,2018-07-26 21:13:00
20180726 21:14,479.0,479.0,479.0,479.0,2884,406.0,125760,80.0,138149000.0,19447000.0,1925,697,2018-07-26 21:14:00
20180726 21:15,478.5,478.5,477.5,477.5,4294,1410.0,125724,-36.0,205583000.0,67434000.0,4542,6149,2018-07-26 21:15:00
20180726 21:16,477.5,478.0,477.5,478.0,4500,206.0,125546,-178.0,215430000.0,9847000.0,1717,2426,2018-07-26 21:16:00
20180726 21:17,478.0,478.0,478.0,478.0,5884,1384.0,125618,72.0,281585000.0,66155000.0,14142,9310,2018-07-26 21:17:00
20180726 21:18,478.0,478.0,478.0,478.0,6800,916.0,126122,504.0,325370000.0,43785000.0,7050,2434,2018-07-26 21:18:00
20180726 21:19,478.0,478.0,477.0,477.5,9830,3030.0,125436,-686.0,469905000.0,144535000.0,11237,10297,2018-07-26 21:19:00
20180726 21:20,477.0,477.5,477.0,477.5,15650,5820.0,125964,528.0,747727000.0,277822000.0,11757,14733,2018-07-26 21:20:00
20180726 21:21,477.5,477.5,477.5,477.5,17484,1834.0,125488,-476.0,835301000.0,87574000.0,5180,2403,2018-07-26 21:21:00
20180726 21:22,477.5,477.5,477.5,477.5,18130,646.0,126014,526.0,866147000.0,30846000.0,3175,1444,2018-07-26 21:22:00
20180726 21:23,477.5,477.5,477.5,477.5,18132,2.0,126016,2.0,866243000.0,96000.0,9861,9607,2018-07-26 21:23:00
20180726 21:24,477.5,477.5,477.5,477.5,18132,0.0,126016,0.0,866243000.0,0.0,2449,3138,2018-07-26 21:24:00
20180726 21:25,477.5,477.5,477.5,477.5,18136,4.0,126016,0.0,866434000.0,191000.0,2913,4816,2018-07-26 21:25:00
20180726 21:26,477.5,477.5,477.5,477.5,18138,2.0,126016,0.0,866529000.0,95000.0,4834,9542,2018-07-26 21:26:00
20180726 21:27,477.5,478.0,477.5,477.5,19338,1200.0,126078,62.0,923830000.0,57301000.0,14702,16307,2018-07-26 21:27:00
20180726 21:28,477.5,477.5,477.5,477.5,19338,0.0,126078,0.0,923830000.0,0.0,1205,2884,2018-07-26 21:28:00
20180726 21:29,477.5,478.0,477.5,478.0,19340,2.0,126080,2.0,923926000.0,96000.0,1004,1956,2018-07-26 21:29:00
20180726 21:30,478.0,478.0,478.0,478.0,19340,0.0,126080,0.0,923926000.0,0.0,1028,1960,2018-07-26 21:30:00
20180726 21:31,478.0,478.0,478.0,478.0,19764,424.0,126064,-16.0,944193000.0,20267000.0,3087,3858,2018-07-26 21:31:00
20180726 21:32,478.0,478.0,478.0,478.0,19764,0.0,126064,0.0,944193000.0,0.0,3238,2538,2018-07-26 21:32:00
20180726 21:33,478.0,478.0,478.0,478.0,19764,0.0,126064,0.0,944193000.0,0.0,699,462,2018-07-26 21:33:00
20180726 21:34,478.5,478.5,478.5,478.5,19768,4.0,126068,4.0,944384000.0,191000.0,708,462,2018-07-26 21:34:00
20180726 21:35,478.5,478.5,478.5,478.5,19768,0.0,126068,0.0,944384000.0,0.0,3984,3478,2018-07-26 21:35:00
20180726 21:36,478.5,478.5,478.5,478.5,19768,0.0,126068,0.0,944384000.0,0.0,4548,5498,2018-07-26 21:36:00
20180726 21:37,478.5,478.5,478.0,478.0,20656,888.0,125694,-374.0,986831000.0,42447000.0,4750,4017,2018-07-26 21:37:00
20180726 21:38,478.0,478.0,478.0,478.0,20656,0.0,125694,0.0,986831000.0,0.0,1824,2542,2018-07-26 21:38:00
20180726 21:39,478.0,478.0,477.5,477.5,21736,1080.0,125666,-28.0,1038400000.0,51569000.0,10790,11725,2018-07-26 21:39:00
20180726 21:40,477.5,477.5,477.5,477.5,23804,2068.0,125730,64.0,1137150000.0,98750000.0,7043,17152,2018-07-26 21:40:00
20180726 21:41,477.5,478.0,477.5,478.0,24080,276.0,125848,118.0,1150330000.0,13180000.0,6187,6717,2018-07-26 21:41:00
20180726 21:42,478.0,478.0,477.5,477.5,24498,418.0,125850,2.0,1170290000.0,19960000.0,3490,5741,2018-07-26 21:42:00
20180726 21:43,477.5,477.5,477.5,477.5,24498,0.0,125850,0.0,1170290000.0,0.0,840,2360,2018-07-26 21:43:00
20180726 21:44,477.5,477.5,477.5,477.5,24498,0.0,125850,0.0,1170290000.0,0.0,513,1464,2018-07-26 21:44:00
20180726 21:45,477.5,477.5,477.5,477.5,24498,0.0,125850,0.0,1170290000.0,0.0,870,1844,2018-07-26 21:45:00
20180726 21:46,477.5,477.5,477.5,477.5,24598,100.0,125950,100.0,1175070000.0,4780000.0,1337,2717,2018-07-26 21:46:00
20180726 21:47,477.5,477.5,477.5,477.5,24638,40.0,125990,40.0,1176980000.0,1910000.0,1211,2260,2018-07-26 21:47:00
20180726 21:48,477.5,477.5,477.5,477.5,24638,0.0,125990,0.0,1176980000.0,0.0,1404,2694,2018-07-26 21:48:00
20180726 21:49,477.5,477.5,477.0,477.0,24648,10.0,125992,2.0,1177450000.0,470000.0,3175,5364,2018-07-26 21:49:00
20180726 21:50,477.0,477.0,477.0,477.0,24648,0.0,125992,0.0,1177450000.0,0.0,1426,2220,2018-07-26 21:50:00
20180726 21:51,477.0,477.0,477.0,477.0,24648,0.0,125992,0.0,1177450000.0,0.0,281,444,2018-07-26 21:51:00
20180726 21:52,477.0,477.5,477.0,477.5,24858,210.0,125992,0.0,1187480000.0,10030000.0,3672,6080,2018-07-26 21:52:00
20180726 21:53,477.5,477.5,477.5,477.5,24858,0.0,125992,0.0,1187480000.0,0.0,4428,6803,2018-07-26 21:53:00
20180726 21:54,477.5,477.5,477.5,477.5,24860,2.0,125994,2.0,1187580000.0,100000.0,1721,2479,2018-07-26 21:54:00
20180726 21:55,477.5,477.5,477.5,477.5,24900,40.0,125994,0.0,1189490000.0,1910000.0,3776,7182,2018-07-26 21:55:00
20180726 21:56,477.5,477.5,477.5,477.5,24900,0.0,125994,0.0,1189490000.0,0.0,483,956,2018-07-26 21:56:00
20180726 21:57,477.5,477.5,477.5,477.5,24904,4.0,125994,0.0,1189680000.0,190000.0,1244,2384,2018-07-26 21:57:00
20180726 21:58,477.5,477.5,477.5,477.5,24910,6.0,125994,0.0,1189960000.0,280000.0,1730,3387,2018-07-26 21:58:00
20180726 21:59,477.5,477.5,477.0,477.0,24912,2.0,125994,0.0,1190060000.0,100000.0,1280,2448,2018-07-26 21:59:00
20180726 22:00,477.0,477.0,477.0,477.0,24912,0.0,125994,0.0,1190060000.0,0.0,4887,9052,2018-07-26 22:00:00
20180726 22:01,477.0,477.0,477.0,477.0,24912,0.0,125994,0.0,1190060000.0,0.0,6324,12017,2018-07-26 22:01:00
20180726 22:02,477.0,477.0,477.0,477.0,24912,0.0,125994,0.0,1190060000.0,0.0,3007,5853,2018-07-26 22:02:00
20180726 22:03,477.0,477.0,477.0,477.0,24912,0.0,125994,0.0,1190060000.0,0.0,1087,2200,2018-07-26 22:03:00
20180726 22:04,477.0,477.0,477.0,477.0,24914,2.0,125994,0.0,1190150000.0,90000.0,1332,2754,2018-07-26 22:04:00
20180726 22:05,477.0,477.0,477.0,477.0,24914,0.0,125994,0.0,1190150000.0,0.0,807,1637,2018-07-26 22:05:00
20180726 22:06,477.0,477.0,477.0,477.0,24914,0.0,125994,0.0,1190150000.0,0.0,1663,2924,2018-07-26 22:06:00
20180726 22:07,477.0,477.5,477.0,477.5,24924,10.0,125992,-2.0,1190630000.0,480000.0,1822,2964,2018-07-26 22:07:00
20180726 22:08,477.5,477.5,477.5,477.5,25206,282.0,125898,-94.0,1204100000.0,13470000.0,5080,8654,2018-07-26 22:08:00
20180726 22:09,477.5,477.5,477.0,477.0,25232,26.0,125910,12.0,1205340000.0,1240000.0,2244,3721,2018-07-26 22:09:00
20180726 22:10,477.0,477.5,477.0,477.5,25250,18.0,125910,0.0,1206200000.0,860000.0,2245,3854,2018-07-26 22:10:00
20180726 22:11,477.5,477.5,477.5,477.5,25250,0.0,125910,0.0,1206200000.0,0.0,439,758,2018-07-26 22:11:00
20180726 22:12,477.5,477.5,477.5,477.5,25250,0.0,125910,0.0,1206200000.0,0.0,1104,1895,2018-07-26 22:12:00
20180726 22:13,477.5,477.5,477.5,477.5,25250,0.0,125910,0.0,1206200000.0,0.0,656,1137,2018-07-26 22:13:00
20180726 22:14,477.5,477.5,477.5,477.5,25250,0.0,125910,0.0,1206200000.0,0.0,441,758,2018-07-26 22:14:00
20180726 22:16,477.5,477.5,477.5,477.5,25250,0.0,125910,0.0,1206200000.0,0.0,443,758,2018-07-26 22:16:00
20180726 22:17,477.5,477.5,477.5,477.5,25250,0.0,125910,0.0,1206200000.0,0.0,220,379,2018-07-26 22:17:00
20180726 22:18,477.5,477.5,477.5,477.5,25270,20.0,125910,0.0,1207150000.0,950000.0,1342,2234,2018-07-26 22:18:00
20180726 22:19,477.5,477.5,477.0,477.5,25274,4.0,125910,0.0,1207340000.0,190000.0,1969,3228,2018-07-26 22:19:00
20180726 22:21,477.5,477.5,477.5,477.5,25276,2.0,125912,2.0,1207440000.0,100000.0,1162,1804,2018-07-26 22:21:00
20180726 22:22,477.0,477.0,477.0,477.0,25278,2.0,125912,0.0,1207530000.0,90000.0,934,1428,2018-07-26 22:22:00
20180726 22:23,477.0,477.5,477.0,477.5,26068,790.0,125816,-96.0,1245260000.0,37730000.0,3677,5345,2018-07-26 22:23:00
20180726 22:24,477.5,477.5,477.5,477.5,26068,0.0,125816,0.0,1245260000.0,0.0,749,695,2018-07-26 22:24:00
20180726 22:25,477.5,477.5,477.5,477.5,26070,2.0,125816,0.0,1245350000.0,90000.0,1124,1032,2018-07-26 22:25:00
20180726 22:26,477.5,477.5,477.5,477.5,26070,0.0,125816,0.0,1245350000.0,0.0,379,344,2018-07-26 22:26:00
20180726 22:28,477.5,477.5,477.5,477.5,26070,0.0,125816,0.0,1245350000.0,0.0,2292,1832,2018-07-26 22:28:00
20180726 22:29,477.5,477.5,477.0,477.0,26072,2.0,125816,0.0,1245450000.0,100000.0,1530,1306,2018-07-26 22:29:00
20180726 22:30,477.0,477.0,477.0,477.0,26072,0.0,125816,0.0,1245450000.0,0.0,1516,1336,2018-07-26 22:30:00
20180726 22:31,477.0,477.0,477.0,477.0,26072,0.0,125816,0.0,1245450000.0,0.0,1480,1356,2018-07-26 22:31:00
20180726 22:32,477.0,477.0,477.0,477.0,26074,2.0,125818,2.0,1245540000.0,90000.0,4449,4774,2018-07-26 22:32:00
20180726 22:33,477.0,477.0,477.0,477.0,26074,0.0,125818,0.0,1245540000.0,0.0,367,396,2018-07-26 22:33:00
20180726 22:34,477.0,477.0,477.0,477.0,26074,0.0,125818,0.0,1245540000.0,0.0,367,406,2018-07-26 22:34:00
20180726 22:35,477.0,477.0,477.0,477.0,26074,0.0,125818,0.0,1245540000.0,0.0,744,814,2018-07-26 22:35:00
20180726 22:36,477.0,477.0,477.0,477.0,26074,0.0,125818,0.0,1245540000.0,0.0,1840,2027,2018-07-26 22:36:00
20180726 22:37,477.0,477.0,477.0,477.0,26074,0.0,125818,0.0,1245540000.0,0.0,367,398,2018-07-26 22:37:00
20180726 22:39,477.0,477.5,477.0,477.5,26078,4.0,125818,0.0,1245730000.0,190000.0,1490,1590,2018-07-26 22:39:00
20180726 22:40,477.5,477.5,477.5,477.5,26078,0.0,125818,0.0,1245730000.0,0.0,375,397,2018-07-26 22:40:00
20180726 22:42,477.5,477.5,477.5,477.5,26078,0.0,125818,0.0,1245730000.0,0.0,375,396,2018-07-26 22:42:00
20180726 22:43,477.5,477.5,477.5,477.5,26078,0.0,125818,0.0,1245730000.0,0.0,375,401,2018-07-26 22:43:00
20180726 22:44,477.5,477.5,477.0,477.0,26082,4.0,125816,-2.0,1245920000.0,190000.0,756,800,2018-07-26 22:44:00
20180726 22:45,477.0,477.0,477.0,477.0,26082,0.0,125816,0.0,1245920000.0,0.0,764,808,2018-07-26 22:45:00
20180726 22:47,477.5,477.5,477.5,477.5,26084,2.0,125814,-2.0,1246020000.0,100000.0,1548,1606,2018-07-26 22:47:00
20180726 22:48,477.5,477.5,477.5,477.5,26084,0.0,125814,0.0,1246020000.0,0.0,780,804,2018-07-26 22:48:00
20180726 22:49,477.0,477.0,477.0,477.0,26086,2.0,125814,0.0,1246120000.0,100000.0,1159,1207,2018-07-26 22:49:00
20180726 22:51,477.0,477.0,477.0,477.0,26086,0.0,125814,0.0,1246120000.0,0.0,1140,1209,2018-07-26 22:51:00
20180726 22:52,477.0,477.0,477.0,477.0,26086,0.0,125814,0.0,1246120000.0,0.0,765,806,2018-07-26 22:52:00
20180726 22:53,477.0,477.0,477.0,477.0,26086,0.0,125814,0.0,1246120000.0,0.0,770,812,2018-07-26 22:53:00
20180726 22:54,477.0,477.0,477.0,477.0,26088,2.0,125812,-2.0,1246210000.0,90000.0,1150,1214,2018-07-26 22:54:00
20180726 22:55,477.0,477.0,477.0,477.0,26088,0.0,125812,0.0,1246210000.0,0.0,1540,1628,2018-07-26 22:55:00
20180726 22:58,477.0,477.0,477.0,477.0,26090,2.0,125810,-2.0,1246310000.0,100000.0,1902,2047,2018-07-26 22:58:00
20180726 22:59,477.0,477.0,477.0,477.0,26096,6.0,125804,-6.0,1246590000.0,280000.0,2220,2481,2018-07-26 22:59:00
20180726 23:00,477.0,477.5,477.0,477.5,26102,6.0,125800,-4.0,1246880000.0,290000.0,739,828,2018-07-26 23:00:00
20180726 23:02,477.5,477.5,477.5,477.5,26124,22.0,125800,0.0,1247930000.0,1050000.0,1889,2018,2018-07-26 23:02:00
20180726 23:03,477.5,477.5,477.5,477.5,26124,0.0,125800,0.0,1247930000.0,0.0,376,400,2018-07-26 23:03:00
20180726 23:04,477.0,477.0,477.0,477.0,26126,2.0,125798,-2.0,1248020000.0,90000.0,376,399,2018-07-26 23:04:00
20180726 23:05,477.0,477.0,477.0,477.0,26126,0.0,125798,0.0,1248020000.0,0.0,754,799,2018-07-26 23:05:00
20180726 23:06,477.0,477.0,477.0,477.0,26126,0.0,125798,0.0,1248020000.0,0.0,1583,1607,2018-07-26 23:06:00
20180726 23:07,477.0,477.0,477.0,477.0,26126,0.0,125798,0.0,1248020000.0,0.0,2030,2180,2018-07-26 23:07:00
20180726 23:08,477.0,477.0,477.0,477.0,26126,0.0,125798,0.0,1248020000.0,0.0,402,502,2018-07-26 23:08:00
20180726 23:09,477.5,477.5,477.0,477.0,26198,72.0,125820,22.0,1251460000.0,3440000.0,3672,4311,2018-07-26 23:09:00
20180726 23:10,477.0,477.5,477.0,477.5,27082,884.0,126040,220.0,1293670000.0,42210000.0,3915,6704,2018-07-26 23:10:00
20180726 23:11,477.5,477.5,477.5,477.5,27112,30.0,126050,10.0,1295110000.0,1440000.0,3452,7500,2018-07-26 23:11:00
20180726 23:12,477.5,477.5,477.5,477.5,28716,1604.0,126200,150.0,1371700000.0,76590000.0,5667,7852,2018-07-26 23:12:00
20180726 23:13,477.5,477.5,477.5,477.5,29352,636.0,125974,-226.0,1402070000.0,30370000.0,1137,3560,2018-07-26 23:13:00
20180726 23:14,477.5,477.5,477.0,477.0,29356,4.0,125970,-4.0,1402260000.0,190000.0,479,1000,2018-07-26 23:14:00
20180726 23:15,477.0,477.0,477.0,477.0,29356,0.0,125970,0.0,1402260000.0,0.0,157,332,2018-07-26 23:15:00
20180726 23:16,477.0,477.0,477.0,477.0,29356,0.0,125970,0.0,1402260000.0,0.0,2932,6640,2018-07-26 23:16:00
20180726 23:17,477.0,477.0,477.0,477.0,29358,2.0,125970,0.0,1402350000.0,90000.0,1375,3100,2018-07-26 23:17:00
20180726 23:18,477.0,477.5,477.0,477.5,29388,30.0,125940,-30.0,1403780000.0,1430000.0,298,698,2018-07-26 23:18:00
20180726 23:19,477.0,477.0,477.0,477.0,29394,6.0,125934,-6.0,1404070000.0,290000.0,314,692,2018-07-26 23:19:00
20180726 23:21,477.0,477.0,477.0,477.0,29394,0.0,125934,0.0,1404070000.0,0.0,351,692,2018-07-26 23:21:00
20180726 23:22,477.0,477.0,477.0,477.0,29394,0.0,125934,0.0,1404070000.0,0.0,336,692,2018-07-26 23:22:00
20180726 23:23,477.0,477.0,477.0,477.0,29394,0.0,125934,0.0,1404070000.0,0.0,1003,2092,2018-07-26 23:23:00
20180726 23:24,477.0,477.5,477.0,477.5,29418,24.0,125920,-14.0,1405220000.0,1150000.0,1021,2053,2018-07-26 23:24:00
20180726 23:25,477.0,477.5,477.0,477.5,42586,13168.0,125240,-680.0,2033990000.0,628770000.0,14050,17721,2018-07-26 23:25:00
20180726 23:26,477.5,477.5,477.5,477.5,53934,11348.0,125248,8.0,2575850000.0,541860000.0,16211,12645,2018-07-26 23:26:00
20180726 23:27,477.5,477.5,477.0,477.5,59462,5528.0,125346,98.0,2839810000.0,263960000.0,7306,5835,2018-07-26 23:27:00
20180726 23:28,477.5,477.5,477.0,477.0,61160,1698.0,125206,-140.0,2920890000.0,81080000.0,3611,2290,2018-07-26 23:28:00
20180726 23:29,477.0,477.5,477.0,477.0,62210,1050.0,125288,82.0,2970970000.0,50080000.0,2682,1881,2018-07-26 23:29:00
20180727 09:00,493.0,493.0,491.5,492.0,70670,8460.0,118778,-6510.0,3392340000.0,421370000.0,7149,17421,2018-07-27 09:00:00
20180727 09:01,492.0,493.5,492.0,493.5,71178,508.0,118690,-88.0,3417380000.0,25040000.0,7843,10321,2018-07-27 09:01:00
20180727 09:02,493.5,493.5,493.0,493.5,71190,12.0,118690,0.0,3417970000.0,590000.0,2788,4627,2018-07-27 09:02:00
20180727 09:03,493.5,495.0,493.5,495.0,71832,642.0,118594,-96.0,3449700000.0,31730000.0,3623,4272,2018-07-27 09:03:00
20180727 09:04,495.0,495.0,494.0,494.5,75804,3972.0,119650,1056.0,3646020000.0,196320000.0,14802,12246,2018-07-27 09:04:00
20180727 09:05,494.0,495.0,494.0,495.0,77254,1450.0,119700,50.0,3717700000.0,71680000.0,7011,10488,2018-07-27 09:05:00
20180727 09:06,495.0,495.0,494.5,494.5,77404,150.0,119650,-50.0,3725120000.0,7420000.0,4939,3340,2018-07-27 09:06:00
20180727 09:07,495.0,495.0,495.0,495.0,77410,6.0,119652,2.0,3725420000.0,300000.0,1092,914,2018-07-27 09:07:00
20180727 09:08,495.0,495.0,494.5,495.0,77428,18.0,119660,8.0,3726310000.0,890000.0,1907,2631,2018-07-27 09:08:00
20180727 09:09,495.0,495.0,495.0,495.0,77448,20.0,119680,20.0,3727300000.0,990000.0,1552,1496,2018-07-27 09:09:00
20180727 09:10,495.0,495.0,495.0,495.0,78592,1144.0,120180,500.0,3783920000.0,56620000.0,4332,5332,2018-07-27 09:10:00
20180727 09:11,495.0,495.0,494.0,494.5,79038,446.0,120298,118.0,3805970000.0,22050000.0,7941,4009,2018-07-27 09:11:00
20180727 09:12,494.5,494.5,494.5,494.5,79106,68.0,120282,-16.0,3809330000.0,3360000.0,3178,1981,2018-07-27 09:12:00
20180727 09:13,494.5,494.5,494.0,494.0,80588,1482.0,119926,-356.0,3882550000.0,73220000.0,9441,4801,2018-07-27 09:13:00
20180727 09:14,494.0,494.0,493.5,494.0,80608,20.0,119916,-10.0,3883530000.0,980000.0,2523,1900,2018-07-27 09:14:00
20180727 09:15,494.0,494.5,493.5,494.5,81940,1332.0,120306,390.0,3949270000.0,65740000.0,19997,5362,2018-07-27 09:15:00
20180727 09:16,494.5,495.5,494.0,495.5,86598,4658.0,120694,388.0,4179610000.0,230340000.0,15835,9731,2018-07-27 09:16:00
20180727 09:17,495.5,495.5,494.5,495.5,88062,1464.0,120626,-68.0,4252130000.0,72520000.0,7862,5574,2018-07-27 09:17:00
20180727 09:18,495.5,496.0,495.5,496.0,88788,726.0,121074,448.0,4288100000.0,35970000.0,10803,14866,2018-07-27 09:18:00
20180727 09:19,496.0,497.0,496.0,497.0,90334,1546.0,120534,-540.0,4364800000.0,76700000.0,6961,10436,2018-07-27 09:19:00
20180727 09:20,496.5,496.5,496.0,496.5,91590,1256.0,120664,130.0,4427160000.0,62360000.0,17595,10515,2018-07-27 09:20:00
20180727 09:21,496.5,496.5,495.5,496.0,92238,648.0,120542,-122.0,4459280000.0,32120000.0,9084,6507,2018-07-27 09:21:00
20180727 09:22,496.0,496.0,495.0,495.5,92324,86.0,120526,-16.0,4463540000.0,4260000.0,4754,9327,2018-07-27 09:22:00
20180727 09:23,495.5,496.5,495.5,496.0,93674,1350.0,120160,-366.0,4530490000.0,66950000.0,5538,5963,2018-07-27 09:23:00
20180727 09:24,496.0,496.5,495.5,496.0,95484,1810.0,120712,552.0,4620270000.0,89780000.0,6855,3926,2018-07-27 09:24:00
20180727 09:25,496.0,496.0,496.0,496.0,96652,1168.0,120326,-386.0,4678200000.0,57930000.0,6004,4849,2018-07-27 09:25:00
20180727 09:26,496.0,496.0,496.0,496.0,96744,92.0,120312,-14.0,4682770000.0,4570000.0,4791,7960,2018-07-27 09:26:00
20180727 09:27,496.0,496.0,495.5,496.0,97324,580.0,120426,114.0,4711520000.0,28750000.0,9788,15108,2018-07-27 09:27:00
20180727 09:28,496.0,496.0,495.5,495.5,97790,466.0,120424,-2.0,4734640000.0,23120000.0,4542,15077,2018-07-27 09:28:00
20180727 09:29,495.5,496.0,495.5,496.0,98792,1002.0,120710,286.0,4784340000.0,49700000.0,3384,6316,2018-07-27 09:29:00
20180727 09:30,496.0,496.0,495.0,495.0,101240,2448.0,120420,-290.0,4905660000.0,121320000.0,17081,7298,2018-07-27 09:30:00
20180727 09:31,495.0,495.0,494.0,494.5,101910,670.0,120590,170.0,4938790000.0,33130000.0,7579,6414,2018-07-27 09:31:00
20180727 09:32,494.5,495.0,494.5,494.5,102062,152.0,120570,-20.0,4946310000.0,7520000.0,7332,2469,2018-07-27 09:32:00
20180727 09:33,494.5,495.0,494.5,494.5,102650,588.0,120460,-110.0,4975380000.0,29070000.0,10157,9147,2018-07-27 09:33:00
20180727 09:34,494.5,495.0,494.0,495.0,102968,318.0,120230,-230.0,4991110000.0,15730000.0,3542,5307,2018-07-27 09:34:00
20180727 09:35,495.0,495.0,494.5,494.5,103968,1000.0,120508,278.0,5040560000.0,49450000.0,7255,5231,2018-07-27 09:35:00
20180727 09:36,494.5,494.5,494.5,494.5,106878,2910.0,120304,-204.0,5184460000.0,143900000.0,11428,5408,2018-07-27 09:36:00
20180727 09:37,494.5,494.5,494.5,494.5,108058,1180.0,120126,-178.0,5242810000.0,58350000.0,3638,4912,2018-07-27 09:37:00
20180727 09:38,494.5,494.5,494.5,494.5,110528,2470.0,119830,-296.0,5364950000.0,122140000.0,6058,11613,2018-07-27 09:38:00
20180727 09:39,494.5,494.5,493.0,493.0,111346,818.0,119978,148.0,5405330000.0,40380000.0,5805,7406,2018-07-27 09:39:00
20180727 09:40,493.0,493.0,492.5,492.5,112514,1168.0,119868,-110.0,5462870000.0,57540000.0,6509,6173,2018-07-27 09:40:00
20180727 09:41,492.5,492.5,492.5,492.5,112782,268.0,119862,-6.0,5476070000.0,13200000.0,2145,2763,2018-07-27 09:41:00
20180727 09:42,492.5,492.5,492.5,492.5,114100,1318.0,120216,354.0,5540980000.0,64910000.0,2429,4145,2018-07-27 09:42:00
20180727 09:43,492.5,492.5,492.5,492.5,116510,2410.0,120010,-206.0,5659680000.0,118700000.0,5612,5770,2018-07-27 09:43:00
20180727 09:44,492.5,492.5,492.5,492.5,116514,4.0,120014,4.0,5659870000.0,190000.0,8242,5042,2018-07-27 09:44:00
20180727 09:45,492.5,493.0,492.5,492.5,117958,1444.0,119856,-158.0,5730990000.0,71120000.0,7419,7817,2018-07-27 09:45:00
20180727 09:46,492.5,492.5,492.5,492.5,118038,80.0,119816,-40.0,5734930000.0,3940000.0,2147,3981,2018-07-27 09:46:00
20180727 09:47,492.5,492.5,492.5,492.5,118180,142.0,119796,-20.0,5741930000.0,7000000.0,2493,8655,2018-07-27 09:47:00
20180727 09:48,492.5,493.0,492.5,493.0,119492,1312.0,120126,330.0,5806550000.0,64620000.0,3286,6831,2018-07-27 09:48:00
20180727 09:49,493.0,493.0,493.0,493.0,119750,258.0,120180,54.0,5819270000.0,12720000.0,2079,6280,2018-07-27 09:49:00
20180727 09:50,493.0,493.0,493.0,493.0,119858,108.0,120178,-2.0,5824590000.0,5320000.0,3306,2343,2018-07-27 09:50:00
20180727 09:51,493.5,493.5,493.0,493.5,120074,216.0,120232,54.0,5835240000.0,10650000.0,2487,1176,2018-07-27 09:51:00
20180727 09:52,493.5,493.5,493.0,493.0,120098,24.0,120234,2.0,5836420000.0,1180000.0,3481,4324,2018-07-27 09:52:00
20180727 09:53,493.0,493.5,493.0,493.0,121142,1044.0,119792,-442.0,5887940000.0,51520000.0,3446,4765,2018-07-27 09:53:00
20180727 09:54,493.5,493.5,493.5,493.5,122452,1310.0,120160,368.0,5952590000.0,64650000.0,7988,5910,2018-07-27 09:54:00
20180727 09:55,493.5,493.5,493.5,493.5,123598,1146.0,119766,-394.0,6009150000.0,56560000.0,5381,7387,2018-07-27 09:55:00
20180727 09:56,493.5,493.5,493.5,493.5,124568,970.0,120078,312.0,6057010000.0,47860000.0,4653,5746,2018-07-27 09:56:00
20180727 09:57,493.5,493.5,493.5,493.5,124578,10.0,120088,10.0,6057510000.0,500000.0,481,2343,2018-07-27 09:57:00
20180727 09:58,493.5,493.5,493.5,493.5,124578,0.0,120088,0.0,6057510000.0,0.0,2876,13825,2018-07-27 09:58:00
20180727 09:59,493.5,493.5,493.0,493.0,124582,4.0,120088,0.0,6057710000.0,200000.0,1143,1151,2018-07-27 09:59:00
20180727 10:01,493.0,493.5,493.0,493.5,124648,66.0,120116,28.0,6060960000.0,3250000.0,717,3894,2018-07-27 10:01:00
20180727 10:02,493.5,493.5,493.0,493.0,124972,324.0,119936,-180.0,6076940000.0,15980000.0,2646,4889,2018-07-27 10:02:00
20180727 10:03,493.0,493.0,493.0,493.0,125734,762.0,119686,-250.0,6114500000.0,37560000.0,2433,1949,2018-07-27 10:03:00
20180727 10:04,493.0,493.0,493.0,493.0,125734,0.0,119686,0.0,6114500000.0,0.0,304,1241,2018-07-27 10:04:00
20180727 10:05,493.0,493.5,493.0,493.5,125736,2.0,119686,0.0,6114600000.0,100000.0,966,1622,2018-07-27 10:05:00
20180727 10:06,493.5,493.5,493.5,493.5,125736,0.0,119686,0.0,6114600000.0,0.0,283,296,2018-07-27 10:06:00
20180727 10:07,493.5,493.5,493.5,493.5,125736,0.0,119686,0.0,6114600000.0,0.0,448,528,2018-07-27 10:07:00
20180727 10:08,493.5,493.5,493.0,493.5,127874,2138.0,120366,680.0,6220110000.0,105510000.0,5034,2870,2018-07-27 10:08:00
20180727 10:09,493.5,494.0,493.5,493.5,128886,1012.0,119972,-394.0,6270050000.0,49940000.0,5328,3116,2018-07-27 10:09:00
20180727 10:10,493.0,493.0,493.0,493.0,128942,56.0,119936,-36.0,6272810000.0,2760000.0,646,848,2018-07-27 10:10:00
20180727 10:11,493.0,493.5,493.0,493.0,129514,572.0,119518,-418.0,6301040000.0,28230000.0,786,1029,2018-07-27 10:11:00
20180727 10:12,493.0,493.5,493.0,493.5,130070,556.0,119710,192.0,6328480000.0,27440000.0,1278,733,2018-07-27 10:12:00
20180727 10:13,493.5,493.5,493.5,493.5,131518,1448.0,119548,-162.0,6399940000.0,71460000.0,4601,3458,2018-07-27 10:13:00
20180727 10:14,493.5,493.5,493.0,493.0,131566,48.0,119504,-44.0,6402310000.0,2370000.0,699,1245,2018-07-27 10:14:00
20180727 10:30,493.5,493.5,493.5,493.5,131606,40.0,119494,-10.0,6404280000.0,1970000.0,1634,3038,2018-07-27 10:30:00
20180727 10:31,493.5,493.5,493.5,493.5,131830,224.0,119442,-52.0,6415340000.0,11060000.0,1817,6527,2018-07-27 10:31:00
20180727 10:32,493.5,493.5,493.0,493.5,136208,4378.0,119444,2.0,6631390000.0,216050000.0,10235,17597,2018-07-27 10:32:00
20180727 10:33,493.5,493.5,493.0,493.5,137944,1736.0,120058,614.0,6717060000.0,85670000.0,7672,11752,2018-07-27 10:33:00
20180727 10:34,493.5,493.5,493.5,493.5,140530,2586.0,119442,-616.0,6844680000.0,127620000.0,5724,8573,2018-07-27 10:34:00
20180727 10:35,493.5,494.0,493.5,493.5,140590,60.0,119444,2.0,6847640000.0,2960000.0,1005,1303,2018-07-27 10:35:00
20180727 10:36,493.5,493.5,493.5,493.5,140590,0.0,119444,0.0,6847640000.0,0.0,1196,1904,2018-07-27 10:36:00
20180727 10:37,493.5,493.5,493.5,493.5,140782,192.0,119366,-78.0,6857120000.0,9480000.0,10947,4249,2018-07-27 10:37:00
20180727 10:38,493.5,493.5,493.5,493.5,140782,0.0,119366,0.0,6857120000.0,0.0,7605,2089,2018-07-27 10:38:00
20180727 10:39,493.5,493.5,493.5,493.5,140782,0.0,119366,0.0,6857120000.0,0.0,1014,396,2018-07-27 10:39:00
20180727 10:40,493.5,493.5,493.5,493.5,140782,0.0,119366,0.0,6857120000.0,0.0,1014,433,2018-07-27 10:40:00
20180727 10:41,494.0,494.0,494.0,494.0,140794,12.0,119378,12.0,6857710000.0,590000.0,1503,649,2018-07-27 10:41:00
20180727 10:42,494.0,494.0,494.0,494.0,140794,0.0,119378,0.0,6857710000.0,0.0,2004,891,2018-07-27 10:42:00
20180727 10:43,494.0,494.0,493.5,493.5,140800,6.0,119374,-4.0,6858010000.0,300000.0,4003,1856,2018-07-27 10:43:00
20180727 10:44,493.5,494.0,493.5,494.0,140812,12.0,119364,-10.0,6858600000.0,590000.0,22028,13758,2018-07-27 10:44:00
20180727 10:45,494.0,494.0,494.0,494.0,140826,14.0,119370,6.0,6859290000.0,690000.0,22034,14668,2018-07-27 10:45:00
20180727 10:46,494.0,494.0,494.0,494.0,140826,0.0,119370,0.0,6859290000.0,0.0,13940,7522,2018-07-27 10:46:00
20180727 10:47,494.0,494.0,494.0,494.0,140826,0.0,119370,0.0,6859290000.0,0.0,8365,4479,2018-07-27 10:47:00
20180727 10:48,494.0,494.0,494.0,494.0,140826,0.0,119370,0.0,6859290000.0,0.0,18122,8790,2018-07-27 10:48:00
20180727 10:49,494.0,494.0,494.0,494.0,140826,0.0,119370,0.0,6859290000.0,0.0,23157,10992,2018-07-27 10:49:00
20180727 10:50,494.0,494.0,493.5,493.5,140850,24.0,119370,0.0,6860470000.0,1180000.0,12029,3897,2018-07-27 10:50:00
20180727 10:51,493.5,493.5,493.5,493.5,140852,2.0,119372,2.0,6860570000.0,100000.0,2075,545,2018-07-27 10:51:00
20180727 10:52,493.5,493.5,493.5,493.5,140852,0.0,119372,0.0,6860570000.0,0.0,1378,363,2018-07-27 10:52:00
20180727 10:53,494.0,494.0,494.0,494.0,140854,2.0,119370,-2.0,6860670000.0,100000.0,3442,920,2018-07-27 10:53:00
20180727 10:54,494.0,494.0,494.0,494.0,141666,812.0,119314,-56.0,6900780000.0,40110000.0,4219,3300,2018-07-27 10:54:00
20180727 10:55,494.0,494.0,494.0,494.0,143166,1500.0,118732,-582.0,6974880000.0,74100000.0,5353,7756,2018-07-27 10:55:00
20180727 10:56,494.0,494.0,494.0,494.0,143622,456.0,118514,-218.0,6997410000.0,22530000.0,1267,3342,2018-07-27 10:56:00
20180727 10:57,493.5,493.5,493.5,493.5,143852,230.0,118660,146.0,7008760000.0,11350000.0,4251,10000,2018-07-27 10:57:00
20180727 10:58,493.5,494.0,493.5,494.0,143908,56.0,118612,-48.0,7011530000.0,2770000.0,1034,2555,2018-07-27 10:58:00
20180727 10:59,494.0,494.0,494.0,494.0,143908,0.0,118612,0.0,7011530000.0,0.0,1330,3231,2018-07-27 10:59:00
20180727 11:00,494.0,494.0,493.5,493.5,146722,2814.0,118628,16.0,7150540000.0,139010000.0,7956,24392,2018-07-27 11:00:00
20180727 11:01,494.0,494.5,494.0,494.5,148700,1978.0,118966,338.0,7248250000.0,97710000.0,6585,15775,2018-07-27 11:01:00
20180727 11:02,494.5,494.5,494.0,494.0,148774,74.0,118918,-48.0,7251910000.0,3660000.0,4455,1956,2018-07-27 11:02:00
20180727 11:03,494.0,494.0,493.0,493.0,150636,1862.0,118904,-14.0,7343850000.0,91940000.0,11650,7437,2018-07-27 11:03:00
20180727 11:04,493.0,493.0,493.0,493.0,150666,30.0,118902,-2.0,7345330000.0,1480000.0,15162,6009,2018-07-27 11:04:00
20180727 11:05,493.0,493.0,493.0,493.0,151772,1106.0,118928,26.0,7399850000.0,54520000.0,12063,2714,2018-07-27 11:05:00
20180727 11:06,493.0,493.0,493.0,493.0,151776,4.0,118928,0.0,7400050000.0,200000.0,3718,548,2018-07-27 11:06:00
20180727 11:07,493.0,493.0,493.0,493.0,151776,0.0,118928,0.0,7400050000.0,0.0,3636,3000,2018-07-27 11:07:00
20180727 11:08,493.0,493.0,493.0,493.0,151780,4.0,118928,0.0,7400250000.0,200000.0,1805,1705,2018-07-27 11:08:00
20180727 11:09,493.0,493.5,493.0,493.5,153752,1972.0,118218,-710.0,7497480000.0,97230000.0,11863,6199,2018-07-27 11:09:00
20180727 11:10,493.5,493.5,493.5,493.5,154140,388.0,118110,-108.0,7516630000.0,19150000.0,5073,3129,2018-07-27 11:10:00
20180727 11:11,493.5,493.5,493.5,493.5,155556,1416.0,118202,92.0,7586510000.0,69880000.0,5775,4095,2018-07-27 11:11:00
20180727 11:12,493.5,493.5,493.5,493.5,155590,34.0,118170,-32.0,7588190000.0,1680000.0,7818,3381,2018-07-27 11:12:00
20180727 11:13,493.5,494.0,493.5,494.0,155592,2.0,118170,0.0,7588290000.0,100000.0,2853,1598,2018-07-27 11:13:00
20180727 11:14,494.0,494.0,494.0,494.0,155592,0.0,118170,0.0,7588290000.0,0.0,1221,715,2018-07-27 11:14:00
20180727 11:15,494.0,494.0,494.0,494.0,155592,0.0,118170,0.0,7588290000.0,0.0,869,472,2018-07-27 11:15:00
20180727 11:16,494.0,494.0,494.0,494.0,155592,0.0,118170,0.0,7588290000.0,0.0,9989,5940,2018-07-27 11:16:00
20180727 11:17,494.0,494.0,494.0,494.0,155744,152.0,118192,22.0,7595800000.0,7510000.0,5470,3041,2018-07-27 11:17:00
20180727 11:18,494.0,494.0,494.0,494.0,155768,24.0,118176,-16.0,7596980000.0,1180000.0,7157,5141,2018-07-27 11:18:00
20180727 11:19,494.0,494.0,493.0,493.0,157312,1544.0,118178,2.0,7673110000.0,76130000.0,6603,8944,2018-07-27 11:19:00
20180727 11:20,493.0,493.0,492.5,492.5,157318,6.0,118182,4.0,7673410000.0,300000.0,3596,3067,2018-07-27 11:20:00
20180727 11:21,492.5,493.0,492.5,493.0,157430,112.0,118248,66.0,7678930000.0,5520000.0,4501,3523,2018-07-27 11:21:00
20180727 11:22,493.0,493.0,493.0,493.0,157486,56.0,118250,2.0,7681690000.0,2760000.0,2657,3719,2018-07-27 11:22:00
20180727 11:23,493.0,493.0,493.0,493.0,158288,802.0,118156,-94.0,7721230000.0,39540000.0,1878,3926,2018-07-27 11:23:00
20180727 11:24,493.0,493.0,492.5,492.5,158662,374.0,118228,72.0,7739650000.0,18420000.0,2479,3084,2018-07-27 11:24:00
20180727 11:25,492.5,492.5,492.5,492.5,159650,988.0,118512,284.0,7788310000.0,48660000.0,4047,4229,2018-07-27 11:25:00
20180727 11:26,492.5,493.0,492.5,493.0,159666,16.0,118510,-2.0,7789090000.0,780000.0,3180,7184,2018-07-27 11:26:00
20180727 11:27,493.0,493.0,492.5,493.0,159704,38.0,118494,-16.0,7790970000.0,1880000.0,6514,5957,2018-07-27 11:27:00
20180727 11:28,493.0,493.0,492.5,492.5,159758,54.0,118440,-54.0,7793630000.0,2660000.0,5151,1018,2018-07-27 11:28:00
20180727 11:29,492.5,493.0,492.5,493.0,159842,84.0,118422,-18.0,7797770000.0,4140000.0,10057,3530,2018-07-27 11:29:00
20180727 13:30,492.5,493.0,492.5,493.0,159928,86.0,118438,16.0,7802000000.0,4230000.0,16173,5504,2018-07-27 13:30:00
20180727 13:31,492.5,492.5,492.0,492.0,162734,2806.0,118626,188.0,7940200000.0,138200000.0,13639,6708,2018-07-27 13:31:00
20180727 13:32,492.0,492.5,492.0,492.5,163096,362.0,118918,292.0,7958030000.0,17830000.0,2131,2808,2018-07-27 13:32:00
20180727 13:33,492.5,492.5,492.5,492.5,163096,0.0,118918,0.0,7958030000.0,0.0,2878,1745,2018-07-27 13:33:00
20180727 13:34,492.5,492.5,492.5,492.5,163096,0.0,118918,0.0,7958030000.0,0.0,1530,1811,2018-07-27 13:34:00
20180727 13:35,492.5,492.5,490.5,490.5,165160,2064.0,119126,208.0,8059380000.0,101350000.0,4961,4140,2018-07-27 13:35:00
20180727 13:36,490.5,491.0,490.5,491.0,166482,1322.0,119528,402.0,8124220000.0,64840000.0,7434,8259,2018-07-27 13:36:00
20180727 13:37,491.0,492.0,491.0,492.0,167444,962.0,119220,-308.0,8171480000.0,47260000.0,6489,5252,2018-07-27 13:37:00
20180727 13:38,492.0,492.0,491.5,491.5,167494,50.0,119216,-4.0,8173930000.0,2450000.0,3402,2937,2018-07-27 13:38:00
20180727 13:39,491.5,492.0,491.5,491.5,168706,1212.0,118524,-692.0,8233500000.0,59570000.0,7641,4544,2018-07-27 13:39:00
20180727 13:40,491.5,492.0,491.5,492.0,170918,2212.0,118524,0.0,8342330000.0,108830000.0,5598,6528,2018-07-27 13:40:00
20180727 13:41,492.0,492.0,492.0,492.0,172354,1436.0,119128,604.0,8412990000.0,70660000.0,8331,6456,2018-07-27 13:41:00
20180727 13:42,492.0,492.5,492.0,492.0,172370,16.0,119128,0.0,8413770000.0,780000.0,2903,2508,2018-07-27 13:42:00
20180727 13:43,492.0,492.5,492.0,492.5,172372,2.0,119128,0.0,8413870000.0,100000.0,4124,4359,2018-07-27 13:43:00
20180727 13:44,492.0,492.0,492.0,492.0,172376,4.0,119128,0.0,8414070000.0,200000.0,7761,9246,2018-07-27 13:44:00
20180727 13:45,492.0,492.5,492.0,492.5,172380,4.0,119132,4.0,8414270000.0,200000.0,3913,6110,2018-07-27 13:45:00
20180727 13:46,492.5,492.5,492.5,492.5,174198,1818.0,118476,-656.0,8503800000.0,89530000.0,4249,10556,2018-07-27 13:46:00
20180727 13:47,492.5,493.0,492.5,492.5,175048,850.0,118758,282.0,8545670000.0,41870000.0,16141,9861,2018-07-27 13:47:00
20180727 13:48,492.5,492.5,492.5,492.5,175048,0.0,118758,0.0,8545670000.0,0.0,1946,1921,2018-07-27 13:48:00
20180727 13:49,492.5,493.0,492.5,493.0,175568,520.0,118758,0.0,8571310000.0,25640000.0,4775,7219,2018-07-27 13:49:00
20180727 13:50,493.0,493.0,493.0,493.0,175570,2.0,118760,2.0,8571400000.0,90000.0,1775,2048,2018-07-27 13:50:00
20180727 13:51,493.0,493.0,492.5,492.5,176884,1314.0,118814,54.0,8636120000.0,64720000.0,7059,4461,2018-07-27 13:51:00
20180727 13:52,493.0,493.0,493.0,493.0,176886,2.0,118816,2.0,8636220000.0,100000.0,365,258,2018-07-27 13:52:00
20180727 13:53,493.0,493.0,493.0,493.0,176948,62.0,118878,62.0,8639270000.0,3050000.0,6459,5393,2018-07-27 13:53:00
20180727 13:54,493.0,493.0,493.0,493.0,176950,2.0,118880,2.0,8639370000.0,100000.0,5719,5250,2018-07-27 13:54:00
20180727 13:55,493.0,493.0,492.5,493.0,176960,10.0,118874,-6.0,8639870000.0,500000.0,4121,2737,2018-07-27 13:55:00
20180727 13:56,493.0,493.0,493.0,493.0,176962,2.0,118876,2.0,8639960000.0,90000.0,5465,3640,2018-07-27 13:56:00
20180727 13:57,493.0,493.0,493.0,493.0,176962,0.0,118876,0.0,8639960000.0,0.0,2432,1571,2018-07-27 13:57:00
20180727 13:58,493.0,493.0,493.0,493.0,176964,2.0,118878,2.0,8640060000.0,100000.0,4512,2494,2018-07-27 13:58:00
20180727 13:59,493.0,493.0,492.0,492.0,178024,1060.0,118888,10.0,8692260000.0,52200000.0,6215,5213,2018-07-27 13:59:00
20180727 14:00,492.0,492.0,492.0,492.0,178168,144.0,119012,124.0,8699350000.0,7090000.0,4517,2669,2018-07-27 14:00:00
20180727 14:01,492.0,492.5,492.0,492.5,178170,2.0,119014,2.0,8699440000.0,90000.0,4131,1665,2018-07-27 14:01:00
20180727 14:02,492.5,492.5,492.0,492.0,178178,8.0,119022,8.0,8699840000.0,400000.0,4366,2149,2018-07-27 14:02:00
20180727 14:03,492.0,492.5,492.0,492.5,178566,388.0,119118,96.0,8718950000.0,19110000.0,1793,1133,2018-07-27 14:03:00
20180727 14:04,492.5,492.5,492.5,492.5,178566,0.0,119118,0.0,8718950000.0,0.0,1714,2279,2018-07-27 14:04:00
20180727 14:05,492.5,492.5,492.5,492.5,178568,2.0,119118,0.0,8719050000.0,100000.0,765,1069,2018-07-27 14:05:00
20180727 14:06,493.0,493.5,493.0,493.0,181154,2586.0,118960,-158.0,8846650000.0,127600000.0,7430,7159,2018-07-27 14:06:00
20180727 14:07,493.0,493.0,492.5,492.5,181234,80.0,118976,16.0,8850590000.0,3940000.0,6439,6536,2018-07-27 14:07:00
20180727 14:08,492.5,493.0,492.5,493.0,181922,688.0,118986,10.0,8884470000.0,33880000.0,6075,7913,2018-07-27 14:08:00
20180727 14:09,493.0,493.0,493.0,493.0,181924,2.0,118988,2.0,8884570000.0,100000.0,757,1130,2018-07-27 14:09:00
20180727 14:10,493.0,493.0,492.5,493.0,181930,6.0,118990,2.0,8884870000.0,300000.0,1180,2038,2018-07-27 14:10:00
20180727 14:11,493.0,493.0,493.0,493.0,181930,0.0,118990,0.0,8884870000.0,0.0,407,611,2018-07-27 14:11:00
20180727 14:12,493.0,493.0,493.0,493.0,183568,1638.0,118946,-44.0,8965620000.0,80750000.0,22897,6994,2018-07-27 14:12:00
20180727 14:13,493.0,493.0,493.0,493.0,184286,718.0,119160,214.0,9001020000.0,35400000.0,12284,2208,2018-07-27 14:13:00
20180727 14:14,493.0,493.0,493.0,493.0,186322,2036.0,119158,-2.0,9101390000.0,100370000.0,16934,12349,2018-07-27 14:14:00
20180727 14:15,493.0,493.0,493.0,493.0,187766,1444.0,119092,-66.0,9172580000.0,71190000.0,11047,5096,2018-07-27 14:15:00
20180727 14:16,493.0,493.0,493.0,493.0,187766,0.0,119092,0.0,9172580000.0,0.0,1431,540,2018-07-27 14:16:00
20180727 14:17,493.0,493.0,493.0,493.0,187766,0.0,119092,0.0,9172580000.0,0.0,4444,1492,2018-07-27 14:17:00
20180727 14:18,493.0,493.0,493.0,493.0,187812,46.0,119080,-12.0,9174850000.0,2270000.0,3101,779,2018-07-27 14:18:00
20180727 14:19,493.0,493.0,493.0,493.0,191930,4118.0,119262,182.0,9377870000.0,203020000.0,20269,7908,2018-07-27 14:19:00
20180727 14:20,493.0,493.0,493.0,493.0,193482,1552.0,119236,-26.0,9454380000.0,76510000.0,10904,6536,2018-07-27 14:20:00
20180727 14:21,493.0,493.0,493.0,493.0,193482,0.0,119236,0.0,9454380000.0,0.0,2966,4100,2018-07-27 14:21:00
20180727 14:22,493.0,493.0,493.0,493.0,193484,2.0,119238,2.0,9454480000.0,100000.0,2026,2272,2018-07-27 14:22:00
20180727 14:23,493.0,493.0,493.0,493.0,193484,0.0,119238,0.0,9454480000.0,0.0,3356,1546,2018-07-27 14:23:00
20180727 14:24,493.0,493.0,492.5,492.5,193988,504.0,119260,22.0,9479320000.0,24840000.0,9009,6797,2018-07-27 14:24:00
20180727 14:25,492.5,492.5,492.0,492.0,193996,8.0,119264,4.0,9479710000.0,390000.0,7217,2560,2018-07-27 14:25:00
20180727 14:26,492.0,492.5,492.0,492.5,194696,700.0,119236,-28.0,9514180000.0,34470000.0,18345,9733,2018-07-27 14:26:00
20180727 14:27,492.5,492.5,492.5,492.5,195594,898.0,119390,154.0,9558410000.0,44230000.0,14007,9312,2018-07-27 14:27:00
20180727 14:28,492.5,492.5,492.5,492.5,195828,234.0,119414,24.0,9569930000.0,11520000.0,2689,2321,2018-07-27 14:28:00
20180727 14:29,492.5,492.5,492.5,492.5,195828,0.0,119414,0.0,9569930000.0,0.0,17989,6092,2018-07-27 14:29:00
20180727 14:30,492.5,492.5,492.0,492.0,195848,20.0,119418,4.0,9570920000.0,990000.0,6902,1507,2018-07-27 14:30:00
20180727 14:31,492.0,492.5,492.0,492.0,196466,618.0,119258,-160.0,9601330000.0,30410000.0,14743,3803,2018-07-27 14:31:00
20180727 14:32,492.0,492.5,492.0,492.5,196470,4.0,119254,-4.0,9601520000.0,190000.0,14176,4519,2018-07-27 14:32:00
20180727 14:33,492.5,492.5,492.5,492.5,196470,0.0,119254,0.0,9601520000.0,0.0,1365,337,2018-07-27 14:33:00
20180727 14:34,492.5,492.5,492.5,492.5,196472,2.0,119252,-2.0,9601620000.0,100000.0,10877,3220,2018-07-27 14:34:00
20180727 14:35,492.0,493.0,492.0,493.0,197354,882.0,119302,50.0,9645060000.0,43440000.0,9564,5486,2018-07-27 14:35:00
20180727 14:36,493.0,493.0,493.0,493.0,197396,42.0,119326,24.0,9647130000.0,2070000.0,4154,5591,2018-07-27 14:36:00
20180727 14:37,493.0,493.0,493.0,493.0,198090,694.0,119456,130.0,9681340000.0,34210000.0,3266,7326,2018-07-27 14:37:00
20180727 14:38,493.0,493.0,492.5,492.5,198118,28.0,119452,-4.0,9682720000.0,1380000.0,8745,3390,2018-07-27 14:38:00
20180727 14:39,492.5,493.0,492.5,493.0,198218,100.0,119496,44.0,9687650000.0,4930000.0,5683,2035,2018-07-27 14:39:00
20180727 14:40,493.0,493.5,493.0,493.0,201304,3086.0,120446,950.0,9839790000.0,152140000.0,9781,7916,2018-07-27 14:40:00
20180727 14:41,493.0,493.0,493.0,493.0,201306,2.0,120446,0.0,9839890000.0,100000.0,2780,3431,2018-07-27 14:41:00
20180727 14:42,493.0,493.0,492.5,493.0,201494,188.0,120366,-80.0,9849160000.0,9270000.0,3626,5302,2018-07-27 14:42:00
20180727 14:43,493.0,493.0,493.0,493.0,203262,1768.0,120314,-52.0,9936320000.0,87160000.0,12499,13577,2018-07-27 14:43:00
20180727 14:44,493.0,493.0,493.0,493.0,203774,512.0,120264,-50.0,9961560000.0,25240000.0,6354,5084,2018-07-27 14:44:00
20180727 14:45,493.0,493.0,493.0,493.0,203800,26.0,120268,4.0,9962850000.0,1290000.0,1729,2643,2018-07-27 14:45:00
20180727 14:46,493.0,493.5,493.0,493.5,206584,2784.0,120410,142.0,10100100000.0,137250000.0,7000,6717,2018-07-27 14:46:00
20180727 14:47,493.5,494.0,493.0,493.0,207006,422.0,120586,176.0,10120900000.0,20800000.0,10054,9149,2018-07-27 14:47:00
20180727 14:48,493.0,493.5,493.0,493.5,207644,638.0,120656,70.0,10152400000.0,31500000.0,2203,4722,2018-07-27 14:48:00
20180727 14:49,493.5,493.5,493.5,493.5,207652,8.0,120650,-6.0,10152800000.0,400000.0,4413,4120,2018-07-27 14:49:00
20180727 14:50,493.5,494.0,493.5,494.0,208454,802.0,120844,194.0,10192400000.0,39600000.0,9886,14230,2018-07-27 14:50:00
20180727 14:51,494.0,494.0,493.5,493.5,209280,826.0,120484,-360.0,10233200000.0,40800000.0,5299,6812,2018-07-27 14:51:00
20180727 14:52,493.5,493.5,493.0,493.0,209290,10.0,120474,-10.0,10233700000.0,500000.0,3131,5532,2018-07-27 14:52:00
20180727 14:53,493.0,493.5,493.0,493.5,209556,266.0,120618,144.0,10246800000.0,13100000.0,6773,8100,2018-07-27 14:53:00
20180727 14:54,493.5,493.5,493.0,493.5,209592,36.0,120598,-20.0,10248600000.0,1800000.0,5447,3418,2018-07-27 14:54:00
20180727 14:55,493.5,493.5,493.5,493.5,209810,218.0,120542,-56.0,10259300000.0,10700000.0,4711,2822,2018-07-27 14:55:00
20180727 14:56,493.5,493.5,493.5,493.5,209894,84.0,120542,0.0,10263500000.0,4200000.0,4386,7407,2018-07-27 14:56:00
20180727 14:57,493.5,494.0,493.5,493.5,210222,328.0,120336,-206.0,10279700000.0,16200000.0,10386,8283,2018-07-27 14:57:00
20180727 14:58,493.5,494.0,493.5,494.0,211874,1652.0,120514,178.0,10361200000.0,81500000.0,5430,5874,2018-07-27 14:58:00
20180727 14:59,494.0,494.0,493.5,493.5,212702,828.0,120390,-124.0,10402100000.0,40900000.0,2709,3456,2018-07-27 14:59:00
20180727 15:00,493.5,493.5,493.5,493.5,212702,0.0,120390,0.0,10402100000.0,0.0,28,346,2018-07-27 15:00:00
20180727 20:59,477.0,477.0,477.0,477.0,8220,8220.0,118178,-2212.0,392094000.0,392094000.0,4,1,2018-07-27 20:59:00
20180727 21:00,477.0,478.0,477.0,477.5,9240,1020.0,118096,-82.0,440846000.0,48752000.0,2419,4175,2018-07-27 21:00:00
20180727 21:01,477.0,477.5,477.0,477.5,10374,1134.0,118468,372.0,494993000.0,54147000.0,5737,6319,2018-07-27 21:01:00
20180727 21:02,477.5,477.5,477.0,477.0,10494,120.0,118502,34.0,500717000.0,5724000.0,7405,6827,2018-07-27 21:02:00
20180727 21:03,477.0,477.0,477.0,477.0,11626,1132.0,118140,-362.0,554714000.0,53997000.0,12383,12163,2018-07-27 21:03:00
20180727 21:04,477.0,477.5,477.0,477.5,12024,398.0,118300,160.0,573698000.0,18984000.0,3582,3590,2018-07-27 21:04:00
20180727 21:05,477.5,477.5,477.0,477.0,12030,6.0,118294,-6.0,573984000.0,286000.0,4140,1517,2018-07-27 21:05:00
20180727 21:06,477.0,477.0,477.0,477.0,12030,0.0,118294,0.0,573984000.0,0.0,1725,770,2018-07-27 21:06:00
20180727 21:07,477.0,477.5,477.0,477.5,12066,36.0,118320,26.0,575703000.0,1719000.0,6256,4415,2018-07-27 21:07:00
20180727 21:08,477.5,477.5,477.5,477.5,12068,2.0,118322,2.0,575799000.0,96000.0,1624,1039,2018-07-27 21:08:00
20180727 21:09,477.5,477.5,477.0,477.0,12150,82.0,118400,78.0,579714000.0,3915000.0,4325,6788,2018-07-27 21:09:00
20180727 21:10,477.0,477.0,477.0,477.0,12150,0.0,118400,0.0,579714000.0,0.0,1466,2438,2018-07-27 21:10:00
20180727 21:11,477.0,477.0,477.0,477.0,12150,0.0,118400,0.0,579714000.0,0.0,209,316,2018-07-27 21:11:00
20180727 21:12,477.0,477.0,477.0,477.0,12150,0.0,118400,0.0,579714000.0,0.0,836,1225,2018-07-27 21:12:00
20180727 21:13,477.0,477.0,477.0,477.0,12160,10.0,118400,0.0,580191000.0,477000.0,1640,2283,2018-07-27 21:13:00
20180727 21:14,477.0,477.5,477.0,477.0,12182,22.0,118398,-2.0,581241000.0,1050000.0,2114,2772,2018-07-27 21:14:00
20180727 21:15,477.0,477.0,477.0,477.0,12182,0.0,118398,0.0,581241000.0,0.0,2049,2283,2018-07-27 21:15:00
20180727 21:16,477.0,477.0,477.0,477.0,12182,0.0,118398,0.0,581241000.0,0.0,9002,6817,2018-07-27 21:16:00
20180727 21:17,477.0,477.0,477.0,477.0,12880,698.0,118802,404.0,614536000.0,33295000.0,5755,3804,2018-07-27 21:17:00
20180727 21:18,477.0,477.0,477.0,477.0,14282,1402.0,118912,110.0,681411000.0,66875000.0,5746,7675,2018-07-27 21:18:00
20180727 21:19,477.0,477.0,477.0,477.0,15680,1398.0,118654,-258.0,748096000.0,66685000.0,7014,5832,2018-07-27 21:19:00
20180727 21:20,477.0,477.0,477.0,477.0,15680,0.0,118654,0.0,748096000.0,0.0,3300,1754,2018-07-27 21:20:00
20180727 21:21,477.0,477.0,477.0,477.0,20168,4488.0,118050,-604.0,962173000.0,214077000.0,13315,11110,2018-07-27 21:21:00
20180727 21:22,477.0,477.0,477.0,477.0,20198,30.0,118050,0.0,963604000.0,1431000.0,1980,831,2018-07-27 21:22:00
20180727 21:23,477.0,477.5,477.0,477.0,22794,2596.0,117974,-76.0,1087430000.0,123826000.0,6245,2569,2018-07-27 21:23:00
20180727 21:24,477.0,477.0,477.0,477.0,23518,724.0,118328,354.0,1121970000.0,34540000.0,2989,2183,2018-07-27 21:24:00
20180727 21:25,477.0,477.0,477.0,477.0,23518,0.0,118328,0.0,1121970000.0,0.0,1479,629,2018-07-27 21:25:00
20180727 21:26,477.0,477.5,477.0,477.0,23792,274.0,118430,102.0,1135040000.0,13070000.0,3373,2429,2018-07-27 21:26:00
20180727 21:28,477.0,477.0,477.0,477.0,24512,720.0,119016,586.0,1169380000.0,34340000.0,5599,1993,2018-07-27 21:28:00
20180727 21:29,477.0,477.0,477.0,477.0,25812,1300.0,118784,-232.0,1231390000.0,62010000.0,8481,10367,2018-07-27 21:29:00
20180727 21:30,477.0,477.0,477.0,477.0,25812,0.0,118784,0.0,1231390000.0,0.0,556,530,2018-07-27 21:30:00
20180727 21:31,477.0,477.0,477.0,477.0,25826,14.0,118784,0.0,1232060000.0,670000.0,1675,1321,2018-07-27 21:31:00
20180727 21:32,477.0,477.0,477.0,477.0,25838,12.0,118784,0.0,1232630000.0,570000.0,1123,926,2018-07-27 21:32:00
20180727 21:34,477.0,477.5,477.0,477.5,25842,4.0,118786,2.0,1232820000.0,190000.0,2393,2152,2018-07-27 21:34:00
20180727 21:35,477.5,477.5,477.0,477.0,25844,2.0,118788,2.0,1232920000.0,100000.0,1130,950,2018-07-27 21:35:00
20180727 21:36,477.0,477.0,477.0,477.0,25844,0.0,118788,0.0,1232920000.0,0.0,2152,1806,2018-07-27 21:36:00
20180727 21:37,477.5,478.0,477.5,477.5,27442,1598.0,119420,632.0,1309220000.0,76300000.0,5892,13285,2018-07-27 21:37:00
20180727 21:38,477.5,478.0,477.5,478.0,28518,1076.0,118824,-596.0,1360660000.0,51440000.0,5041,9587,2018-07-27 21:38:00
20180727 21:39,478.0,478.0,478.0,478.0,30246,1728.0,119178,354.0,1443260000.0,82600000.0,11002,15216,2018-07-27 21:39:00
20180727 21:40,478.0,478.5,477.5,478.0,30440,194.0,119158,-20.0,1452530000.0,9270000.0,1622,7847,2018-07-27 21:40:00
20180727 21:41,478.0,478.0,478.0,478.0,32894,2454.0,118646,-512.0,1569830000.0,117300000.0,6785,13768,2018-07-27 21:41:00
20180727 21:42,478.0,478.0,478.0,478.0,32894,0.0,118646,0.0,1569830000.0,0.0,804,1468,2018-07-27 21:42:00
20180727 21:43,478.0,478.0,478.0,478.0,32894,0.0,118646,0.0,1569830000.0,0.0,573,1115,2018-07-27 21:43:00
20180727 21:44,478.0,478.0,478.0,478.0,33742,848.0,118660,14.0,1610360000.0,40530000.0,3607,10046,2018-07-27 21:44:00
20180727 21:45,478.0,478.0,478.0,478.0,34254,512.0,118808,148.0,1634840000.0,24480000.0,2425,3460,2018-07-27 21:45:00
20180727 21:46,478.0,478.5,478.0,478.5,35916,1662.0,119524,716.0,1714370000.0,79530000.0,8631,10736,2018-07-27 21:46:00
20180727 21:47,478.5,478.5,478.5,478.5,36548,632.0,118940,-584.0,1744610000.0,30240000.0,2361,6680,2018-07-27 21:47:00
20180727 21:48,478.5,478.5,478.5,478.5,36576,28.0,118940,0.0,1745950000.0,1340000.0,744,3369,2018-07-27 21:48:00
20180727 21:49,478.5,478.5,478.0,478.0,36580,4.0,118936,-4.0,1746140000.0,190000.0,1176,6026,2018-07-27 21:49:00
20180727 21:50,478.0,478.0,478.0,478.0,36580,0.0,118936,0.0,1746140000.0,0.0,576,3081,2018-07-27 21:50:00
20180727 21:51,478.0,478.5,478.0,478.5,39812,3232.0,119242,306.0,1900790000.0,154650000.0,11846,21563,2018-07-27 21:51:00
20180727 21:52,478.5,478.5,478.5,478.5,40552,740.0,118794,-448.0,1936200000.0,35410000.0,9290,9832,2018-07-27 21:52:00
20180727 21:53,478.5,478.5,478.5,478.5,40552,0.0,118794,0.0,1936200000.0,0.0,5055,5363,2018-07-27 21:53:00
20180727 21:54,478.5,478.5,478.0,478.0,42264,1712.0,119312,518.0,2018120000.0,81920000.0,13759,22858,2018-07-27 21:54:00
20180727 21:55,478.0,478.0,478.0,478.0,42264,0.0,119312,0.0,2018120000.0,0.0,6170,17377,2018-07-27 21:55:00
20180727 21:56,478.0,478.0,478.0,478.0,42264,0.0,119312,0.0,2018120000.0,0.0,4004,8063,2018-07-27 21:56:00
20180727 21:57,478.5,478.5,478.5,478.5,42266,2.0,119312,0.0,2018210000.0,90000.0,3598,4753,2018-07-27 21:57:00
20180727 21:58,478.5,478.5,478.5,478.5,42266,0.0,119312,0.0,2018210000.0,0.0,714,886,2018-07-27 21:58:00
20180727 21:59,478.5,478.5,478.0,478.0,42268,2.0,119310,-2.0,2018310000.0,100000.0,3240,3458,2018-07-27 21:59:00
20180727 22:00,478.0,478.0,478.0,478.0,42268,0.0,119310,0.0,2018310000.0,0.0,2015,3162,2018-07-27 22:00:00
20180727 22:01,478.0,478.0,478.0,478.0,42268,0.0,119310,0.0,2018310000.0,0.0,650,1089,2018-07-27 22:01:00
20180727 22:02,478.0,479.0,478.0,479.0,44710,2442.0,118304,-1006.0,2135250000.0,116940000.0,6874,15253,2018-07-27 22:02:00
20180727 22:03,479.0,479.0,479.0,479.0,44712,2.0,118302,-2.0,2135350000.0,100000.0,2420,5964,2018-07-27 22:03:00
20180727 22:04,479.0,479.0,479.0,479.0,44720,8.0,118294,-8.0,2135730000.0,380000.0,2145,5422,2018-07-27 22:04:00
20180727 22:05,479.0,479.0,479.0,479.0,44720,0.0,118294,0.0,2135730000.0,0.0,536,1393,2018-07-27 22:05:00
20180727 22:06,479.0,479.0,479.0,479.0,44720,0.0,118294,0.0,2135730000.0,0.0,734,2097,2018-07-27 22:06:00
20180727 22:07,479.0,479.5,479.0,479.5,47198,2478.0,118900,606.0,2254550000.0,118820000.0,7343,13431,2018-07-27 22:07:00
20180727 22:08,479.5,479.5,479.5,479.5,47198,0.0,118900,0.0,2254550000.0,0.0,1738,737,2018-07-27 22:08:00
20180727 22:09,479.5,480.0,479.5,479.5,47244,46.0,118894,-6.0,2256760000.0,2210000.0,5049,2896,2018-07-27 22:09:00
20180727 22:10,479.5,479.5,479.5,479.5,47244,0.0,118894,0.0,2256760000.0,0.0,1510,811,2018-07-27 22:10:00
20180727 22:11,479.5,479.5,479.5,479.5,47834,590.0,118496,-398.0,2285050000.0,28290000.0,2815,1310,2018-07-27 22:11:00
20180727 22:12,479.5,479.5,479.5,479.5,48978,1144.0,117390,-1106.0,2339900000.0,54850000.0,5746,2993,2018-07-27 22:12:00
20180727 22:13,479.5,479.5,479.5,479.5,49682,704.0,117864,474.0,2373660000.0,33760000.0,11464,5771,2018-07-27 22:13:00
20180727 22:14,479.5,479.5,479.5,479.5,49684,2.0,117864,0.0,2373750000.0,90000.0,3154,1698,2018-07-27 22:14:00
20180727 22:15,479.5,479.5,479.5,479.5,49684,0.0,117864,0.0,2373750000.0,0.0,2511,951,2018-07-27 22:15:00
20180727 22:16,479.5,479.5,479.5,479.5,49684,0.0,117864,0.0,2373750000.0,0.0,2813,1122,2018-07-27 22:16:00
20180727 22:17,479.5,480.0,479.5,479.5,49688,4.0,117866,2.0,2373950000.0,200000.0,4250,1984,2018-07-27 22:17:00
20180727 22:18,479.5,479.5,479.5,479.5,49734,46.0,117860,-6.0,2376150000.0,2200000.0,13543,6512,2018-07-27 22:18:00
20180727 22:19,479.5,479.5,479.5,479.5,49740,6.0,117860,0.0,2376440000.0,290000.0,12402,7476,2018-07-27 22:19:00
20180727 22:20,479.5,479.5,479.5,479.5,49740,0.0,117860,0.0,2376440000.0,0.0,8657,5254,2018-07-27 22:20:00
20180727 22:21,479.5,479.5,479.5,479.5,49740,0.0,117860,0.0,2376440000.0,0.0,5567,3189,2018-07-27 22:21:00
20180727 22:22,479.5,479.5,479.5,479.5,51506,1766.0,117030,-830.0,2461120000.0,84680000.0,6527,3976,2018-07-27 22:22:00
20180727 22:23,479.5,479.5,479.5,479.5,51508,2.0,117030,0.0,2461210000.0,90000.0,1305,573,2018-07-27 22:23:00
20180727 22:24,479.5,479.5,479.5,479.5,51510,2.0,117030,0.0,2461310000.0,100000.0,7969,6369,2018-07-27 22:24:00
20180727 22:25,479.5,479.5,479.5,479.5,51512,2.0,117030,0.0,2461410000.0,100000.0,4846,3585,2018-07-27 22:25:00
20180727 22:26,479.5,479.5,479.5,479.5,51512,0.0,117030,0.0,2461410000.0,0.0,2220,1359,2018-07-27 22:26:00
20180727 22:27,479.5,480.0,479.5,480.0,51516,4.0,117030,0.0,2461600000.0,190000.0,3563,2344,2018-07-27 22:27:00
20180727 22:28,480.0,480.0,479.5,479.5,51518,2.0,117032,2.0,2461690000.0,90000.0,2682,2081,2018-07-27 22:28:00
20180727 22:29,479.5,480.0,479.5,480.0,52224,706.0,117628,596.0,2495580000.0,33890000.0,1774,4857,2018-07-27 22:29:00
20180727 22:30,480.0,480.0,480.0,480.0,52224,0.0,117628,0.0,2495580000.0,0.0,223,1615,2018-07-27 22:30:00
20180727 22:31,480.0,480.0,480.0,480.0,52242,18.0,117634,6.0,2496450000.0,870000.0,277,2249,2018-07-27 22:31:00
20180727 22:32,480.0,480.5,480.0,480.5,52494,252.0,117726,92.0,2508540000.0,12090000.0,6586,4097,2018-07-27 22:32:00
20180727 22:33,480.5,480.5,480.5,480.5,52496,2.0,117728,2.0,2508640000.0,100000.0,2590,1253,2018-07-27 22:33:00
20180727 22:34,480.5,480.5,480.5,480.5,52504,8.0,117736,8.0,2509020000.0,380000.0,1884,1230,2018-07-27 22:34:00
20180727 22:36,480.5,480.5,480.5,480.5,52504,0.0,117736,0.0,2509020000.0,0.0,312,209,2018-07-27 22:36:00
20180727 22:37,480.5,480.5,480.0,480.5,52512,8.0,117740,4.0,2509410000.0,390000.0,2204,1502,2018-07-27 22:37:00
20180727 22:38,480.5,480.5,480.5,480.5,52512,0.0,117740,0.0,2509410000.0,0.0,316,230,2018-07-27 22:38:00
20180727 22:39,480.5,480.5,480.5,480.5,52522,10.0,117750,10.0,2509890000.0,480000.0,311,230,2018-07-27 22:39:00
20180727 22:40,480.5,480.5,480.5,480.5,52522,0.0,117750,0.0,2509890000.0,0.0,301,230,2018-07-27 22:40:00
20180727 22:41,480.5,480.5,480.5,480.5,54238,1716.0,117118,-632.0,2592340000.0,82450000.0,5655,6847,2018-07-27 22:41:00
20180727 22:42,480.5,480.5,480.5,480.5,54240,2.0,117118,0.0,2592440000.0,100000.0,3210,1879,2018-07-27 22:42:00
20180727 22:43,480.5,481.0,480.5,481.0,54248,8.0,117126,8.0,2592820000.0,380000.0,3310,2643,2018-07-27 22:43:00
20180727 22:44,481.0,481.0,481.0,481.0,54258,10.0,117126,0.0,2593300000.0,480000.0,2676,2945,2018-07-27 22:44:00
20180727 22:45,481.0,481.0,480.5,480.5,55236,978.0,117760,634.0,2640300000.0,47000000.0,4962,1456,2018-07-27 22:45:00
20180727 22:46,480.5,480.5,480.5,480.5,55246,10.0,117770,10.0,2640780000.0,480000.0,4700,3192,2018-07-27 22:46:00
20180727 22:47,480.5,481.0,480.5,481.0,56188,942.0,117778,8.0,2686090000.0,45310000.0,11226,4806,2018-07-27 22:47:00
20180727 22:48,481.0,483.5,481.0,483.0,57356,1168.0,118174,396.0,2742440000.0,56350000.0,7843,6323,2018-07-27 22:48:00
20180727 22:49,483.0,483.5,483.0,483.5,57418,62.0,118164,-10.0,2745430000.0,2990000.0,8895,4287,2018-07-27 22:49:00
20180727 22:50,483.5,484.0,483.0,484.0,57718,300.0,118172,8.0,2759950000.0,14520000.0,3645,4567,2018-07-27 22:50:00
20180727 22:51,484.0,484.0,484.0,484.0,57720,2.0,118172,0.0,2760040000.0,90000.0,2081,2572,2018-07-27 22:51:00
20180727 22:52,484.0,484.0,484.0,484.0,57930,210.0,118242,70.0,2770210000.0,10170000.0,3910,8782,2018-07-27 22:52:00
20180727 22:53,484.0,484.0,482.5,483.0,59526,1596.0,118132,-110.0,2847340000.0,77130000.0,5190,9268,2018-07-27 22:53:00
20180727 22:54,483.0,483.5,483.0,483.5,60282,756.0,118372,240.0,2883860000.0,36520000.0,3291,5757,2018-07-27 22:54:00
20180727 22:55,483.5,484.0,483.5,484.0,60328,46.0,118376,4.0,2886090000.0,2230000.0,2537,3255,2018-07-27 22:55:00
20180727 22:56,484.0,485.0,484.0,485.0,60454,126.0,118430,54.0,2892190000.0,6100000.0,5015,5204,2018-07-27 22:56:00
20180727 22:57,485.0,485.0,484.5,484.5,61400,946.0,117864,-566.0,2938020000.0,45830000.0,5167,6361,2018-07-27 22:57:00
20180727 22:58,484.5,484.5,484.5,484.5,61428,28.0,117864,0.0,2939380000.0,1360000.0,16854,3224,2018-07-27 22:58:00
20180727 22:59,484.5,484.5,484.5,484.5,61452,24.0,117886,22.0,2940540000.0,1160000.0,5403,2188,2018-07-27 22:59:00
20180727 23:00,485.0,485.0,485.0,485.0,61812,360.0,118012,126.0,2958000000.0,17460000.0,5493,5682,2018-07-27 23:00:00
20180727 23:01,485.5,486.0,485.5,485.5,62038,226.0,118080,68.0,2968980000.0,10980000.0,10104,3925,2018-07-27 23:01:00
20180727 23:02,485.5,486.0,485.5,486.0,62348,310.0,118120,40.0,2984030000.0,15050000.0,4291,7229,2018-07-27 23:02:00
20180727 23:03,486.5,487.5,486.5,487.0,62874,526.0,118266,146.0,3009650000.0,25620000.0,10425,4977,2018-07-27 23:03:00
20180727 23:04,487.0,489.5,487.0,489.0,64184,1310.0,117972,-294.0,3073630000.0,63980000.0,14237,10110,2018-07-27 23:04:00
20180727 23:05,489.0,489.0,489.0,489.0,64292,108.0,117990,18.0,3078910000.0,5280000.0,5621,6012,2018-07-27 23:05:00
20180727 23:06,489.0,489.0,489.0,489.0,64294,2.0,117988,-2.0,3079010000.0,100000.0,854,1644,2018-07-27 23:06:00
20180727 23:07,489.0,489.0,488.5,488.5,64300,6.0,117992,4.0,3079300000.0,290000.0,2908,4629,2018-07-27 23:07:00
20180727 23:08,488.5,488.5,488.5,488.5,64302,2.0,117994,2.0,3079400000.0,100000.0,1984,4754,2018-07-27 23:08:00
20180727 23:09,488.5,489.5,488.5,489.5,64598,296.0,118104,110.0,3093880000.0,14480000.0,2360,998,2018-07-27 23:09:00
20180727 23:10,490.0,490.5,489.0,489.0,65382,784.0,118018,-86.0,3132280000.0,38400000.0,7027,9918,2018-07-27 23:10:00
20180727 23:11,489.0,489.5,489.0,489.0,65448,66.0,117988,-30.0,3135510000.0,3230000.0,2687,4262,2018-07-27 23:11:00
20180727 23:12,489.0,489.0,488.5,489.0,65760,312.0,118138,150.0,3150750000.0,15240000.0,1066,4786,2018-07-27 23:12:00
20180727 23:13,488.5,489.0,488.5,489.0,65966,206.0,118056,-82.0,3160820000.0,10070000.0,1332,3056,2018-07-27 23:13:00
20180727 23:14,489.0,489.0,488.5,489.0,65980,14.0,118056,0.0,3161510000.0,690000.0,289,2350,2018-07-27 23:14:00
20180727 23:15,489.0,490.0,489.0,490.0,66228,248.0,117998,-58.0,3173640000.0,12130000.0,3796,4385,2018-07-27 23:15:00
20180727 23:16,489.5,489.5,489.0,489.5,66364,136.0,117950,-48.0,3180300000.0,6660000.0,2758,3368,2018-07-27 23:16:00
20180727 23:17,489.5,490.0,489.5,490.0,66538,174.0,117932,-18.0,3188830000.0,8530000.0,1349,4761,2018-07-27 23:17:00
20180727 23:18,490.5,490.5,489.5,490.0,67106,568.0,117904,-28.0,3216680000.0,27850000.0,3441,4154,2018-07-27 23:18:00
20180727 23:19,490.0,490.5,490.0,490.5,67220,114.0,118000,96.0,3222260000.0,5580000.0,1442,1311,2018-07-27 23:19:00
20180727 23:20,490.5,490.5,490.0,490.5,67228,8.0,118000,0.0,3222660000.0,400000.0,2696,1085,2018-07-27 23:20:00
20180727 23:21,490.5,490.5,490.0,490.5,67240,12.0,118006,6.0,3223240000.0,580000.0,2095,3134,2018-07-27 23:21:00
20180727 23:22,490.5,490.5,490.5,490.5,67246,6.0,118012,6.0,3223540000.0,300000.0,641,1834,2018-07-27 23:22:00
20180727 23:23,490.5,490.5,490.5,490.5,67254,8.0,118020,8.0,3223930000.0,390000.0,940,3330,2018-07-27 23:23:00
20180727 23:24,490.5,491.5,490.5,491.5,67536,282.0,118272,252.0,3237770000.0,13840000.0,3898,2616,2018-07-27 23:24:00
20180727 23:25,491.5,493.5,491.0,493.5,68632,1096.0,118792,520.0,3291700000.0,53930000.0,6407,6333,2018-07-27 23:25:00
20180727 23:26,493.5,494.0,493.5,494.0,69246,614.0,118836,44.0,3322030000.0,30330000.0,4415,6824,2018-07-27 23:26:00
20180727 23:27,494.0,494.5,494.0,494.5,69378,132.0,118864,28.0,3328550000.0,6520000.0,6327,4510,2018-07-27 23:27:00
20180727 23:28,494.5,494.5,494.0,494.5,69824,446.0,118792,-72.0,3350600000.0,22050000.0,5819,2795,2018-07-27 23:28:00
20180727 23:29,494.5,494.5,493.5,494.0,70232,408.0,118798,6.0,3370760000.0,20160000.0,4662,3183,2018-07-27 23:29:00
20180730 09:00,492.0,492.0,491.5,491.5,90630,20398.0,118178,-620.0,4459860000.0,1089100000.0,5919,2920,2018-07-30 09:00:00
20180730 09:01,491.5,491.5,490.0,490.5,91152,522.0,118064,-114.0,4485480000.0,25620000.0,4018,8614,2018-07-30 09:01:00
20180730 09:02,490.5,491.0,490.5,490.5,91402,250.0,118114,50.0,4497740000.0,12260000.0,4381,7767,2018-07-30 09:02:00
20180730 09:03,490.5,490.5,490.5,490.5,91402,0.0,118114,0.0,4497740000.0,0.0,964,488,2018-07-30 09:03:00
20180730 09:04,490.5,491.0,490.5,491.0,92210,808.0,118034,-80.0,4537420000.0,39680000.0,1311,4054,2018-07-30 09:04:00
20180730 09:05,491.0,491.0,488.5,489.0,93168,958.0,117768,-266.0,4584300000.0,46880000.0,4012,10353,2018-07-30 09:05:00
20180730 09:06,489.0,489.0,488.5,488.5,93468,300.0,117708,-60.0,4598960000.0,14660000.0,2320,5183,2018-07-30 09:06:00
20180730 09:07,489.0,489.5,489.0,489.5,93682,214.0,117634,-74.0,4609420000.0,10460000.0,2181,1318,2018-07-30 09:07:00
20180730 09:08,489.5,489.5,489.0,489.5,94894,1212.0,117484,-150.0,4668690000.0,59270000.0,2092,3446,2018-07-30 09:08:00
20180730 09:09,489.5,490.0,489.5,490.0,97216,2322.0,117098,-386.0,4782410000.0,113720000.0,4504,26995,2018-07-30 09:09:00
20180730 09:10,490.0,490.5,490.0,490.5,98398,1182.0,116412,-686.0,4840330000.0,57920000.0,4633,10558,2018-07-30 09:10:00
20180730 09:11,490.5,490.5,490.5,490.5,99514,1116.0,116660,248.0,4895070000.0,54740000.0,5158,27326,2018-07-30 09:11:00
20180730 09:12,490.5,490.5,490.5,490.5,99534,20.0,116660,0.0,4896050000.0,980000.0,1762,19906,2018-07-30 09:12:00
20180730 09:13,490.5,491.0,490.0,491.0,104344,4810.0,115524,-1136.0,5132050000.0,236000000.0,5794,11384,2018-07-30 09:13:00
20180730 09:14,491.0,491.0,490.5,491.0,104914,570.0,115286,-238.0,5160030000.0,27980000.0,6481,19508,2018-07-30 09:14:00
20180730 09:15,491.0,491.0,490.0,490.5,108472,3558.0,115440,154.0,5334610000.0,174580000.0,17119,15298,2018-07-30 09:15:00
20180730 09:16,490.5,490.5,490.0,490.0,108570,98.0,115462,22.0,5339410000.0,4800000.0,9138,12470,2018-07-30 09:16:00
20180730 09:17,490.0,490.5,490.0,490.0,108576,6.0,115462,0.0,5339700000.0,290000.0,6086,11315,2018-07-30 09:17:00
20180730 09:18,490.0,490.0,490.0,490.0,108576,0.0,115462,0.0,5339700000.0,0.0,2872,4475,2018-07-30 09:18:00
20180730 09:19,490.5,490.5,490.5,490.5,108596,20.0,115462,0.0,5340690000.0,990000.0,7816,9558,2018-07-30 09:19:00
20180730 09:20,490.5,490.5,489.5,489.5,108748,152.0,115534,72.0,5348130000.0,7440000.0,4502,5448,2018-07-30 09:20:00
20180730 09:21,489.5,489.5,489.5,489.5,111320,2572.0,116102,568.0,5474030000.0,125900000.0,11018,6052,2018-07-30 09:21:00
20180730 09:22,489.5,489.5,489.5,489.5,111322,2.0,116102,0.0,5474130000.0,100000.0,5227,3364,2018-07-30 09:22:00
20180730 09:23,489.0,489.5,489.0,489.0,112816,1494.0,115432,-670.0,5547260000.0,73130000.0,5309,3616,2018-07-30 09:23:00
20180730 09:24,489.0,489.0,489.0,489.0,112818,2.0,115432,0.0,5547360000.0,100000.0,1109,1031,2018-07-30 09:24:00
20180730 09:25,489.0,489.5,489.0,489.5,114232,1414.0,116098,666.0,5616570000.0,69210000.0,5551,6249,2018-07-30 09:25:00
20180730 09:26,489.5,489.5,489.5,489.5,118148,3916.0,115414,-684.0,5808260000.0,191690000.0,11123,4981,2018-07-30 09:26:00
20180730 09:27,489.5,490.0,489.5,489.5,118598,450.0,115438,24.0,5830290000.0,22030000.0,5281,3906,2018-07-30 09:27:00
20180730 09:28,489.5,489.5,489.5,489.5,121368,2770.0,116012,574.0,5965880000.0,135590000.0,17438,10468,2018-07-30 09:28:00
20180730 09:29,489.5,489.5,489.0,489.0,121382,14.0,115998,-14.0,5966560000.0,680000.0,7476,7094,2018-07-30 09:29:00
20180730 09:30,489.0,489.0,486.0,486.0,124186,2804.0,115882,-116.0,6103340000.0,136780000.0,9179,5733,2018-07-30 09:30:00
20180730 09:31,486.0,486.5,485.5,486.0,124844,658.0,115558,-324.0,6135320000.0,31980000.0,3199,14102,2018-07-30 09:31:00
20180730 09:32,486.0,486.5,485.5,485.5,125380,536.0,115858,300.0,6161370000.0,26050000.0,4324,7954,2018-07-30 09:32:00
20180730 09:33,485.5,488.0,485.5,487.5,127108,1728.0,116512,654.0,6245470000.0,84100000.0,22309,12159,2018-07-30 09:33:00
20180730 09:34,487.5,488.0,487.5,487.5,127852,744.0,115920,-592.0,6281740000.0,36270000.0,35549,12149,2018-07-30 09:34:00
20180730 09:35,487.5,488.0,487.5,487.5,127868,16.0,115928,8.0,6282520000.0,780000.0,17655,4784,2018-07-30 09:35:00
20180730 09:36,488.0,488.0,487.5,487.5,128260,392.0,115766,-162.0,6301640000.0,19120000.0,44677,14391,2018-07-30 09:36:00
20180730 09:37,487.5,488.5,487.5,488.0,130626,2366.0,116512,746.0,6417070000.0,115430000.0,32064,10499,2018-07-30 09:37:00
20180730 09:38,488.0,488.5,487.5,488.0,131276,650.0,116134,-378.0,6448790000.0,31720000.0,5539,4405,2018-07-30 09:38:00
20180730 09:39,488.0,488.0,487.0,487.5,132468,1192.0,115398,-736.0,6506910000.0,58120000.0,4276,17671,2018-07-30 09:39:00
20180730 09:40,487.5,487.5,487.5,487.5,136136,3668.0,116024,626.0,6685720000.0,178810000.0,3793,8443,2018-07-30 09:40:00
20180730 09:41,487.5,487.5,487.0,487.0,138974,2838.0,116034,10.0,6824010000.0,138290000.0,3915,3688,2018-07-30 09:41:00
20180730 09:42,487.0,487.5,487.0,487.5,139230,256.0,115812,-222.0,6836490000.0,12480000.0,3435,8076,2018-07-30 09:42:00
20180730 09:43,487.5,488.0,487.5,488.0,141438,2208.0,115004,-808.0,6944170000.0,107680000.0,3999,27394,2018-07-30 09:43:00
20180730 09:44,488.0,488.5,488.0,488.5,141632,194.0,115066,62.0,6953630000.0,9460000.0,4065,22567,2018-07-30 09:44:00
20180730 09:45,488.5,489.0,488.5,488.5,145930,4298.0,114960,-106.0,7163590000.0,209960000.0,8974,9158,2018-07-30 09:45:00
20180730 09:46,488.5,488.5,488.0,488.0,151060,5130.0,115036,76.0,7413940000.0,250350000.0,8205,24347,2018-07-30 09:46:00
20180730 09:47,488.0,488.0,488.0,488.0,151060,0.0,115036,0.0,7413940000.0,0.0,1351,1107,2018-07-30 09:47:00
20180730 09:48,488.0,488.0,488.0,488.0,151060,0.0,115036,0.0,7413940000.0,0.0,259,309,2018-07-30 09:48:00
20180730 09:49,488.0,488.5,488.0,488.5,152382,1322.0,115994,958.0,7478520000.0,64580000.0,1869,4298,2018-07-30 09:49:00
20180730 09:50,488.5,489.0,488.5,489.0,152388,6.0,115996,2.0,7478810000.0,290000.0,307,2728,2018-07-30 09:50:00
20180730 09:51,489.0,489.0,489.0,489.0,153286,898.0,115990,-6.0,7522720000.0,43910000.0,5498,9684,2018-07-30 09:51:00
20180730 09:52,489.0,489.0,489.0,489.0,154386,1100.0,115890,-100.0,7576510000.0,53790000.0,11072,9170,2018-07-30 09:52:00
20180730 09:53,489.0,489.0,489.0,489.0,154390,4.0,115890,0.0,7576710000.0,200000.0,1035,2240,2018-07-30 09:53:00
20180730 09:54,489.0,489.0,489.0,489.0,154390,0.0,115890,0.0,7576710000.0,0.0,4289,18910,2018-07-30 09:54:00
20180730 09:55,489.0,489.0,489.0,489.0,154476,86.0,115914,24.0,7580910000.0,4200000.0,2594,6058,2018-07-30 09:55:00
20180730 09:56,489.0,489.0,489.0,489.0,154476,0.0,115914,0.0,7580910000.0,0.0,1024,253,2018-07-30 09:56:00
20180730 09:57,489.0,489.0,489.0,489.0,154484,8.0,115914,0.0,7581300000.0,390000.0,2892,2667,2018-07-30 09:57:00
20180730 09:58,489.0,489.0,489.0,489.0,154484,0.0,115914,0.0,7581300000.0,0.0,11929,5677,2018-07-30 09:58:00
20180730 09:59,489.0,489.0,489.0,489.0,154486,2.0,115914,0.0,7581400000.0,100000.0,12162,5895,2018-07-30 09:59:00
20180730 10:00,489.0,489.0,489.0,489.0,154950,464.0,115930,16.0,7604090000.0,22690000.0,18444,7318,2018-07-30 10:00:00
20180730 10:01,489.0,489.0,489.0,489.0,155126,176.0,115924,-6.0,7612700000.0,8610000.0,5586,8195,2018-07-30 10:01:00
20180730 10:02,489.0,489.0,488.5,488.5,155366,240.0,115854,-70.0,7624420000.0,11720000.0,20902,8592,2018-07-30 10:02:00
20180730 10:03,488.5,488.5,488.5,488.5,155366,0.0,115854,0.0,7624420000.0,0.0,6312,1136,2018-07-30 10:03:00
20180730 10:04,488.5,488.5,488.5,488.5,155368,2.0,115854,0.0,7624520000.0,100000.0,13960,2299,2018-07-30 10:04:00
20180730 10:05,488.5,489.0,488.5,488.5,155860,492.0,115932,78.0,7648550000.0,24030000.0,23538,5904,2018-07-30 10:05:00
20180730 10:06,488.5,488.5,488.5,488.5,155860,0.0,115932,0.0,7648550000.0,0.0,4101,2571,2018-07-30 10:06:00
20180730 10:07,488.5,489.0,488.5,489.0,156220,360.0,116064,132.0,7666160000.0,17610000.0,2330,1928,2018-07-30 10:07:00
20180730 10:08,489.0,489.0,489.0,489.0,156220,0.0,116064,0.0,7666160000.0,0.0,476,751,2018-07-30 10:08:00
20180730 10:09,489.0,489.0,489.0,489.0,156224,4.0,116068,4.0,7666350000.0,190000.0,953,1373,2018-07-30 10:09:00
20180730 10:10,489.0,489.0,489.0,489.0,159182,2958.0,116048,-20.0,7811000000.0,144650000.0,20782,5937,2018-07-30 10:10:00
20180730 10:11,489.0,489.0,489.0,489.0,159182,0.0,116048,0.0,7811000000.0,0.0,12965,3504,2018-07-30 10:11:00
20180730 10:12,489.0,489.0,489.0,489.0,159182,0.0,116048,0.0,7811000000.0,0.0,11477,3590,2018-07-30 10:12:00
20180730 10:13,489.0,489.5,489.0,489.5,159208,26.0,116058,10.0,7812270000.0,1270000.0,13807,4623,2018-07-30 10:13:00
20180730 10:14,489.5,489.5,489.0,489.0,159248,40.0,116060,2.0,7814230000.0,1960000.0,19014,6643,2018-07-30 10:14:00
20180730 10:30,489.0,489.5,489.0,489.5,160634,1386.0,115464,-596.0,7882070000.0,67840000.0,22454,9408,2018-07-30 10:30:00
20180730 10:31,489.5,489.5,489.5,489.5,160636,2.0,115466,2.0,7882170000.0,100000.0,17115,7917,2018-07-30 10:31:00
20180730 10:32,489.5,489.5,489.5,489.5,160636,0.0,115466,0.0,7882170000.0,0.0,906,537,2018-07-30 10:32:00
20180730 10:33,489.5,489.5,489.5,489.5,160672,36.0,115468,2.0,7883930000.0,1760000.0,9450,2903,2018-07-30 10:33:00
20180730 10:34,489.5,489.5,489.5,489.5,160672,0.0,115468,0.0,7883930000.0,0.0,4503,1946,2018-07-30 10:34:00
20180730 10:35,490.0,490.0,490.0,490.0,160680,8.0,115470,2.0,7884330000.0,400000.0,2959,1419,2018-07-30 10:35:00
20180730 10:36,490.0,490.0,490.0,490.0,160680,0.0,115470,0.0,7884330000.0,0.0,1935,1008,2018-07-30 10:36:00
20180730 10:37,490.0,490.0,489.5,489.5,161234,554.0,115808,338.0,7911440000.0,27110000.0,4994,3889,2018-07-30 10:37:00
20180730 10:38,489.5,489.5,489.5,489.5,161234,0.0,115808,0.0,7911440000.0,0.0,1892,1370,2018-07-30 10:38:00
20180730 10:39,489.5,489.5,489.5,489.5,161234,0.0,115808,0.0,7911440000.0,0.0,1684,1297,2018-07-30 10:39:00
20180730 10:40,489.5,489.5,489.5,489.5,162500,1266.0,116412,604.0,7973410000.0,61970000.0,6115,4162,2018-07-30 10:40:00
20180730 10:41,489.5,489.5,489.5,489.5,162504,4.0,116414,2.0,7973610000.0,200000.0,2190,1434,2018-07-30 10:41:00
20180730 10:42,489.5,490.0,489.5,490.0,162506,2.0,116414,0.0,7973710000.0,100000.0,2184,1620,2018-07-30 10:42:00
20180730 10:43,490.0,490.5,490.0,490.5,162694,188.0,116434,20.0,7982920000.0,9210000.0,12203,4475,2018-07-30 10:43:00
20180730 10:44,490.5,490.5,490.0,490.0,163434,740.0,116830,396.0,8019210000.0,36290000.0,11172,24378,2018-07-30 10:44:00
20180730 10:45,490.0,490.5,490.0,490.5,163468,34.0,116812,-18.0,8020870000.0,1660000.0,6256,18149,2018-07-30 10:45:00
20180730 10:46,490.5,490.5,490.0,490.0,163480,12.0,116820,8.0,8021460000.0,590000.0,18347,16358,2018-07-30 10:46:00
20180730 10:47,490.0,490.0,490.0,490.0,163480,0.0,116820,0.0,8021460000.0,0.0,2232,1970,2018-07-30 10:47:00
20180730 10:48,490.0,490.0,490.0,490.0,163482,2.0,116822,2.0,8021560000.0,100000.0,1010,914,2018-07-30 10:48:00
20180730 10:49,490.0,490.5,490.0,490.5,164554,1072.0,116916,94.0,8074140000.0,52580000.0,6301,5311,2018-07-30 10:49:00
20180730 10:50,490.5,490.5,490.5,490.5,164574,20.0,116916,0.0,8075120000.0,980000.0,3801,5861,2018-07-30 10:50:00
20180730 10:51,490.5,490.5,490.5,490.5,164574,0.0,116916,0.0,8075120000.0,0.0,1983,2951,2018-07-30 10:51:00
20180730 10:52,490.5,490.5,490.0,490.5,165770,1196.0,116208,-708.0,8133790000.0,58670000.0,3554,2979,2018-07-30 10:52:00
20180730 10:53,490.5,490.5,490.5,490.5,166092,322.0,116354,146.0,8149580000.0,15790000.0,12041,14081,2018-07-30 10:53:00
20180730 10:54,490.5,490.5,489.5,489.5,166362,270.0,116568,214.0,8162810000.0,13230000.0,5960,12769,2018-07-30 10:54:00
20180730 10:55,489.5,490.5,489.5,490.5,167770,1408.0,117172,604.0,8231800000.0,68990000.0,12783,7578,2018-07-30 10:55:00
20180730 10:56,490.5,490.5,490.5,490.5,167802,32.0,117202,30.0,8233370000.0,1570000.0,9613,3113,2018-07-30 10:56:00
20180730 10:57,490.5,490.5,490.5,490.5,167812,10.0,117212,10.0,8233860000.0,490000.0,4135,3445,2018-07-30 10:57:00
20180730 10:58,490.5,490.5,490.0,490.0,167906,94.0,117202,-10.0,8238470000.0,4610000.0,2255,1969,2018-07-30 10:58:00
20180730 10:59,490.5,490.5,490.5,490.5,167908,2.0,117204,2.0,8238570000.0,100000.0,1672,1189,2018-07-30 10:59:00
20180730 11:00,490.5,490.5,490.5,490.5,168020,112.0,117308,104.0,8244060000.0,5490000.0,6309,15349,2018-07-30 11:00:00
20180730 11:01,490.5,490.5,490.5,490.5,168026,6.0,117314,6.0,8244360000.0,300000.0,1284,2785,2018-07-30 11:01:00
20180730 11:02,490.5,490.5,490.0,490.0,168284,258.0,117156,-158.0,8257000000.0,12640000.0,3100,19364,2018-07-30 11:02:00
20180730 11:03,490.0,490.0,490.0,490.0,168288,4.0,117156,0.0,8257190000.0,190000.0,7049,24889,2018-07-30 11:03:00
20180730 11:04,490.0,490.0,490.0,490.0,168708,420.0,116994,-162.0,8277770000.0,20580000.0,6788,9793,2018-07-30 11:04:00
20180730 11:05,490.0,490.0,490.0,490.0,169954,1246.0,116414,-580.0,8338830000.0,61060000.0,4024,3834,2018-07-30 11:05:00
20180730 11:06,490.0,490.0,490.0,490.0,173990,4036.0,117332,918.0,8536590000.0,197760000.0,13175,3420,2018-07-30 11:06:00
20180730 11:07,490.0,490.0,490.0,490.0,175370,1380.0,116668,-664.0,8604210000.0,67620000.0,7545,4122,2018-07-30 11:07:00
20180730 11:08,490.0,490.0,490.0,490.0,177572,2202.0,117024,356.0,8712110000.0,107900000.0,11459,6779,2018-07-30 11:08:00
20180730 11:09,490.0,490.0,490.0,490.0,177572,0.0,117024,0.0,8712110000.0,0.0,1136,1503,2018-07-30 11:09:00
20180730 11:10,490.0,490.0,490.0,490.0,177816,244.0,116978,-46.0,8724070000.0,11960000.0,3227,2816,2018-07-30 11:10:00
20180730 11:11,490.0,490.0,490.0,490.0,178064,248.0,117042,64.0,8736220000.0,12150000.0,5074,2262,2018-07-30 11:11:00
20180730 11:12,490.0,490.0,490.0,490.0,178064,0.0,117042,0.0,8736220000.0,0.0,1902,2412,2018-07-30 11:12:00
20180730 11:13,490.0,490.0,489.5,489.5,178368,304.0,116922,-120.0,8751100000.0,14880000.0,4264,3567,2018-07-30 11:13:00
20180730 11:14,489.5,489.5,489.0,489.0,180634,2266.0,116800,-122.0,8861910000.0,110810000.0,2784,3812,2018-07-30 11:14:00
20180730 11:15,489.0,489.0,489.0,489.0,180634,0.0,116800,0.0,8861910000.0,0.0,501,813,2018-07-30 11:15:00
20180730 11:16,489.0,489.0,489.0,489.0,180636,2.0,116798,-2.0,8862000000.0,90000.0,465,649,2018-07-30 11:16:00
20180730 11:18,489.0,489.0,489.0,489.0,180892,256.0,116714,-84.0,8874520000.0,12520000.0,558,803,2018-07-30 11:18:00
20180730 11:19,489.0,489.0,488.5,488.5,183740,2848.0,116718,4.0,9013650000.0,139130000.0,5288,6329,2018-07-30 11:19:00
20180730 11:20,488.5,488.5,488.0,488.0,183840,100.0,116714,-4.0,9018530000.0,4880000.0,10439,3445,2018-07-30 11:20:00
20180730 11:21,488.0,488.0,488.0,488.0,183944,104.0,116758,44.0,9023600000.0,5070000.0,5554,1226,2018-07-30 11:21:00
20180730 11:22,488.0,488.0,488.0,488.0,183944,0.0,116758,0.0,9023600000.0,0.0,4522,2464,2018-07-30 11:22:00
20180730 11:23,488.0,488.0,488.0,488.0,185300,1356.0,116182,-576.0,9089770000.0,66170000.0,7804,4272,2018-07-30 11:23:00
20180730 11:24,488.0,488.5,488.0,488.0,185322,22.0,116168,-14.0,9090850000.0,1080000.0,6476,5848,2018-07-30 11:24:00
20180730 11:25,488.0,488.0,488.0,488.0,185322,0.0,116168,0.0,9090850000.0,0.0,641,819,2018-07-30 11:25:00
20180730 11:26,488.0,488.0,488.0,488.0,185322,0.0,116168,0.0,9090850000.0,0.0,454,484,2018-07-30 11:26:00
20180730 11:27,488.0,489.0,488.0,488.5,188350,3028.0,116356,188.0,9238850000.0,148000000.0,3892,5627,2018-07-30 11:27:00
20180730 11:28,488.5,489.0,488.5,489.0,188538,188.0,116336,-20.0,9248050000.0,9200000.0,3275,5688,2018-07-30 11:28:00
20180730 11:29,489.0,489.5,489.0,489.0,188914,376.0,116180,-156.0,9266450000.0,18400000.0,4436,1806,2018-07-30 11:29:00
20180730 11:30,489.0,489.0,489.0,489.0,188914,0.0,116180,0.0,9266450000.0,0.0,140,94,2018-07-30 11:30:00
20180730 13:30,489.0,489.5,489.0,489.5,192376,3462.0,117122,942.0,9435920000.0,169470000.0,16475,3579,2018-07-30 13:30:00
20180730 13:31,489.5,489.5,488.5,489.0,192890,514.0,117030,-92.0,9461040000.0,25120000.0,5293,4716,2018-07-30 13:31:00
20180730 13:32,489.0,489.0,488.5,488.5,195030,2140.0,116882,-148.0,9565570000.0,104530000.0,8189,4282,2018-07-30 13:32:00
20180730 13:33,488.5,488.5,487.5,487.5,198506,3476.0,117146,264.0,9735340000.0,169770000.0,10662,6480,2018-07-30 13:33:00
20180730 13:34,487.5,487.5,487.0,487.0,199568,1062.0,116482,-664.0,9787110000.0,51770000.0,2377,2619,2018-07-30 13:34:00
20180730 13:35,487.0,487.0,486.0,487.0,202104,2536.0,117484,1002.0,9910600000.0,123490000.0,20120,27478,2018-07-30 13:35:00
20180730 13:36,487.0,487.0,487.0,487.0,202764,660.0,117646,162.0,9942750000.0,32150000.0,12411,15860,2018-07-30 13:36:00
20180730 13:37,486.5,487.0,486.5,487.0,202878,114.0,117588,-58.0,9948300000.0,5550000.0,4568,10363,2018-07-30 13:37:00
20180730 13:38,486.5,487.0,486.5,487.0,203734,856.0,117776,188.0,9989980000.0,41680000.0,7781,10599,2018-07-30 13:38:00
20180730 13:39,487.5,487.5,487.5,487.5,203738,4.0,117776,0.0,9990180000.0,200000.0,1366,3021,2018-07-30 13:39:00
20180730 13:40,487.5,487.5,487.0,487.5,206958,3220.0,117058,-718.0,10147100000.0,156920000.0,6104,25355,2018-07-30 13:40:00
20180730 13:41,487.5,487.5,487.5,487.5,206958,0.0,117058,0.0,10147100000.0,0.0,606,1932,2018-07-30 13:41:00
20180730 13:42,487.5,487.5,487.5,487.5,206958,0.0,117058,0.0,10147100000.0,0.0,1152,4874,2018-07-30 13:42:00
20180730 13:43,487.5,487.5,487.5,487.5,208128,1170.0,117768,710.0,10204100000.0,57000000.0,4750,26623,2018-07-30 13:43:00
20180730 13:44,487.5,487.5,487.5,487.5,208128,0.0,117768,0.0,10204100000.0,0.0,2411,3993,2018-07-30 13:44:00
20180730 13:45,487.5,488.5,487.5,488.5,208364,236.0,117682,-86.0,10215700000.0,11600000.0,4420,25168,2018-07-30 13:45:00
20180730 13:46,488.5,488.5,488.0,488.0,209638,1274.0,117004,-678.0,10277800000.0,62100000.0,6383,5448,2018-07-30 13:46:00
20180730 13:47,488.0,488.0,488.0,488.0,209638,0.0,117004,0.0,10277800000.0,0.0,764,738,2018-07-30 13:47:00
20180730 13:49,488.0,488.0,488.0,488.0,209654,16.0,117004,0.0,10278600000.0,800000.0,2141,2482,2018-07-30 13:49:00
20180730 13:50,488.0,488.0,488.0,488.0,209654,0.0,117004,0.0,10278600000.0,0.0,6183,10735,2018-07-30 13:50:00
20180730 13:51,488.0,488.0,488.0,488.0,210060,406.0,116678,-326.0,10298400000.0,19800000.0,4232,7461,2018-07-30 13:51:00
20180730 13:52,488.0,488.0,488.0,488.0,212080,2020.0,116480,-198.0,10397000000.0,98600000.0,2644,4854,2018-07-30 13:52:00
20180730 13:53,488.0,488.0,488.0,488.0,212228,148.0,116430,-50.0,10404200000.0,7200000.0,21827,6462,2018-07-30 13:53:00
20180730 13:54,488.0,488.0,488.0,488.0,213116,888.0,116462,32.0,10447600000.0,43400000.0,31948,15948,2018-07-30 13:54:00
20180730 13:55,488.0,488.5,488.0,488.0,213676,560.0,116664,202.0,10474900000.0,27300000.0,15091,18634,2018-07-30 13:55:00
20180730 13:56,488.0,488.0,488.0,488.0,213676,0.0,116664,0.0,10474900000.0,0.0,13763,12425,2018-07-30 13:56:00
20180730 13:57,488.0,488.0,488.0,488.0,213676,0.0,116664,0.0,10474900000.0,0.0,11200,14790,2018-07-30 13:57:00
20180730 13:58,488.0,488.5,488.0,488.5,214728,1052.0,116214,-450.0,10526300000.0,51400000.0,10673,17047,2018-07-30 13:58:00
20180730 13:59,488.5,488.5,488.5,488.5,215128,400.0,115884,-330.0,10545800000.0,19500000.0,2336,1865,2018-07-30 13:59:00
20180730 14:00,488.5,488.5,488.5,488.5,215128,0.0,115884,0.0,10545800000.0,0.0,5319,10216,2018-07-30 14:00:00
20180730 14:01,488.5,488.5,488.0,488.0,215528,400.0,115884,0.0,10565300000.0,19500000.0,5593,12818,2018-07-30 14:01:00
20180730 14:02,488.0,488.0,488.0,488.0,215528,0.0,115884,0.0,10565300000.0,0.0,276,537,2018-07-30 14:02:00
20180730 14:03,488.0,488.0,488.0,488.0,215530,2.0,115882,-2.0,10565400000.0,100000.0,1670,3281,2018-07-30 14:03:00
20180730 14:04,488.0,488.0,488.0,488.0,215532,2.0,115882,0.0,10565500000.0,100000.0,1991,3765,2018-07-30 14:04:00
20180730 14:05,488.0,488.0,488.0,488.0,215532,0.0,115882,0.0,10565500000.0,0.0,568,1082,2018-07-30 14:05:00
20180730 14:06,488.0,488.0,488.0,488.0,215534,2.0,115882,0.0,10565600000.0,100000.0,578,1089,2018-07-30 14:06:00
20180730 14:07,488.5,488.5,488.5,488.5,215538,4.0,115886,4.0,10565800000.0,200000.0,579,1088,2018-07-30 14:07:00
20180730 14:08,488.5,488.5,488.5,488.5,215538,0.0,115886,0.0,10565800000.0,0.0,1434,2725,2018-07-30 14:08:00
20180730 14:09,488.5,488.5,488.5,488.5,215548,10.0,115886,0.0,10566300000.0,500000.0,1151,2172,2018-07-30 14:09:00
20180730 14:10,488.5,488.5,488.5,488.5,215548,0.0,115886,0.0,10566300000.0,0.0,1604,2705,2018-07-30 14:10:00
20180730 14:11,488.5,488.5,488.5,488.5,215548,0.0,115886,0.0,10566300000.0,0.0,329,541,2018-07-30 14:11:00
20180730 14:12,488.5,488.5,488.5,488.5,215998,450.0,116054,168.0,10588300000.0,22000000.0,1935,3126,2018-07-30 14:12:00
20180730 14:13,488.5,488.5,488.5,488.5,215998,0.0,116054,0.0,10588300000.0,0.0,1081,1302,2018-07-30 14:13:00
20180730 14:14,488.5,488.5,488.5,488.5,215998,0.0,116054,0.0,10588300000.0,0.0,352,656,2018-07-30 14:14:00
20180730 14:15,488.5,488.5,488.5,488.5,215998,0.0,116054,0.0,10588300000.0,0.0,678,1316,2018-07-30 14:15:00
20180730 14:17,488.5,488.5,488.5,488.5,215998,0.0,116054,0.0,10588300000.0,0.0,676,1328,2018-07-30 14:17:00
20180730 14:18,488.5,489.0,488.5,489.0,216054,56.0,116070,16.0,10591000000.0,2700000.0,2758,1050,2018-07-30 14:18:00
20180730 14:19,489.0,489.5,489.0,489.5,216220,166.0,116002,-68.0,10599200000.0,8200000.0,14543,11527,2018-07-30 14:19:00
20180730 14:20,489.5,489.5,489.0,489.0,216520,300.0,116302,300.0,10613800000.0,14600000.0,7186,9708,2018-07-30 14:20:00
20180730 14:21,489.0,489.0,489.0,489.0,216820,300.0,116452,150.0,10628500000.0,14700000.0,9758,3741,2018-07-30 14:21:00
20180730 14:22,489.0,489.0,489.0,489.0,217296,476.0,116698,246.0,10651800000.0,23300000.0,5127,3012,2018-07-30 14:22:00
20180730 14:23,489.0,489.0,488.5,488.5,217302,6.0,116696,-2.0,10652100000.0,300000.0,5857,6332,2018-07-30 14:23:00
20180730 14:24,488.5,488.5,488.5,488.5,217302,0.0,116696,0.0,10652100000.0,0.0,6347,4416,2018-07-30 14:24:00
20180730 14:25,488.5,488.5,488.5,488.5,217302,0.0,116696,0.0,10652100000.0,0.0,4479,2749,2018-07-30 14:25:00
20180730 14:26,488.5,489.0,488.5,488.5,217314,12.0,116690,-6.0,10652700000.0,600000.0,8113,2549,2018-07-30 14:26:00
20180730 14:27,488.5,488.5,488.5,488.5,217314,0.0,116690,0.0,10652700000.0,0.0,793,259,2018-07-30 14:27:00
20180730 14:29,488.5,488.5,488.0,488.0,217884,570.0,116772,82.0,10680500000.0,27800000.0,7186,3196,2018-07-30 14:29:00
20180730 14:30,488.0,488.0,488.0,488.0,217884,0.0,116772,0.0,10680500000.0,0.0,9846,2539,2018-07-30 14:30:00
20180730 14:31,488.0,488.0,487.0,487.5,218646,762.0,116904,132.0,10717700000.0,37200000.0,12271,12319,2018-07-30 14:31:00
20180730 14:32,487.5,487.5,487.5,487.5,219890,1244.0,116720,-184.0,10778300000.0,60600000.0,13963,12539,2018-07-30 14:32:00
20180730 14:33,487.5,488.0,487.5,488.0,221112,1222.0,116302,-418.0,10837900000.0,59600000.0,8720,10095,2018-07-30 14:33:00
20180730 14:34,488.0,488.0,487.5,487.5,221116,4.0,116298,-4.0,10838100000.0,200000.0,827,2432,2018-07-30 14:34:00
20180730 14:35,488.0,488.0,488.0,488.0,221118,2.0,116300,2.0,10838200000.0,100000.0,529,1617,2018-07-30 14:35:00
20180730 14:36,488.0,488.0,488.0,488.0,221118,0.0,116300,0.0,10838200000.0,0.0,1300,2025,2018-07-30 14:36:00
20180730 14:37,488.0,488.0,488.0,488.0,221118,0.0,116300,0.0,10838200000.0,0.0,789,1215,2018-07-30 14:37:00
20180730 14:38,488.0,488.0,488.0,488.0,221118,0.0,116300,0.0,10838200000.0,0.0,405,810,2018-07-30 14:38:00
20180730 14:39,488.0,488.0,488.0,488.0,221118,0.0,116300,0.0,10838200000.0,0.0,4379,1766,2018-07-30 14:39:00
20180730 14:40,488.0,488.0,487.0,487.5,221726,608.0,116156,-144.0,10867800000.0,29600000.0,3658,7251,2018-07-30 14:40:00
20180730 14:41,487.5,487.5,487.5,487.5,223636,1910.0,117072,916.0,10960900000.0,93100000.0,13824,39508,2018-07-30 14:41:00
20180730 14:42,487.5,487.5,487.0,487.5,225348,1712.0,117352,280.0,11044400000.0,83500000.0,10722,31546,2018-07-30 14:42:00
20180730 14:43,487.5,487.5,487.5,487.5,227736,2388.0,117356,4.0,11160800000.0,116400000.0,9931,13525,2018-07-30 14:43:00
20180730 14:44,487.5,488.0,487.5,488.0,227996,260.0,117470,114.0,11173500000.0,12700000.0,3181,1481,2018-07-30 14:44:00
20180730 14:45,488.0,489.0,488.0,489.0,228558,562.0,117370,-100.0,11200900000.0,27400000.0,5548,8358,2018-07-30 14:45:00
20180730 14:46,489.0,489.0,488.5,489.0,229322,764.0,117708,338.0,11238300000.0,37400000.0,5829,8205,2018-07-30 14:46:00
20180730 14:47,489.0,489.0,489.0,489.0,229346,24.0,117690,-18.0,11239500000.0,1200000.0,1172,846,2018-07-30 14:47:00
20180730 14:48,489.0,490.0,489.0,490.0,229642,296.0,117786,96.0,11254000000.0,14500000.0,4245,2351,2018-07-30 14:48:00
20180730 14:49,490.0,490.0,489.5,489.5,229866,224.0,117754,-32.0,11264900000.0,10900000.0,3220,2958,2018-07-30 14:49:00
20180730 14:50,490.0,491.5,490.0,491.5,231074,1208.0,118272,518.0,11324200000.0,59300000.0,8185,6313,2018-07-30 14:50:00
20180730 14:51,491.5,491.5,491.0,491.5,231098,24.0,118272,0.0,11325400000.0,1200000.0,3144,3723,2018-07-30 14:51:00
20180730 14:52,491.5,491.5,491.0,491.0,231844,746.0,118526,254.0,11362000000.0,36600000.0,5246,8053,2018-07-30 14:52:00
20180730 14:53,491.0,491.5,491.0,491.0,231958,114.0,118636,110.0,11367600000.0,5600000.0,5599,3625,2018-07-30 14:53:00
20180730 14:54,491.0,491.5,490.5,490.5,233960,2002.0,119586,950.0,11466000000.0,98400000.0,6947,5438,2018-07-30 14:54:00
20180730 14:55,491.0,491.0,491.0,491.0,234522,562.0,119728,142.0,11493600000.0,27600000.0,7989,17107,2018-07-30 14:55:00
20180730 14:56,491.0,491.0,490.5,490.5,234528,6.0,119730,2.0,11493900000.0,300000.0,7212,29283,2018-07-30 14:56:00
20180730 14:57,490.5,491.0,490.5,490.5,235610,1082.0,120098,368.0,11547000000.0,53100000.0,11331,25166,2018-07-30 14:57:00
20180730 14:58,490.5,491.5,490.5,491.5,235950,340.0,120336,238.0,11563700000.0,16700000.0,7211,5932,2018-07-30 14:58:00
20180730 14:59,491.5,491.5,490.5,491.0,236990,1040.0,120664,328.0,11614700000.0,51000000.0,15167,5584,2018-07-30 14:59:00
20180730 15:00,491.0,491.0,491.0,491.0,236990,0.0,120664,0.0,11614700000.0,0.0,1272,296,2018-07-30 15:00:00
20180730 20:59,495.0,495.0,495.0,495.0,4,4.0,120392,-272.0,198000.0,198000.0,1,1,2018-07-30 20:59:00
20180730 21:00,495.0,495.0,493.5,495.0,1392,1388.0,119888,-504.0,68738500.0,68540500.0,2709,11588,2018-07-30 21:00:00
20180730 21:01,495.0,495.5,495.0,495.5,1414,22.0,119908,20.0,69828600.0,1090100.0,896,2366,2018-07-30 21:01:00
20180730 21:02,495.0,495.0,494.0,494.0,1830,416.0,119586,-322.0,90415800.0,20587200.0,3871,4285,2018-07-30 21:02:00
20180730 21:03,494.0,494.0,492.5,493.0,2088,258.0,119440,-146.0,103140000.0,12724200.0,3834,5697,2018-07-30 21:03:00
20180730 21:04,493.0,493.0,492.5,492.5,2132,44.0,119418,-22.0,105307000.0,2167000.0,6299,14834,2018-07-30 21:04:00
20180730 21:05,492.5,492.5,492.5,492.5,3026,894.0,118836,-582.0,149337000.0,44030000.0,5170,7997,2018-07-30 21:05:00
20180730 21:06,492.5,493.0,492.5,493.0,3032,6.0,118832,-4.0,149632000.0,295000.0,1517,1352,2018-07-30 21:06:00
20180730 21:07,493.0,493.5,493.0,493.0,3148,116.0,118790,-42.0,155351000.0,5719000.0,2178,1611,2018-07-30 21:07:00
20180730 21:08,493.0,493.5,492.5,493.0,3214,66.0,118814,24.0,158603000.0,3252000.0,2722,3565,2018-07-30 21:08:00
20180730 21:09,493.0,493.0,493.0,493.0,3216,2.0,118814,0.0,158702000.0,99000.0,1100,1134,2018-07-30 21:09:00
20180730 21:10,493.0,493.0,493.0,493.0,3468,252.0,118842,28.0,171125000.0,12423000.0,1582,2194,2018-07-30 21:10:00
20180730 21:11,493.0,493.0,493.0,493.0,4004,536.0,119096,254.0,197550000.0,26425000.0,4933,8017,2018-07-30 21:11:00
20180730 21:12,493.0,493.0,492.5,493.0,4312,308.0,118834,-262.0,212734000.0,15184000.0,2505,2329,2018-07-30 21:12:00
20180730 21:13,493.0,493.0,493.0,493.0,4314,2.0,118834,0.0,212832000.0,98000.0,2525,1791,2018-07-30 21:13:00
20180730 21:14,493.0,493.0,493.0,493.0,4318,4.0,118834,0.0,213029000.0,197000.0,2347,1314,2018-07-30 21:14:00
20180730 21:15,493.0,493.0,493.0,493.0,4318,0.0,118834,0.0,213029000.0,0.0,2594,2095,2018-07-30 21:15:00
20180730 21:16,493.0,493.0,493.0,493.0,4320,2.0,118832,-2.0,213128000.0,99000.0,3638,2256,2018-07-30 21:16:00
20180730 21:17,493.0,493.0,493.0,493.0,4320,0.0,118832,0.0,213128000.0,0.0,2276,2036,2018-07-30 21:17:00
20180730 21:18,493.0,493.0,493.0,493.0,4320,0.0,118832,0.0,213128000.0,0.0,668,627,2018-07-30 21:18:00
20180730 21:19,493.0,493.0,493.0,493.0,4320,0.0,118832,0.0,213128000.0,0.0,729,606,2018-07-30 21:19:00
20180730 21:20,493.0,493.0,493.0,493.0,4320,0.0,118832,0.0,213128000.0,0.0,1308,1343,2018-07-30 21:20:00
20180730 21:21,493.0,493.0,493.0,493.0,4332,12.0,118820,-12.0,213720000.0,592000.0,3234,3981,2018-07-30 21:21:00
20180730 21:22,493.0,493.0,493.0,493.0,4334,2.0,118820,0.0,213818000.0,98000.0,1253,1764,2018-07-30 21:22:00
20180730 21:24,493.0,493.0,493.0,493.0,4336,2.0,118818,-2.0,213917000.0,99000.0,246,294,2018-07-30 21:24:00
20180730 21:25,493.0,493.0,493.0,493.0,4336,0.0,118818,0.0,213917000.0,0.0,1477,1590,2018-07-30 21:25:00
20180730 21:26,493.0,493.0,493.0,493.0,4336,0.0,118818,0.0,213917000.0,0.0,253,284,2018-07-30 21:26:00
20180730 21:27,493.0,493.0,493.0,493.0,4336,0.0,118818,0.0,213917000.0,0.0,612,852,2018-07-30 21:27:00
20180730 21:28,493.0,493.0,492.5,492.5,4688,352.0,118810,-8.0,231253000.0,17336000.0,2815,2691,2018-07-30 21:28:00
20180730 21:29,492.5,492.5,492.0,492.0,7456,2768.0,118804,-6.0,367577000.0,136324000.0,5509,4821,2018-07-30 21:29:00
20180730 21:30,492.0,492.5,492.0,492.0,7480,24.0,118804,0.0,368759000.0,1182000.0,1199,2171,2018-07-30 21:30:00
20180730 21:31,492.5,492.5,492.5,492.5,7482,2.0,118802,-2.0,368857000.0,98000.0,232,388,2018-07-30 21:31:00
20180730 21:32,492.5,492.5,492.0,492.0,7622,140.0,118700,-102.0,375752000.0,6895000.0,2130,9235,2018-07-30 21:32:00
20180730 21:33,492.5,492.5,492.0,492.0,10556,2934.0,119014,314.0,520251000.0,144499000.0,3193,9081,2018-07-30 21:33:00
20180730 21:34,492.5,492.5,492.5,492.5,10564,8.0,119006,-8.0,520645000.0,394000.0,2430,9419,2018-07-30 21:34:00
20180730 21:35,492.5,492.5,492.5,492.5,10590,26.0,118992,-14.0,521925000.0,1280000.0,1086,10392,2018-07-30 21:35:00
20180730 21:36,492.5,493.0,492.5,493.0,11198,608.0,119228,236.0,551895000.0,29970000.0,2358,16088,2018-07-30 21:36:00
20180730 21:37,493.5,493.5,493.0,493.5,12638,1440.0,119498,270.0,622942000.0,71047000.0,2272,4936,2018-07-30 21:37:00
20180730 21:38,493.5,493.5,493.0,493.0,13908,1270.0,118982,-516.0,685605000.0,62663000.0,2227,10408,2018-07-30 21:38:00
20180730 21:39,493.0,493.0,493.0,493.0,23274,9366.0,118966,-16.0,1147350000.0,461745000.0,9951,15227,2018-07-30 21:39:00
20180730 21:40,493.0,493.0,493.0,493.0,23274,0.0,118966,0.0,1147350000.0,0.0,4357,6441,2018-07-30 21:40:00
20180730 21:41,493.0,493.0,493.0,493.0,23274,0.0,118966,0.0,1147350000.0,0.0,2451,2589,2018-07-30 21:41:00
20180730 21:42,493.0,493.5,493.0,493.5,25570,2296.0,118702,-264.0,1260660000.0,113310000.0,5203,11879,2018-07-30 21:42:00
20180730 21:43,493.5,493.5,493.5,493.5,25572,2.0,118704,2.0,1260760000.0,100000.0,2072,10076,2018-07-30 21:43:00
20180730 21:44,493.5,494.0,493.5,493.5,26656,1084.0,119008,304.0,1314250000.0,53490000.0,2572,7061,2018-07-30 21:44:00
20180730 21:46,493.5,493.5,493.0,493.5,28106,1450.0,118712,-296.0,1385810000.0,71560000.0,2553,2660,2018-07-30 21:46:00
20180730 21:47,493.5,493.5,493.5,493.5,28168,62.0,118652,-60.0,1388870000.0,3060000.0,1864,5770,2018-07-30 21:47:00
20180730 21:49,493.5,493.5,493.0,493.0,28170,2.0,118650,-2.0,1388970000.0,100000.0,485,962,2018-07-30 21:49:00
20180730 21:50,493.0,493.0,493.0,493.0,28170,0.0,118650,0.0,1388970000.0,0.0,580,1550,2018-07-30 21:50:00
20180730 21:51,493.5,493.5,493.5,493.5,31068,2898.0,118720,70.0,1531980000.0,143010000.0,4498,6778,2018-07-30 21:51:00
20180730 21:52,493.5,493.5,493.5,493.5,31068,0.0,118720,0.0,1531980000.0,0.0,518,592,2018-07-30 21:52:00
20180730 21:53,493.5,493.5,493.5,493.5,31070,2.0,118720,0.0,1532080000.0,100000.0,717,962,2018-07-30 21:53:00
20180730 21:54,493.5,494.0,493.5,494.0,31072,2.0,118722,2.0,1532180000.0,100000.0,679,7191,2018-07-30 21:54:00
20180730 21:55,494.0,494.0,493.5,493.5,34484,3412.0,118844,122.0,1700610000.0,168430000.0,4228,9931,2018-07-30 21:55:00
20180730 21:56,493.5,493.5,492.5,492.5,36120,1636.0,118402,-442.0,1781250000.0,80640000.0,4286,3932,2018-07-30 21:56:00
20180730 21:57,493.0,493.0,493.0,493.0,36122,2.0,118404,2.0,1781350000.0,100000.0,381,720,2018-07-30 21:57:00
20180730 21:58,493.0,493.0,493.0,493.0,38280,2158.0,118236,-168.0,1887740000.0,106390000.0,3824,2176,2018-07-30 21:58:00
20180730 21:59,493.0,493.0,493.0,493.0,38280,0.0,118236,0.0,1887740000.0,0.0,754,216,2018-07-30 21:59:00
20180730 22:00,493.0,493.0,492.5,492.5,38956,676.0,118190,-46.0,1921050000.0,33310000.0,3077,1761,2018-07-30 22:00:00
20180730 22:01,492.5,492.5,492.5,492.5,40066,1110.0,118726,536.0,1975720000.0,54670000.0,7858,6236,2018-07-30 22:01:00
20180730 22:02,492.5,493.0,492.5,493.0,41888,1822.0,118366,-360.0,2065540000.0,89820000.0,3470,3657,2018-07-30 22:02:00
20180730 22:03,492.5,492.5,492.5,492.5,41890,2.0,118366,0.0,2065640000.0,100000.0,423,447,2018-07-30 22:03:00
20180730 22:04,492.5,492.5,492.5,492.5,41890,0.0,118366,0.0,2065640000.0,0.0,292,290,2018-07-30 22:04:00
20180730 22:05,492.5,492.5,492.5,492.5,41890,0.0,118366,0.0,2065640000.0,0.0,131,146,2018-07-30 22:05:00
20180730 22:06,492.5,492.5,492.5,492.5,41890,0.0,118366,0.0,2065640000.0,0.0,674,567,2018-07-30 22:06:00
20180730 22:07,492.5,492.5,492.5,492.5,41890,0.0,118366,0.0,2065640000.0,0.0,141,138,2018-07-30 22:07:00
20180730 22:08,492.5,492.5,492.5,492.5,41892,2.0,118364,-2.0,2065730000.0,90000.0,475,415,2018-07-30 22:08:00
20180730 22:09,492.5,492.5,492.5,492.5,41892,0.0,118364,0.0,2065730000.0,0.0,167,151,2018-07-30 22:09:00
20180730 22:11,492.5,492.5,492.5,492.5,43106,1214.0,118734,370.0,2125520000.0,59790000.0,2128,5423,2018-07-30 22:11:00
20180730 22:12,492.5,492.5,492.5,492.5,43112,6.0,118728,-6.0,2125820000.0,300000.0,380,2069,2018-07-30 22:12:00
20180730 22:13,492.5,492.5,491.0,491.5,43590,478.0,118644,-84.0,2149330000.0,23510000.0,857,6758,2018-07-30 22:13:00
20180730 22:14,491.5,491.5,491.5,491.5,43730,140.0,118582,-62.0,2156210000.0,6880000.0,3057,5453,2018-07-30 22:14:00
20180730 22:15,491.5,492.0,491.5,491.5,46010,2280.0,118644,62.0,2268270000.0,112060000.0,7011,5588,2018-07-30 22:15:00
20180730 22:16,491.5,491.5,491.0,491.5,47204,1194.0,118306,-338.0,2326950000.0,58680000.0,8920,4444,2018-07-30 22:16:00
20180730 22:17,491.5,491.5,491.0,491.5,50392,3188.0,118328,22.0,2483640000.0,156690000.0,4633,6123,2018-07-30 22:17:00
20180730 22:18,491.5,491.5,491.5,491.5,51404,1012.0,118132,-196.0,2533380000.0,49740000.0,1748,3712,2018-07-30 22:18:00
20180730 22:19,491.5,491.5,491.5,491.5,51406,2.0,118132,0.0,2533480000.0,100000.0,150,645,2018-07-30 22:19:00
20180730 22:20,491.5,491.5,491.5,491.5,51410,4.0,118132,0.0,2533680000.0,200000.0,167,603,2018-07-30 22:20:00
20180730 22:21,491.5,491.5,491.5,491.5,51410,0.0,118132,0.0,2533680000.0,0.0,426,1041,2018-07-30 22:21:00
20180730 22:22,491.5,491.5,491.5,491.5,51410,0.0,118132,0.0,2533680000.0,0.0,63,174,2018-07-30 22:22:00
20180730 22:23,491.5,491.5,491.5,491.5,51414,4.0,118136,4.0,2533880000.0,200000.0,376,696,2018-07-30 22:23:00
20180730 22:24,491.5,492.5,491.5,492.5,51726,312.0,118212,76.0,2549220000.0,15340000.0,2309,1565,2018-07-30 22:24:00
20180730 22:25,492.5,492.5,492.5,492.5,51766,40.0,118192,-20.0,2551190000.0,1970000.0,1491,665,2018-07-30 22:25:00
20180730 22:26,492.5,492.5,492.0,492.0,54644,2878.0,117934,-258.0,2692790000.0,141600000.0,8445,5877,2018-07-30 22:26:00
20180730 22:27,492.0,492.0,492.0,492.0,54644,0.0,117934,0.0,2692790000.0,0.0,1274,714,2018-07-30 22:27:00
20180730 22:28,492.0,492.0,491.5,491.5,54676,32.0,117960,26.0,2694360000.0,1570000.0,1980,914,2018-07-30 22:28:00
20180730 22:29,491.5,491.5,491.5,491.5,54676,0.0,117960,0.0,2694360000.0,0.0,1338,659,2018-07-30 22:29:00
20180730 22:30,491.5,491.5,491.5,491.5,54676,0.0,117960,0.0,2694360000.0,0.0,701,393,2018-07-30 22:30:00
20180730 22:31,491.5,491.5,491.5,491.5,54676,0.0,117960,0.0,2694360000.0,0.0,817,397,2018-07-30 22:31:00
20180730 22:32,491.5,492.0,491.5,492.0,54678,2.0,117960,0.0,2694460000.0,100000.0,2291,1079,2018-07-30 22:32:00
20180730 22:34,492.0,492.0,492.0,492.0,54678,0.0,117960,0.0,2694460000.0,0.0,294,138,2018-07-30 22:34:00
20180730 22:35,492.0,492.0,492.0,492.0,54680,2.0,117960,0.0,2694560000.0,100000.0,1422,690,2018-07-30 22:35:00
20180730 22:36,492.0,492.0,492.0,492.0,54680,0.0,117960,0.0,2694560000.0,0.0,1204,552,2018-07-30 22:36:00
20180730 22:37,491.5,491.5,491.5,491.5,54682,2.0,117962,2.0,2694660000.0,100000.0,1248,548,2018-07-30 22:37:00
20180730 22:38,491.5,491.5,491.5,491.5,54690,8.0,117956,-6.0,2695050000.0,390000.0,4508,1365,2018-07-30 22:38:00
20180730 22:39,491.5,491.5,491.5,491.5,56566,1876.0,117852,-104.0,2787250000.0,92200000.0,6328,8578,2018-07-30 22:39:00
20180730 22:40,491.5,491.5,491.5,491.5,56566,0.0,117852,0.0,2787250000.0,0.0,2091,4857,2018-07-30 22:40:00
20180730 22:41,491.5,491.5,491.5,491.5,56566,0.0,117852,0.0,2787250000.0,0.0,2187,4312,2018-07-30 22:41:00
20180730 22:42,491.5,491.5,491.5,491.5,56566,0.0,117852,0.0,2787250000.0,0.0,1818,3234,2018-07-30 22:42:00
20180730 22:43,491.0,491.0,491.0,491.0,56568,2.0,117850,-2.0,2787350000.0,100000.0,1986,2693,2018-07-30 22:43:00
20180730 22:44,491.0,491.0,491.0,491.0,56568,0.0,117850,0.0,2787350000.0,0.0,1634,2153,2018-07-30 22:44:00
20180730 22:45,491.0,491.0,491.0,491.0,56568,0.0,117850,0.0,2787350000.0,0.0,4386,3739,2018-07-30 22:45:00
20180730 22:46,491.0,491.0,491.0,491.0,56568,0.0,117850,0.0,2787350000.0,0.0,888,404,2018-07-30 22:46:00
20180730 22:47,491.0,491.0,491.0,491.0,56568,0.0,117850,0.0,2787350000.0,0.0,1776,582,2018-07-30 22:47:00
20180730 22:48,491.0,491.0,490.5,490.5,57774,1206.0,118046,196.0,2846560000.0,59210000.0,13328,8332,2018-07-30 22:48:00
20180730 22:49,490.5,490.5,490.5,490.5,57782,8.0,118046,0.0,2846950000.0,390000.0,6696,11947,2018-07-30 22:49:00
20180730 22:50,490.5,490.5,490.5,490.5,57964,182.0,118000,-46.0,2855880000.0,8930000.0,2679,9500,2018-07-30 22:50:00
20180730 22:51,490.5,490.5,490.5,490.5,58280,316.0,117960,-40.0,2871380000.0,15500000.0,1956,4547,2018-07-30 22:51:00
20180730 22:52,490.5,490.5,490.5,490.5,58280,0.0,117960,0.0,2871380000.0,0.0,10652,9091,2018-07-30 22:52:00
20180730 22:53,490.5,491.0,490.5,491.0,58282,2.0,117960,0.0,2871480000.0,100000.0,8940,9782,2018-07-30 22:53:00
20180730 22:54,491.0,491.0,491.0,491.0,58284,2.0,117958,-2.0,2871580000.0,100000.0,7074,7412,2018-07-30 22:54:00
20180730 22:55,491.0,491.0,491.0,491.0,58284,0.0,117958,0.0,2871580000.0,0.0,9538,5929,2018-07-30 22:55:00
20180730 22:56,491.0,491.0,491.0,491.0,58284,0.0,117958,0.0,2871580000.0,0.0,9464,5163,2018-07-30 22:56:00
20180730 22:57,491.0,491.0,491.0,491.0,58284,0.0,117958,0.0,2871580000.0,0.0,10828,6079,2018-07-30 22:57:00
20180730 22:58,491.0,491.0,491.0,491.0,58284,0.0,117958,0.0,2871580000.0,0.0,12486,7977,2018-07-30 22:58:00
20180730 22:59,491.0,491.0,490.0,490.0,59438,1154.0,117896,-62.0,2928180000.0,56600000.0,12285,10637,2018-07-30 22:59:00
20180730 23:00,490.0,490.0,490.0,490.0,61598,2160.0,117824,-72.0,3034020000.0,105840000.0,16345,3635,2018-07-30 23:00:00
20180730 23:01,490.0,490.0,490.0,490.0,62114,516.0,117592,-232.0,3059300000.0,25280000.0,15570,2869,2018-07-30 23:01:00
20180730 23:02,490.0,490.0,490.0,490.0,62114,0.0,117592,0.0,3059300000.0,0.0,4686,1715,2018-07-30 23:02:00
20180730 23:03,490.0,490.0,490.0,490.0,62304,190.0,117588,-4.0,3068610000.0,9310000.0,14089,5137,2018-07-30 23:03:00
20180730 23:04,490.0,490.0,490.0,490.0,62304,0.0,117588,0.0,3068610000.0,0.0,2901,3998,2018-07-30 23:04:00
20180730 23:05,490.0,490.0,490.0,490.0,62324,20.0,117592,4.0,3069590000.0,980000.0,930,1732,2018-07-30 23:05:00
20180730 23:06,490.0,490.0,490.0,490.0,62326,2.0,117592,0.0,3069690000.0,100000.0,2131,3203,2018-07-30 23:06:00
20180730 23:07,490.0,490.0,489.5,489.5,62328,2.0,117590,-2.0,3069790000.0,100000.0,904,1592,2018-07-30 23:07:00
20180730 23:08,489.5,490.0,489.5,490.0,62974,646.0,117840,250.0,3101440000.0,31650000.0,7972,10598,2018-07-30 23:08:00
20180730 23:09,490.0,490.0,490.0,490.0,62974,0.0,117840,0.0,3101440000.0,0.0,14525,7404,2018-07-30 23:09:00
20180730 23:10,490.0,490.5,490.0,490.5,62976,2.0,117840,0.0,3101540000.0,100000.0,14305,8605,2018-07-30 23:10:00
20180730 23:11,490.5,490.5,490.5,490.5,62976,0.0,117840,0.0,3101540000.0,0.0,4367,3139,2018-07-30 23:11:00
20180730 23:12,490.5,490.5,490.5,490.5,62976,0.0,117840,0.0,3101540000.0,0.0,12102,7519,2018-07-30 23:12:00
20180730 23:13,490.5,490.5,490.5,490.5,62982,6.0,117834,-6.0,3101830000.0,290000.0,3644,2923,2018-07-30 23:13:00
20180730 23:14,490.5,490.5,490.0,490.0,63754,772.0,117712,-122.0,3139660000.0,37830000.0,2762,2706,2018-07-30 23:14:00
20180730 23:15,490.0,490.0,490.0,490.0,63754,0.0,117712,0.0,3139660000.0,0.0,5552,1530,2018-07-30 23:15:00
20180730 23:16,490.0,490.0,489.5,490.0,64074,320.0,117752,40.0,3155340000.0,15680000.0,2856,4701,2018-07-30 23:16:00
20180730 23:17,490.0,490.0,490.0,490.0,64084,10.0,117754,2.0,3155830000.0,490000.0,1325,2903,2018-07-30 23:17:00
20180730 23:18,490.0,490.0,490.0,490.0,64084,0.0,117754,0.0,3155830000.0,0.0,1045,1551,2018-07-30 23:18:00
20180730 23:19,490.0,490.0,490.0,490.0,65150,1066.0,118114,360.0,3208060000.0,52230000.0,5456,3249,2018-07-30 23:19:00
20180730 23:20,490.0,490.0,490.0,490.0,65936,786.0,118152,38.0,3246580000.0,38520000.0,3014,2950,2018-07-30 23:20:00
20180730 23:21,490.0,491.0,490.0,491.0,66838,902.0,118338,186.0,3290840000.0,44260000.0,6469,13487,2018-07-30 23:21:00
20180730 23:22,491.0,491.0,491.0,491.0,66906,68.0,118324,-14.0,3294180000.0,3340000.0,4044,5615,2018-07-30 23:22:00
20180730 23:23,491.0,491.5,491.0,491.0,66998,92.0,118252,-72.0,3298700000.0,4520000.0,8494,8478,2018-07-30 23:23:00
20180730 23:24,491.0,491.5,491.0,491.5,67114,116.0,118168,-84.0,3304390000.0,5690000.0,7605,7289,2018-07-30 23:24:00
20180730 23:25,491.5,491.5,491.0,491.0,69924,2810.0,117968,-200.0,3442370000.0,137980000.0,6628,2798,2018-07-30 23:25:00
20180730 23:26,491.0,491.0,491.0,491.0,79844,9920.0,118150,182.0,3929440000.0,487070000.0,12938,8769,2018-07-30 23:26:00
20180730 23:27,491.0,492.0,491.0,492.0,81570,1726.0,118016,-134.0,4014230000.0,84790000.0,4655,12416,2018-07-30 23:27:00
20180730 23:28,492.0,492.0,492.0,492.0,87444,5874.0,118176,160.0,4303230000.0,289000000.0,3228,14132,2018-07-30 23:28:00
20180730 23:29,492.0,492.0,491.5,491.5,89684,2240.0,118206,30.0,4413370000.0,110140000.0,1433,2153,2018-07-30 23:29:00
20180731 09:00,491.5,492.0,491.5,491.5,182792,93108.0,112876,-5330.0,8959310000.0,4545940000.0,3571,4289,2018-07-31 09:00:00
20180731 09:01,491.5,491.5,490.5,491.0,184646,1854.0,112664,-212.0,9050300000.0,90990000.0,2760,4137,2018-07-31 09:01:00
20180731 09:02,491.0,491.5,491.0,491.0,185610,964.0,112546,-118.0,9097640000.0,47340000.0,3839,7303,2018-07-31 09:02:00
20180731 09:03,491.0,491.0,491.0,491.0,185770,160.0,112510,-36.0,9105490000.0,7850000.0,2902,9482,2018-07-31 09:03:00
20180731 09:04,491.0,491.0,490.5,490.5,185772,2.0,112508,-2.0,9105590000.0,100000.0,259,3311,2018-07-31 09:04:00
20180731 09:05,490.5,491.5,490.5,491.0,186812,1040.0,112778,270.0,9156660000.0,51070000.0,11743,5571,2018-07-31 09:05:00
20180731 09:06,491.0,491.0,490.5,490.5,190468,3656.0,112968,190.0,9336160000.0,179500000.0,23523,9773,2018-07-31 09:06:00
20180731 09:07,490.5,490.5,490.5,490.5,191236,768.0,112532,-436.0,9373830000.0,37670000.0,15294,7950,2018-07-31 09:07:00
20180731 09:08,490.5,490.5,490.5,490.5,192870,1634.0,111970,-562.0,9453980000.0,80150000.0,9389,7901,2018-07-31 09:08:00
20180731 09:09,490.5,490.5,490.5,490.5,192870,0.0,111970,0.0,9453980000.0,0.0,2252,2035,2018-07-31 09:09:00
20180731 09:10,490.5,491.0,490.5,491.0,194340,1470.0,111648,-322.0,9526160000.0,72180000.0,7807,6874,2018-07-31 09:10:00
20180731 09:11,491.0,491.5,491.0,491.0,195074,734.0,111478,-170.0,9562200000.0,36040000.0,7392,2774,2018-07-31 09:11:00
20180731 09:12,491.0,491.0,491.0,491.0,195404,330.0,111192,-286.0,9578400000.0,16200000.0,10292,3785,2018-07-31 09:12:00
20180731 09:13,491.0,491.5,491.0,491.5,197684,2280.0,110856,-336.0,9690410000.0,112010000.0,9252,8455,2018-07-31 09:13:00
20180731 09:14,491.5,491.5,491.5,491.5,197964,280.0,110846,-10.0,9704170000.0,13760000.0,4400,8507,2018-07-31 09:14:00
20180731 09:15,491.5,492.0,491.5,492.0,200334,2370.0,110772,-74.0,9820770000.0,116600000.0,36448,14567,2018-07-31 09:15:00
20180731 09:16,492.0,492.0,492.0,492.0,200396,62.0,110794,22.0,9823820000.0,3050000.0,2519,6084,2018-07-31 09:16:00
20180731 09:17,492.0,492.0,492.0,492.0,200398,2.0,110796,2.0,9823920000.0,100000.0,1818,2978,2018-07-31 09:17:00
20180731 09:18,492.0,492.0,491.5,492.0,200402,4.0,110796,0.0,9824120000.0,200000.0,5663,6027,2018-07-31 09:18:00
20180731 09:19,492.0,492.0,492.0,492.0,200404,2.0,110798,2.0,9824220000.0,100000.0,2202,2942,2018-07-31 09:19:00
20180731 09:20,492.0,492.0,492.0,492.0,201524,1120.0,110534,-264.0,9879320000.0,55100000.0,4219,4891,2018-07-31 09:20:00
20180731 09:21,492.0,492.0,491.5,491.5,202386,862.0,110766,232.0,9921690000.0,42370000.0,20557,2403,2018-07-31 09:21:00
20180731 09:22,491.5,491.5,491.5,491.5,202386,0.0,110766,0.0,9921690000.0,0.0,14556,2511,2018-07-31 09:22:00
20180731 09:23,491.5,491.5,491.5,491.5,202386,0.0,110766,0.0,9921690000.0,0.0,1059,323,2018-07-31 09:23:00
20180731 09:24,491.5,491.5,491.5,491.5,202388,2.0,110766,0.0,9921790000.0,100000.0,5881,4438,2018-07-31 09:24:00
20180731 09:25,491.5,492.0,491.5,492.0,203038,650.0,110718,-48.0,9953770000.0,31980000.0,6260,9183,2018-07-31 09:25:00
20180731 09:26,492.0,492.0,492.0,492.0,203038,0.0,110718,0.0,9953770000.0,0.0,2655,4392,2018-07-31 09:26:00
20180731 09:27,492.0,492.5,492.0,492.5,203040,2.0,110718,0.0,9953870000.0,100000.0,2124,2604,2018-07-31 09:27:00
20180731 09:28,492.5,492.5,492.5,492.5,203786,746.0,110402,-316.0,9990610000.0,36740000.0,2582,8857,2018-07-31 09:28:00
20180731 09:29,492.5,493.0,492.5,492.5,204758,972.0,110396,-6.0,10038500000.0,47890000.0,8929,17306,2018-07-31 09:29:00
20180731 09:30,492.5,492.5,492.5,492.5,204760,2.0,110398,2.0,10038600000.0,100000.0,2229,7179,2018-07-31 09:30:00
20180731 09:31,492.5,492.5,492.0,492.0,206816,2056.0,110768,370.0,10139800000.0,101200000.0,5478,13750,2018-07-31 09:31:00
20180731 09:32,492.0,492.0,492.0,492.0,207676,860.0,110010,-758.0,10182100000.0,42300000.0,16750,15427,2018-07-31 09:32:00
20180731 09:33,492.0,492.0,492.0,492.0,207676,0.0,110010,0.0,10182100000.0,0.0,6256,2045,2018-07-31 09:33:00
20180731 09:34,492.0,492.0,491.5,491.5,207678,2.0,110008,-2.0,10182200000.0,100000.0,2386,1021,2018-07-31 09:34:00
20180731 09:35,492.0,492.0,491.5,491.5,207686,8.0,110008,0.0,10182600000.0,400000.0,5223,1936,2018-07-31 09:35:00
20180731 09:36,491.5,491.5,491.5,491.5,207686,0.0,110008,0.0,10182600000.0,0.0,5193,1874,2018-07-31 09:36:00
20180731 09:37,491.5,491.5,491.5,491.5,207706,20.0,110028,20.0,10183600000.0,1000000.0,2838,719,2018-07-31 09:37:00
20180731 09:38,492.0,492.0,492.0,492.0,207806,100.0,109954,-74.0,10188500000.0,4900000.0,5112,1144,2018-07-31 09:38:00
20180731 09:39,492.0,492.0,492.0,492.0,207806,0.0,109954,0.0,10188500000.0,0.0,3384,877,2018-07-31 09:39:00
20180731 09:40,492.0,492.0,492.0,492.0,208406,600.0,109954,0.0,10218000000.0,29500000.0,6617,2296,2018-07-31 09:40:00
20180731 09:41,492.0,492.0,491.5,491.5,208408,2.0,109954,0.0,10218100000.0,100000.0,4201,1322,2018-07-31 09:41:00
20180731 09:42,491.5,491.5,491.0,491.0,209630,1222.0,109712,-242.0,10278100000.0,60000000.0,21809,7636,2018-07-31 09:42:00
20180731 09:43,491.0,491.5,491.0,491.5,209634,4.0,109712,0.0,10278300000.0,200000.0,8219,1458,2018-07-31 09:43:00
20180731 09:44,491.5,491.5,491.0,491.0,210352,718.0,109512,-200.0,10313600000.0,35300000.0,5026,1318,2018-07-31 09:44:00
20180731 09:45,491.0,491.5,491.0,491.5,210796,444.0,109422,-90.0,10335400000.0,21800000.0,6298,14386,2018-07-31 09:45:00
20180731 09:46,491.0,491.0,491.0,491.0,210798,2.0,109422,0.0,10335500000.0,100000.0,8844,12804,2018-07-31 09:46:00
20180731 09:47,491.0,491.5,490.0,490.0,213322,2524.0,109010,-412.0,10459400000.0,123900000.0,17350,6712,2018-07-31 09:47:00
20180731 09:48,490.0,490.5,490.0,490.5,219408,6086.0,108556,-454.0,10757900000.0,298500000.0,18496,20360,2018-07-31 09:48:00
20180731 09:49,490.5,490.5,490.5,490.5,219418,10.0,108548,-8.0,10758400000.0,500000.0,7539,5446,2018-07-31 09:49:00
20180731 09:50,490.5,490.5,490.0,490.0,219422,4.0,108548,0.0,10758600000.0,200000.0,5377,4609,2018-07-31 09:50:00
20180731 09:51,490.0,490.0,489.5,490.0,220328,906.0,108530,-18.0,10803000000.0,44400000.0,9912,25340,2018-07-31 09:51:00
20180731 09:52,490.0,490.0,489.5,489.5,223076,2748.0,108412,-118.0,10937500000.0,134500000.0,12587,16894,2018-07-31 09:52:00
20180731 09:53,489.5,489.5,489.5,489.5,223076,0.0,108412,0.0,10937500000.0,0.0,8942,59386,2018-07-31 09:53:00
20180731 09:54,489.5,490.0,489.5,490.0,223308,232.0,108418,6.0,10948900000.0,11400000.0,860,13628,2018-07-31 09:54:00
20180731 09:55,490.0,490.0,490.0,490.0,227846,4538.0,108350,-68.0,11171200000.0,222300000.0,3017,26725,2018-07-31 09:55:00
20180731 09:56,490.0,490.0,490.0,490.0,229298,1452.0,108528,178.0,11242400000.0,71200000.0,2465,23480,2018-07-31 09:56:00
20180731 09:57,490.0,490.0,489.0,489.5,230364,1066.0,108680,152.0,11294600000.0,52200000.0,11499,27458,2018-07-31 09:57:00
20180731 09:58,489.5,489.5,489.0,489.0,230468,104.0,108700,20.0,11299700000.0,5100000.0,16338,18010,2018-07-31 09:58:00
20180731 09:59,489.0,489.0,489.0,489.0,230518,50.0,108740,40.0,11302100000.0,2400000.0,3460,7030,2018-07-31 09:59:00
20180731 10:00,489.0,489.5,489.0,489.5,231200,682.0,108788,48.0,11335400000.0,33300000.0,15580,14665,2018-07-31 10:00:00
20180731 10:01,489.5,489.5,489.5,489.5,231202,2.0,108788,0.0,11335500000.0,100000.0,3022,5764,2018-07-31 10:01:00
20180731 10:02,489.5,489.5,489.5,489.5,231202,0.0,108788,0.0,11335500000.0,0.0,2760,5227,2018-07-31 10:02:00
20180731 10:03,489.5,489.5,489.5,489.5,231410,208.0,108816,28.0,11345700000.0,10200000.0,2389,5117,2018-07-31 10:03:00
20180731 10:04,489.5,489.5,489.5,489.5,231410,0.0,108816,0.0,11345700000.0,0.0,1523,3389,2018-07-31 10:04:00
20180731 10:05,489.5,489.5,489.5,489.5,231428,18.0,108798,-18.0,11346600000.0,900000.0,2917,6289,2018-07-31 10:05:00
20180731 10:06,489.5,489.5,489.5,489.5,231428,0.0,108798,0.0,11346600000.0,0.0,394,998,2018-07-31 10:06:00
20180731 10:07,489.5,489.5,489.5,489.5,234150,2722.0,108488,-310.0,11479800000.0,133200000.0,6853,9677,2018-07-31 10:07:00
20180731 10:08,489.5,489.5,489.0,489.5,234246,96.0,108518,30.0,11484500000.0,4700000.0,5836,8641,2018-07-31 10:08:00
20180731 10:09,489.5,489.5,489.5,489.5,234342,96.0,108496,-22.0,11489200000.0,4700000.0,4492,3227,2018-07-31 10:09:00
20180731 10:10,489.5,489.5,489.5,489.5,234342,0.0,108496,0.0,11489200000.0,0.0,1274,1301,2018-07-31 10:10:00
20180731 10:11,490.0,490.0,489.5,490.0,234470,128.0,108512,16.0,11495500000.0,6300000.0,2928,994,2018-07-31 10:11:00
20180731 10:12,490.0,490.0,489.5,489.5,234880,410.0,108458,-54.0,11515600000.0,20100000.0,5434,8104,2018-07-31 10:12:00
20180731 10:13,489.5,489.5,489.5,489.5,236040,1160.0,107964,-494.0,11572400000.0,56800000.0,13894,5156,2018-07-31 10:13:00
20180731 10:14,489.5,490.0,489.5,489.5,238756,2716.0,107780,-184.0,11705300000.0,132900000.0,13758,3806,2018-07-31 10:14:00
20180731 10:30,489.5,489.5,489.5,489.5,238792,36.0,107770,-10.0,11707100000.0,1800000.0,3706,2853,2018-07-31 10:30:00
20180731 10:31,489.5,489.5,489.5,489.5,238792,0.0,107770,0.0,11707100000.0,0.0,1008,780,2018-07-31 10:31:00
20180731 10:32,489.5,489.5,489.5,489.5,238792,0.0,107770,0.0,11707100000.0,0.0,502,397,2018-07-31 10:32:00
20180731 10:33,489.5,490.0,489.5,490.0,239400,608.0,107768,-2.0,11736900000.0,29800000.0,4847,4397,2018-07-31 10:33:00
20180731 10:34,490.0,490.0,489.5,489.5,239402,2.0,107766,-2.0,11737000000.0,100000.0,5300,5456,2018-07-31 10:34:00
20180731 10:35,489.5,490.0,489.5,490.0,245372,5970.0,108006,240.0,12029500000.0,292500000.0,26066,9478,2018-07-31 10:35:00
20180731 10:36,490.0,490.0,490.0,490.0,248924,3552.0,108140,134.0,12203500000.0,174000000.0,33204,5264,2018-07-31 10:36:00
20180731 10:37,490.0,490.0,490.0,490.0,248924,0.0,108140,0.0,12203500000.0,0.0,29131,10358,2018-07-31 10:37:00
20180731 10:38,490.0,490.0,490.0,490.0,249800,876.0,107790,-350.0,12246500000.0,43000000.0,41374,8107,2018-07-31 10:38:00
20180731 10:39,490.0,490.0,490.0,490.0,251970,2170.0,107872,82.0,12352800000.0,106300000.0,29598,6708,2018-07-31 10:39:00
20180731 10:40,490.0,490.0,490.0,490.0,251970,0.0,107872,0.0,12352800000.0,0.0,31535,13911,2018-07-31 10:40:00
20180731 10:41,490.0,490.0,490.0,490.0,251970,0.0,107872,0.0,12352800000.0,0.0,32071,9436,2018-07-31 10:41:00
20180731 10:42,490.0,490.0,490.0,490.0,251970,0.0,107872,0.0,12352800000.0,0.0,554,307,2018-07-31 10:42:00
20180731 10:43,490.0,490.0,490.0,490.0,251972,2.0,107874,2.0,12352900000.0,100000.0,1108,594,2018-07-31 10:43:00
20180731 10:44,490.0,490.0,490.0,490.0,251972,0.0,107874,0.0,12352900000.0,0.0,1093,478,2018-07-31 10:44:00
20180731 10:45,490.0,490.0,490.0,490.0,252588,616.0,107754,-120.0,12383100000.0,30200000.0,2730,978,2018-07-31 10:45:00
20180731 10:46,490.0,490.0,490.0,490.0,252594,6.0,107754,0.0,12383400000.0,300000.0,3115,973,2018-07-31 10:46:00
20180731 10:47,490.0,490.0,489.5,489.5,253288,694.0,107714,-40.0,12417400000.0,34000000.0,4463,2407,2018-07-31 10:47:00
20180731 10:48,489.5,490.0,489.5,490.0,253290,2.0,107714,0.0,12417500000.0,100000.0,16998,16147,2018-07-31 10:48:00
20180731 10:49,490.0,490.0,490.0,490.0,253290,0.0,107714,0.0,12417500000.0,0.0,9974,3428,2018-07-31 10:49:00
20180731 10:50,490.0,490.0,489.5,489.5,253298,8.0,107714,0.0,12417900000.0,400000.0,13220,11801,2018-07-31 10:50:00
20180731 10:51,489.5,490.0,489.5,490.0,253314,16.0,107716,2.0,12418700000.0,800000.0,14553,12812,2018-07-31 10:51:00
20180731 10:52,490.0,490.0,490.0,490.0,253314,0.0,107716,0.0,12418700000.0,0.0,4740,4480,2018-07-31 10:52:00
20180731 10:53,490.0,490.0,490.0,490.0,253336,22.0,107706,-10.0,12419700000.0,1000000.0,10782,13649,2018-07-31 10:53:00
20180731 10:54,490.0,490.0,489.5,489.5,253340,4.0,107704,-2.0,12419900000.0,200000.0,11446,15640,2018-07-31 10:54:00
20180731 10:55,489.5,489.5,489.5,489.5,253340,0.0,107704,0.0,12419900000.0,0.0,10668,15497,2018-07-31 10:55:00
20180731 10:56,489.5,489.5,489.5,489.5,253340,0.0,107704,0.0,12419900000.0,0.0,5326,8299,2018-07-31 10:56:00
20180731 10:57,489.5,490.0,489.5,490.0,254090,750.0,107180,-524.0,12456700000.0,36800000.0,11190,16584,2018-07-31 10:57:00
20180731 10:58,490.0,490.0,490.0,490.0,255276,1186.0,107442,262.0,12514800000.0,58100000.0,3387,6514,2018-07-31 10:58:00
20180731 10:59,490.0,490.0,490.0,490.0,256090,814.0,107650,208.0,12554700000.0,39900000.0,5964,6199,2018-07-31 10:59:00
20180731 11:00,490.0,490.5,490.0,490.5,256234,144.0,107708,58.0,12561700000.0,7000000.0,6490,8537,2018-07-31 11:00:00
20180731 11:01,490.5,490.5,490.5,490.5,256440,206.0,107706,-2.0,12571800000.0,10100000.0,3433,8178,2018-07-31 11:01:00
20180731 11:02,490.5,490.5,490.5,490.5,256460,20.0,107706,0.0,12572800000.0,1000000.0,2235,6867,2018-07-31 11:02:00
20180731 11:03,490.5,490.5,490.5,490.5,256460,0.0,107706,0.0,12572800000.0,0.0,327,908,2018-07-31 11:03:00
20180731 11:04,490.5,490.5,490.0,490.0,256498,38.0,107714,8.0,12574700000.0,1900000.0,4838,3173,2018-07-31 11:04:00
20180731 11:05,490.0,490.0,490.0,490.0,257354,856.0,107978,264.0,12616600000.0,41900000.0,11065,10999,2018-07-31 11:05:00
20180731 11:06,490.0,490.0,490.0,490.0,257354,0.0,107978,0.0,12616600000.0,0.0,3020,4303,2018-07-31 11:06:00
20180731 11:07,490.0,490.0,490.0,490.0,257354,0.0,107978,0.0,12616600000.0,0.0,6447,8597,2018-07-31 11:07:00
20180731 11:08,490.0,490.0,490.0,490.0,257354,0.0,107978,0.0,12616600000.0,0.0,4348,9036,2018-07-31 11:08:00
20180731 11:09,490.0,490.0,489.5,489.5,257396,42.0,107958,-20.0,12618700000.0,2100000.0,7671,18305,2018-07-31 11:09:00
20180731 11:10,489.5,489.5,489.5,489.5,257396,0.0,107958,0.0,12618700000.0,0.0,4579,12390,2018-07-31 11:10:00
20180731 11:11,489.5,489.5,489.5,489.5,257398,2.0,107956,-2.0,12618800000.0,100000.0,3589,8566,2018-07-31 11:11:00
20180731 11:12,489.5,489.5,489.5,489.5,257400,2.0,107954,-2.0,12618900000.0,100000.0,709,1595,2018-07-31 11:12:00
20180731 11:13,489.5,489.5,489.5,489.5,257400,0.0,107954,0.0,12618900000.0,0.0,486,1048,2018-07-31 11:13:00
20180731 11:14,489.5,489.5,489.5,489.5,257402,2.0,107954,0.0,12619000000.0,100000.0,972,2092,2018-07-31 11:14:00
20180731 11:15,489.5,489.5,489.5,489.5,257402,0.0,107954,0.0,12619000000.0,0.0,506,977,2018-07-31 11:15:00
20180731 11:16,489.5,489.5,489.5,489.5,257402,0.0,107954,0.0,12619000000.0,0.0,233,464,2018-07-31 11:16:00
20180731 11:17,489.5,489.5,489.5,489.5,257404,2.0,107952,-2.0,12619100000.0,100000.0,466,947,2018-07-31 11:17:00
20180731 11:18,489.5,489.5,489.5,489.5,257406,2.0,107952,0.0,12619200000.0,100000.0,739,1417,2018-07-31 11:18:00
20180731 11:19,489.5,490.0,489.5,490.0,257408,2.0,107952,0.0,12619300000.0,100000.0,991,1888,2018-07-31 11:19:00
20180731 11:20,490.0,490.0,490.0,490.0,257924,516.0,107854,-98.0,12644600000.0,25300000.0,12691,7461,2018-07-31 11:20:00
20180731 11:21,490.0,490.0,490.0,490.0,258748,824.0,107846,-8.0,12684900000.0,40300000.0,33359,3244,2018-07-31 11:21:00
20180731 11:22,490.0,490.0,490.0,490.0,258748,0.0,107846,0.0,12684900000.0,0.0,10120,3336,2018-07-31 11:22:00
20180731 11:23,490.0,490.0,490.0,490.0,258748,0.0,107846,0.0,12684900000.0,0.0,441,1400,2018-07-31 11:23:00
20180731 11:24,490.0,490.5,490.0,490.5,258788,40.0,107846,0.0,12686900000.0,2000000.0,5566,8683,2018-07-31 11:24:00
20180731 11:25,490.5,490.5,490.5,490.5,258808,20.0,107846,0.0,12687900000.0,1000000.0,845,2358,2018-07-31 11:25:00
20180731 11:26,490.5,490.5,490.5,490.5,258808,0.0,107846,0.0,12687900000.0,0.0,530,1624,2018-07-31 11:26:00
20180731 11:27,490.5,490.5,490.0,490.0,259692,884.0,108010,164.0,12731200000.0,43300000.0,5859,12962,2018-07-31 11:27:00
20180731 11:28,490.0,490.5,490.0,490.5,259790,98.0,108082,72.0,12736000000.0,4800000.0,3453,12551,2018-07-31 11:28:00
20180731 11:29,490.5,491.0,490.5,490.5,266278,6488.0,108096,14.0,13054300000.0,318300000.0,26834,16611,2018-07-31 11:29:00
20180731 13:30,490.5,490.5,489.5,490.0,269696,3418.0,108074,-22.0,13221900000.0,167600000.0,29583,14767,2018-07-31 13:30:00
20180731 13:31,490.0,490.0,490.0,490.0,270558,862.0,108080,6.0,13264200000.0,42300000.0,3889,8880,2018-07-31 13:31:00
20180731 13:32,490.0,490.5,490.0,490.5,271430,872.0,108220,140.0,13306900000.0,42700000.0,28003,12554,2018-07-31 13:32:00
20180731 13:33,490.5,490.5,490.0,490.0,271494,64.0,108284,64.0,13310000000.0,3100000.0,17341,16875,2018-07-31 13:33:00
20180731 13:34,490.0,490.0,490.0,490.0,271544,50.0,108282,-2.0,13312500000.0,2500000.0,8920,11319,2018-07-31 13:34:00
20180731 13:35,490.0,490.5,490.0,490.0,271904,360.0,108164,-118.0,13330100000.0,17600000.0,16000,11467,2018-07-31 13:35:00
20180731 13:36,490.0,490.5,490.0,490.0,272556,652.0,108034,-130.0,13362100000.0,32000000.0,3174,5252,2018-07-31 13:36:00
20180731 13:37,490.0,490.0,490.0,490.0,272556,0.0,108034,0.0,13362100000.0,0.0,790,1073,2018-07-31 13:37:00
20180731 13:38,490.0,490.0,490.0,490.0,272556,0.0,108034,0.0,13362100000.0,0.0,662,800,2018-07-31 13:38:00
20180731 13:39,490.0,490.0,490.0,490.0,272556,0.0,108034,0.0,13362100000.0,0.0,662,802,2018-07-31 13:39:00
20180731 13:40,490.0,490.5,490.0,490.5,272612,56.0,108048,14.0,13364800000.0,2700000.0,2295,10086,2018-07-31 13:40:00
20180731 13:41,490.5,490.5,490.5,490.5,272752,140.0,107974,-74.0,13371700000.0,6900000.0,1361,5728,2018-07-31 13:41:00
20180731 13:42,490.5,491.0,490.5,491.0,273630,878.0,107856,-118.0,13414800000.0,43100000.0,25099,8464,2018-07-31 13:42:00
20180731 13:43,491.0,491.0,491.0,491.0,273632,2.0,107858,2.0,13414900000.0,100000.0,4214,1545,2018-07-31 13:43:00
20180731 13:44,491.0,491.0,490.5,490.5,274164,532.0,107912,54.0,13441000000.0,26100000.0,7369,1674,2018-07-31 13:44:00
20180731 13:45,490.5,491.0,490.5,491.0,274170,6.0,107912,0.0,13441300000.0,300000.0,4532,865,2018-07-31 13:45:00
20180731 13:46,490.5,490.5,490.5,490.5,278930,4760.0,107922,10.0,13674700000.0,233400000.0,5987,10495,2018-07-31 13:46:00
20180731 13:47,490.5,490.5,490.5,490.5,279632,702.0,107858,-64.0,13709200000.0,34500000.0,19329,6769,2018-07-31 13:47:00
20180731 13:48,490.5,492.0,490.5,491.5,280978,1346.0,107778,-80.0,13775300000.0,66100000.0,6971,5338,2018-07-31 13:48:00
20180731 13:49,491.5,491.5,491.5,491.5,281002,24.0,107796,18.0,13776500000.0,1200000.0,1892,1225,2018-07-31 13:49:00
20180731 13:50,491.5,491.5,491.5,491.5,282094,1092.0,107984,188.0,13830200000.0,53700000.0,14064,6491,2018-07-31 13:50:00
20180731 13:51,491.5,491.5,491.5,491.5,282702,608.0,107932,-52.0,13860100000.0,29900000.0,6732,8369,2018-07-31 13:51:00
20180731 13:52,491.5,491.5,491.5,491.5,282704,2.0,107934,2.0,13860200000.0,100000.0,4683,8175,2018-07-31 13:52:00
20180731 13:53,491.5,491.5,491.5,491.5,287432,4728.0,107968,34.0,14092500000.0,232300000.0,13200,15034,2018-07-31 13:53:00
20180731 13:54,491.5,491.5,491.5,491.5,295748,8316.0,107662,-306.0,14501300000.0,408800000.0,17817,12782,2018-07-31 13:54:00
20180731 13:55,491.5,492.0,491.5,492.0,298290,2542.0,107578,-84.0,14626300000.0,125000000.0,4327,5855,2018-07-31 13:55:00
20180731 13:56,492.0,492.0,491.5,491.5,299496,1206.0,107642,64.0,14685600000.0,59300000.0,16749,9895,2018-07-31 13:56:00
20180731 13:57,491.0,491.5,491.0,491.0,300652,1156.0,107674,32.0,14742400000.0,56800000.0,29465,9243,2018-07-31 13:57:00
20180731 13:58,491.0,491.0,490.5,490.5,302812,2160.0,107794,120.0,14848500000.0,106100000.0,32786,11204,2018-07-31 13:58:00
20180731 13:59,490.5,491.0,490.5,491.0,303146,334.0,107812,18.0,14864900000.0,16400000.0,37429,8760,2018-07-31 13:59:00
20180731 14:00,491.0,491.0,490.5,490.5,303400,254.0,107776,-36.0,14877300000.0,12400000.0,49551,14562,2018-07-31 14:00:00
20180731 14:01,490.0,490.0,489.5,490.0,304028,628.0,107774,-2.0,14908100000.0,30800000.0,8232,3190,2018-07-31 14:01:00
20180731 14:02,490.0,490.0,489.5,490.0,304320,292.0,107922,148.0,14922400000.0,14300000.0,6323,2247,2018-07-31 14:02:00
20180731 14:03,490.0,490.0,490.0,490.0,304328,8.0,107918,-4.0,14922800000.0,400000.0,4552,1190,2018-07-31 14:03:00
20180731 14:04,490.0,490.5,490.0,490.0,304374,46.0,107964,46.0,14925100000.0,2300000.0,3731,1071,2018-07-31 14:04:00
20180731 14:05,490.0,490.0,490.0,490.0,305374,1000.0,107070,-894.0,14974100000.0,49000000.0,7736,9061,2018-07-31 14:05:00
20180731 14:06,490.0,490.0,490.0,490.0,305676,302.0,107070,0.0,14988900000.0,14800000.0,5530,1643,2018-07-31 14:06:00
20180731 14:07,490.0,490.0,490.0,490.0,305676,0.0,107070,0.0,14988900000.0,0.0,3232,1133,2018-07-31 14:07:00
20180731 14:08,490.0,490.0,490.0,490.0,306210,534.0,107234,164.0,15015000000.0,26100000.0,16556,5903,2018-07-31 14:08:00
20180731 14:09,490.0,490.0,490.0,490.0,306210,0.0,107234,0.0,15015000000.0,0.0,3891,5307,2018-07-31 14:09:00
20180731 14:10,490.0,490.0,489.5,489.5,307346,1136.0,107186,-48.0,15070600000.0,55600000.0,24300,12556,2018-07-31 14:10:00
20180731 14:11,489.5,489.5,489.0,489.0,307678,332.0,107168,-18.0,15086900000.0,16300000.0,22018,11745,2018-07-31 14:11:00
20180731 14:12,489.0,489.0,488.5,489.0,308380,702.0,106656,-512.0,15121200000.0,34300000.0,11004,9746,2018-07-31 14:12:00
20180731 14:13,489.0,489.0,488.5,488.5,309288,908.0,106942,286.0,15165600000.0,44400000.0,2509,4996,2018-07-31 14:13:00
20180731 14:14,488.5,489.0,488.5,488.5,309920,632.0,106914,-28.0,15196500000.0,30900000.0,9149,8973,2018-07-31 14:14:00
20180731 14:15,488.5,489.0,488.5,489.0,309930,10.0,106914,0.0,15196900000.0,400000.0,11149,2845,2018-07-31 14:15:00
20180731 14:16,489.0,489.0,488.5,488.5,309936,6.0,106916,2.0,15197200000.0,300000.0,10087,3618,2018-07-31 14:16:00
20180731 14:17,488.5,489.0,488.5,489.0,309938,2.0,106916,0.0,15197300000.0,100000.0,3583,1311,2018-07-31 14:17:00
20180731 14:18,489.0,489.0,489.0,489.0,309980,42.0,106916,0.0,15199400000.0,2100000.0,12031,7591,2018-07-31 14:18:00
20180731 14:19,489.0,489.0,488.5,488.5,310010,30.0,106916,0.0,15200900000.0,1500000.0,12082,12086,2018-07-31 14:19:00
20180731 14:20,488.5,488.5,488.5,488.5,310014,4.0,106920,4.0,15201000000.0,100000.0,1618,1843,2018-07-31 14:20:00
20180731 14:21,488.5,488.5,488.5,488.5,310014,0.0,106920,0.0,15201000000.0,0.0,8910,9044,2018-07-31 14:21:00
20180731 14:22,488.5,488.5,488.5,488.5,310014,0.0,106920,0.0,15201000000.0,0.0,12960,9213,2018-07-31 14:22:00
20180731 14:23,488.5,489.0,488.5,489.0,311034,1020.0,106692,-228.0,15250900000.0,49900000.0,8920,12271,2018-07-31 14:23:00
20180731 14:24,489.0,489.5,489.0,489.0,311154,120.0,106746,54.0,15256800000.0,5900000.0,6117,31800,2018-07-31 14:24:00
20180731 14:25,489.0,489.0,489.0,489.0,311154,0.0,106746,0.0,15256800000.0,0.0,2026,18109,2018-07-31 14:25:00
20180731 14:26,489.0,489.5,489.0,489.5,312104,950.0,107438,692.0,15303300000.0,46500000.0,7702,27362,2018-07-31 14:26:00
20180731 14:27,489.5,489.5,489.5,489.5,312712,608.0,107444,6.0,15333100000.0,29800000.0,2295,15669,2018-07-31 14:27:00
20180731 14:28,489.5,489.5,489.5,489.5,312780,68.0,107464,20.0,15336400000.0,3300000.0,2676,17514,2018-07-31 14:28:00
20180731 14:29,489.5,489.5,489.5,489.5,313874,1094.0,107730,266.0,15389900000.0,53500000.0,4094,28851,2018-07-31 14:29:00
20180731 14:30,489.5,489.5,489.5,489.5,314000,126.0,107786,56.0,15396100000.0,6200000.0,5662,32866,2018-07-31 14:30:00
20180731 14:31,489.5,489.5,489.5,489.5,314000,0.0,107786,0.0,15396100000.0,0.0,2436,15776,2018-07-31 14:31:00
20180731 14:32,489.5,489.5,489.0,489.5,314880,880.0,107762,-24.0,15439200000.0,43100000.0,2225,20257,2018-07-31 14:32:00
20180731 14:33,489.5,489.5,489.5,489.5,315022,142.0,107790,28.0,15446100000.0,6900000.0,872,9490,2018-07-31 14:33:00
20180731 14:34,489.5,489.5,489.5,489.5,315650,628.0,107746,-44.0,15476900000.0,30800000.0,2117,31317,2018-07-31 14:34:00
20180731 14:35,489.5,489.5,489.5,489.5,315904,254.0,107786,40.0,15489300000.0,12400000.0,2730,21782,2018-07-31 14:35:00
20180731 14:36,489.5,489.5,489.5,489.5,316348,444.0,107676,-110.0,15511000000.0,21700000.0,4244,21785,2018-07-31 14:36:00
20180731 14:37,489.5,489.5,489.5,489.5,316754,406.0,107280,-396.0,15530900000.0,19900000.0,2015,5682,2018-07-31 14:37:00
20180731 14:38,489.5,489.5,489.5,489.5,317036,282.0,107040,-240.0,15544700000.0,13800000.0,1739,7608,2018-07-31 14:38:00
20180731 14:39,489.5,489.5,489.5,489.5,317196,160.0,106880,-160.0,15552600000.0,7900000.0,2242,11446,2018-07-31 14:39:00
20180731 14:40,489.5,489.5,489.5,489.5,317200,4.0,106878,-2.0,15552800000.0,200000.0,3696,15841,2018-07-31 14:40:00
20180731 14:41,489.5,489.5,489.5,489.5,317200,0.0,106878,0.0,15552800000.0,0.0,5487,19091,2018-07-31 14:41:00
20180731 14:42,489.5,489.5,489.5,489.5,317200,0.0,106878,0.0,15552800000.0,0.0,1338,6102,2018-07-31 14:42:00
20180731 14:43,489.5,489.5,489.0,489.5,317218,18.0,106878,0.0,15553600000.0,800000.0,1662,8591,2018-07-31 14:43:00
20180731 14:44,489.0,489.5,489.0,489.5,317260,42.0,106880,2.0,15555700000.0,2100000.0,1211,5700,2018-07-31 14:44:00
20180731 14:45,489.5,489.5,489.5,489.5,317802,542.0,106956,76.0,15582200000.0,26500000.0,2364,19302,2018-07-31 14:45:00
20180731 14:46,489.5,489.5,489.5,489.5,318744,942.0,106936,-20.0,15628300000.0,46100000.0,14033,11872,2018-07-31 14:46:00
20180731 14:47,489.5,489.5,489.5,489.5,318768,24.0,106948,12.0,15629500000.0,1200000.0,213,3812,2018-07-31 14:47:00
20180731 14:48,489.5,489.5,489.5,489.5,318866,98.0,106932,-16.0,15634300000.0,4800000.0,8291,2592,2018-07-31 14:48:00
20180731 14:49,489.5,489.5,489.5,489.5,320856,1990.0,106960,28.0,15731700000.0,97400000.0,17825,11098,2018-07-31 14:49:00
20180731 14:50,489.5,489.5,489.5,489.5,320856,0.0,106960,0.0,15731700000.0,0.0,2628,2436,2018-07-31 14:50:00
20180731 14:51,489.5,489.5,489.5,489.5,320856,0.0,106960,0.0,15731700000.0,0.0,1026,1417,2018-07-31 14:51:00
20180731 14:52,489.5,490.0,489.5,490.0,321268,412.0,107092,132.0,15751900000.0,20200000.0,2666,2410,2018-07-31 14:52:00
20180731 14:53,490.0,490.0,490.0,490.0,321268,0.0,107092,0.0,15751900000.0,0.0,1588,1033,2018-07-31 14:53:00
20180731 14:54,490.0,490.5,490.0,490.5,321350,82.0,107160,68.0,15755900000.0,4000000.0,3170,1872,2018-07-31 14:54:00
20180731 14:55,490.5,490.5,490.5,490.5,321404,54.0,107200,40.0,15758600000.0,2700000.0,2946,1471,2018-07-31 14:55:00
20180731 14:56,490.5,490.5,489.5,489.5,321668,264.0,107186,-14.0,15771500000.0,12900000.0,5318,4508,2018-07-31 14:56:00
20180731 14:57,489.5,490.0,489.5,490.0,321684,16.0,107190,4.0,15772300000.0,800000.0,2891,3281,2018-07-31 14:57:00
20180731 14:58,490.0,490.0,489.5,489.5,321694,10.0,107184,-6.0,15772800000.0,500000.0,2840,3099,2018-07-31 14:58:00
20180731 14:59,489.5,490.0,489.5,490.0,322014,320.0,107196,12.0,15788500000.0,15700000.0,5091,19525,2018-07-31 14:59:00
20180731 15:00,490.0,490.0,490.0,490.0,322014,0.0,107196,0.0,15788500000.0,0.0,60,704,2018-07-31 15:00:00
20180731 20:58,491.0,491.0,491.0,491.0,0,0.0,120664,13468.0,0.0,0.0,3,1,2018-07-31 20:58:00
20180731 21:00,491.0,491.0,490.5,490.5,722,722.0,120500,-164.0,35423600.0,35423600.0,5151,2149,2018-07-31 21:00:00
20180731 21:01,490.5,491.0,490.5,491.0,1248,526.0,120090,-410.0,61226300.0,25802700.0,2612,2391,2018-07-31 21:01:00
20180731 21:02,491.0,491.5,491.0,491.0,1900,652.0,119950,-140.0,93239600.0,32013300.0,3585,2950,2018-07-31 21:02:00
20180731 21:03,491.0,491.5,491.0,491.5,1944,44.0,119934,-16.0,95400500.0,2160900.0,4470,4194,2018-07-31 21:03:00
20180731 21:04,491.5,491.5,491.0,491.0,1956,12.0,119924,-10.0,95989700.0,589200.0,3690,2418,2018-07-31 21:04:00
20180731 21:05,491.0,491.5,491.0,491.5,2608,652.0,119454,-470.0,128035000.0,32045300.0,5039,8020,2018-07-31 21:05:00
20180731 21:06,491.5,491.5,491.5,491.5,2608,0.0,119454,0.0,128035000.0,0.0,941,2936,2018-07-31 21:06:00
20180731 21:07,491.5,491.5,491.5,491.5,2610,2.0,119454,0.0,128134000.0,99000.0,6620,7663,2018-07-31 21:07:00
20180731 21:08,491.5,491.5,491.0,491.5,2920,310.0,119310,-144.0,143370000.0,15236000.0,4385,6013,2018-07-31 21:08:00
20180731 21:09,491.5,492.0,491.5,491.5,4432,1512.0,119728,418.0,217685000.0,74315000.0,4647,4673,2018-07-31 21:09:00
20180731 21:10,492.0,492.5,491.5,492.5,5802,1370.0,118780,-948.0,285089000.0,67404000.0,9551,3269,2018-07-31 21:10:00
20180731 21:11,492.0,492.0,491.5,491.5,7168,1366.0,119498,718.0,352296000.0,67207000.0,3298,4935,2018-07-31 21:11:00
20180731 21:12,491.5,492.0,491.5,491.5,9500,2332.0,118458,-1040.0,466914000.0,114618000.0,17813,4070,2018-07-31 21:12:00
20180731 21:13,491.5,491.5,491.5,491.5,9500,0.0,118458,0.0,466914000.0,0.0,3162,957,2018-07-31 21:13:00
20180731 21:14,491.5,491.5,491.5,491.5,9500,0.0,118458,0.0,466914000.0,0.0,739,429,2018-07-31 21:14:00
20180731 21:15,491.5,491.5,491.5,491.5,9502,2.0,118458,0.0,467012000.0,98000.0,1192,762,2018-07-31 21:15:00
20180731 21:16,491.5,491.5,491.0,491.0,10130,628.0,118674,216.0,497858000.0,30846000.0,4004,5883,2018-07-31 21:16:00
20180731 21:17,491.0,491.0,490.5,490.5,11974,1844.0,119526,852.0,588376000.0,90518000.0,3145,6536,2018-07-31 21:17:00
20180731 21:18,490.5,490.5,490.0,490.0,15194,3220.0,118194,-1332.0,746156000.0,157780000.0,6869,9946,2018-07-31 21:18:00
20180731 21:19,490.0,490.0,489.5,489.5,15476,282.0,118138,-56.0,759971000.0,13815000.0,3384,2870,2018-07-31 21:19:00
20180731 21:20,489.5,489.5,489.5,489.5,15484,8.0,118136,-2.0,760362000.0,391000.0,4089,3391,2018-07-31 21:20:00
20180731 21:21,489.5,490.0,489.5,490.0,18054,2570.0,117892,-244.0,886292000.0,125930000.0,4857,6515,2018-07-31 21:21:00
20180731 21:22,490.0,490.0,490.0,490.0,18104,50.0,117880,-12.0,888742000.0,2450000.0,2471,817,2018-07-31 21:22:00
20180731 21:23,490.0,490.0,490.0,490.0,18104,0.0,117880,0.0,888742000.0,0.0,1421,476,2018-07-31 21:23:00
20180731 21:25,490.0,490.0,490.0,490.0,18104,0.0,117880,0.0,888742000.0,0.0,193,98,2018-07-31 21:25:00
20180731 21:26,490.0,490.0,490.0,490.0,20270,2166.0,118904,1024.0,994876000.0,106134000.0,2905,2494,2018-07-31 21:26:00
20180731 21:27,490.0,490.0,490.0,490.0,20270,0.0,118904,0.0,994876000.0,0.0,904,1124,2018-07-31 21:27:00
20180731 21:28,490.0,490.0,490.0,490.0,20270,0.0,118904,0.0,994876000.0,0.0,2818,2695,2018-07-31 21:28:00
20180731 21:29,489.5,489.5,489.0,489.0,21486,1216.0,117890,-1014.0,1054400000.0,59524000.0,1601,2946,2018-07-31 21:29:00
20180731 21:30,489.0,489.5,489.0,489.5,21650,164.0,117770,-120.0,1062430000.0,8030000.0,4019,2726,2018-07-31 21:30:00
20180731 21:31,489.5,489.5,489.5,489.5,22836,1186.0,118782,1012.0,1120480000.0,58050000.0,3459,1866,2018-07-31 21:31:00
20180731 21:32,489.5,489.5,489.5,489.5,22836,0.0,118782,0.0,1120480000.0,0.0,2147,1670,2018-07-31 21:32:00
20180731 21:33,489.5,489.5,489.5,489.5,22836,0.0,118782,0.0,1120480000.0,0.0,1006,1105,2018-07-31 21:33:00
20180731 21:34,489.5,489.5,489.5,489.5,22838,2.0,118784,2.0,1120580000.0,100000.0,956,1039,2018-07-31 21:34:00
20180731 21:35,489.5,489.5,489.5,489.5,22838,0.0,118784,0.0,1120580000.0,0.0,757,820,2018-07-31 21:35:00
20180731 21:36,489.5,489.5,489.5,489.5,22838,0.0,118784,0.0,1120580000.0,0.0,2441,3193,2018-07-31 21:36:00
20180731 21:37,489.5,489.5,489.5,489.5,22838,0.0,118784,0.0,1120580000.0,0.0,735,954,2018-07-31 21:37:00
20180731 21:38,489.5,489.5,489.5,489.5,22844,6.0,118784,0.0,1120870000.0,290000.0,285,344,2018-07-31 21:38:00
20180731 21:39,490.0,490.0,490.0,490.0,24474,1630.0,117818,-966.0,1200740000.0,79870000.0,4317,6525,2018-07-31 21:39:00
20180731 21:40,490.0,490.0,490.0,490.0,24474,0.0,117818,0.0,1200740000.0,0.0,4938,14871,2018-07-31 21:40:00
20180731 21:41,490.0,490.0,490.0,490.0,24474,0.0,117818,0.0,1200740000.0,0.0,2994,11654,2018-07-31 21:41:00
20180731 21:42,490.0,490.0,490.0,490.0,25854,1380.0,117434,-384.0,1268360000.0,67620000.0,3801,11501,2018-07-31 21:42:00
20180731 21:43,490.0,490.0,490.0,490.0,29634,3780.0,117024,-410.0,1453580000.0,185220000.0,5722,14641,2018-07-31 21:43:00
20180731 21:44,490.0,490.0,490.0,490.0,30592,958.0,117026,2.0,1500520000.0,46940000.0,5980,7352,2018-07-31 21:44:00
20180731 21:45,490.0,490.0,490.0,490.0,30964,372.0,117022,-4.0,1518750000.0,18230000.0,3221,1985,2018-07-31 21:45:00
20180731 21:46,490.0,490.0,490.0,490.0,33842,2878.0,116942,-80.0,1659770000.0,141020000.0,5125,4328,2018-07-31 21:46:00
20180731 21:47,490.0,490.0,490.0,490.0,36572,2730.0,117558,616.0,1793540000.0,133770000.0,5170,4848,2018-07-31 21:47:00
20180731 21:48,490.0,490.0,490.0,490.0,36572,0.0,117558,0.0,1793540000.0,0.0,1162,1376,2018-07-31 21:48:00
20180731 21:49,490.0,490.0,490.0,490.0,36572,0.0,117558,0.0,1793540000.0,0.0,2324,2708,2018-07-31 21:49:00
20180731 21:50,490.0,490.0,490.0,490.0,42760,6188.0,117768,210.0,2096760000.0,303220000.0,7418,8171,2018-07-31 21:50:00
20180731 21:51,490.0,490.0,490.0,490.0,57918,15158.0,116558,-1210.0,2839500000.0,742740000.0,15595,16960,2018-07-31 21:51:00
20180731 21:52,490.0,490.0,490.0,490.0,62028,4110.0,116192,-366.0,3040890000.0,201390000.0,7628,7528,2018-07-31 21:52:00
20180731 21:53,490.0,490.0,490.0,490.0,64884,2856.0,116328,136.0,3180830000.0,139940000.0,5385,5262,2018-07-31 21:53:00
20180731 21:54,490.0,490.5,490.0,490.0,65862,978.0,116552,224.0,3228760000.0,47930000.0,3531,3553,2018-07-31 21:54:00
20180731 21:55,490.0,490.0,490.0,490.0,67450,1588.0,116744,192.0,3306570000.0,77810000.0,2290,2077,2018-07-31 21:55:00
20180731 21:56,490.0,490.0,490.0,490.0,69336,1886.0,116466,-278.0,3398980000.0,92410000.0,6348,4088,2018-07-31 21:56:00
20180731 21:57,490.0,490.0,490.0,490.0,70494,1158.0,116980,514.0,3455730000.0,56750000.0,1970,2314,2018-07-31 21:57:00
20180731 21:58,490.0,490.0,490.0,490.0,70918,424.0,116818,-162.0,3476500000.0,20770000.0,2155,3669,2018-07-31 21:58:00
20180731 21:59,490.0,490.5,490.0,490.5,71590,672.0,116744,-74.0,3509430000.0,32930000.0,14693,5535,2018-07-31 21:59:00
20180731 22:00,490.5,490.5,489.5,489.5,73084,1494.0,116678,-66.0,3582640000.0,73210000.0,12834,3414,2018-07-31 22:00:00
20180731 22:01,489.5,489.5,489.5,489.5,73086,2.0,116678,0.0,3582730000.0,90000.0,2896,286,2018-07-31 22:01:00
20180731 22:02,489.5,489.5,489.5,489.5,74856,1770.0,115684,-994.0,3669380000.0,86650000.0,10905,2931,2018-07-31 22:02:00
20180731 22:03,489.5,489.5,489.5,489.5,76828,1972.0,116248,564.0,3765910000.0,96530000.0,12673,2211,2018-07-31 22:03:00
20180731 22:04,489.5,489.5,489.5,489.5,76878,50.0,116298,50.0,3768350000.0,2440000.0,11936,790,2018-07-31 22:04:00
20180731 22:05,489.5,490.0,489.5,490.0,77878,1000.0,116120,-178.0,3817340000.0,48990000.0,19033,3627,2018-07-31 22:05:00
20180731 22:06,490.0,490.0,490.0,490.0,79590,1712.0,115024,-1096.0,3901230000.0,83890000.0,4958,3044,2018-07-31 22:06:00
20180731 22:07,490.0,490.0,489.5,490.0,88454,8864.0,114450,-574.0,4335560000.0,434330000.0,11496,11828,2018-07-31 22:07:00
20180731 22:08,490.0,490.0,490.0,490.0,104622,16168.0,114256,-194.0,5127790000.0,792230000.0,28203,13397,2018-07-31 22:08:00
20180731 22:09,490.0,490.5,490.0,490.5,111676,7054.0,114508,252.0,5473520000.0,345730000.0,14167,10561,2018-07-31 22:09:00
20180731 22:10,490.5,490.5,490.0,490.0,124200,12524.0,114940,432.0,6087200000.0,613680000.0,52277,13918,2018-07-31 22:10:00
20180731 22:11,490.0,490.5,490.0,490.0,130368,6168.0,114522,-418.0,6389450000.0,302250000.0,9084,6245,2018-07-31 22:11:00
20180731 22:12,489.5,490.0,489.5,489.5,134298,3930.0,114544,22.0,6582020000.0,192570000.0,8974,8484,2018-07-31 22:12:00
20180731 22:13,489.5,489.5,489.5,489.5,134326,28.0,114532,-12.0,6583390000.0,1370000.0,14201,4532,2018-07-31 22:13:00
20180731 22:14,489.5,490.0,489.5,490.0,136034,1708.0,114832,300.0,6667000000.0,83610000.0,20555,4047,2018-07-31 22:14:00
20180731 22:15,490.0,490.0,489.5,489.5,136244,210.0,114876,44.0,6677280000.0,10280000.0,31033,5102,2018-07-31 22:15:00
20180731 22:16,489.5,489.5,489.5,489.5,137958,1714.0,114458,-418.0,6761180000.0,83900000.0,31178,6647,2018-07-31 22:16:00
20180731 22:17,489.5,489.5,489.5,489.5,137978,20.0,114458,0.0,6762160000.0,980000.0,11653,5115,2018-07-31 22:17:00
20180731 22:18,489.5,489.5,489.5,489.5,137978,0.0,114458,0.0,6762160000.0,0.0,2356,704,2018-07-31 22:18:00
20180731 22:19,489.5,489.5,489.5,489.5,137980,2.0,114458,0.0,6762260000.0,100000.0,6307,1728,2018-07-31 22:19:00
20180731 22:20,489.5,490.0,489.5,490.0,138000,20.0,114458,0.0,6763240000.0,980000.0,13501,2715,2018-07-31 22:20:00
20180731 22:21,490.0,490.0,490.0,490.0,138000,0.0,114458,0.0,6763240000.0,0.0,7938,865,2018-07-31 22:21:00
20180731 22:22,490.0,490.0,490.0,490.0,138002,2.0,114458,0.0,6763340000.0,100000.0,36501,9192,2018-07-31 22:22:00
20180731 22:23,490.0,490.0,490.0,490.0,138002,0.0,114458,0.0,6763340000.0,0.0,13221,3915,2018-07-31 22:23:00
20180731 22:24,490.0,490.0,490.0,490.0,138002,0.0,114458,0.0,6763340000.0,0.0,6459,1609,2018-07-31 22:24:00
20180731 22:25,490.0,490.0,490.0,490.0,138002,0.0,114458,0.0,6763340000.0,0.0,13076,3492,2018-07-31 22:25:00
20180731 22:26,490.0,490.0,490.0,490.0,138002,0.0,114458,0.0,6763340000.0,0.0,1276,389,2018-07-31 22:26:00
20180731 22:27,490.0,490.0,490.0,490.0,138002,0.0,114458,0.0,6763340000.0,0.0,2537,782,2018-07-31 22:27:00
20180731 22:28,490.0,490.0,490.0,490.0,138002,0.0,114458,0.0,6763340000.0,0.0,633,194,2018-07-31 22:28:00
20180731 22:29,490.0,490.0,489.5,489.5,138006,4.0,114458,0.0,6763530000.0,190000.0,1899,564,2018-07-31 22:29:00
20180731 22:30,489.5,489.5,489.5,489.5,138006,0.0,114458,0.0,6763530000.0,0.0,4144,1350,2018-07-31 22:30:00
20180731 22:31,489.5,489.5,489.0,489.5,138456,450.0,114608,150.0,6785560000.0,22030000.0,3270,1349,2018-07-31 22:31:00
20180731 22:32,489.5,489.5,489.0,489.0,138462,6.0,114608,0.0,6785850000.0,290000.0,1678,798,2018-07-31 22:32:00
20180731 22:33,489.0,489.0,489.0,489.0,138462,0.0,114608,0.0,6785850000.0,0.0,1678,822,2018-07-31 22:33:00
20180731 22:34,489.0,489.0,489.0,489.0,140446,1984.0,114758,150.0,6882870000.0,97020000.0,4993,2994,2018-07-31 22:34:00
20180731 22:35,489.0,489.0,489.0,489.0,140446,0.0,114758,0.0,6882870000.0,0.0,313,117,2018-07-31 22:35:00
20180731 22:36,489.0,489.0,489.0,489.0,140446,0.0,114758,0.0,6882870000.0,0.0,941,341,2018-07-31 22:36:00
20180731 22:37,489.0,489.0,488.5,488.5,143838,3392.0,114222,-536.0,7048580000.0,165710000.0,3186,6807,2018-07-31 22:37:00
20180731 22:38,488.5,488.5,488.5,488.5,143838,0.0,114222,0.0,7048580000.0,0.0,3519,2637,2018-07-31 22:38:00
20180731 22:39,488.5,488.5,488.5,488.5,143926,88.0,114290,68.0,7052870000.0,4290000.0,1534,1368,2018-07-31 22:39:00
20180731 22:40,488.5,488.5,488.0,488.0,143928,2.0,114288,-2.0,7052970000.0,100000.0,216,286,2018-07-31 22:40:00
20180731 22:41,488.0,489.0,488.0,489.0,144102,174.0,114284,-4.0,7061470000.0,8500000.0,6190,4929,2018-07-31 22:41:00
20180731 22:42,489.0,489.0,489.0,489.0,144122,20.0,114294,10.0,7062450000.0,980000.0,3402,7148,2018-07-31 22:42:00
20180731 22:43,489.0,489.0,489.0,489.0,144122,0.0,114294,0.0,7062450000.0,0.0,267,422,2018-07-31 22:43:00
20180731 22:44,489.0,489.0,489.0,489.0,144124,2.0,114294,0.0,7062550000.0,100000.0,1894,4226,2018-07-31 22:44:00
20180731 22:45,489.0,489.0,489.0,489.0,145000,876.0,113952,-342.0,7105380000.0,42830000.0,2222,5103,2018-07-31 22:45:00
20180731 22:46,489.0,489.5,489.0,489.5,145018,18.0,113970,18.0,7106260000.0,880000.0,857,852,2018-07-31 22:46:00
20180731 22:47,489.5,489.5,489.5,489.5,145020,2.0,113970,0.0,7106360000.0,100000.0,453,420,2018-07-31 22:47:00
20180731 22:48,489.5,489.5,489.5,489.5,145020,0.0,113970,0.0,7106360000.0,0.0,328,322,2018-07-31 22:48:00
20180731 22:49,489.5,489.5,489.0,489.0,145026,6.0,113970,0.0,7106660000.0,300000.0,363,469,2018-07-31 22:49:00
20180731 22:50,489.0,490.0,489.0,490.0,145136,110.0,113946,-24.0,7112040000.0,5380000.0,1874,1986,2018-07-31 22:50:00
20180731 22:51,490.0,490.5,490.0,490.0,146184,1048.0,113826,-120.0,7163390000.0,51350000.0,5361,15010,2018-07-31 22:51:00
20180731 22:52,490.0,490.5,490.0,490.5,146386,202.0,113850,24.0,7173300000.0,9910000.0,4030,2975,2018-07-31 22:52:00
20180731 22:53,490.5,490.5,490.5,490.5,148002,1616.0,113728,-122.0,7252560000.0,79260000.0,2907,3538,2018-07-31 22:53:00
20180731 22:54,490.5,490.5,490.0,490.0,148004,2.0,113728,0.0,7252660000.0,100000.0,375,1459,2018-07-31 22:54:00
20180731 22:55,490.0,490.5,490.0,490.5,148162,158.0,113630,-98.0,7260410000.0,7750000.0,1957,3194,2018-07-31 22:55:00
20180731 22:56,490.5,490.5,490.5,490.5,149086,924.0,113558,-72.0,7305730000.0,45320000.0,2555,1477,2018-07-31 22:56:00
20180731 22:57,490.5,490.5,490.5,490.5,149090,4.0,113558,0.0,7305930000.0,200000.0,1468,463,2018-07-31 22:57:00
20180731 22:58,490.5,490.5,490.5,490.5,149090,0.0,113558,0.0,7305930000.0,0.0,1500,697,2018-07-31 22:58:00
20180731 22:59,490.5,490.5,490.5,490.5,149104,14.0,113554,-4.0,7306620000.0,690000.0,1032,580,2018-07-31 22:59:00
20180731 23:00,491.0,491.0,491.0,491.0,149186,82.0,113636,82.0,7310640000.0,4020000.0,766,553,2018-07-31 23:00:00
20180731 23:01,490.5,490.5,490.0,490.0,149592,406.0,113426,-210.0,7330550000.0,19910000.0,1483,1490,2018-07-31 23:01:00
20180731 23:02,490.0,490.0,490.0,490.0,149602,10.0,113416,-10.0,7331040000.0,490000.0,1474,1904,2018-07-31 23:02:00
20180731 23:03,490.0,490.0,490.0,490.0,149602,0.0,113416,0.0,7331040000.0,0.0,204,139,2018-07-31 23:03:00
20180731 23:04,490.0,490.0,489.5,489.5,149606,4.0,113416,0.0,7331230000.0,190000.0,611,415,2018-07-31 23:04:00
20180731 23:05,489.5,489.5,489.5,489.5,149606,0.0,113416,0.0,7331230000.0,0.0,622,409,2018-07-31 23:05:00
20180731 23:06,489.5,489.5,489.5,489.5,149606,0.0,113416,0.0,7331230000.0,0.0,208,137,2018-07-31 23:06:00
20180731 23:07,489.5,489.5,489.5,489.5,149606,0.0,113416,0.0,7331230000.0,0.0,521,426,2018-07-31 23:07:00
20180731 23:08,489.5,489.5,489.5,489.5,149606,0.0,113416,0.0,7331230000.0,0.0,172,143,2018-07-31 23:08:00
20180731 23:09,490.5,490.5,490.0,490.5,151066,1460.0,113318,-98.0,7402830000.0,71600000.0,1236,1864,2018-07-31 23:09:00
20180731 23:10,490.5,490.5,490.5,490.5,158538,7472.0,113468,150.0,7769340000.0,366510000.0,6208,7309,2018-07-31 23:10:00
20180731 23:11,490.5,490.5,490.5,490.5,164690,6152.0,113336,-132.0,8071090000.0,301750000.0,5530,6463,2018-07-31 23:11:00
20180731 23:12,490.5,490.5,490.5,490.5,164692,2.0,113338,2.0,8071190000.0,100000.0,571,381,2018-07-31 23:12:00
20180731 23:13,490.5,490.5,489.5,490.0,164864,172.0,113296,-42.0,8079620000.0,8430000.0,2424,1921,2018-07-31 23:13:00
20180731 23:14,490.0,490.0,489.5,489.5,164886,22.0,113296,0.0,8080700000.0,1080000.0,1170,1655,2018-07-31 23:14:00
20180731 23:15,490.0,490.0,490.0,490.0,172670,7784.0,113064,-232.0,8462120000.0,381420000.0,10677,8894,2018-07-31 23:15:00
20180731 23:16,490.0,490.5,490.0,490.5,175244,2574.0,112820,-244.0,8588320000.0,126200000.0,5720,5009,2018-07-31 23:16:00
20180731 23:17,490.5,491.0,490.5,491.0,175300,56.0,112788,-32.0,8591070000.0,2750000.0,5363,2027,2018-07-31 23:17:00
20180731 23:18,491.0,491.5,491.0,491.5,176112,812.0,112974,186.0,8630940000.0,39870000.0,3482,1720,2018-07-31 23:18:00
20180731 23:19,491.5,491.5,491.5,491.5,176112,0.0,112974,0.0,8630940000.0,0.0,1080,280,2018-07-31 23:19:00
20180731 23:20,491.5,491.5,491.5,491.5,176112,0.0,112974,0.0,8630940000.0,0.0,839,244,2018-07-31 23:20:00
20180731 23:21,491.5,491.5,491.0,491.0,176114,2.0,112976,2.0,8631040000.0,100000.0,530,209,2018-07-31 23:21:00
20180731 23:22,491.0,491.5,491.0,491.5,176118,4.0,112978,2.0,8631240000.0,200000.0,2112,1165,2018-07-31 23:22:00
20180731 23:23,491.5,491.5,491.5,491.5,176128,10.0,112968,-10.0,8631730000.0,490000.0,1958,1473,2018-07-31 23:23:00
20180731 23:24,491.5,491.5,491.5,491.5,176142,14.0,112970,2.0,8632410000.0,680000.0,1489,1134,2018-07-31 23:24:00
20180731 23:25,491.5,491.5,491.5,491.5,176940,798.0,112730,-240.0,8671640000.0,39230000.0,4842,3963,2018-07-31 23:25:00
20180731 23:26,491.5,491.5,491.0,491.0,177024,84.0,112720,-10.0,8675760000.0,4120000.0,7120,4080,2018-07-31 23:26:00
20180731 23:27,491.0,491.5,491.0,491.5,179240,2216.0,112568,-152.0,8784680000.0,108920000.0,10275,5114,2018-07-31 23:27:00
20180731 23:28,491.5,492.0,491.5,492.0,179314,74.0,112546,-22.0,8788320000.0,3640000.0,4100,1924,2018-07-31 23:28:00
20180731 23:29,492.0,492.0,491.5,491.5,179528,214.0,112466,-80.0,8798840000.0,10520000.0,2627,1124,2018-07-31 23:29:00
20180801 09:00,489.0,489.0,489.0,489.0,55232,55232.0,100044,-12422.0,2705160000.0,2705160000.0,12633,4549,2018-08-01 09:00:00
20180801 09:01,489.0,489.0,489.0,489.0,57058,1826.0,99994,-50.0,2794450000.0,89290000.0,4175,2728,2018-08-01 09:01:00
20180801 09:02,489.0,489.0,489.0,489.0,57118,60.0,100004,10.0,2797380000.0,2930000.0,3466,488,2018-08-01 09:02:00
20180801 09:03,489.0,489.0,489.0,489.0,58144,1026.0,100576,572.0,2847560000.0,50180000.0,8910,2835,2018-08-01 09:03:00
20180801 09:04,489.0,489.0,489.0,489.0,58144,0.0,100576,0.0,2847560000.0,0.0,3163,806,2018-08-01 09:04:00
20180801 09:05,489.0,489.0,489.0,489.0,58456,312.0,100660,84.0,2862810000.0,15250000.0,4823,3136,2018-08-01 09:05:00
20180801 09:06,489.0,489.5,489.0,489.5,58478,22.0,100672,12.0,2863890000.0,1080000.0,2727,3519,2018-08-01 09:06:00
20180801 09:07,489.5,489.5,489.5,489.5,58482,4.0,100676,4.0,2864080000.0,190000.0,574,2363,2018-08-01 09:07:00
20180801 09:08,489.5,489.5,489.0,489.0,59404,922.0,100100,-576.0,2909170000.0,45090000.0,2670,3606,2018-08-01 09:08:00
20180801 09:09,489.0,489.0,488.5,488.5,59448,44.0,100066,-34.0,2911320000.0,2150000.0,2147,6228,2018-08-01 09:09:00
20180801 09:10,488.5,489.0,488.5,488.5,59464,16.0,100050,-16.0,2912100000.0,780000.0,1882,4716,2018-08-01 09:10:00
20180801 09:11,488.5,488.5,488.5,488.5,60420,956.0,100530,480.0,2958800000.0,46700000.0,9634,7881,2018-08-01 09:11:00
20180801 09:12,488.5,488.5,488.5,488.5,60420,0.0,100530,0.0,2958800000.0,0.0,2698,3417,2018-08-01 09:12:00
20180801 09:13,488.5,489.0,488.5,489.0,61642,1222.0,99950,-580.0,3018560000.0,59760000.0,3405,6282,2018-08-01 09:13:00
20180801 09:14,489.0,489.5,489.0,489.5,61780,138.0,99984,34.0,3025310000.0,6750000.0,4228,9271,2018-08-01 09:14:00
20180801 09:15,489.5,489.5,489.0,489.0,61788,8.0,99984,0.0,3025700000.0,390000.0,2685,3550,2018-08-01 09:15:00
20180801 09:16,489.0,489.5,489.0,489.5,61862,74.0,99954,-30.0,3029330000.0,3630000.0,6197,11647,2018-08-01 09:16:00
20180801 09:17,489.5,489.5,489.0,489.5,63788,1926.0,101024,1070.0,3123600000.0,94270000.0,3345,7622,2018-08-01 09:17:00
20180801 09:18,489.5,489.5,489.5,489.5,63794,6.0,101024,0.0,3123900000.0,300000.0,1425,4455,2018-08-01 09:18:00
20180801 09:19,489.5,489.5,489.5,489.5,67852,4058.0,101212,188.0,3322540000.0,198640000.0,8310,11211,2018-08-01 09:19:00
20180801 09:20,489.5,489.5,489.5,489.5,67976,124.0,101182,-30.0,3328610000.0,6070000.0,1959,3166,2018-08-01 09:20:00
20180801 09:21,489.5,489.5,489.0,489.0,67978,2.0,101182,0.0,3328700000.0,90000.0,1316,1806,2018-08-01 09:21:00
20180801 09:22,489.5,489.5,489.5,489.5,68266,288.0,101072,-110.0,3342800000.0,14100000.0,3296,5363,2018-08-01 09:22:00
20180801 09:23,489.5,490.0,489.5,490.0,68792,526.0,101040,-32.0,3368580000.0,25780000.0,9510,5975,2018-08-01 09:23:00
20180801 09:24,490.0,490.0,490.0,490.0,72528,3736.0,99930,-1110.0,3551640000.0,183060000.0,12839,13976,2018-08-01 09:24:00
20180801 09:25,490.0,490.0,489.5,489.5,76834,4306.0,99322,-608.0,3762420000.0,210780000.0,17013,11326,2018-08-01 09:25:00
20180801 09:26,489.5,489.5,489.5,489.5,81160,4326.0,100326,1004.0,3974180000.0,211760000.0,14126,8840,2018-08-01 09:26:00
20180801 09:27,489.5,489.5,489.5,489.5,83054,1894.0,100064,-262.0,4066890000.0,92710000.0,6302,2928,2018-08-01 09:27:00
20180801 09:28,489.5,489.5,489.5,489.5,87032,3978.0,99138,-926.0,4261610000.0,194720000.0,14416,6491,2018-08-01 09:28:00
20180801 09:29,489.5,489.5,489.5,489.5,89316,2284.0,100044,906.0,4373410000.0,111800000.0,7426,7030,2018-08-01 09:29:00
20180801 09:30,489.5,489.5,489.5,489.5,89480,164.0,100038,-6.0,4381440000.0,8030000.0,8808,2053,2018-08-01 09:30:00
20180801 09:31,489.5,489.5,489.5,489.5,89740,260.0,100148,110.0,4394170000.0,12730000.0,4745,3140,2018-08-01 09:31:00
20180801 09:32,489.5,489.5,489.5,489.5,89740,0.0,100148,0.0,4394170000.0,0.0,1425,795,2018-08-01 09:32:00
20180801 09:33,489.0,489.0,489.0,489.0,89742,2.0,100148,0.0,4394270000.0,100000.0,1122,636,2018-08-01 09:33:00
20180801 09:34,489.0,489.0,489.0,489.0,89742,0.0,100148,0.0,4394270000.0,0.0,3716,4146,2018-08-01 09:34:00
20180801 09:35,489.0,489.5,489.0,489.5,89752,10.0,100138,-10.0,4394750000.0,480000.0,2439,5072,2018-08-01 09:35:00
20180801 09:36,489.5,489.5,489.5,489.5,89752,0.0,100138,0.0,4394750000.0,0.0,2382,3814,2018-08-01 09:36:00
20180801 09:37,489.0,489.0,489.0,489.0,89754,2.0,100140,2.0,4394850000.0,100000.0,3927,6855,2018-08-01 09:37:00
20180801 09:38,489.0,489.0,489.0,489.0,89754,0.0,100140,0.0,4394850000.0,0.0,2222,4907,2018-08-01 09:38:00
20180801 09:39,489.5,489.5,489.5,489.5,89810,56.0,100088,-52.0,4397590000.0,2740000.0,1102,3690,2018-08-01 09:39:00
20180801 09:40,489.5,489.5,489.0,489.0,92040,2230.0,99284,-804.0,4506650000.0,109060000.0,6300,10001,2018-08-01 09:40:00
20180801 09:41,489.0,489.0,489.0,489.0,92040,0.0,99284,0.0,4506650000.0,0.0,8596,9096,2018-08-01 09:41:00
20180801 09:42,489.0,489.0,489.0,489.0,92040,0.0,99284,0.0,4506650000.0,0.0,4751,4978,2018-08-01 09:42:00
20180801 09:43,489.0,489.0,489.0,489.0,92070,30.0,99284,0.0,4508120000.0,1470000.0,3875,2425,2018-08-01 09:43:00
20180801 09:44,489.0,489.0,489.0,489.0,92070,0.0,99284,0.0,4508120000.0,0.0,2709,6638,2018-08-01 09:44:00
20180801 09:45,489.0,489.0,489.0,489.0,92070,0.0,99284,0.0,4508120000.0,0.0,2945,5868,2018-08-01 09:45:00
20180801 09:46,489.0,489.0,489.0,489.0,92070,0.0,99284,0.0,4508120000.0,0.0,1265,1635,2018-08-01 09:46:00
20180801 09:47,489.0,489.0,489.0,489.0,92070,0.0,99284,0.0,4508120000.0,0.0,604,1628,2018-08-01 09:47:00
20180801 09:48,489.0,489.0,489.0,489.0,92070,0.0,99284,0.0,4508120000.0,0.0,2614,4050,2018-08-01 09:48:00
20180801 09:49,489.0,490.0,489.0,489.5,97464,5394.0,99602,318.0,4772150000.0,264030000.0,10063,15860,2018-08-01 09:49:00
20180801 09:50,489.5,490.0,489.5,490.0,108832,11368.0,99622,20.0,5328750000.0,556600000.0,12750,33164,2018-08-01 09:50:00
20180801 09:51,490.0,490.0,489.5,490.0,109814,982.0,99592,-30.0,5376870000.0,48120000.0,8979,11699,2018-08-01 09:51:00
20180801 09:52,490.0,490.0,490.0,490.0,109814,0.0,99592,0.0,5376870000.0,0.0,4370,6200,2018-08-01 09:52:00
20180801 09:53,490.0,490.0,490.0,490.0,109814,0.0,99592,0.0,5376870000.0,0.0,6144,8819,2018-08-01 09:53:00
20180801 09:54,490.0,490.0,489.5,489.5,109876,62.0,99614,22.0,5379900000.0,3030000.0,1337,2044,2018-08-01 09:54:00
20180801 09:55,489.5,490.0,489.5,490.0,109946,70.0,99614,0.0,5383330000.0,3430000.0,3900,4710,2018-08-01 09:55:00
20180801 09:56,490.0,490.0,489.5,489.5,114422,4476.0,100264,650.0,5602440000.0,219110000.0,17144,12527,2018-08-01 09:56:00
20180801 09:57,489.5,489.5,489.5,489.5,114422,0.0,100264,0.0,5602440000.0,0.0,19312,9103,2018-08-01 09:57:00
20180801 09:58,489.5,489.5,489.5,489.5,114422,0.0,100264,0.0,5602440000.0,0.0,21095,10218,2018-08-01 09:58:00
20180801 09:59,489.5,489.5,489.0,489.0,114424,2.0,100262,-2.0,5602530000.0,90000.0,5166,2264,2018-08-01 09:59:00
20180801 10:00,489.0,489.0,489.0,489.0,116386,1962.0,100760,498.0,5698480000.0,95950000.0,6990,6943,2018-08-01 10:00:00
20180801 10:01,489.0,489.0,489.0,489.0,118218,1832.0,99598,-1162.0,5788060000.0,89580000.0,7390,5751,2018-08-01 10:01:00
20180801 10:02,489.0,489.5,489.0,489.5,118256,38.0,99582,-16.0,5789920000.0,1860000.0,3852,6797,2018-08-01 10:02:00
20180801 10:03,489.5,489.5,489.0,489.0,118266,10.0,99572,-10.0,5790410000.0,490000.0,7531,4254,2018-08-01 10:03:00
20180801 10:04,489.0,489.0,489.0,489.0,118434,168.0,99558,-14.0,5798620000.0,8210000.0,7783,956,2018-08-01 10:04:00
20180801 10:05,489.0,489.5,489.0,489.5,118436,2.0,99556,-2.0,5798720000.0,100000.0,1826,1117,2018-08-01 10:05:00
20180801 10:06,489.5,489.5,489.0,489.0,118442,6.0,99558,2.0,5799020000.0,300000.0,1596,934,2018-08-01 10:06:00
20180801 10:07,489.0,489.0,489.0,489.0,118514,72.0,99630,72.0,5802540000.0,3520000.0,6916,3798,2018-08-01 10:07:00
20180801 10:08,489.0,489.0,489.0,489.0,118522,8.0,99638,8.0,5802930000.0,390000.0,1656,679,2018-08-01 10:08:00
20180801 10:09,489.0,489.5,489.0,489.5,118558,36.0,99668,30.0,5804690000.0,1760000.0,2192,927,2018-08-01 10:09:00
20180801 10:10,489.5,489.5,489.0,489.0,120520,1962.0,100588,920.0,5900630000.0,95940000.0,7926,6092,2018-08-01 10:10:00
20180801 10:11,489.0,489.0,489.0,489.0,120530,10.0,100588,0.0,5901120000.0,490000.0,6771,2589,2018-08-01 10:11:00
20180801 10:12,489.0,489.5,489.0,489.5,120560,30.0,100578,-10.0,5902590000.0,1470000.0,4149,7510,2018-08-01 10:12:00
20180801 10:13,489.5,489.5,489.5,489.5,120568,8.0,100570,-8.0,5902980000.0,390000.0,2495,1430,2018-08-01 10:13:00
20180801 10:14,489.5,489.5,489.0,489.5,120678,110.0,100510,-60.0,5908360000.0,5380000.0,3708,2188,2018-08-01 10:14:00
20180801 10:30,489.5,489.5,489.5,489.5,120678,0.0,100510,0.0,5908360000.0,0.0,8714,4412,2018-08-01 10:30:00
20180801 10:31,489.5,489.5,489.5,489.5,120678,0.0,100510,0.0,5908360000.0,0.0,9741,2766,2018-08-01 10:31:00
20180801 10:32,489.5,489.5,489.5,489.5,120680,2.0,100510,0.0,5908460000.0,100000.0,3801,873,2018-08-01 10:32:00
20180801 10:33,489.5,489.5,488.5,488.5,120888,208.0,100494,-16.0,5918630000.0,10170000.0,13006,3881,2018-08-01 10:33:00
20180801 10:34,488.5,488.5,488.5,488.5,120890,2.0,100494,0.0,5918730000.0,100000.0,1949,1447,2018-08-01 10:34:00
20180801 10:35,488.5,489.0,488.5,489.0,120894,4.0,100498,4.0,5918930000.0,200000.0,961,674,2018-08-01 10:35:00
20180801 10:36,489.0,489.0,488.5,488.5,120896,2.0,100498,0.0,5919020000.0,90000.0,717,431,2018-08-01 10:36:00
20180801 10:37,488.5,488.5,487.5,487.5,122350,1454.0,100106,-392.0,5990040000.0,71020000.0,12365,5990,2018-08-01 10:37:00
20180801 10:38,487.5,487.5,487.0,487.0,122472,122.0,100064,-42.0,5995980000.0,5940000.0,6991,8000,2018-08-01 10:38:00
20180801 10:39,487.5,487.5,487.0,487.0,122500,28.0,100074,10.0,5997340000.0,1360000.0,4088,3949,2018-08-01 10:39:00
20180801 10:40,487.0,487.5,487.0,487.5,123266,766.0,100474,400.0,6034690000.0,37350000.0,7643,4155,2018-08-01 10:40:00
20180801 10:41,487.5,487.5,487.5,487.5,124038,772.0,100484,10.0,6072320000.0,37630000.0,11654,1026,2018-08-01 10:41:00
20180801 10:42,487.5,487.5,486.5,486.5,125646,1608.0,100226,-258.0,6150630000.0,78310000.0,16626,7033,2018-08-01 10:42:00
20180801 10:43,486.5,486.5,486.0,486.0,126840,1194.0,99866,-360.0,6208710000.0,58080000.0,5501,10667,2018-08-01 10:43:00
20180801 10:44,486.0,486.0,486.0,486.0,126908,68.0,99880,14.0,6212020000.0,3310000.0,3540,4668,2018-08-01 10:44:00
20180801 10:45,486.0,486.5,486.0,486.5,127180,272.0,99940,60.0,6225250000.0,13230000.0,9130,18812,2018-08-01 10:45:00
20180801 10:46,486.5,486.5,486.5,486.5,127188,8.0,99938,-2.0,6225640000.0,390000.0,3217,1900,2018-08-01 10:46:00
20180801 10:47,486.5,486.5,486.5,486.5,127190,2.0,99938,0.0,6225730000.0,90000.0,690,1126,2018-08-01 10:47:00
20180801 10:48,486.5,486.5,486.5,486.5,128536,1346.0,100766,828.0,6291220000.0,65490000.0,3562,6684,2018-08-01 10:48:00
20180801 10:49,486.5,486.5,486.5,486.5,128544,8.0,100766,0.0,6291610000.0,390000.0,8192,34522,2018-08-01 10:49:00
20180801 10:50,486.5,486.5,486.5,486.5,132780,4236.0,101336,570.0,6497690000.0,206080000.0,9575,30726,2018-08-01 10:50:00
20180801 10:51,486.5,486.5,486.5,486.5,132780,0.0,101336,0.0,6497690000.0,0.0,2591,4155,2018-08-01 10:51:00
20180801 10:52,486.5,486.5,486.0,486.0,132782,2.0,101336,0.0,6497790000.0,100000.0,1785,1159,2018-08-01 10:52:00
20180801 10:53,486.0,486.5,486.0,486.5,133066,284.0,101272,-64.0,6511600000.0,13810000.0,5117,6353,2018-08-01 10:53:00
20180801 10:54,486.5,486.5,486.5,486.5,133066,0.0,101272,0.0,6511600000.0,0.0,1566,2895,2018-08-01 10:54:00
20180801 10:55,486.5,487.0,486.5,486.5,134056,990.0,100650,-622.0,6559770000.0,48170000.0,3056,2651,2018-08-01 10:55:00
20180801 10:56,486.5,486.5,486.5,486.5,134606,550.0,100118,-532.0,6586520000.0,26750000.0,6331,5130,2018-08-01 10:56:00
20180801 10:57,486.5,487.0,486.5,487.0,134744,138.0,100156,38.0,6593250000.0,6730000.0,4105,5541,2018-08-01 10:57:00
20180801 10:58,487.0,487.0,487.0,487.0,135872,1128.0,100904,748.0,6648180000.0,54930000.0,3640,4968,2018-08-01 10:58:00
20180801 10:59,487.0,487.0,487.0,487.0,135876,4.0,100902,-2.0,6648370000.0,190000.0,12188,13536,2018-08-01 10:59:00
20180801 11:00,486.5,486.5,486.5,486.5,136718,842.0,100796,-106.0,6689340000.0,40970000.0,3138,10831,2018-08-01 11:00:00
20180801 11:01,486.5,486.5,486.5,486.5,136718,0.0,100796,0.0,6689340000.0,0.0,852,13168,2018-08-01 11:01:00
20180801 11:02,486.5,487.0,486.5,487.0,136790,72.0,100818,22.0,6692840000.0,3500000.0,2187,3226,2018-08-01 11:02:00
20180801 11:03,487.0,487.0,486.5,486.5,137866,1076.0,100318,-500.0,6745240000.0,52400000.0,3706,4824,2018-08-01 11:03:00
20180801 11:04,486.5,487.0,486.5,487.0,137946,80.0,100306,-12.0,6749140000.0,3900000.0,2828,5186,2018-08-01 11:04:00
20180801 11:05,487.0,487.0,487.0,487.0,137948,2.0,100306,0.0,6749240000.0,100000.0,3090,7301,2018-08-01 11:05:00
20180801 11:06,487.0,487.0,487.0,487.0,137948,0.0,100306,0.0,6749240000.0,0.0,208,363,2018-08-01 11:06:00
20180801 11:07,487.0,487.0,487.0,487.0,138010,62.0,100306,0.0,6752260000.0,3020000.0,3777,9652,2018-08-01 11:07:00
20180801 11:08,487.0,487.0,487.0,487.0,138010,0.0,100306,0.0,6752260000.0,0.0,2209,4618,2018-08-01 11:08:00
20180801 11:09,487.0,487.0,487.0,487.0,138022,12.0,100300,-6.0,6752840000.0,580000.0,1114,2271,2018-08-01 11:09:00
20180801 11:11,487.0,487.0,486.5,486.5,138024,2.0,100300,0.0,6752940000.0,100000.0,1029,2270,2018-08-01 11:11:00
20180801 11:12,486.5,486.5,486.5,486.5,138024,0.0,100300,0.0,6752940000.0,0.0,4634,5802,2018-08-01 11:12:00
20180801 11:13,486.5,487.0,486.5,487.0,138026,2.0,100300,0.0,6753040000.0,100000.0,4042,4820,2018-08-01 11:13:00
20180801 11:14,487.0,487.0,487.0,487.0,138038,12.0,100288,-12.0,6753620000.0,580000.0,6741,14729,2018-08-01 11:14:00
20180801 11:15,487.0,487.0,486.5,486.5,139026,988.0,101010,722.0,6801690000.0,48070000.0,4762,9180,2018-08-01 11:15:00
20180801 11:16,486.5,486.5,486.5,486.5,139680,654.0,101538,528.0,6833500000.0,31810000.0,2085,2799,2018-08-01 11:16:00
20180801 11:17,486.5,486.5,486.5,486.5,140422,742.0,101750,212.0,6869600000.0,36100000.0,2087,7710,2018-08-01 11:17:00
20180801 11:18,486.5,486.5,486.0,486.0,140428,6.0,101750,0.0,6869890000.0,290000.0,6016,20763,2018-08-01 11:18:00
20180801 11:19,486.0,486.0,486.0,486.0,140428,0.0,101750,0.0,6869890000.0,0.0,5177,6486,2018-08-01 11:19:00
20180801 11:20,486.0,486.0,486.0,486.0,141338,910.0,101050,-700.0,6914120000.0,44230000.0,5725,9800,2018-08-01 11:20:00
20180801 11:21,486.0,486.5,486.0,486.5,141386,48.0,101078,28.0,6916460000.0,2340000.0,5657,12114,2018-08-01 11:21:00
20180801 11:22,486.5,486.5,486.0,486.0,141622,236.0,101060,-18.0,6927920000.0,11460000.0,4949,7602,2018-08-01 11:22:00
20180801 11:23,486.0,486.0,486.0,486.0,141622,0.0,101060,0.0,6927920000.0,0.0,1719,2298,2018-08-01 11:23:00
20180801 11:24,486.0,486.0,484.5,484.5,141838,216.0,100952,-108.0,6938400000.0,10480000.0,4023,11687,2018-08-01 11:24:00
20180801 11:25,484.5,484.5,483.0,483.0,143684,1846.0,101300,348.0,7027740000.0,89340000.0,10594,15333,2018-08-01 11:25:00
20180801 11:26,483.0,483.0,483.0,483.0,147970,4286.0,102370,1070.0,7234760000.0,207020000.0,12899,8448,2018-08-01 11:26:00
20180801 11:27,483.0,483.0,480.0,480.0,151312,3342.0,102336,-34.0,7395480000.0,160720000.0,6855,8713,2018-08-01 11:27:00
20180801 11:28,480.0,480.0,478.5,479.5,154382,3070.0,101588,-748.0,7542690000.0,147210000.0,12511,9647,2018-08-01 11:28:00
20180801 11:29,479.5,479.5,475.0,477.0,155794,1412.0,101572,-16.0,7610070000.0,67380000.0,9593,4387,2018-08-01 11:29:00
20180801 13:30,476.5,478.0,476.0,478.0,157696,1902.0,101344,-228.0,7700870000.0,90800000.0,4912,7112,2018-08-01 13:30:00
20180801 13:31,478.0,478.0,477.0,477.0,158734,1038.0,102030,686.0,7750430000.0,49560000.0,8813,7447,2018-08-01 13:31:00
20180801 13:32,477.0,477.0,477.0,477.0,158960,226.0,102058,28.0,7761210000.0,10780000.0,9201,10495,2018-08-01 13:32:00
20180801 13:33,477.0,478.0,477.0,478.0,159510,550.0,102280,222.0,7787470000.0,26260000.0,6770,7448,2018-08-01 13:33:00
20180801 13:34,478.0,478.0,477.5,478.0,159692,182.0,102254,-26.0,7796170000.0,8700000.0,2090,8146,2018-08-01 13:34:00
20180801 13:35,478.0,478.5,478.0,478.0,161574,1882.0,102078,-176.0,7886130000.0,89960000.0,3556,10640,2018-08-01 13:35:00
20180801 13:36,478.0,478.5,478.0,478.0,161774,200.0,102114,36.0,7895690000.0,9560000.0,9024,4542,2018-08-01 13:36:00
20180801 13:37,478.0,478.5,478.0,478.0,161788,14.0,102116,2.0,7896360000.0,670000.0,6979,3999,2018-08-01 13:37:00
20180801 13:38,478.0,478.5,478.0,478.0,161794,6.0,102112,-4.0,7896650000.0,290000.0,5702,6905,2018-08-01 13:38:00
20180801 13:39,478.0,478.5,478.0,478.5,163228,1434.0,102646,534.0,7965260000.0,68610000.0,3151,4625,2018-08-01 13:39:00
20180801 13:40,478.5,479.0,478.5,478.5,164508,1280.0,101876,-770.0,8026510000.0,61250000.0,3426,7499,2018-08-01 13:40:00
20180801 13:41,478.5,478.5,478.0,478.0,164564,56.0,101844,-32.0,8029190000.0,2680000.0,8169,14034,2018-08-01 13:41:00
20180801 13:42,478.0,478.0,478.0,478.0,164584,20.0,101832,-12.0,8030150000.0,960000.0,3415,3512,2018-08-01 13:42:00
20180801 13:43,478.0,478.5,478.0,478.0,164592,8.0,101828,-4.0,8030530000.0,380000.0,2674,2814,2018-08-01 13:43:00
20180801 13:44,478.0,478.0,477.5,478.0,166500,1908.0,102598,770.0,8121730000.0,91200000.0,8791,5145,2018-08-01 13:44:00
20180801 13:45,478.0,478.5,478.0,478.5,167414,914.0,102758,160.0,8165450000.0,43720000.0,13936,10116,2018-08-01 13:45:00
20180801 13:46,478.5,478.5,478.5,478.5,167416,2.0,102760,2.0,8165540000.0,90000.0,8829,5639,2018-08-01 13:46:00
20180801 13:47,478.5,478.5,478.0,478.5,167552,136.0,102738,-22.0,8172050000.0,6510000.0,8736,1704,2018-08-01 13:47:00
20180801 13:48,478.5,479.0,478.5,479.0,167560,8.0,102738,0.0,8172430000.0,380000.0,24286,3473,2018-08-01 13:48:00
20180801 13:49,479.0,479.0,478.5,478.5,173120,5560.0,102024,-714.0,8438480000.0,266050000.0,19104,8663,2018-08-01 13:49:00
20180801 13:50,479.0,479.5,479.0,479.5,173470,350.0,101724,-300.0,8455240000.0,16760000.0,10201,1587,2018-08-01 13:50:00
20180801 13:51,479.5,479.5,479.5,479.5,174436,966.0,100990,-734.0,8501560000.0,46320000.0,11246,5221,2018-08-01 13:51:00
20180801 13:52,479.5,479.5,479.0,479.0,175914,1478.0,101698,708.0,8572360000.0,70800000.0,6350,7022,2018-08-01 13:52:00
20180801 13:53,479.0,479.0,479.0,479.0,176380,466.0,102150,452.0,8594680000.0,22320000.0,2459,1981,2018-08-01 13:53:00
20180801 13:54,479.0,479.0,478.5,478.5,176410,30.0,102156,6.0,8596120000.0,1440000.0,717,902,2018-08-01 13:54:00
20180801 13:55,478.5,479.0,478.5,479.0,176450,40.0,102164,8.0,8598030000.0,1910000.0,2552,1145,2018-08-01 13:55:00
20180801 13:56,479.0,479.0,479.0,479.0,177672,1222.0,101370,-794.0,8656570000.0,58540000.0,2908,1260,2018-08-01 13:56:00
20180801 13:57,479.0,479.5,479.0,479.0,177688,16.0,101356,-14.0,8657330000.0,760000.0,7974,9135,2018-08-01 13:57:00
20180801 13:58,479.0,479.5,479.0,479.5,177714,26.0,101346,-10.0,8658580000.0,1250000.0,2906,7566,2018-08-01 13:58:00
20180801 13:59,479.5,479.5,479.0,479.0,181470,3756.0,102328,982.0,8838500000.0,179920000.0,7161,9146,2018-08-01 13:59:00
20180801 14:00,479.0,479.0,478.5,478.5,181530,60.0,102348,20.0,8841370000.0,2870000.0,2811,3781,2018-08-01 14:00:00
20180801 14:01,478.5,478.5,478.5,478.5,181530,0.0,102348,0.0,8841370000.0,0.0,102,93,2018-08-01 14:01:00
20180801 14:02,478.5,478.5,478.5,478.5,181534,4.0,102348,0.0,8841560000.0,190000.0,316,275,2018-08-01 14:02:00
20180801 14:03,478.5,479.0,478.5,479.0,184064,2530.0,102352,4.0,8962750000.0,121190000.0,3202,2416,2018-08-01 14:03:00
20180801 14:04,479.0,479.0,479.0,479.0,184168,104.0,102398,46.0,8967730000.0,4980000.0,6801,1980,2018-08-01 14:04:00
20180801 14:05,479.0,480.0,479.0,480.0,185408,1240.0,101918,-480.0,9027230000.0,59500000.0,1853,1687,2018-08-01 14:05:00
20180801 14:06,480.0,480.0,480.0,480.0,185434,26.0,101934,16.0,9028480000.0,1250000.0,2335,8196,2018-08-01 14:06:00
20180801 14:07,480.0,480.0,480.0,480.0,185436,2.0,101936,2.0,9028580000.0,100000.0,577,1361,2018-08-01 14:07:00
20180801 14:08,480.0,480.0,480.0,480.0,185438,2.0,101938,2.0,9028670000.0,90000.0,290,646,2018-08-01 14:08:00
20180801 14:09,480.0,480.0,480.0,480.0,185438,0.0,101938,0.0,9028670000.0,0.0,48,106,2018-08-01 14:09:00
20180801 14:10,480.0,480.0,479.5,479.5,185634,196.0,102032,94.0,9038070000.0,9400000.0,3446,2678,2018-08-01 14:10:00
20180801 14:11,479.5,479.5,479.5,479.5,186464,830.0,102316,284.0,9077870000.0,39800000.0,899,1050,2018-08-01 14:11:00
20180801 14:12,479.5,479.5,478.5,478.5,188274,1810.0,102182,-134.0,9164530000.0,86660000.0,4028,5593,2018-08-01 14:12:00
20180801 14:13,478.5,478.5,478.0,478.5,189734,1460.0,102330,148.0,9234390000.0,69860000.0,2474,5867,2018-08-01 14:13:00
20180801 14:14,478.5,478.5,478.5,478.5,193594,3860.0,102340,10.0,9419090000.0,184700000.0,2861,3565,2018-08-01 14:14:00
20180801 14:15,478.5,478.5,477.5,478.0,195898,2304.0,102602,262.0,9529230000.0,110140000.0,3198,13242,2018-08-01 14:15:00
20180801 14:16,478.0,478.0,478.0,478.0,200416,4518.0,102810,208.0,9745190000.0,215960000.0,5289,7820,2018-08-01 14:16:00
20180801 14:17,477.5,478.0,477.5,478.0,200824,408.0,103088,278.0,9764690000.0,19500000.0,4564,4044,2018-08-01 14:17:00
20180801 14:18,478.0,478.0,478.0,478.0,201930,1106.0,102886,-202.0,9817560000.0,52870000.0,1232,1919,2018-08-01 14:18:00
20180801 14:19,478.0,478.5,478.0,478.5,202800,870.0,103170,284.0,9859150000.0,41590000.0,3336,3266,2018-08-01 14:19:00
20180801 14:20,478.5,478.5,478.0,478.0,204274,1474.0,102620,-550.0,9929600000.0,70450000.0,6153,7845,2018-08-01 14:20:00
20180801 14:21,478.0,478.0,478.0,478.0,204284,10.0,102630,10.0,9930080000.0,480000.0,417,269,2018-08-01 14:21:00
20180801 14:22,478.0,479.0,478.0,478.5,205990,1706.0,103386,756.0,10011700000.0,81620000.0,14929,10173,2018-08-01 14:22:00
20180801 14:23,478.5,478.5,478.5,478.5,206484,494.0,103710,324.0,10035400000.0,23700000.0,1992,7241,2018-08-01 14:23:00
20180801 14:24,478.5,479.0,478.5,479.0,210904,4420.0,103838,128.0,10246900000.0,211500000.0,9369,18851,2018-08-01 14:24:00
20180801 14:25,479.0,479.0,478.5,479.0,210954,50.0,103798,-40.0,10249300000.0,2400000.0,4042,16892,2018-08-01 14:25:00
20180801 14:26,479.0,479.0,478.0,478.0,212628,1674.0,104828,1030.0,10329400000.0,80100000.0,9773,29307,2018-08-01 14:26:00
20180801 14:27,478.0,478.0,478.0,478.0,212628,0.0,104828,0.0,10329400000.0,0.0,1878,4458,2018-08-01 14:27:00
20180801 14:28,478.0,478.5,478.0,478.5,214036,1408.0,105410,582.0,10396700000.0,67300000.0,5381,5276,2018-08-01 14:28:00
20180801 14:29,478.5,478.5,478.0,478.5,215048,1012.0,105932,522.0,10445100000.0,48400000.0,5943,6726,2018-08-01 14:29:00
20180801 14:30,478.5,478.5,478.0,478.5,215410,362.0,105992,60.0,10462400000.0,17300000.0,1833,3125,2018-08-01 14:30:00
20180801 14:31,478.5,478.5,478.5,478.5,216718,1308.0,106864,872.0,10525000000.0,62600000.0,1220,1093,2018-08-01 14:31:00
20180801 14:32,478.5,479.0,478.5,479.0,216722,4.0,106860,-4.0,10525200000.0,200000.0,1731,790,2018-08-01 14:32:00
20180801 14:33,479.0,479.0,478.0,478.5,217102,380.0,106916,56.0,10543400000.0,18200000.0,2329,3668,2018-08-01 14:33:00
20180801 14:34,478.5,478.5,478.0,478.0,218484,1382.0,107210,294.0,10609500000.0,66100000.0,2089,5230,2018-08-01 14:34:00
20180801 14:35,478.0,478.5,478.0,478.0,219624,1140.0,107992,782.0,10664100000.0,54600000.0,2093,2176,2018-08-01 14:35:00
20180801 14:36,478.0,478.5,478.0,478.5,220006,382.0,108034,42.0,10682400000.0,18300000.0,8562,3979,2018-08-01 14:36:00
20180801 14:37,478.5,478.5,478.0,478.0,220028,22.0,108042,8.0,10683400000.0,1000000.0,1378,1641,2018-08-01 14:37:00
20180801 14:38,478.0,478.5,478.0,478.0,220052,24.0,108064,22.0,10684600000.0,1200000.0,686,647,2018-08-01 14:38:00
20180801 14:39,478.5,478.5,478.5,478.5,220054,2.0,108064,0.0,10684700000.0,100000.0,534,410,2018-08-01 14:39:00
20180801 14:40,478.0,478.5,478.0,478.5,221918,1864.0,108020,-44.0,10773800000.0,89100000.0,5081,3107,2018-08-01 14:40:00
20180801 14:41,478.5,478.5,478.0,478.0,222234,316.0,108272,252.0,10788900000.0,15100000.0,9459,8014,2018-08-01 14:41:00
20180801 14:42,478.0,478.0,477.5,477.5,223402,1168.0,108560,288.0,10844600000.0,55700000.0,4529,23377,2018-08-01 14:42:00
20180801 14:43,477.5,478.0,477.5,478.0,224712,1310.0,108566,6.0,10907300000.0,62700000.0,2812,9479,2018-08-01 14:43:00
20180801 14:44,478.0,478.0,478.0,478.0,226052,1340.0,108006,-560.0,10971300000.0,64000000.0,3882,6933,2018-08-01 14:44:00
20180801 14:45,478.0,478.0,477.0,477.0,226550,498.0,108016,10.0,10995100000.0,23800000.0,7669,10234,2018-08-01 14:45:00
20180801 14:46,477.0,477.5,477.0,477.5,227868,1318.0,107950,-66.0,11058000000.0,62900000.0,2351,3690,2018-08-01 14:46:00
20180801 14:47,477.5,477.5,477.5,477.5,227868,0.0,107950,0.0,11058000000.0,0.0,761,1772,2018-08-01 14:47:00
20180801 14:48,477.5,477.5,477.5,477.5,227872,4.0,107946,-4.0,11058200000.0,200000.0,839,2046,2018-08-01 14:48:00
20180801 14:49,477.5,477.5,477.5,477.5,230156,2284.0,107436,-510.0,11167300000.0,109100000.0,3021,9024,2018-08-01 14:49:00
20180801 14:50,477.5,477.5,476.0,476.0,230656,500.0,107492,56.0,11191100000.0,23800000.0,2131,4251,2018-08-01 14:50:00
20180801 14:51,476.0,476.5,475.5,476.5,231900,1244.0,107776,284.0,11250300000.0,59200000.0,3805,6439,2018-08-01 14:51:00
20180801 14:52,476.5,476.5,476.0,476.5,233204,1304.0,108178,402.0,11312500000.0,62200000.0,4188,6835,2018-08-01 14:52:00
20180801 14:53,476.5,476.5,476.5,476.5,234034,830.0,108300,122.0,11352000000.0,39500000.0,6716,3050,2018-08-01 14:53:00
20180801 14:54,476.5,477.0,476.5,477.0,234120,86.0,108330,30.0,11356100000.0,4100000.0,5366,2121,2018-08-01 14:54:00
20180801 14:55,477.0,477.0,476.5,476.5,234144,24.0,108348,18.0,11357300000.0,1200000.0,8598,3215,2018-08-01 14:55:00
20180801 14:56,477.0,477.0,477.0,477.0,234150,6.0,108348,0.0,11357600000.0,300000.0,1641,1609,2018-08-01 14:56:00
20180801 14:57,477.0,477.0,476.5,477.0,234202,52.0,108362,14.0,11360000000.0,2400000.0,5208,5666,2018-08-01 14:57:00
20180801 14:58,477.0,477.0,476.5,476.5,238714,4512.0,108402,40.0,11575000000.0,215000000.0,7537,4403,2018-08-01 14:58:00
20180801 14:59,476.5,477.0,476.5,476.5,240254,1540.0,108388,-14.0,11648400000.0,73400000.0,5064,4760,2018-08-01 14:59:00
20180801 15:00,476.5,476.5,476.5,476.5,240254,0.0,108388,0.0,11648400000.0,0.0,201,489,2018-08-01 15:00:00
20180801 20:59,490.0,490.0,490.0,490.0,8934,8934.0,101456,-6932.0,437766000.0,437766000.0,3,2,2018-08-01 20:59:00
20180801 21:00,491.0,491.0,490.0,490.0,9910,976.0,101090,-366.0,485623000.0,47857000.0,2445,8370,2018-08-01 21:00:00
20180801 21:01,490.0,490.0,489.5,489.5,10028,118.0,101078,-12.0,491399000.0,5776000.0,4749,10276,2018-08-01 21:01:00
20180801 21:02,489.5,489.5,489.5,489.5,10070,42.0,101070,-8.0,493455000.0,2056000.0,5297,5359,2018-08-01 21:02:00
20180801 21:03,489.5,489.5,489.5,489.5,10860,790.0,100658,-412.0,532126000.0,38671000.0,3437,7552,2018-08-01 21:03:00
20180801 21:04,489.5,490.0,489.5,490.0,11368,508.0,100412,-246.0,557018000.0,24892000.0,3668,13121,2018-08-01 21:04:00
20180801 21:05,490.0,490.0,489.5,489.5,11668,300.0,100436,24.0,571703000.0,14685000.0,6407,10007,2018-08-01 21:05:00
20180801 21:06,489.5,489.5,489.5,489.5,11748,80.0,100436,0.0,575623000.0,3920000.0,2079,3465,2018-08-01 21:06:00
20180801 21:07,489.5,489.5,489.5,489.5,11748,0.0,100436,0.0,575623000.0,0.0,5686,15088,2018-08-01 21:07:00
20180801 21:08,489.5,489.5,489.5,489.5,11748,0.0,100436,0.0,575623000.0,0.0,3801,10690,2018-08-01 21:08:00
20180801 21:09,489.5,490.0,489.5,490.0,11752,4.0,100436,0.0,575819000.0,196000.0,7018,15172,2018-08-01 21:09:00
20180801 21:10,490.0,490.0,489.5,489.5,11784,32.0,100416,-20.0,577385000.0,1566000.0,4934,3171,2018-08-01 21:10:00
20180801 21:11,489.5,489.5,489.5,489.5,11906,122.0,100418,2.0,583357000.0,5972000.0,1906,3543,2018-08-01 21:11:00
20180801 21:12,489.5,489.5,489.5,489.5,11906,0.0,100418,0.0,583357000.0,0.0,1470,4070,2018-08-01 21:12:00
20180801 21:13,489.5,490.0,489.5,490.0,12172,266.0,100346,-72.0,596391000.0,13034000.0,7451,3619,2018-08-01 21:13:00
20180801 21:14,490.0,490.0,490.0,490.0,12302,130.0,100428,82.0,602761000.0,6370000.0,2187,2433,2018-08-01 21:14:00
20180801 21:15,490.0,490.0,490.0,490.0,12506,204.0,100466,38.0,612757000.0,9996000.0,2765,6270,2018-08-01 21:15:00
20180801 21:16,490.0,490.0,490.0,490.0,12536,30.0,100466,0.0,614227000.0,1470000.0,4774,12811,2018-08-01 21:16:00
20180801 21:17,490.0,490.0,490.0,490.0,12666,130.0,100344,-122.0,620597000.0,6370000.0,1829,5428,2018-08-01 21:17:00
20180801 21:18,490.0,490.0,490.0,490.0,12666,0.0,100344,0.0,620597000.0,0.0,538,1539,2018-08-01 21:18:00
20180801 21:19,490.0,492.0,490.0,491.5,13274,608.0,100374,30.0,650453000.0,29856000.0,14430,5430,2018-08-01 21:19:00
20180801 21:20,491.5,491.5,491.5,491.5,13628,354.0,100330,-44.0,667853000.0,17400000.0,20055,5460,2018-08-01 21:20:00
20180801 21:21,491.5,491.5,491.0,491.0,14006,378.0,100164,-166.0,686415000.0,18562000.0,12046,2997,2018-08-01 21:21:00
20180801 21:22,491.0,491.5,491.0,491.5,15924,1918.0,101332,1168.0,780684000.0,94269000.0,14889,7870,2018-08-01 21:22:00
20180801 21:23,491.5,491.5,491.0,491.5,18078,2154.0,100832,-500.0,886551000.0,105867000.0,14429,5685,2018-08-01 21:23:00
20180801 21:24,491.0,492.0,491.0,492.0,20998,2920.0,102442,1610.0,1030190000.0,143639000.0,11826,16839,2018-08-01 21:24:00
20180801 21:25,492.0,492.0,491.0,491.0,21576,578.0,102160,-282.0,1058590000.0,28400000.0,7796,2961,2018-08-01 21:25:00
20180801 21:26,491.0,491.0,491.0,491.0,21576,0.0,102160,0.0,1058590000.0,0.0,8003,8578,2018-08-01 21:26:00
20180801 21:27,491.0,491.0,491.0,491.0,23568,1992.0,101272,-888.0,1156400000.0,97810000.0,7759,4608,2018-08-01 21:27:00
20180801 21:28,491.0,491.0,490.5,490.5,24902,1334.0,102178,906.0,1221830000.0,65430000.0,5722,4034,2018-08-01 21:28:00
20180801 21:29,490.5,491.0,490.5,491.0,24904,2.0,102178,0.0,1221930000.0,100000.0,3455,1076,2018-08-01 21:29:00
20180801 21:30,491.0,491.0,491.0,491.0,25310,406.0,102306,128.0,1241860000.0,19930000.0,5801,2861,2018-08-01 21:30:00
20180801 21:31,491.0,491.0,491.0,491.0,25310,0.0,102306,0.0,1241860000.0,0.0,4356,3533,2018-08-01 21:31:00
20180801 21:32,491.0,491.0,491.0,491.0,25312,2.0,102306,0.0,1241960000.0,100000.0,1856,3775,2018-08-01 21:32:00
20180801 21:33,491.0,491.0,491.0,491.0,25970,658.0,102004,-302.0,1274270000.0,32310000.0,13085,9186,2018-08-01 21:33:00
20180801 21:34,491.0,491.0,491.0,491.0,25970,0.0,102004,0.0,1274270000.0,0.0,6852,7407,2018-08-01 21:34:00
20180801 21:35,491.0,491.0,490.0,490.0,26262,292.0,101944,-60.0,1288590000.0,14320000.0,9680,10189,2018-08-01 21:35:00
20180801 21:36,490.0,490.5,490.0,490.5,27988,1726.0,101392,-552.0,1373240000.0,84650000.0,17698,7364,2018-08-01 21:36:00
20180801 21:37,490.5,490.5,490.5,490.5,27988,0.0,101392,0.0,1373240000.0,0.0,4788,3084,2018-08-01 21:37:00
20180801 21:38,490.5,490.5,488.5,488.5,28908,920.0,101472,80.0,1418220000.0,44980000.0,11566,6172,2018-08-01 21:38:00
20180801 21:39,488.5,489.0,488.5,488.5,29298,390.0,101236,-236.0,1437280000.0,19060000.0,19581,7796,2018-08-01 21:39:00
20180801 21:40,488.5,489.0,488.5,489.0,29312,14.0,101236,0.0,1437960000.0,680000.0,1243,2046,2018-08-01 21:40:00
20180801 21:41,489.0,489.5,489.0,489.5,29542,230.0,101168,-68.0,1449210000.0,11250000.0,3655,10235,2018-08-01 21:41:00
20180801 21:42,489.5,489.5,489.0,489.0,31068,1526.0,101718,550.0,1523830000.0,74620000.0,7084,18502,2018-08-01 21:42:00
20180801 21:43,489.0,489.0,489.0,489.0,31404,336.0,101670,-48.0,1540260000.0,16430000.0,3007,4565,2018-08-01 21:43:00
20180801 21:44,489.0,489.0,489.0,489.0,31408,4.0,101666,-4.0,1540460000.0,200000.0,2428,1880,2018-08-01 21:44:00
20180801 21:45,489.0,489.0,489.0,489.0,31428,20.0,101646,-20.0,1541440000.0,980000.0,1219,1052,2018-08-01 21:45:00
20180801 21:46,489.0,489.5,489.0,489.5,31434,6.0,101650,4.0,1541730000.0,290000.0,2979,2572,2018-08-01 21:46:00
20180801 21:47,489.5,489.5,489.5,489.5,31434,0.0,101650,0.0,1541730000.0,0.0,4341,4743,2018-08-01 21:47:00
20180801 21:48,489.5,490.0,489.5,490.0,32922,1488.0,100964,-686.0,1614570000.0,72840000.0,7104,9165,2018-08-01 21:48:00
20180801 21:49,490.0,490.0,489.5,489.5,32924,2.0,100966,2.0,1614660000.0,90000.0,2037,2442,2018-08-01 21:49:00
20180801 21:50,489.5,489.5,489.5,489.5,32924,0.0,100966,0.0,1614660000.0,0.0,1636,1410,2018-08-01 21:50:00
20180801 21:51,489.5,489.5,489.5,489.5,33108,184.0,101006,40.0,1623670000.0,9010000.0,1812,2444,2018-08-01 21:51:00
20180801 21:52,489.5,489.5,489.5,489.5,33108,0.0,101006,0.0,1623670000.0,0.0,3953,5269,2018-08-01 21:52:00
20180801 21:53,489.5,489.5,489.0,489.0,33192,84.0,101004,-2.0,1627780000.0,4110000.0,3530,2517,2018-08-01 21:53:00
20180801 21:54,489.0,489.0,488.0,488.5,34798,1606.0,101482,478.0,1706250000.0,78470000.0,11630,4597,2018-08-01 21:54:00
20180801 21:55,488.5,488.5,488.0,488.5,35308,510.0,101222,-260.0,1731160000.0,24910000.0,8742,5836,2018-08-01 21:55:00
20180801 21:56,488.5,488.5,487.5,488.0,36336,1028.0,100844,-378.0,1781320000.0,50160000.0,23482,7968,2018-08-01 21:56:00
20180801 21:57,488.0,488.0,487.5,488.0,37102,766.0,100596,-248.0,1818700000.0,37380000.0,10016,12651,2018-08-01 21:57:00
20180801 21:58,488.0,488.0,487.5,487.5,37116,14.0,100594,-2.0,1819390000.0,690000.0,4078,7207,2018-08-01 21:58:00
20180801 21:59,487.5,488.0,487.5,487.5,37170,54.0,100580,-14.0,1822020000.0,2630000.0,4897,7661,2018-08-01 21:59:00
20180801 22:00,487.5,488.0,487.5,488.0,39358,2188.0,100360,-220.0,1928790000.0,106770000.0,10698,16880,2018-08-01 22:00:00
20180801 22:01,488.0,488.0,488.0,488.0,39360,2.0,100360,0.0,1928890000.0,100000.0,4419,8476,2018-08-01 22:01:00
20180801 22:02,488.0,488.5,488.0,488.5,39380,20.0,100360,0.0,1929870000.0,980000.0,5901,15566,2018-08-01 22:02:00
20180801 22:03,488.5,488.5,488.5,488.5,39414,34.0,100380,20.0,1931530000.0,1660000.0,4147,6417,2018-08-01 22:03:00
20180801 22:04,488.5,488.5,488.5,488.5,39414,0.0,100380,0.0,1931530000.0,0.0,2529,6526,2018-08-01 22:04:00
20180801 22:05,488.5,488.5,488.5,488.5,39414,0.0,100380,0.0,1931530000.0,0.0,1496,4031,2018-08-01 22:05:00
20180801 22:06,488.5,488.5,488.5,488.5,39418,4.0,100380,0.0,1931730000.0,200000.0,1316,4485,2018-08-01 22:06:00
20180801 22:07,488.5,488.5,488.5,488.5,40514,1096.0,100886,506.0,1985270000.0,53540000.0,2453,9763,2018-08-01 22:07:00
20180801 22:08,488.5,488.5,488.5,488.5,40594,80.0,100898,12.0,1989170000.0,3900000.0,4283,8849,2018-08-01 22:08:00
20180801 22:09,488.5,488.5,488.5,488.5,40594,0.0,100898,0.0,1989170000.0,0.0,3145,3451,2018-08-01 22:09:00
20180801 22:10,488.5,488.5,488.5,488.5,40600,6.0,100892,-6.0,1989470000.0,300000.0,4517,3112,2018-08-01 22:10:00
20180801 22:11,488.5,488.5,488.5,488.5,40600,0.0,100892,0.0,1989470000.0,0.0,4754,4160,2018-08-01 22:11:00
20180801 22:12,488.5,488.5,488.5,488.5,40600,0.0,100892,0.0,1989470000.0,0.0,2705,2824,2018-08-01 22:12:00
20180801 22:13,488.5,488.5,488.5,488.5,40600,0.0,100892,0.0,1989470000.0,0.0,4645,3283,2018-08-01 22:13:00
20180801 22:14,488.5,488.5,488.5,488.5,40600,0.0,100892,0.0,1989470000.0,0.0,4527,5896,2018-08-01 22:14:00
20180801 22:15,488.5,488.5,488.5,488.5,40600,0.0,100892,0.0,1989470000.0,0.0,1697,2373,2018-08-01 22:15:00
20180801 22:16,488.5,488.5,488.5,488.5,40600,0.0,100892,0.0,1989470000.0,0.0,1145,1656,2018-08-01 22:16:00
20180801 22:17,488.5,489.0,488.5,489.0,40604,4.0,100892,0.0,1989660000.0,190000.0,1938,3296,2018-08-01 22:17:00
20180801 22:18,489.0,489.0,489.0,489.0,40604,0.0,100892,0.0,1989660000.0,0.0,3054,6346,2018-08-01 22:18:00
20180801 22:19,489.0,489.0,489.0,489.0,40606,2.0,100890,-2.0,1989760000.0,100000.0,1333,2682,2018-08-01 22:19:00
20180801 22:20,489.0,489.0,489.0,489.0,40606,0.0,100890,0.0,1989760000.0,0.0,1198,2582,2018-08-01 22:20:00
20180801 22:21,489.0,489.0,489.0,489.0,40606,0.0,100890,0.0,1989760000.0,0.0,2463,4866,2018-08-01 22:21:00
20180801 22:22,489.0,489.0,489.0,489.0,40606,0.0,100890,0.0,1989760000.0,0.0,3473,4654,2018-08-01 22:22:00
20180801 22:23,489.0,489.0,488.5,488.5,40608,2.0,100890,0.0,1989860000.0,100000.0,2067,2775,2018-08-01 22:23:00
20180801 22:24,488.5,488.5,488.5,488.5,40608,0.0,100890,0.0,1989860000.0,0.0,993,4402,2018-08-01 22:24:00
20180801 22:25,488.5,488.5,488.5,488.5,40608,0.0,100890,0.0,1989860000.0,0.0,2720,9215,2018-08-01 22:25:00
20180801 22:26,488.5,488.5,488.5,488.5,40608,0.0,100890,0.0,1989860000.0,0.0,1727,6622,2018-08-01 22:26:00
20180801 22:27,488.5,488.5,488.5,488.5,40608,0.0,100890,0.0,1989860000.0,0.0,4066,7461,2018-08-01 22:27:00
20180801 22:28,488.5,488.5,488.5,488.5,40648,40.0,100850,-40.0,1991810000.0,1950000.0,4144,21173,2018-08-01 22:28:00
20180801 22:29,488.5,488.5,488.5,488.5,40648,0.0,100850,0.0,1991810000.0,0.0,2832,11866,2018-08-01 22:29:00
20180801 22:30,488.5,488.5,488.5,488.5,40648,0.0,100850,0.0,1991810000.0,0.0,1108,3900,2018-08-01 22:30:00
20180801 22:31,488.5,488.5,488.5,488.5,40648,0.0,100850,0.0,1991810000.0,0.0,2148,6178,2018-08-01 22:31:00
20180801 22:32,488.5,488.5,488.5,488.5,40648,0.0,100850,0.0,1991810000.0,0.0,3336,8434,2018-08-01 22:32:00
20180801 22:33,488.5,488.5,488.5,488.5,40648,0.0,100850,0.0,1991810000.0,0.0,3683,5654,2018-08-01 22:33:00
20180801 22:34,488.5,489.0,488.5,489.0,40650,2.0,100850,0.0,1991910000.0,100000.0,2908,9292,2018-08-01 22:34:00
20180801 22:35,489.0,489.0,489.0,489.0,40656,6.0,100854,4.0,1992200000.0,290000.0,1619,3847,2018-08-01 22:35:00
20180801 22:36,489.0,489.0,489.0,489.0,40656,0.0,100854,0.0,1992200000.0,0.0,4277,11128,2018-08-01 22:36:00
20180801 22:37,489.0,489.0,489.0,489.0,40656,0.0,100854,0.0,1992200000.0,0.0,696,1496,2018-08-01 22:37:00
20180801 22:38,489.0,489.0,489.0,489.0,40660,4.0,100854,0.0,1992400000.0,200000.0,4095,8244,2018-08-01 22:38:00
20180801 22:39,489.0,489.0,489.0,489.0,40660,0.0,100854,0.0,1992400000.0,0.0,5220,10491,2018-08-01 22:39:00
20180801 22:40,489.0,489.0,489.0,489.0,40660,0.0,100854,0.0,1992400000.0,0.0,4791,6938,2018-08-01 22:40:00
20180801 22:41,489.0,489.0,489.0,489.0,40660,0.0,100854,0.0,1992400000.0,0.0,7888,11914,2018-08-01 22:41:00
20180801 22:42,489.0,489.0,489.0,489.0,40660,0.0,100854,0.0,1992400000.0,0.0,4100,6948,2018-08-01 22:42:00
20180801 22:43,489.0,489.0,489.0,489.0,40660,0.0,100854,0.0,1992400000.0,0.0,2742,4640,2018-08-01 22:43:00
20180801 22:44,489.0,489.0,489.0,489.0,40660,0.0,100854,0.0,1992400000.0,0.0,3540,5964,2018-08-01 22:44:00
20180801 22:45,489.0,489.0,488.5,488.5,41678,1018.0,100228,-626.0,2042130000.0,49730000.0,14021,3974,2018-08-01 22:45:00
20180801 22:46,488.5,488.5,488.5,488.5,41812,134.0,100142,-86.0,2048670000.0,6540000.0,3387,4535,2018-08-01 22:46:00
20180801 22:47,488.5,488.5,488.5,488.5,41832,20.0,100128,-14.0,2049650000.0,980000.0,4343,692,2018-08-01 22:47:00
20180801 22:48,488.5,489.0,488.5,489.0,42030,198.0,100202,74.0,2059330000.0,9680000.0,6840,6167,2018-08-01 22:48:00
20180801 22:49,489.0,489.0,489.0,489.0,42364,334.0,100522,320.0,2075670000.0,16340000.0,2529,3987,2018-08-01 22:49:00
20180801 22:50,489.0,489.0,489.0,489.0,42624,260.0,100388,-134.0,2088380000.0,12710000.0,6613,1704,2018-08-01 22:50:00
20180801 22:51,489.0,489.0,489.0,489.0,42624,0.0,100388,0.0,2088380000.0,0.0,2552,389,2018-08-01 22:51:00
20180801 22:52,489.0,489.0,489.0,489.0,42624,0.0,100388,0.0,2088380000.0,0.0,11446,1725,2018-08-01 22:52:00
20180801 22:53,489.0,489.0,489.0,489.0,42626,2.0,100386,-2.0,2088480000.0,100000.0,8902,1972,2018-08-01 22:53:00
20180801 22:54,489.0,489.0,489.0,489.0,42626,0.0,100386,0.0,2088480000.0,0.0,22025,5920,2018-08-01 22:54:00
20180801 22:55,489.0,489.0,489.0,489.0,42626,0.0,100386,0.0,2088480000.0,0.0,12556,4594,2018-08-01 22:55:00
20180801 22:56,489.0,489.0,489.0,489.0,42634,8.0,100378,-8.0,2088870000.0,390000.0,11379,4185,2018-08-01 22:56:00
20180801 22:57,489.0,489.5,489.0,489.5,42890,256.0,100168,-210.0,2101400000.0,12530000.0,2858,1827,2018-08-01 22:57:00
20180801 22:58,489.5,489.5,489.5,489.5,44010,1120.0,100790,622.0,2156220000.0,54820000.0,6134,1189,2018-08-01 22:58:00
20180801 22:59,489.5,489.5,489.5,489.5,44010,0.0,100790,0.0,2156220000.0,0.0,7822,4020,2018-08-01 22:59:00
20180801 23:00,489.5,489.5,489.5,489.5,44022,12.0,100790,0.0,2156810000.0,590000.0,3484,1936,2018-08-01 23:00:00
20180801 23:01,489.5,489.5,489.5,489.5,44024,2.0,100790,0.0,2156910000.0,100000.0,9196,5116,2018-08-01 23:01:00
20180801 23:02,489.5,489.5,489.5,489.5,44024,0.0,100790,0.0,2156910000.0,0.0,1718,977,2018-08-01 23:02:00
20180801 23:03,489.5,489.5,489.5,489.5,44024,0.0,100790,0.0,2156910000.0,0.0,574,326,2018-08-01 23:03:00
20180801 23:05,489.5,489.5,489.5,489.5,44024,0.0,100790,0.0,2156910000.0,0.0,4865,2775,2018-08-01 23:05:00
20180801 23:06,489.5,489.5,489.5,489.5,44048,24.0,100814,24.0,2158080000.0,1170000.0,1586,1270,2018-08-01 23:06:00
20180801 23:07,489.5,489.5,489.5,489.5,45654,1606.0,100186,-628.0,2236700000.0,78620000.0,4742,4992,2018-08-01 23:07:00
20180801 23:08,489.5,489.5,489.5,489.5,45654,0.0,100186,0.0,2236700000.0,0.0,548,704,2018-08-01 23:08:00
20180801 23:09,489.5,489.5,489.5,489.5,45654,0.0,100186,0.0,2236700000.0,0.0,1370,1553,2018-08-01 23:09:00
20180801 23:10,489.5,489.5,489.5,489.5,45654,0.0,100186,0.0,2236700000.0,0.0,967,981,2018-08-01 23:10:00
20180801 23:11,489.5,489.5,489.5,489.5,45654,0.0,100186,0.0,2236700000.0,0.0,4319,1482,2018-08-01 23:11:00
20180801 23:12,489.5,489.5,489.5,489.5,45654,0.0,100186,0.0,2236700000.0,0.0,2945,663,2018-08-01 23:12:00
20180801 23:13,489.5,489.5,489.5,489.5,45654,0.0,100186,0.0,2236700000.0,0.0,3775,896,2018-08-01 23:13:00
20180801 23:14,489.5,489.5,489.5,489.5,45664,10.0,100184,-2.0,2237190000.0,490000.0,6620,2089,2018-08-01 23:14:00
20180801 23:15,489.5,489.5,489.5,489.5,45664,0.0,100184,0.0,2237190000.0,0.0,10088,4132,2018-08-01 23:15:00
20180801 23:16,489.5,490.0,489.5,490.0,45716,52.0,100156,-28.0,2239730000.0,2540000.0,1181,1099,2018-08-01 23:16:00
20180801 23:17,490.0,490.0,490.0,490.0,45722,6.0,100160,4.0,2240030000.0,300000.0,3513,5361,2018-08-01 23:17:00
20180801 23:18,490.0,490.0,489.5,489.5,45746,24.0,100136,-24.0,2241200000.0,1170000.0,3033,4487,2018-08-01 23:18:00
20180801 23:19,489.5,490.0,489.5,490.0,45748,2.0,100136,0.0,2241300000.0,100000.0,1426,2307,2018-08-01 23:19:00
20180801 23:20,490.0,490.0,490.0,490.0,45748,0.0,100136,0.0,2241300000.0,0.0,3989,6244,2018-08-01 23:20:00
20180801 23:21,490.0,490.0,490.0,490.0,45748,0.0,100136,0.0,2241300000.0,0.0,3308,4238,2018-08-01 23:21:00
20180801 23:22,490.0,490.0,489.5,489.5,45960,212.0,99982,-154.0,2251680000.0,10380000.0,3879,10802,2018-08-01 23:22:00
20180801 23:24,489.5,489.5,489.5,489.5,47072,1112.0,100640,658.0,2306110000.0,54430000.0,3205,3744,2018-08-01 23:24:00
20180801 23:25,489.5,490.0,489.5,490.0,47154,82.0,100580,-60.0,2310130000.0,4020000.0,2851,7009,2018-08-01 23:25:00
20180801 23:26,489.5,489.5,489.5,489.5,47240,86.0,100612,32.0,2314340000.0,4210000.0,7841,2239,2018-08-01 23:26:00
20180801 23:27,489.5,489.5,488.5,488.5,50236,2996.0,100020,-592.0,2460840000.0,146500000.0,5697,6786,2018-08-01 23:27:00
20180801 23:28,488.5,489.5,488.5,489.0,50804,568.0,100016,-4.0,2488610000.0,27770000.0,4675,6303,2018-08-01 23:28:00
20180801 23:29,489.0,489.5,489.0,489.0,52386,1582.0,100262,246.0,2565990000.0,77380000.0,3447,2256,2018-08-01 23:29:00
20180801 23:30,489.0,489.0,489.0,489.0,52826,440.0,99974,-288.0,2587500000.0,21510000.0,332,102,2018-08-01 23:30:00
20180802 09:00,476.0,476.5,476.0,476.5,29588,29588.0,107674,7700.0,1409840000.0,1409840000.0,706,2205,2018-08-02 09:00:00
20180802 09:01,476.5,476.5,475.5,475.5,29784,196.0,107570,-104.0,1419170000.0,9330000.0,1349,1887,2018-08-02 09:01:00
20180802 09:02,475.5,475.5,475.0,475.0,29840,56.0,107538,-32.0,1421830000.0,2660000.0,906,2351,2018-08-02 09:02:00
20180802 09:03,475.0,475.0,475.0,475.0,29954,114.0,107498,-40.0,1427250000.0,5420000.0,1028,3948,2018-08-02 09:03:00
20180802 09:04,475.0,475.0,475.0,475.0,30148,194.0,107618,120.0,1436460000.0,9210000.0,2800,4790,2018-08-02 09:04:00
20180802 09:05,475.0,475.0,475.0,475.0,30168,20.0,107634,16.0,1437410000.0,950000.0,2825,3896,2018-08-02 09:05:00
20180802 09:06,475.0,475.0,475.0,475.0,30462,294.0,107660,26.0,1451380000.0,13970000.0,2111,2791,2018-08-02 09:06:00
20180802 09:07,475.0,475.0,475.0,475.0,30462,0.0,107660,0.0,1451380000.0,0.0,109,81,2018-08-02 09:07:00
20180802 09:08,475.0,475.5,475.0,475.5,30592,130.0,107636,-24.0,1457560000.0,6180000.0,1930,2810,2018-08-02 09:08:00
20180802 09:09,475.5,477.0,475.5,477.0,30862,270.0,107492,-144.0,1470420000.0,12860000.0,1691,2302,2018-08-02 09:09:00
20180802 09:10,477.0,477.0,476.0,476.0,31344,482.0,107368,-124.0,1493390000.0,22970000.0,2288,3499,2018-08-02 09:10:00
20180802 09:11,476.0,476.0,476.0,476.0,31344,0.0,107368,0.0,1493390000.0,0.0,520,390,2018-08-02 09:11:00
20180802 09:12,476.0,476.0,476.0,476.0,31382,38.0,107368,0.0,1495200000.0,1810000.0,2092,325,2018-08-02 09:12:00
20180802 09:13,476.0,476.0,476.0,476.0,31440,58.0,107338,-30.0,1497960000.0,2760000.0,2527,158,2018-08-02 09:13:00
20180802 09:14,476.0,476.0,476.0,476.0,31460,20.0,107352,14.0,1498910000.0,950000.0,220,12,2018-08-02 09:14:00
20180802 09:15,476.0,476.5,476.0,476.5,31476,16.0,107366,14.0,1499670000.0,760000.0,1766,662,2018-08-02 09:15:00
20180802 09:16,476.5,476.5,476.5,476.5,31696,220.0,107374,8.0,1510160000.0,10490000.0,4287,4588,2018-08-02 09:16:00
20180802 09:17,476.5,476.5,476.5,476.5,34474,2778.0,107262,-112.0,1642530000.0,132370000.0,6354,9054,2018-08-02 09:17:00
20180802 09:18,476.5,476.5,476.0,476.0,34668,194.0,107182,-80.0,1651760000.0,9230000.0,2879,4428,2018-08-02 09:18:00
20180802 09:19,476.0,476.0,476.0,476.0,34782,114.0,107196,14.0,1657190000.0,5430000.0,6640,2003,2018-08-02 09:19:00
20180802 09:20,476.0,476.0,476.0,476.0,34862,80.0,107166,-30.0,1661000000.0,3810000.0,1483,1271,2018-08-02 09:20:00
20180802 09:21,476.0,476.0,475.0,475.0,35074,212.0,107084,-82.0,1671070000.0,10070000.0,1301,1907,2018-08-02 09:21:00
20180802 09:22,474.5,474.5,473.5,474.0,37644,2570.0,105874,-1210.0,1792890000.0,121820000.0,6810,5983,2018-08-02 09:22:00
20180802 09:23,474.0,474.0,474.0,474.0,37830,186.0,105924,50.0,1801700000.0,8810000.0,1242,1869,2018-08-02 09:23:00
20180802 09:24,474.0,474.0,474.0,474.0,37832,2.0,105922,-2.0,1801800000.0,100000.0,817,683,2018-08-02 09:24:00
20180802 09:25,474.0,474.0,474.0,474.0,37940,108.0,105866,-56.0,1806920000.0,5120000.0,1592,2688,2018-08-02 09:25:00
20180802 09:26,474.0,474.5,473.5,474.5,39356,1416.0,106190,324.0,1874100000.0,67180000.0,2716,3011,2018-08-02 09:26:00
20180802 09:27,474.5,474.5,474.5,474.5,40634,1278.0,105550,-640.0,1934740000.0,60640000.0,5082,4117,2018-08-02 09:27:00
20180802 09:28,474.5,474.5,474.5,474.5,42048,1414.0,106044,494.0,2001830000.0,67090000.0,5035,5122,2018-08-02 09:28:00
20180802 09:29,474.5,474.5,474.5,474.5,42282,234.0,106048,4.0,2012940000.0,11110000.0,5247,4454,2018-08-02 09:29:00
20180802 09:30,474.5,474.5,474.5,474.5,42424,142.0,106050,2.0,2019670000.0,6730000.0,4043,3294,2018-08-02 09:30:00
20180802 09:31,474.5,474.5,474.5,474.5,42562,138.0,106004,-46.0,2026220000.0,6550000.0,7441,4967,2018-08-02 09:31:00
20180802 09:32,474.5,474.5,474.5,474.5,44270,1708.0,106046,42.0,2107270000.0,81050000.0,6748,8439,2018-08-02 09:32:00
20180802 09:33,474.5,474.5,474.5,474.5,44270,0.0,106046,0.0,2107270000.0,0.0,1048,1552,2018-08-02 09:33:00
20180802 09:34,474.5,474.5,473.5,473.5,44506,236.0,106170,124.0,2118450000.0,11180000.0,3383,2947,2018-08-02 09:34:00
20180802 09:35,473.5,474.0,473.5,474.0,44518,12.0,106180,10.0,2119020000.0,570000.0,2101,1769,2018-08-02 09:35:00
20180802 09:36,474.0,474.0,474.0,474.0,44518,0.0,106180,0.0,2119020000.0,0.0,1214,872,2018-08-02 09:36:00
20180802 09:37,474.0,474.0,473.5,473.5,44578,60.0,106170,-10.0,2121860000.0,2840000.0,3981,1403,2018-08-02 09:37:00
20180802 09:38,473.5,474.0,473.5,474.0,44820,242.0,106188,18.0,2133330000.0,11470000.0,2751,2111,2018-08-02 09:38:00
20180802 09:39,474.0,474.5,474.0,474.5,50968,6148.0,106148,-40.0,2425050000.0,291720000.0,10686,8893,2018-08-02 09:39:00
20180802 09:40,474.5,474.5,474.0,474.0,52634,1666.0,106472,324.0,2504030000.0,78980000.0,4540,8969,2018-08-02 09:40:00
20180802 09:41,474.0,474.0,473.5,473.5,52904,270.0,106620,148.0,2516810000.0,12780000.0,5592,9124,2018-08-02 09:41:00
20180802 09:42,473.5,473.5,473.0,473.0,54170,1266.0,106056,-564.0,2576690000.0,59880000.0,4122,7506,2018-08-02 09:42:00
20180802 09:43,473.0,473.5,473.0,473.5,54284,114.0,106058,2.0,2582090000.0,5400000.0,1736,2329,2018-08-02 09:43:00
20180802 09:44,473.5,473.5,473.0,473.0,54352,68.0,106018,-40.0,2585300000.0,3210000.0,11523,6149,2018-08-02 09:44:00
20180802 09:45,473.0,473.0,473.0,473.0,54362,10.0,106008,-10.0,2585780000.0,480000.0,20325,11806,2018-08-02 09:45:00
20180802 09:46,473.0,473.5,473.0,473.5,54448,86.0,106042,34.0,2589850000.0,4070000.0,2105,2944,2018-08-02 09:46:00
20180802 09:47,473.5,473.5,473.5,473.5,54634,186.0,105944,-98.0,2598650000.0,8800000.0,3140,2534,2018-08-02 09:47:00
20180802 09:48,473.5,474.0,473.5,474.0,54940,306.0,106130,186.0,2613160000.0,14510000.0,6670,4017,2018-08-02 09:48:00
20180802 09:49,474.0,474.0,474.0,474.0,55012,72.0,106100,-30.0,2616570000.0,3410000.0,3306,2550,2018-08-02 09:49:00
20180802 09:50,474.0,474.0,474.0,474.0,55824,812.0,105402,-698.0,2655060000.0,38490000.0,4730,3337,2018-08-02 09:50:00
20180802 09:51,474.0,474.0,474.0,474.0,55832,8.0,105394,-8.0,2655440000.0,380000.0,4790,864,2018-08-02 09:51:00
20180802 09:52,474.5,474.5,474.0,474.0,55836,4.0,105394,0.0,2655630000.0,190000.0,4320,788,2018-08-02 09:52:00
20180802 09:53,474.0,474.5,474.0,474.5,55838,2.0,105394,0.0,2655720000.0,90000.0,2085,508,2018-08-02 09:53:00
20180802 09:54,474.5,474.5,474.0,474.0,55842,4.0,105394,0.0,2655910000.0,190000.0,1173,417,2018-08-02 09:54:00
20180802 09:55,474.0,474.0,474.0,474.0,55844,2.0,105392,-2.0,2656010000.0,100000.0,2346,619,2018-08-02 09:55:00
20180802 09:56,474.5,474.5,474.5,474.5,55846,2.0,105394,2.0,2656100000.0,90000.0,1927,691,2018-08-02 09:56:00
20180802 09:57,474.5,474.5,474.5,474.5,55846,0.0,105394,0.0,2656100000.0,0.0,1099,442,2018-08-02 09:57:00
20180802 09:58,474.5,474.5,474.5,474.5,55846,0.0,105394,0.0,2656100000.0,0.0,365,146,2018-08-02 09:58:00
20180802 09:59,474.5,474.5,474.0,474.0,55920,74.0,105400,6.0,2659610000.0,3510000.0,7394,4189,2018-08-02 09:59:00
20180802 10:00,474.0,474.0,474.0,474.0,56094,174.0,105290,-110.0,2667860000.0,8250000.0,2446,2476,2018-08-02 10:00:00
20180802 10:01,474.0,474.0,474.0,474.0,56094,0.0,105290,0.0,2667860000.0,0.0,213,490,2018-08-02 10:01:00
20180802 10:02,474.0,474.0,473.5,474.0,56802,708.0,105808,518.0,2701420000.0,33560000.0,4622,5895,2018-08-02 10:02:00
20180802 10:03,474.0,474.0,474.0,474.0,56804,2.0,105810,2.0,2701520000.0,100000.0,5565,4658,2018-08-02 10:03:00
20180802 10:04,474.0,474.5,474.0,474.5,56858,54.0,105806,-4.0,2704080000.0,2560000.0,10937,6347,2018-08-02 10:04:00
20180802 10:05,474.5,474.5,474.5,474.5,56858,0.0,105806,0.0,2704080000.0,0.0,2697,3329,2018-08-02 10:05:00
20180802 10:06,474.5,474.5,474.5,474.5,56858,0.0,105806,0.0,2704080000.0,0.0,642,663,2018-08-02 10:06:00
20180802 10:07,474.5,474.5,474.5,474.5,56858,0.0,105806,0.0,2704080000.0,0.0,1615,369,2018-08-02 10:07:00
20180802 10:08,474.5,474.5,474.5,474.5,56858,0.0,105806,0.0,2704080000.0,0.0,2347,483,2018-08-02 10:08:00
20180802 10:09,474.5,474.5,474.5,474.5,56864,6.0,105806,0.0,2704360000.0,280000.0,2510,655,2018-08-02 10:09:00
20180802 10:10,474.5,475.0,474.5,475.0,57142,278.0,105970,164.0,2717560000.0,13200000.0,19846,3175,2018-08-02 10:10:00
20180802 10:11,475.0,475.0,475.0,475.0,59770,2628.0,105306,-664.0,2842390000.0,124830000.0,9107,5108,2018-08-02 10:11:00
20180802 10:12,475.0,475.0,475.0,475.0,60440,670.0,105522,216.0,2874220000.0,31830000.0,8406,6454,2018-08-02 10:12:00
20180802 10:13,475.0,475.5,475.0,475.5,60474,34.0,105494,-28.0,2875830000.0,1610000.0,8754,6199,2018-08-02 10:13:00
20180802 10:14,475.5,475.5,475.5,475.5,60478,4.0,105490,-4.0,2876020000.0,190000.0,6598,4844,2018-08-02 10:14:00
20180802 10:30,475.5,475.5,475.0,475.0,61070,592.0,105486,-4.0,2904140000.0,28120000.0,10823,6686,2018-08-02 10:30:00
20180802 10:31,475.0,475.0,475.0,475.0,61070,0.0,105486,0.0,2904140000.0,0.0,4487,1368,2018-08-02 10:31:00
20180802 10:32,475.0,475.0,475.0,475.0,61070,0.0,105486,0.0,2904140000.0,0.0,793,379,2018-08-02 10:32:00
20180802 10:33,475.0,475.0,474.5,474.5,61154,84.0,105452,-34.0,2908130000.0,3990000.0,5019,1581,2018-08-02 10:33:00
20180802 10:34,474.5,474.5,474.5,474.5,65654,4500.0,105398,-54.0,3121650000.0,213520000.0,3460,5378,2018-08-02 10:34:00
20180802 10:35,474.5,474.5,474.5,474.5,65754,100.0,105374,-24.0,3126400000.0,4750000.0,4532,3767,2018-08-02 10:35:00
20180802 10:36,474.5,474.5,474.5,474.5,65754,0.0,105374,0.0,3126400000.0,0.0,774,1076,2018-08-02 10:36:00
20180802 10:37,475.0,475.0,474.5,474.5,65762,8.0,105368,-6.0,3126780000.0,380000.0,768,1075,2018-08-02 10:37:00
20180802 10:39,474.5,474.5,474.5,474.5,65762,0.0,105368,0.0,3126780000.0,0.0,774,258,2018-08-02 10:39:00
20180802 10:40,474.5,474.5,474.5,474.5,66486,724.0,104832,-536.0,3161130000.0,34350000.0,3624,4887,2018-08-02 10:40:00
20180802 10:41,474.5,474.5,474.5,474.5,66678,192.0,104722,-110.0,3170240000.0,9110000.0,4349,2234,2018-08-02 10:41:00
20180802 10:42,474.5,474.5,474.5,474.5,66678,0.0,104722,0.0,3170240000.0,0.0,1432,504,2018-08-02 10:42:00
20180802 10:43,474.5,474.5,474.5,474.5,66678,0.0,104722,0.0,3170240000.0,0.0,4550,1811,2018-08-02 10:43:00
20180802 10:44,474.5,474.5,474.5,474.5,66678,0.0,104722,0.0,3170240000.0,0.0,1731,813,2018-08-02 10:44:00
20180802 10:45,474.5,474.5,474.5,474.5,66678,0.0,104722,0.0,3170240000.0,0.0,855,368,2018-08-02 10:45:00
20180802 10:46,474.5,474.5,474.5,474.5,66678,0.0,104722,0.0,3170240000.0,0.0,1140,465,2018-08-02 10:46:00
20180802 10:47,474.5,474.5,474.5,474.5,66694,16.0,104720,-2.0,3171000000.0,760000.0,2672,9960,2018-08-02 10:47:00
20180802 10:48,474.0,474.0,474.0,474.0,66698,4.0,104720,0.0,3171190000.0,190000.0,206,796,2018-08-02 10:48:00
20180802 10:49,474.0,474.0,474.0,474.0,69170,2472.0,104272,-448.0,3288360000.0,117170000.0,7977,9893,2018-08-02 10:49:00
20180802 10:50,474.0,474.0,473.5,473.5,69174,4.0,104272,0.0,3288550000.0,190000.0,1239,1128,2018-08-02 10:50:00
20180802 10:51,473.5,473.5,473.5,473.5,70300,1126.0,104234,-38.0,3341870000.0,53320000.0,10677,3817,2018-08-02 10:51:00
20180802 10:52,473.5,473.5,473.5,473.5,71334,1034.0,104226,-8.0,3390830000.0,48960000.0,6534,3180,2018-08-02 10:52:00
20180802 10:53,473.5,474.0,473.5,474.0,71354,20.0,104226,0.0,3391780000.0,950000.0,1532,753,2018-08-02 10:53:00
20180802 10:54,474.0,474.0,474.0,474.0,71560,206.0,104314,88.0,3401540000.0,9760000.0,3151,1142,2018-08-02 10:54:00
20180802 10:55,474.5,474.5,474.0,474.0,71564,4.0,104314,0.0,3401730000.0,190000.0,2828,1338,2018-08-02 10:55:00
20180802 10:56,474.0,474.0,474.0,474.0,71564,0.0,104314,0.0,3401730000.0,0.0,842,329,2018-08-02 10:56:00
20180802 10:57,474.0,474.0,474.0,474.0,71564,0.0,104314,0.0,3401730000.0,0.0,284,109,2018-08-02 10:57:00
20180802 10:59,474.5,474.5,474.5,474.5,71684,120.0,104418,104.0,3407430000.0,5700000.0,1536,2050,2018-08-02 10:59:00
20180802 11:00,474.5,474.5,474.0,474.0,71838,154.0,104310,-108.0,3414730000.0,7300000.0,3639,2236,2018-08-02 11:00:00
20180802 11:01,474.0,474.0,474.0,474.0,71838,0.0,104310,0.0,3414730000.0,0.0,1524,616,2018-08-02 11:01:00
20180802 11:02,474.0,474.5,474.0,474.5,72962,1124.0,104242,-68.0,3468000000.0,53270000.0,8221,9221,2018-08-02 11:02:00
20180802 11:03,474.0,474.5,474.0,474.5,72978,16.0,104254,12.0,3468760000.0,760000.0,6077,9236,2018-08-02 11:03:00
20180802 11:04,474.5,474.5,474.5,474.5,72978,0.0,104254,0.0,3468760000.0,0.0,1067,843,2018-08-02 11:04:00
20180802 11:05,474.0,474.0,474.0,474.0,76468,3490.0,104206,-48.0,3634190000.0,165430000.0,4078,15640,2018-08-02 11:05:00
20180802 11:06,474.0,474.0,474.0,474.0,77430,962.0,104166,-40.0,3679790000.0,45600000.0,4651,3706,2018-08-02 11:06:00
20180802 11:07,474.0,474.0,474.0,474.0,77580,150.0,104184,18.0,3686900000.0,7110000.0,3021,3708,2018-08-02 11:07:00
20180802 11:08,473.5,473.5,473.5,473.5,77582,2.0,104182,-2.0,3686990000.0,90000.0,1180,2990,2018-08-02 11:08:00
20180802 11:09,473.5,473.5,473.5,473.5,77582,0.0,104182,0.0,3686990000.0,0.0,1095,3383,2018-08-02 11:09:00
20180802 11:10,473.5,473.5,473.5,473.5,77694,112.0,104124,-58.0,3692290000.0,5300000.0,3059,6378,2018-08-02 11:10:00
20180802 11:11,473.5,473.5,472.5,472.5,78340,646.0,104434,310.0,3722850000.0,30560000.0,3571,8524,2018-08-02 11:11:00
20180802 11:12,472.5,472.5,472.0,472.5,78638,298.0,104444,10.0,3736920000.0,14070000.0,9812,10864,2018-08-02 11:12:00
20180802 11:13,472.5,472.5,472.0,472.0,78640,2.0,104442,-2.0,3737010000.0,90000.0,2588,2226,2018-08-02 11:13:00
20180802 11:14,472.0,472.0,472.0,472.0,79076,436.0,104446,4.0,3757590000.0,20580000.0,6570,6357,2018-08-02 11:14:00
20180802 11:15,472.0,472.0,472.0,472.0,79842,766.0,104894,448.0,3793750000.0,36160000.0,2490,3526,2018-08-02 11:15:00
20180802 11:16,472.0,472.0,471.5,472.0,80032,190.0,104842,-52.0,3802710000.0,8960000.0,2360,4339,2018-08-02 11:16:00
20180802 11:17,472.0,472.0,471.5,471.5,80336,304.0,104808,-34.0,3817060000.0,14350000.0,2788,9877,2018-08-02 11:17:00
20180802 11:18,471.5,472.0,471.0,472.0,80560,224.0,104812,4.0,3827620000.0,10560000.0,2069,2945,2018-08-02 11:18:00
20180802 11:19,472.0,473.0,472.0,473.0,81900,1340.0,104630,-182.0,3890930000.0,63310000.0,5182,5189,2018-08-02 11:19:00
20180802 11:20,472.5,472.5,472.5,472.5,82730,830.0,104662,32.0,3930150000.0,39220000.0,4045,1329,2018-08-02 11:20:00
20180802 11:21,472.5,472.5,472.5,472.5,82730,0.0,104662,0.0,3930150000.0,0.0,865,478,2018-08-02 11:21:00
20180802 11:22,472.5,473.0,472.5,473.0,82984,254.0,104590,-72.0,3942170000.0,12020000.0,2229,4567,2018-08-02 11:22:00
20180802 11:23,473.0,473.0,473.0,473.0,83132,148.0,104578,-12.0,3949170000.0,7000000.0,3281,1762,2018-08-02 11:23:00
20180802 11:24,473.0,473.5,473.0,473.0,83148,16.0,104570,-8.0,3949920000.0,750000.0,2272,781,2018-08-02 11:24:00
20180802 11:25,473.0,473.0,473.0,473.0,83222,74.0,104554,-16.0,3953420000.0,3500000.0,1136,803,2018-08-02 11:25:00
20180802 11:26,473.0,473.5,473.0,473.0,84450,1228.0,104608,54.0,4011510000.0,58090000.0,4973,2718,2018-08-02 11:26:00
20180802 11:27,473.0,473.0,472.5,473.0,84520,70.0,104596,-12.0,4014820000.0,3310000.0,2080,2967,2018-08-02 11:27:00
20180802 11:28,473.0,473.0,473.0,473.0,84804,284.0,104642,46.0,4028250000.0,13430000.0,3230,4958,2018-08-02 11:28:00
20180802 11:29,473.0,473.5,473.0,473.5,84844,40.0,104602,-40.0,4030140000.0,1890000.0,781,1011,2018-08-02 11:29:00
20180802 13:30,473.5,473.5,472.0,472.0,85016,172.0,104590,-12.0,4038270000.0,8130000.0,6951,4000,2018-08-02 13:30:00
20180802 13:31,472.5,472.5,471.0,471.5,85444,428.0,104594,4.0,4058440000.0,20170000.0,3019,4400,2018-08-02 13:31:00
20180802 13:32,471.5,471.5,471.0,471.5,86042,598.0,104530,-64.0,4086610000.0,28170000.0,2908,7009,2018-08-02 13:32:00
20180802 13:33,471.5,472.0,471.5,471.5,86420,378.0,104498,-32.0,4104430000.0,17820000.0,3728,7876,2018-08-02 13:33:00
20180802 13:34,471.5,472.0,471.5,472.0,86484,64.0,104446,-52.0,4107460000.0,3030000.0,4519,4670,2018-08-02 13:34:00
20180802 13:35,472.0,472.0,471.5,472.0,88208,1724.0,104650,204.0,4188750000.0,81290000.0,6593,5946,2018-08-02 13:35:00
20180802 13:36,472.0,472.0,471.5,472.0,88968,760.0,104150,-500.0,4224630000.0,35880000.0,2738,3576,2018-08-02 13:36:00
20180802 13:37,472.0,472.0,472.0,472.0,89592,624.0,104646,496.0,4254080000.0,29450000.0,2990,3281,2018-08-02 13:37:00
20180802 13:38,472.0,472.5,472.0,472.5,91182,1590.0,104796,150.0,4329180000.0,75100000.0,3406,4450,2018-08-02 13:38:00
20180802 13:39,472.5,472.5,472.5,472.5,92690,1508.0,104954,158.0,4400440000.0,71260000.0,8723,4277,2018-08-02 13:39:00
20180802 13:40,472.5,472.5,472.5,472.5,93314,624.0,104904,-50.0,4429920000.0,29480000.0,5214,2912,2018-08-02 13:40:00
20180802 13:41,472.5,472.5,472.5,472.5,94770,1456.0,105074,170.0,4498720000.0,68800000.0,8088,5683,2018-08-02 13:41:00
20180802 13:42,472.5,472.5,472.5,472.5,94770,0.0,105074,0.0,4498720000.0,0.0,4067,2074,2018-08-02 13:42:00
20180802 13:43,472.5,473.0,472.5,473.0,96002,1232.0,105100,26.0,4556990000.0,58270000.0,2348,2554,2018-08-02 13:43:00
20180802 13:44,473.0,474.5,473.0,474.5,96906,904.0,105242,142.0,4599810000.0,42820000.0,12742,5293,2018-08-02 13:44:00
20180802 13:45,474.5,474.5,474.0,474.5,99100,2194.0,105044,-198.0,4703910000.0,104100000.0,16000,13592,2018-08-02 13:45:00
20180802 13:46,474.5,476.0,474.5,476.0,104868,5768.0,105004,-40.0,4978210000.0,274300000.0,18984,15174,2018-08-02 13:46:00
20180802 13:47,476.0,476.0,475.5,475.5,107214,2346.0,105236,232.0,5089770000.0,111560000.0,12685,9470,2018-08-02 13:47:00
20180802 13:48,476.0,476.5,476.0,476.5,109320,2106.0,105288,52.0,5190060000.0,100290000.0,9961,10065,2018-08-02 13:48:00
20180802 13:49,476.5,477.0,476.5,476.5,110180,860.0,105324,36.0,5231040000.0,40980000.0,6198,3022,2018-08-02 13:49:00
20180802 13:50,476.5,477.0,476.0,476.5,110426,246.0,105442,118.0,5242760000.0,11720000.0,7504,10244,2018-08-02 13:50:00
20180802 13:51,476.5,477.0,476.5,476.5,110468,42.0,105430,-12.0,5244770000.0,2010000.0,10797,5929,2018-08-02 13:51:00
20180802 13:52,476.5,476.5,476.5,476.5,110552,84.0,105430,0.0,5248770000.0,4000000.0,1870,505,2018-08-02 13:52:00
20180802 13:53,476.5,477.0,476.5,477.0,110556,4.0,105430,0.0,5248960000.0,190000.0,971,280,2018-08-02 13:53:00
20180802 13:54,477.0,477.0,476.5,476.5,110576,20.0,105440,10.0,5249920000.0,960000.0,4070,1181,2018-08-02 13:54:00
20180802 13:55,477.0,477.0,476.5,477.0,110604,28.0,105440,0.0,5251250000.0,1330000.0,2550,515,2018-08-02 13:55:00
20180802 13:56,477.0,477.0,476.5,477.0,110616,12.0,105432,-8.0,5251820000.0,570000.0,1123,381,2018-08-02 13:56:00
20180802 13:57,477.0,477.0,477.0,477.0,110616,0.0,105432,0.0,5251820000.0,0.0,1357,1059,2018-08-02 13:57:00
20180802 13:58,477.0,477.0,477.0,477.0,110636,20.0,105438,6.0,5252780000.0,960000.0,2592,666,2018-08-02 13:58:00
20180802 13:59,477.0,477.0,477.0,477.0,110636,0.0,105438,0.0,5252780000.0,0.0,3336,2145,2018-08-02 13:59:00
20180802 14:00,477.0,477.0,477.0,477.0,110636,0.0,105438,0.0,5252780000.0,0.0,2279,346,2018-08-02 14:00:00
20180802 14:01,477.0,477.0,477.0,477.0,111680,1044.0,105590,152.0,5302580000.0,49800000.0,11164,3405,2018-08-02 14:01:00
20180802 14:02,477.0,477.0,477.0,477.0,111802,122.0,105692,102.0,5308400000.0,5820000.0,5505,2059,2018-08-02 14:02:00
20180802 14:03,477.0,477.0,477.0,477.0,111802,0.0,105692,0.0,5308400000.0,0.0,808,595,2018-08-02 14:03:00
20180802 14:04,477.0,477.0,477.0,477.0,111846,44.0,105684,-8.0,5310490000.0,2090000.0,1053,1153,2018-08-02 14:04:00
20180802 14:05,477.0,477.0,477.0,477.0,111856,10.0,105684,0.0,5310970000.0,480000.0,977,675,2018-08-02 14:05:00
20180802 14:06,477.0,477.0,477.0,477.0,111856,0.0,105684,0.0,5310970000.0,0.0,539,498,2018-08-02 14:06:00
20180802 14:07,477.0,477.0,477.0,477.0,111856,0.0,105684,0.0,5310970000.0,0.0,369,336,2018-08-02 14:07:00
20180802 14:08,477.0,477.0,477.0,477.0,111856,0.0,105684,0.0,5310970000.0,0.0,1119,792,2018-08-02 14:08:00
20180802 14:09,476.5,476.5,476.5,476.5,111892,36.0,105654,-30.0,5312690000.0,1720000.0,499,234,2018-08-02 14:09:00
20180802 14:10,476.5,476.5,476.5,476.5,111980,88.0,105680,26.0,5316880000.0,4190000.0,604,651,2018-08-02 14:10:00
20180802 14:11,476.5,476.5,476.5,476.5,112146,166.0,105580,-100.0,5324790000.0,7910000.0,1284,700,2018-08-02 14:11:00
20180802 14:12,476.5,476.5,476.0,476.0,113304,1158.0,105498,-82.0,5379910000.0,55120000.0,2432,2007,2018-08-02 14:12:00
20180802 14:13,476.0,476.0,476.0,476.0,113538,234.0,105494,-4.0,5391050000.0,11140000.0,1474,1838,2018-08-02 14:13:00
20180802 14:14,476.0,476.0,476.0,476.0,113978,440.0,105560,66.0,5411990000.0,20940000.0,1052,2027,2018-08-02 14:14:00
20180802 14:15,476.0,476.5,476.0,476.5,115298,1320.0,105660,100.0,5474880000.0,62890000.0,2589,10518,2018-08-02 14:15:00
20180802 14:16,476.5,476.5,476.5,476.5,116152,854.0,105644,-16.0,5515580000.0,40700000.0,1337,4359,2018-08-02 14:16:00
20180802 14:17,476.5,476.5,476.5,476.5,116152,0.0,105644,0.0,5515580000.0,0.0,266,272,2018-08-02 14:17:00
20180802 14:18,476.5,476.5,476.5,476.5,116192,40.0,105644,0.0,5517480000.0,1900000.0,673,1029,2018-08-02 14:18:00
20180802 14:19,476.5,476.5,476.5,476.5,116192,0.0,105644,0.0,5517480000.0,0.0,232,222,2018-08-02 14:19:00
20180802 14:20,476.5,476.5,476.5,476.5,116192,0.0,105644,0.0,5517480000.0,0.0,807,444,2018-08-02 14:20:00
20180802 14:21,476.5,476.5,476.5,476.5,116192,0.0,105644,0.0,5517480000.0,0.0,1418,666,2018-08-02 14:21:00
20180802 14:22,476.5,476.5,476.5,476.5,116278,86.0,105684,40.0,5521580000.0,4100000.0,890,454,2018-08-02 14:22:00
20180802 14:23,476.5,476.5,476.5,476.5,116294,16.0,105684,0.0,5522340000.0,760000.0,672,240,2018-08-02 14:23:00
20180802 14:24,476.5,476.5,476.5,476.5,116418,124.0,105684,0.0,5528250000.0,5910000.0,2722,2390,2018-08-02 14:24:00
20180802 14:25,476.5,476.5,476.5,476.5,116420,2.0,105684,0.0,5528350000.0,100000.0,139,494,2018-08-02 14:25:00
20180802 14:26,476.5,476.5,476.5,476.5,116420,0.0,105684,0.0,5528350000.0,0.0,85,217,2018-08-02 14:26:00
20180802 14:28,476.5,476.5,475.5,476.0,116704,284.0,105526,-158.0,5541870000.0,13520000.0,1966,6790,2018-08-02 14:28:00
20180802 14:29,475.5,475.5,475.5,475.5,116706,2.0,105526,0.0,5541960000.0,90000.0,4040,7613,2018-08-02 14:29:00
20180802 14:30,475.5,475.5,475.5,475.5,116706,0.0,105526,0.0,5541960000.0,0.0,4526,8825,2018-08-02 14:30:00
20180802 14:31,475.5,475.5,475.5,475.5,116706,0.0,105526,0.0,5541960000.0,0.0,5473,7158,2018-08-02 14:31:00
20180802 14:32,475.5,476.0,475.5,476.0,116726,20.0,105526,0.0,5542910000.0,950000.0,3917,8352,2018-08-02 14:32:00
20180802 14:33,476.0,476.0,476.0,476.0,117250,524.0,105562,36.0,5567850000.0,24940000.0,3533,6084,2018-08-02 14:33:00
20180802 14:34,476.0,476.0,476.0,476.0,117730,480.0,105618,56.0,5590700000.0,22850000.0,4122,9306,2018-08-02 14:34:00
20180802 14:35,476.0,477.5,476.0,477.5,119024,1294.0,105888,270.0,5652470000.0,61770000.0,2658,11754,2018-08-02 14:35:00
20180802 14:36,477.5,477.5,477.5,477.5,119904,880.0,105942,54.0,5694490000.0,42020000.0,7023,6347,2018-08-02 14:36:00
20180802 14:37,477.5,477.5,477.5,477.5,120150,246.0,105974,32.0,5706230000.0,11740000.0,9252,3610,2018-08-02 14:37:00
20180802 14:38,477.5,477.5,477.5,477.5,120202,52.0,105988,14.0,5708710000.0,2480000.0,974,2695,2018-08-02 14:38:00
20180802 14:39,477.5,477.5,477.0,477.0,120412,210.0,105966,-22.0,5718740000.0,10030000.0,1310,6674,2018-08-02 14:39:00
20180802 14:40,477.0,477.5,477.0,477.5,120434,22.0,105970,4.0,5719790000.0,1050000.0,2074,5935,2018-08-02 14:40:00
20180802 14:41,477.5,477.5,477.5,477.5,120436,2.0,105970,0.0,5719890000.0,100000.0,1103,892,2018-08-02 14:41:00
20180802 14:42,478.0,478.0,478.0,478.0,120442,6.0,105966,-4.0,5720180000.0,290000.0,946,727,2018-08-02 14:42:00
20180802 14:43,478.0,478.0,478.0,478.0,120442,0.0,105966,0.0,5720180000.0,0.0,452,314,2018-08-02 14:43:00
20180802 14:44,478.0,478.0,477.5,477.5,120446,4.0,105966,0.0,5720370000.0,190000.0,867,488,2018-08-02 14:44:00
20180802 14:45,477.5,478.0,477.5,477.5,120498,52.0,105950,-16.0,5722850000.0,2480000.0,3052,1006,2018-08-02 14:45:00
20180802 14:46,477.5,478.0,477.5,477.5,120798,300.0,105848,-102.0,5737180000.0,14330000.0,4686,7179,2018-08-02 14:46:00
20180802 14:47,477.5,477.5,477.0,477.0,120832,34.0,105826,-22.0,5738800000.0,1620000.0,1190,2983,2018-08-02 14:47:00
20180802 14:48,477.0,477.0,477.0,477.0,120832,0.0,105826,0.0,5738800000.0,0.0,553,555,2018-08-02 14:48:00
20180802 14:49,477.0,477.5,477.0,477.5,121556,724.0,105882,56.0,5773380000.0,34580000.0,2996,2349,2018-08-02 14:49:00
20180802 14:50,477.5,477.5,477.5,477.5,121910,354.0,105858,-24.0,5790280000.0,16900000.0,3874,2252,2018-08-02 14:50:00
20180802 14:51,477.5,477.5,477.5,477.5,121910,0.0,105858,0.0,5790280000.0,0.0,8678,3396,2018-08-02 14:51:00
20180802 14:52,477.5,477.5,477.5,477.5,121910,0.0,105858,0.0,5790280000.0,0.0,9061,1369,2018-08-02 14:52:00
20180802 14:53,477.5,477.5,477.5,477.5,121910,0.0,105858,0.0,5790280000.0,0.0,11074,1454,2018-08-02 14:53:00
20180802 14:54,477.5,478.0,477.5,478.0,121938,28.0,105862,4.0,5791620000.0,1340000.0,12118,6877,2018-08-02 14:54:00
20180802 14:55,478.0,478.0,478.0,478.0,121970,32.0,105832,-30.0,5793150000.0,1530000.0,3227,5092,2018-08-02 14:55:00
20180802 14:56,478.0,478.0,477.0,477.5,122060,90.0,105802,-30.0,5797440000.0,4290000.0,3348,2910,2018-08-02 14:56:00
20180802 14:57,477.5,477.5,477.0,477.5,123134,1074.0,105796,-6.0,5848680000.0,51240000.0,1892,8408,2018-08-02 14:57:00
20180802 14:58,477.0,477.0,476.5,476.5,123246,112.0,105814,18.0,5854020000.0,5340000.0,758,6216,2018-08-02 14:58:00
20180802 14:59,476.5,477.0,476.5,476.5,125384,2138.0,105788,-26.0,5956000000.0,101980000.0,727,9106,2018-08-02 14:59:00
20180802 15:00,476.5,476.5,476.5,476.5,125384,0.0,105788,0.0,5956000000.0,0.0,46,6,2018-08-02 15:00:00
20180802 20:59,477.0,477.0,477.0,477.0,5410,5410.0,106906,1118.0,258057000.0,258057000.0,3,1,2018-08-02 20:59:00
20180802 21:00,476.5,476.5,475.0,476.0,6176,766.0,106808,-98.0,294469000.0,36412000.0,14948,3337,2018-08-02 21:00:00
20180802 21:01,476.0,477.0,476.0,476.5,6814,638.0,106242,-566.0,324868000.0,30399000.0,12442,3782,2018-08-02 21:01:00
20180802 21:02,476.5,476.5,475.5,475.5,7180,366.0,106174,-68.0,342281000.0,17413000.0,5992,4814,2018-08-02 21:02:00
20180802 21:03,475.5,476.0,475.5,475.5,7282,102.0,106124,-50.0,347131000.0,4850000.0,5713,5309,2018-08-02 21:03:00
20180802 21:04,475.5,475.5,475.5,475.5,7570,288.0,106062,-62.0,360826000.0,13695000.0,10015,11777,2018-08-02 21:04:00
20180802 21:05,475.5,475.5,475.5,475.5,7610,40.0,106044,-18.0,362728000.0,1902000.0,6088,4292,2018-08-02 21:05:00
20180802 21:06,475.5,476.0,475.0,476.0,7744,134.0,106050,6.0,369099000.0,6371000.0,6216,5297,2018-08-02 21:06:00
20180802 21:07,476.0,477.5,476.0,477.0,8598,854.0,106154,104.0,409803000.0,40704000.0,6046,6853,2018-08-02 21:07:00
20180802 21:08,477.0,478.0,477.0,478.0,8846,248.0,106188,34.0,421647000.0,11844000.0,10565,4087,2018-08-02 21:08:00
20180802 21:09,477.5,478.0,477.0,477.0,9246,400.0,106160,-28.0,440730000.0,19083000.0,5004,7760,2018-08-02 21:09:00
20180802 21:10,477.0,477.0,477.0,477.0,9310,64.0,106136,-24.0,443782000.0,3052000.0,1107,3974,2018-08-02 21:10:00
20180802 21:11,477.0,477.0,477.0,477.0,9790,480.0,106166,30.0,466678000.0,22896000.0,3536,2823,2018-08-02 21:11:00
20180802 21:12,477.0,477.0,477.0,477.0,9790,0.0,106166,0.0,466678000.0,0.0,676,327,2018-08-02 21:12:00
20180802 21:13,477.0,477.0,477.0,477.0,9790,0.0,106166,0.0,466678000.0,0.0,1523,760,2018-08-02 21:13:00
20180802 21:14,477.5,477.5,477.5,477.5,9832,42.0,106176,10.0,468684000.0,2006000.0,890,832,2018-08-02 21:14:00
20180802 21:15,477.5,477.5,477.5,477.5,10376,544.0,106266,90.0,494660000.0,25976000.0,5412,4234,2018-08-02 21:15:00
20180802 21:16,477.5,477.5,477.5,477.5,10380,4.0,106266,0.0,494851000.0,191000.0,25305,2067,2018-08-02 21:16:00
20180802 21:17,477.5,477.5,477.5,477.5,10386,6.0,106268,2.0,495137000.0,286000.0,27918,3912,2018-08-02 21:17:00
20180802 21:18,477.5,477.5,477.5,477.5,10500,114.0,106290,22.0,500581000.0,5444000.0,18899,2937,2018-08-02 21:18:00
20180802 21:19,477.5,477.5,477.5,477.5,10584,84.0,106264,-26.0,504592000.0,4011000.0,707,1976,2018-08-02 21:19:00
20180802 21:20,477.5,477.5,477.5,477.5,10604,20.0,106268,4.0,505547000.0,955000.0,1788,2425,2018-08-02 21:20:00
20180802 21:22,477.5,477.5,477.5,477.5,10636,32.0,106298,30.0,507075000.0,1528000.0,610,951,2018-08-02 21:22:00
20180802 21:23,477.5,477.5,477.5,477.5,10636,0.0,106298,0.0,507075000.0,0.0,101,119,2018-08-02 21:23:00
20180802 21:24,477.5,477.5,477.5,477.5,10636,0.0,106298,0.0,507075000.0,0.0,406,461,2018-08-02 21:24:00
20180802 21:25,477.5,477.5,477.5,477.5,10646,10.0,106298,0.0,507552000.0,477000.0,7523,4327,2018-08-02 21:25:00
20180802 21:26,477.5,477.5,477.5,477.5,10646,0.0,106298,0.0,507552000.0,0.0,3281,1271,2018-08-02 21:26:00
20180802 21:27,477.5,477.5,477.0,477.0,10706,60.0,106294,-4.0,510414000.0,2862000.0,8418,3174,2018-08-02 21:27:00
20180802 21:28,477.0,477.0,477.0,477.0,11482,776.0,106754,460.0,547430000.0,37016000.0,7124,3618,2018-08-02 21:28:00
20180802 21:29,477.0,477.0,477.0,477.0,11544,62.0,106796,42.0,550387000.0,2957000.0,3369,1252,2018-08-02 21:29:00
20180802 21:30,477.0,477.0,477.0,477.0,11544,0.0,106796,0.0,550387000.0,0.0,278,91,2018-08-02 21:30:00
20180802 21:31,477.0,477.0,476.5,476.5,12318,774.0,106346,-450.0,587268000.0,36881000.0,2703,4485,2018-08-02 21:31:00
20180802 21:32,476.5,476.5,476.5,476.5,12318,0.0,106346,0.0,587268000.0,0.0,492,971,2018-08-02 21:32:00
20180802 21:33,476.5,476.5,476.5,476.5,12504,186.0,106308,-38.0,596131000.0,8863000.0,1203,1448,2018-08-02 21:33:00
20180802 21:34,476.5,476.5,476.5,476.5,12506,2.0,106310,2.0,596226000.0,95000.0,731,1273,2018-08-02 21:34:00
20180802 21:35,476.5,477.0,476.5,477.0,12508,2.0,106312,2.0,596322000.0,96000.0,584,884,2018-08-02 21:35:00
20180802 21:36,477.0,477.0,477.0,477.0,12518,10.0,106322,10.0,596799000.0,477000.0,497,1182,2018-08-02 21:36:00
20180802 21:37,477.0,477.0,477.0,477.0,12518,0.0,106322,0.0,596799000.0,0.0,381,1086,2018-08-02 21:37:00
20180802 21:38,477.0,477.0,477.0,477.0,12518,0.0,106322,0.0,596799000.0,0.0,187,400,2018-08-02 21:38:00
20180802 21:39,477.0,477.0,477.0,477.0,12518,0.0,106322,0.0,596799000.0,0.0,350,820,2018-08-02 21:39:00
20180802 21:40,477.0,477.0,477.0,477.0,12536,18.0,106304,-18.0,597657000.0,858000.0,720,1559,2018-08-02 21:40:00
20180802 21:41,477.0,477.0,477.0,477.0,12554,18.0,106286,-18.0,598516000.0,859000.0,572,1365,2018-08-02 21:41:00
20180802 21:42,477.0,477.0,477.0,477.0,12554,0.0,106286,0.0,598516000.0,0.0,148,388,2018-08-02 21:42:00
20180802 21:43,477.0,477.0,477.0,477.0,13202,648.0,106648,362.0,629426000.0,30910000.0,3025,1368,2018-08-02 21:43:00
20180802 21:44,477.0,477.5,477.0,477.5,13224,22.0,106650,2.0,630476000.0,1050000.0,2654,3383,2018-08-02 21:44:00
20180802 21:45,477.5,477.5,477.5,477.5,13248,24.0,106652,2.0,631622000.0,1146000.0,548,3342,2018-08-02 21:45:00
20180802 21:46,477.5,477.5,477.5,477.5,13250,2.0,106652,0.0,631718000.0,96000.0,67,1056,2018-08-02 21:46:00
20180802 21:47,477.5,477.5,477.5,477.5,13252,2.0,106650,-2.0,631813000.0,95000.0,126,1232,2018-08-02 21:47:00
20180802 21:49,477.5,477.5,477.5,477.5,13252,0.0,106650,0.0,631813000.0,0.0,121,354,2018-08-02 21:49:00
20180802 21:50,477.5,477.5,477.5,477.5,13252,0.0,106650,0.0,631813000.0,0.0,323,744,2018-08-02 21:50:00
20180802 21:51,477.5,477.5,477.5,477.5,13252,0.0,106650,0.0,631813000.0,0.0,391,1094,2018-08-02 21:51:00
20180802 21:52,477.5,477.5,477.5,477.5,13254,2.0,106650,0.0,631909000.0,96000.0,121,348,2018-08-02 21:52:00
20180802 21:53,477.5,477.5,477.5,477.5,13254,0.0,106650,0.0,631909000.0,0.0,254,527,2018-08-02 21:53:00
20180802 21:54,477.5,477.5,477.5,477.5,13256,2.0,106650,0.0,632004000.0,95000.0,239,551,2018-08-02 21:54:00
20180802 21:55,477.5,477.5,477.5,477.5,13256,0.0,106650,0.0,632004000.0,0.0,242,571,2018-08-02 21:55:00
20180802 21:56,477.5,477.5,477.5,477.5,13256,0.0,106650,0.0,632004000.0,0.0,79,187,2018-08-02 21:56:00
20180802 21:57,477.5,477.5,477.5,477.5,13258,2.0,106650,0.0,632100000.0,96000.0,255,561,2018-08-02 21:57:00
20180802 21:58,477.5,477.5,477.5,477.5,13258,0.0,106650,0.0,632100000.0,0.0,100,145,2018-08-02 21:58:00
20180802 21:59,477.5,477.5,477.5,477.5,13258,0.0,106650,0.0,632100000.0,0.0,295,430,2018-08-02 21:59:00
20180802 22:00,477.5,478.0,477.5,478.0,13462,204.0,106598,-52.0,641843000.0,9743000.0,2202,2264,2018-08-02 22:00:00
20180802 22:01,478.0,478.0,478.0,478.0,13462,0.0,106598,0.0,641843000.0,0.0,597,443,2018-08-02 22:01:00
20180802 22:02,478.0,478.0,478.0,478.0,13466,4.0,106594,-4.0,642034000.0,191000.0,380,296,2018-08-02 22:02:00
20180802 22:03,478.0,478.0,478.0,478.0,13466,0.0,106594,0.0,642034000.0,0.0,552,449,2018-08-02 22:03:00
20180802 22:04,478.0,478.0,478.0,478.0,13468,2.0,106594,0.0,642129000.0,95000.0,738,777,2018-08-02 22:04:00
20180802 22:05,478.0,478.0,478.0,478.0,13468,0.0,106594,0.0,642129000.0,0.0,188,195,2018-08-02 22:05:00
20180802 22:06,478.0,478.0,477.5,477.5,13472,4.0,106592,-2.0,642320000.0,191000.0,2292,1770,2018-08-02 22:06:00
20180802 22:07,477.5,477.5,477.0,477.0,13834,362.0,106838,246.0,659602000.0,17282000.0,4612,2424,2018-08-02 22:07:00
20180802 22:08,477.0,477.0,477.0,477.0,13834,0.0,106838,0.0,659602000.0,0.0,1101,440,2018-08-02 22:08:00
20180802 22:09,477.0,477.0,477.0,477.0,13878,44.0,106876,38.0,661701000.0,2099000.0,1215,351,2018-08-02 22:09:00
20180802 22:10,477.0,477.0,477.0,477.0,13880,2.0,106876,0.0,661796000.0,95000.0,11394,2239,2018-08-02 22:10:00
20180802 22:11,477.0,477.0,477.0,477.0,14588,708.0,106460,-416.0,695568000.0,33772000.0,7712,4292,2018-08-02 22:11:00
20180802 22:12,477.0,477.0,477.0,477.0,14588,0.0,106460,0.0,695568000.0,0.0,1844,4472,2018-08-02 22:12:00
20180802 22:13,477.0,477.0,477.0,477.0,14588,0.0,106460,0.0,695568000.0,0.0,1261,2402,2018-08-02 22:13:00
20180802 22:14,477.0,477.0,477.0,477.0,14606,18.0,106442,-18.0,696426000.0,858000.0,3025,8782,2018-08-02 22:14:00
20180802 22:15,477.0,477.0,477.0,477.0,14606,0.0,106442,0.0,696426000.0,0.0,2328,3897,2018-08-02 22:15:00
20180802 22:16,477.0,477.0,477.0,477.0,14626,20.0,106422,-20.0,697380000.0,954000.0,670,1178,2018-08-02 22:16:00
20180802 22:17,477.0,477.0,477.0,477.0,14626,0.0,106422,0.0,697380000.0,0.0,608,855,2018-08-02 22:17:00
20180802 22:18,477.0,477.0,476.5,476.5,14888,262.0,106446,24.0,709865000.0,12485000.0,2511,4129,2018-08-02 22:18:00
20180802 22:19,476.5,476.5,476.5,476.5,14888,0.0,106446,0.0,709865000.0,0.0,1261,2088,2018-08-02 22:19:00
20180802 22:20,476.5,476.5,476.0,476.0,14890,2.0,106444,-2.0,709960000.0,95000.0,589,777,2018-08-02 22:20:00
20180802 22:21,476.0,476.0,476.0,476.0,14890,0.0,106444,0.0,709960000.0,0.0,466,782,2018-08-02 22:21:00
20180802 22:22,476.0,476.5,476.0,476.5,14892,2.0,106446,2.0,710055000.0,95000.0,976,1306,2018-08-02 22:22:00
20180802 22:23,476.5,476.5,476.5,476.5,15166,274.0,106594,148.0,723111000.0,13056000.0,3389,2022,2018-08-02 22:23:00
20180802 22:24,476.5,476.5,476.5,476.5,15194,28.0,106584,-10.0,724445000.0,1334000.0,4863,1020,2018-08-02 22:24:00
20180802 22:25,476.5,476.5,476.5,476.5,15194,0.0,106584,0.0,724445000.0,0.0,4075,825,2018-08-02 22:25:00
20180802 22:26,476.5,477.0,476.5,477.0,15196,2.0,106584,0.0,724541000.0,96000.0,2082,1694,2018-08-02 22:26:00
20180802 22:27,477.0,477.0,477.0,477.0,15196,0.0,106584,0.0,724541000.0,0.0,4180,1686,2018-08-02 22:27:00
20180802 22:28,477.0,477.0,477.0,477.0,15198,2.0,106584,0.0,724636000.0,95000.0,2224,1127,2018-08-02 22:28:00
20180802 22:29,477.0,477.0,477.0,477.0,15198,0.0,106584,0.0,724636000.0,0.0,1777,1669,2018-08-02 22:29:00
20180802 22:30,476.5,476.5,476.5,476.5,15404,206.0,106640,56.0,734452000.0,9816000.0,2738,2115,2018-08-02 22:30:00
20180802 22:31,476.5,476.5,476.5,476.5,15404,0.0,106640,0.0,734452000.0,0.0,10686,4194,2018-08-02 22:31:00
20180802 22:32,476.5,476.5,476.5,476.5,15416,12.0,106634,-6.0,735024000.0,572000.0,4827,1875,2018-08-02 22:32:00
20180802 22:33,476.5,476.5,476.5,476.5,15416,0.0,106634,0.0,735024000.0,0.0,1369,499,2018-08-02 22:33:00
20180802 22:34,476.5,477.0,476.5,477.0,15430,14.0,106620,-14.0,735692000.0,668000.0,4478,8884,2018-08-02 22:34:00
20180802 22:35,477.0,477.0,476.5,476.5,15444,14.0,106618,-2.0,736359000.0,667000.0,3731,4403,2018-08-02 22:35:00
20180802 22:36,476.5,476.5,476.5,476.5,15444,0.0,106618,0.0,736359000.0,0.0,2681,1554,2018-08-02 22:36:00
20180802 22:37,476.5,476.5,476.5,476.5,15444,0.0,106618,0.0,736359000.0,0.0,4517,4863,2018-08-02 22:37:00
20180802 22:38,476.5,476.5,476.5,476.5,15446,2.0,106616,-2.0,736454000.0,95000.0,422,217,2018-08-02 22:38:00
20180802 22:39,476.5,476.5,476.5,476.5,15450,4.0,106616,0.0,736645000.0,191000.0,1844,1025,2018-08-02 22:39:00
20180802 22:40,476.5,476.5,476.5,476.5,15530,80.0,106568,-48.0,740457000.0,3812000.0,3744,1796,2018-08-02 22:40:00
20180802 22:41,476.5,476.5,476.5,476.5,15552,22.0,106580,12.0,741505000.0,1048000.0,1405,1898,2018-08-02 22:41:00
20180802 22:42,476.5,476.5,476.0,476.5,15708,156.0,106498,-82.0,748938000.0,7433000.0,567,1526,2018-08-02 22:42:00
20180802 22:43,476.5,477.0,476.5,477.0,15714,6.0,106498,0.0,749224000.0,286000.0,1841,1582,2018-08-02 22:43:00
20180802 22:44,477.0,477.0,477.0,477.0,15714,0.0,106498,0.0,749224000.0,0.0,1661,1101,2018-08-02 22:44:00
20180802 22:45,477.0,477.0,477.0,477.0,15714,0.0,106498,0.0,749224000.0,0.0,1694,2295,2018-08-02 22:45:00
20180802 22:46,477.0,477.0,477.0,477.0,15772,58.0,106440,-58.0,751991000.0,2767000.0,3067,9047,2018-08-02 22:46:00
20180802 22:47,477.0,477.0,477.0,477.0,15772,0.0,106440,0.0,751991000.0,0.0,4238,8301,2018-08-02 22:47:00
20180802 22:48,477.0,477.0,477.0,477.0,15772,0.0,106440,0.0,751991000.0,0.0,2860,6946,2018-08-02 22:48:00
20180802 22:49,477.0,477.0,477.0,477.0,15780,8.0,106432,-8.0,752373000.0,382000.0,2621,6554,2018-08-02 22:49:00
20180802 22:50,477.0,477.0,477.0,477.0,15780,0.0,106432,0.0,752373000.0,0.0,720,2418,2018-08-02 22:50:00
20180802 22:51,477.0,477.0,477.0,477.0,15790,10.0,106432,0.0,752850000.0,477000.0,910,3224,2018-08-02 22:51:00
20180802 22:52,477.0,477.0,477.0,477.0,16000,210.0,106492,60.0,762867000.0,10017000.0,1393,1502,2018-08-02 22:52:00
20180802 22:53,477.0,477.5,477.0,477.5,16002,2.0,106492,0.0,762962000.0,95000.0,1590,1794,2018-08-02 22:53:00
20180802 22:54,477.5,477.5,477.5,477.5,16244,242.0,106636,144.0,774518000.0,11556000.0,3279,2991,2018-08-02 22:54:00
20180802 22:55,477.5,477.5,477.5,477.5,16278,34.0,106626,-10.0,776142000.0,1624000.0,5727,985,2018-08-02 22:55:00
20180802 22:56,477.5,477.5,477.5,477.5,16278,0.0,106626,0.0,776142000.0,0.0,2352,402,2018-08-02 22:56:00
20180802 22:57,477.5,477.5,477.5,477.5,16278,0.0,106626,0.0,776142000.0,0.0,672,201,2018-08-02 22:57:00
20180802 22:58,477.5,478.0,477.5,478.0,16294,16.0,106610,-16.0,776906000.0,764000.0,1457,500,2018-08-02 22:58:00
20180802 22:59,477.5,477.5,477.5,477.5,16500,206.0,106520,-90.0,786743000.0,9837000.0,1874,1717,2018-08-02 22:59:00
20180802 23:00,477.5,477.5,477.5,477.5,16500,0.0,106520,0.0,786743000.0,0.0,621,1193,2018-08-02 23:00:00
20180802 23:01,477.5,477.5,477.5,477.5,16500,0.0,106520,0.0,786743000.0,0.0,2266,3549,2018-08-02 23:01:00
20180802 23:02,477.5,477.5,477.5,477.5,16500,0.0,106520,0.0,786743000.0,0.0,104,93,2018-08-02 23:02:00
20180802 23:03,477.0,477.0,477.0,477.0,18286,1786.0,106630,110.0,871935000.0,85192000.0,4674,1381,2018-08-02 23:03:00
20180802 23:04,477.0,477.0,477.0,477.0,18286,0.0,106630,0.0,871935000.0,0.0,1390,171,2018-08-02 23:04:00
20180802 23:05,477.0,477.0,477.0,477.0,18286,0.0,106630,0.0,871935000.0,0.0,1377,487,2018-08-02 23:05:00
20180802 23:06,477.0,477.0,477.0,477.0,18288,2.0,106628,-2.0,872030000.0,95000.0,338,122,2018-08-02 23:06:00
20180802 23:07,477.5,477.5,477.0,477.0,18300,12.0,106628,0.0,872603000.0,573000.0,1007,363,2018-08-02 23:07:00
20180802 23:08,477.0,477.0,477.0,477.0,18300,0.0,106628,0.0,872603000.0,0.0,1187,471,2018-08-02 23:08:00
20180802 23:09,477.0,477.0,476.0,476.5,18714,414.0,106346,-282.0,892338000.0,19735000.0,2393,1280,2018-08-02 23:09:00
20180802 23:10,476.5,476.5,476.0,476.0,19396,682.0,106556,210.0,924802000.0,32464000.0,636,1333,2018-08-02 23:10:00
20180802 23:11,476.0,476.0,476.0,476.0,19396,0.0,106556,0.0,924802000.0,0.0,99,472,2018-08-02 23:11:00
20180802 23:12,476.0,476.0,476.0,476.0,19396,0.0,106556,0.0,924802000.0,0.0,301,777,2018-08-02 23:12:00
20180802 23:13,476.0,476.0,476.0,476.0,19396,0.0,106556,0.0,924802000.0,0.0,714,917,2018-08-02 23:13:00
20180802 23:14,476.0,476.0,475.5,475.5,20158,762.0,107040,484.0,961035000.0,36233000.0,1067,2367,2018-08-02 23:14:00
20180802 23:15,475.5,475.5,475.5,475.5,20222,64.0,107032,-8.0,964078000.0,3043000.0,3721,3407,2018-08-02 23:15:00
20180802 23:16,475.5,475.5,475.5,475.5,20254,32.0,107000,-32.0,965599000.0,1521000.0,1457,1200,2018-08-02 23:16:00
20180802 23:17,475.5,475.5,475.0,475.0,20986,732.0,106578,-422.0,1000380000.0,34781000.0,1808,1932,2018-08-02 23:17:00
20180802 23:18,475.0,475.0,475.0,475.0,20992,6.0,106572,-6.0,1000660000.0,280000.0,1455,526,2018-08-02 23:18:00
20180802 23:19,476.0,476.0,476.0,476.0,21240,248.0,106634,62.0,1012460000.0,11800000.0,1544,1743,2018-08-02 23:19:00
20180802 23:20,476.0,476.0,476.0,476.0,21240,0.0,106634,0.0,1012460000.0,0.0,324,153,2018-08-02 23:20:00
20180802 23:21,476.0,476.0,476.0,476.0,21938,698.0,106768,134.0,1045690000.0,33230000.0,654,1189,2018-08-02 23:21:00
20180802 23:22,476.0,476.0,476.0,476.0,27386,5448.0,107524,756.0,1305010000.0,259320000.0,5187,7267,2018-08-02 23:22:00
20180802 23:23,476.0,476.0,476.0,476.0,27386,0.0,107524,0.0,1305010000.0,0.0,248,760,2018-08-02 23:23:00
20180802 23:24,476.0,476.0,475.5,475.5,27394,8.0,107516,-8.0,1305390000.0,380000.0,907,1643,2018-08-02 23:24:00
20180802 23:25,475.5,475.5,475.5,475.5,27394,0.0,107516,0.0,1305390000.0,0.0,202,253,2018-08-02 23:25:00
20180802 23:26,475.5,476.0,475.5,476.0,28520,1126.0,107632,116.0,1358990000.0,53600000.0,1702,1945,2018-08-02 23:26:00
20180802 23:27,476.0,476.0,476.0,476.0,28570,50.0,107660,28.0,1361370000.0,2380000.0,1421,582,2018-08-02 23:27:00
20180802 23:28,476.0,476.0,476.0,476.0,29254,684.0,107686,26.0,1393930000.0,32560000.0,737,206,2018-08-02 23:28:00
20180802 23:29,476.0,476.5,476.0,476.0,29528,274.0,107670,-16.0,1406980000.0,13050000.0,620,642,2018-08-02 23:29:00
20180803 09:00,480.5,481.0,480.0,480.0,30692,1164.0,105242,-2428.0,1475940000.0,68960000.0,2897,5120,2018-08-03 09:00:00
20180803 09:01,480.5,482.5,480.5,481.5,31060,368.0,105232,-10.0,1493650000.0,17710000.0,7760,4036,2018-08-03 09:01:00
20180803 09:02,481.5,481.5,480.5,481.0,32216,1156.0,105182,-50.0,1549230000.0,55580000.0,2670,7431,2018-08-03 09:02:00
20180803 09:03,481.0,481.0,480.5,480.5,32544,328.0,105142,-40.0,1564990000.0,15760000.0,3922,4789,2018-08-03 09:03:00
20180803 09:04,480.5,481.0,480.5,481.0,32770,226.0,105162,20.0,1575860000.0,10870000.0,2270,2420,2018-08-03 09:04:00
20180803 09:05,481.0,481.0,481.0,481.0,32770,0.0,105162,0.0,1575860000.0,0.0,384,572,2018-08-03 09:05:00
20180803 09:06,481.0,481.0,481.0,481.0,32828,58.0,105164,2.0,1578650000.0,2790000.0,1031,907,2018-08-03 09:06:00
20180803 09:07,481.0,481.0,481.0,481.0,33110,282.0,105022,-142.0,1592220000.0,13570000.0,2040,2129,2018-08-03 09:07:00
20180803 09:08,481.0,481.0,480.0,481.0,33296,186.0,104962,-60.0,1601160000.0,8940000.0,1161,7934,2018-08-03 09:08:00
20180803 09:09,481.0,481.0,480.5,480.5,33298,2.0,104964,2.0,1601250000.0,90000.0,5081,3898,2018-08-03 09:09:00
20180803 09:10,480.5,481.0,480.5,481.0,33550,252.0,104914,-50.0,1613380000.0,12130000.0,5311,4493,2018-08-03 09:10:00
20180803 09:11,481.0,481.0,481.0,481.0,33582,32.0,104942,28.0,1614910000.0,1530000.0,1059,1360,2018-08-03 09:11:00
20180803 09:12,481.0,481.0,480.5,480.5,33584,2.0,104944,2.0,1615010000.0,100000.0,2367,781,2018-08-03 09:12:00
20180803 09:13,480.5,480.5,480.5,480.5,33584,0.0,104944,0.0,1615010000.0,0.0,1724,389,2018-08-03 09:13:00
20180803 09:14,480.5,481.0,480.5,481.0,33600,16.0,104928,-16.0,1615780000.0,770000.0,820,2534,2018-08-03 09:14:00
20180803 09:15,481.0,481.0,480.5,480.5,33714,114.0,104900,-28.0,1621260000.0,5480000.0,1227,4545,2018-08-03 09:15:00
20180803 09:16,480.5,480.5,480.5,480.5,33860,146.0,104870,-30.0,1628270000.0,7010000.0,1256,5543,2018-08-03 09:16:00
20180803 09:17,480.5,480.5,480.5,480.5,33860,0.0,104870,0.0,1628270000.0,0.0,1465,1318,2018-08-03 09:17:00
20180803 09:18,480.5,481.0,480.5,481.0,33870,10.0,104868,-2.0,1628750000.0,480000.0,1217,9252,2018-08-03 09:18:00
20180803 09:19,481.0,481.0,481.0,481.0,33870,0.0,104868,0.0,1628750000.0,0.0,247,333,2018-08-03 09:19:00
20180803 09:20,481.0,481.0,481.0,481.0,33872,2.0,104868,0.0,1628850000.0,100000.0,82,112,2018-08-03 09:20:00
20180803 09:21,481.0,481.0,481.0,481.0,33946,74.0,104882,14.0,1632410000.0,3560000.0,2418,978,2018-08-03 09:21:00
20180803 09:22,481.0,481.0,481.0,481.0,34004,58.0,104918,36.0,1635200000.0,2790000.0,4341,1878,2018-08-03 09:22:00
20180803 09:23,481.0,481.0,481.0,481.0,34004,0.0,104918,0.0,1635200000.0,0.0,2298,1429,2018-08-03 09:23:00
20180803 09:24,481.0,481.0,480.5,480.5,34022,18.0,104912,-6.0,1636060000.0,860000.0,8142,3297,2018-08-03 09:24:00
20180803 09:25,480.5,481.0,480.5,481.0,34026,4.0,104908,-4.0,1636260000.0,200000.0,3332,3544,2018-08-03 09:25:00
20180803 09:26,481.0,481.0,481.0,481.0,34026,0.0,104908,0.0,1636260000.0,0.0,3314,1248,2018-08-03 09:26:00
20180803 09:27,481.0,481.0,480.5,480.5,34030,4.0,104904,-4.0,1636450000.0,190000.0,3653,2733,2018-08-03 09:27:00
20180803 09:28,480.5,480.5,480.5,480.5,34030,0.0,104904,0.0,1636450000.0,0.0,1507,1928,2018-08-03 09:28:00
20180803 09:29,480.5,480.5,480.5,480.5,34030,0.0,104904,0.0,1636450000.0,0.0,2236,6933,2018-08-03 09:29:00
20180803 09:30,480.5,480.5,480.5,480.5,34276,246.0,104798,-106.0,1648270000.0,11820000.0,1159,4595,2018-08-03 09:30:00
20180803 09:31,480.5,480.5,480.0,480.0,34290,14.0,104784,-14.0,1648940000.0,670000.0,4323,3829,2018-08-03 09:31:00
20180803 09:32,480.0,480.0,480.0,480.0,34598,308.0,104770,-14.0,1663730000.0,14790000.0,2156,4018,2018-08-03 09:32:00
20180803 09:33,480.0,480.0,479.5,480.0,34966,368.0,104778,8.0,1681390000.0,17660000.0,3490,6145,2018-08-03 09:33:00
20180803 09:34,480.0,480.5,480.0,480.5,35554,588.0,105298,520.0,1709640000.0,28250000.0,9754,11554,2018-08-03 09:34:00
20180803 09:35,480.5,480.5,480.0,480.5,36590,1036.0,105268,-30.0,1759420000.0,49780000.0,4211,6986,2018-08-03 09:35:00
20180803 09:36,480.5,480.5,480.0,480.0,36710,120.0,105214,-54.0,1765180000.0,5760000.0,1626,8708,2018-08-03 09:36:00
20180803 09:37,480.0,480.0,479.5,479.5,36726,16.0,105208,-6.0,1765950000.0,770000.0,1523,4332,2018-08-03 09:37:00
20180803 09:38,479.5,479.5,479.5,479.5,37752,1026.0,105440,232.0,1815140000.0,49190000.0,4758,4216,2018-08-03 09:38:00
20180803 09:39,479.5,479.5,479.5,479.5,38598,846.0,104830,-610.0,1855710000.0,40570000.0,2285,4291,2018-08-03 09:39:00
20180803 09:40,479.5,479.5,479.5,479.5,38774,176.0,104950,120.0,1864150000.0,8440000.0,5933,2985,2018-08-03 09:40:00
20180803 09:41,479.5,479.5,479.0,479.5,39174,400.0,104922,-28.0,1883330000.0,19180000.0,4503,2647,2018-08-03 09:41:00
20180803 09:42,479.5,480.0,479.5,480.0,40976,1802.0,105424,502.0,1969830000.0,86500000.0,12125,2315,2018-08-03 09:42:00
20180803 09:43,480.0,480.5,480.0,480.5,41116,140.0,105452,28.0,1976550000.0,6720000.0,6652,1352,2018-08-03 09:43:00
20180803 09:44,480.5,480.5,479.5,479.5,42006,890.0,105498,46.0,2019270000.0,42720000.0,5667,7415,2018-08-03 09:44:00
20180803 09:45,479.5,480.0,479.5,479.5,42170,164.0,105444,-54.0,2027140000.0,7870000.0,6714,10521,2018-08-03 09:45:00
20180803 09:46,479.5,479.5,479.0,479.0,43084,914.0,104976,-468.0,2070960000.0,43820000.0,4587,16072,2018-08-03 09:46:00
20180803 09:47,479.0,479.5,479.0,479.0,43146,62.0,104934,-42.0,2073930000.0,2970000.0,975,6436,2018-08-03 09:47:00
20180803 09:48,479.0,479.5,479.0,479.0,43374,228.0,105010,76.0,2084860000.0,10930000.0,4245,8988,2018-08-03 09:48:00
20180803 09:49,479.0,479.0,479.0,479.0,43472,98.0,104918,-92.0,2089560000.0,4700000.0,3759,3917,2018-08-03 09:49:00
20180803 09:50,479.0,479.5,479.0,479.5,44212,740.0,105542,624.0,2125040000.0,35480000.0,5164,2320,2018-08-03 09:50:00
20180803 09:51,479.5,479.5,478.5,478.5,44628,416.0,105592,50.0,2144970000.0,19930000.0,7008,2048,2018-08-03 09:51:00
20180803 09:52,478.5,479.0,478.5,479.0,45414,786.0,105112,-480.0,2182620000.0,37650000.0,6608,2615,2018-08-03 09:52:00
20180803 09:53,479.0,480.0,479.0,480.0,46714,1300.0,105186,74.0,2245010000.0,62390000.0,12514,4049,2018-08-03 09:53:00
20180803 09:54,480.0,480.0,480.0,480.0,49794,3080.0,105200,14.0,2392850000.0,147840000.0,8133,6231,2018-08-03 09:54:00
20180803 09:55,480.0,480.0,479.5,479.5,54276,4482.0,105302,102.0,2607980000.0,215130000.0,6601,5653,2018-08-03 09:55:00
20180803 09:56,479.5,480.0,479.5,479.5,54536,260.0,105246,-56.0,2620460000.0,12480000.0,7240,4138,2018-08-03 09:56:00
20180803 09:57,479.5,480.0,479.5,480.0,54670,134.0,105156,-90.0,2626890000.0,6430000.0,3663,1586,2018-08-03 09:57:00
20180803 09:58,480.0,480.0,479.5,479.5,54822,152.0,105088,-68.0,2634180000.0,7290000.0,3711,3388,2018-08-03 09:58:00
20180803 09:59,480.0,480.5,480.0,480.0,55782,960.0,105002,-86.0,2680280000.0,46100000.0,4708,3863,2018-08-03 09:59:00
20180803 10:00,480.0,480.0,479.5,479.5,55872,90.0,105012,10.0,2684600000.0,4320000.0,690,2570,2018-08-03 10:00:00
20180803 10:01,479.5,479.5,479.5,479.5,57124,1252.0,105034,22.0,2744630000.0,60030000.0,1737,3729,2018-08-03 10:01:00
20180803 10:02,479.5,479.5,479.5,479.5,57452,328.0,105250,216.0,2760360000.0,15730000.0,723,1201,2018-08-03 10:02:00
20180803 10:03,479.5,479.5,479.5,479.5,57738,286.0,105276,26.0,2774070000.0,13710000.0,2503,3490,2018-08-03 10:03:00
20180803 10:04,479.5,479.5,479.5,479.5,57738,0.0,105276,0.0,2774070000.0,0.0,998,3762,2018-08-03 10:04:00
20180803 10:05,479.5,479.5,479.5,479.5,59494,1756.0,105910,634.0,2858270000.0,84200000.0,1593,3854,2018-08-03 10:05:00
20180803 10:06,479.5,479.5,479.5,479.5,60498,1004.0,105972,62.0,2906420000.0,48150000.0,2122,6886,2018-08-03 10:06:00
20180803 10:07,479.5,479.5,479.5,479.5,60632,134.0,105996,24.0,2912840000.0,6420000.0,1645,5046,2018-08-03 10:07:00
20180803 10:08,479.5,479.5,479.5,479.5,60632,0.0,105996,0.0,2912840000.0,0.0,1104,1957,2018-08-03 10:08:00
20180803 10:09,479.5,479.5,479.5,479.5,60632,0.0,105996,0.0,2912840000.0,0.0,781,914,2018-08-03 10:09:00
20180803 10:10,480.0,480.0,480.0,480.0,60806,174.0,105878,-118.0,2921190000.0,8350000.0,639,1616,2018-08-03 10:10:00
20180803 10:11,480.0,480.0,479.5,479.5,60808,2.0,105878,0.0,2921290000.0,100000.0,1110,1014,2018-08-03 10:11:00
20180803 10:12,479.5,480.0,479.5,480.0,61202,394.0,105862,-16.0,2940200000.0,18910000.0,4344,1715,2018-08-03 10:12:00
20180803 10:13,480.0,480.0,480.0,480.0,68674,7472.0,106262,400.0,3298860000.0,358660000.0,8425,5461,2018-08-03 10:13:00
20180803 10:14,480.0,480.5,480.0,480.0,68760,86.0,106214,-48.0,3302980000.0,4120000.0,1619,2144,2018-08-03 10:14:00
20180803 10:30,480.0,480.0,480.0,480.0,68882,122.0,106208,-6.0,3308840000.0,5860000.0,3750,4096,2018-08-03 10:30:00
20180803 10:31,480.0,480.5,480.0,480.5,68920,38.0,106220,12.0,3310670000.0,1830000.0,4197,15735,2018-08-03 10:31:00
20180803 10:32,480.5,480.5,480.5,480.5,68920,0.0,106220,0.0,3310670000.0,0.0,1766,9955,2018-08-03 10:32:00
20180803 10:33,480.5,480.5,480.5,480.5,68920,0.0,106220,0.0,3310670000.0,0.0,2767,12554,2018-08-03 10:33:00
20180803 10:34,480.5,480.5,480.5,480.5,68952,32.0,106208,-12.0,3312200000.0,1530000.0,2013,13359,2018-08-03 10:34:00
20180803 10:35,480.5,480.5,480.0,480.0,69146,194.0,106198,-10.0,3321520000.0,9320000.0,1927,5658,2018-08-03 10:35:00
20180803 10:36,480.0,480.0,480.0,480.0,69146,0.0,106198,0.0,3321520000.0,0.0,260,440,2018-08-03 10:36:00
20180803 10:37,480.0,480.0,480.0,480.0,69146,0.0,106198,0.0,3321520000.0,0.0,640,454,2018-08-03 10:37:00
20180803 10:38,480.0,480.0,480.0,480.0,69146,0.0,106198,0.0,3321520000.0,0.0,450,701,2018-08-03 10:38:00
20180803 10:39,480.0,480.0,480.0,480.0,70628,1482.0,106106,-92.0,3392650000.0,71130000.0,5076,5436,2018-08-03 10:39:00
20180803 10:40,480.0,480.5,480.0,480.5,70864,236.0,106198,92.0,3403990000.0,11340000.0,1804,523,2018-08-03 10:40:00
20180803 10:41,480.5,480.5,480.5,480.5,70864,0.0,106198,0.0,3403990000.0,0.0,1687,670,2018-08-03 10:41:00
20180803 10:42,480.5,481.5,480.5,481.5,70984,120.0,106122,-76.0,3409770000.0,5780000.0,1698,872,2018-08-03 10:42:00
20180803 10:43,481.5,481.5,481.5,481.5,70986,2.0,106122,0.0,3409860000.0,90000.0,1145,658,2018-08-03 10:43:00
20180803 10:44,481.5,481.5,481.5,481.5,70986,0.0,106122,0.0,3409860000.0,0.0,1319,1000,2018-08-03 10:44:00
20180803 10:45,481.5,481.5,481.0,481.0,71078,92.0,106126,4.0,3414290000.0,4430000.0,2327,1449,2018-08-03 10:45:00
20180803 10:46,481.0,481.0,481.0,481.0,71078,0.0,106126,0.0,3414290000.0,0.0,209,182,2018-08-03 10:46:00
20180803 10:47,481.0,481.0,481.0,481.0,71188,110.0,106124,-2.0,3419580000.0,5290000.0,935,449,2018-08-03 10:47:00
20180803 10:48,481.0,481.0,481.0,481.0,71188,0.0,106124,0.0,3419580000.0,0.0,1537,667,2018-08-03 10:48:00
20180803 10:49,481.0,481.0,481.0,481.0,71188,0.0,106124,0.0,3419580000.0,0.0,340,174,2018-08-03 10:49:00
20180803 10:50,481.0,481.0,481.0,481.0,71188,0.0,106124,0.0,3419580000.0,0.0,115,68,2018-08-03 10:50:00
20180803 10:51,481.0,481.0,480.5,480.5,71410,222.0,106158,34.0,3430250000.0,10670000.0,810,1373,2018-08-03 10:51:00
20180803 10:52,480.5,480.5,480.5,480.5,71414,4.0,106160,2.0,3430440000.0,190000.0,843,7713,2018-08-03 10:52:00
20180803 10:53,480.5,480.5,480.5,480.5,71624,210.0,106198,38.0,3440530000.0,10090000.0,5083,3935,2018-08-03 10:53:00
20180803 10:54,480.5,480.5,480.5,480.5,71644,20.0,106188,-10.0,3441500000.0,970000.0,529,948,2018-08-03 10:54:00
20180803 10:55,480.5,480.5,480.5,480.5,71644,0.0,106188,0.0,3441500000.0,0.0,976,1318,2018-08-03 10:55:00
20180803 10:56,480.5,480.5,479.5,479.5,71684,40.0,106170,-18.0,3443420000.0,1920000.0,3939,2135,2018-08-03 10:56:00
20180803 10:57,479.5,480.0,479.5,480.0,72154,470.0,106102,-68.0,3465950000.0,22530000.0,3522,6346,2018-08-03 10:57:00
20180803 10:58,480.0,480.0,479.5,479.5,72460,306.0,106224,122.0,3480620000.0,14670000.0,1092,1306,2018-08-03 10:58:00
20180803 10:59,479.5,479.5,479.5,479.5,72490,30.0,106234,10.0,3482060000.0,1440000.0,1207,1210,2018-08-03 10:59:00
20180803 11:00,479.5,480.0,479.5,479.5,73510,1020.0,106244,10.0,3531010000.0,48950000.0,1484,5093,2018-08-03 11:00:00
20180803 11:01,479.5,480.0,479.5,480.0,73572,62.0,106286,42.0,3533990000.0,2980000.0,960,1211,2018-08-03 11:01:00
20180803 11:02,479.5,479.5,479.5,479.5,74542,970.0,106260,-26.0,3580500000.0,46510000.0,4985,5712,2018-08-03 11:02:00
20180803 11:03,479.5,479.5,479.0,479.0,74562,20.0,106240,-20.0,3581460000.0,960000.0,408,490,2018-08-03 11:03:00
20180803 11:04,479.0,479.5,479.0,479.5,74610,48.0,106236,-4.0,3583760000.0,2300000.0,1198,6982,2018-08-03 11:04:00
20180803 11:05,479.5,479.5,479.5,479.5,74718,108.0,106280,44.0,3588940000.0,5180000.0,2490,4170,2018-08-03 11:05:00
20180803 11:06,479.5,480.0,479.5,480.0,74908,190.0,106204,-76.0,3598060000.0,9120000.0,2564,2488,2018-08-03 11:06:00
20180803 11:07,480.0,480.0,480.0,480.0,74978,70.0,106144,-60.0,3601420000.0,3360000.0,814,1995,2018-08-03 11:07:00
20180803 11:08,480.0,480.0,480.0,480.0,74978,0.0,106144,0.0,3601420000.0,0.0,130,165,2018-08-03 11:08:00
20180803 11:09,480.0,480.0,479.5,479.5,74980,2.0,106142,-2.0,3601510000.0,90000.0,325,395,2018-08-03 11:09:00
20180803 11:10,479.5,479.5,479.5,479.5,75068,88.0,106128,-14.0,3605730000.0,4220000.0,1127,2679,2018-08-03 11:10:00
20180803 11:11,479.5,479.5,479.5,479.5,75068,0.0,106128,0.0,3605730000.0,0.0,485,535,2018-08-03 11:11:00
20180803 11:12,479.5,480.0,479.5,480.0,75184,116.0,106180,52.0,3611300000.0,5570000.0,853,638,2018-08-03 11:12:00
20180803 11:13,480.0,480.5,480.0,480.5,75274,90.0,106206,26.0,3615620000.0,4320000.0,1751,1077,2018-08-03 11:13:00
20180803 11:14,480.5,480.5,480.5,480.5,75274,0.0,106206,0.0,3615620000.0,0.0,1995,1605,2018-08-03 11:14:00
20180803 11:15,481.0,481.0,481.0,481.0,75290,16.0,106220,14.0,3616390000.0,770000.0,1169,2200,2018-08-03 11:15:00
20180803 11:16,481.0,481.0,481.0,481.0,76252,962.0,106250,30.0,3662670000.0,46280000.0,2425,5780,2018-08-03 11:16:00
20180803 11:17,481.0,481.5,481.0,481.5,76264,12.0,106254,4.0,3663240000.0,570000.0,1485,4725,2018-08-03 11:17:00
20180803 11:18,481.5,481.5,481.5,481.5,76266,2.0,106254,0.0,3663340000.0,100000.0,305,1113,2018-08-03 11:18:00
20180803 11:19,481.5,481.5,481.5,481.5,76266,0.0,106254,0.0,3663340000.0,0.0,71,277,2018-08-03 11:19:00
20180803 11:20,481.5,481.5,480.5,480.5,76416,150.0,106230,-24.0,3670550000.0,7210000.0,475,2950,2018-08-03 11:20:00
20180803 11:21,480.5,480.5,480.0,480.0,76482,66.0,106238,8.0,3673730000.0,3180000.0,2188,14454,2018-08-03 11:21:00
20180803 11:22,480.0,480.5,480.0,480.0,76648,166.0,106346,108.0,3681690000.0,7960000.0,9059,44559,2018-08-03 11:22:00
20180803 11:23,480.0,480.0,480.0,480.0,77736,1088.0,106376,30.0,3733920000.0,52230000.0,11454,33962,2018-08-03 11:23:00
20180803 11:24,480.0,480.5,480.0,480.0,77776,40.0,106370,-6.0,3735840000.0,1920000.0,4228,19636,2018-08-03 11:24:00
20180803 11:25,480.0,480.5,480.0,480.5,77810,34.0,106390,20.0,3737470000.0,1630000.0,2467,10714,2018-08-03 11:25:00
20180803 11:26,480.5,480.5,480.5,480.5,79172,1362.0,106306,-84.0,3802920000.0,65450000.0,2351,7843,2018-08-03 11:26:00
20180803 11:27,480.5,482.0,480.5,482.0,80526,1354.0,106350,44.0,3868160000.0,65240000.0,4604,6203,2018-08-03 11:27:00
20180803 11:28,482.0,482.0,482.0,482.0,81836,1310.0,106340,-10.0,3931300000.0,63140000.0,7157,4873,2018-08-03 11:28:00
20180803 11:29,482.0,482.5,482.0,482.0,82818,982.0,106304,-36.0,3978630000.0,47330000.0,5801,6110,2018-08-03 11:29:00
20180803 13:30,482.5,484.0,482.5,483.5,85644,2826.0,106350,46.0,4115250000.0,136620000.0,6197,21128,2018-08-03 13:30:00
20180803 13:31,483.5,485.0,483.5,484.0,86588,944.0,106402,52.0,4160960000.0,45710000.0,2770,4259,2018-08-03 13:31:00
20180803 13:32,484.0,485.0,484.0,485.0,87090,502.0,106398,-4.0,4185280000.0,24320000.0,3909,15970,2018-08-03 13:32:00
20180803 13:33,485.0,485.5,484.5,484.5,87498,408.0,106258,-140.0,4205060000.0,19780000.0,12541,4888,2018-08-03 13:33:00
20180803 13:34,484.5,484.5,484.5,484.5,87572,74.0,106264,6.0,4208640000.0,3580000.0,4025,786,2018-08-03 13:34:00
20180803 13:35,484.5,485.0,484.5,485.0,88684,1112.0,107208,944.0,4262580000.0,53940000.0,4439,1537,2018-08-03 13:35:00
20180803 13:36,485.0,485.0,485.0,485.0,88694,10.0,107210,2.0,4263060000.0,480000.0,17338,4592,2018-08-03 13:36:00
20180803 13:37,485.0,485.5,485.0,485.5,88892,198.0,107132,-78.0,4272670000.0,9610000.0,17735,4479,2018-08-03 13:37:00
20180803 13:38,485.5,485.5,485.0,485.0,88904,12.0,107132,0.0,4273260000.0,590000.0,5204,2287,2018-08-03 13:38:00
20180803 13:39,485.0,485.0,484.5,484.5,88978,74.0,107154,22.0,4276840000.0,3580000.0,5267,4431,2018-08-03 13:39:00
20180803 13:40,484.5,485.0,484.0,485.0,89352,374.0,107332,178.0,4294980000.0,18140000.0,4770,3117,2018-08-03 13:40:00
20180803 13:41,485.0,486.0,485.0,486.0,89908,556.0,107404,72.0,4321980000.0,27000000.0,4366,2407,2018-08-03 13:41:00
20180803 13:42,485.5,485.5,485.0,485.5,89996,88.0,107416,12.0,4326250000.0,4270000.0,4683,3080,2018-08-03 13:42:00
20180803 13:43,485.5,485.5,485.5,485.5,90046,50.0,107416,0.0,4328680000.0,2430000.0,5077,2305,2018-08-03 13:43:00
20180803 13:44,485.5,486.5,485.5,486.5,91230,1184.0,106384,-1032.0,4386220000.0,57540000.0,11266,3606,2018-08-03 13:44:00
20180803 13:45,486.5,486.5,486.0,486.5,91314,84.0,106356,-28.0,4390310000.0,4090000.0,5090,3801,2018-08-03 13:45:00
20180803 13:46,486.5,486.5,485.0,485.0,91756,442.0,106216,-140.0,4411760000.0,21450000.0,8281,5869,2018-08-03 13:46:00
20180803 13:47,485.0,485.0,484.5,484.5,91884,128.0,106218,2.0,4417960000.0,6200000.0,8399,6465,2018-08-03 13:47:00
20180803 13:48,484.5,484.5,484.5,484.5,93464,1580.0,106236,18.0,4494510000.0,76550000.0,12456,1557,2018-08-03 13:48:00
20180803 13:49,484.5,484.5,484.5,484.5,93464,0.0,106236,0.0,4494510000.0,0.0,190,342,2018-08-03 13:49:00
20180803 13:50,484.5,484.5,484.0,484.5,99182,5718.0,106280,44.0,4771320000.0,276810000.0,8494,4264,2018-08-03 13:50:00
20180803 13:51,484.5,484.5,484.5,484.5,99182,0.0,106280,0.0,4771320000.0,0.0,9708,3820,2018-08-03 13:51:00
20180803 13:52,484.5,484.5,484.0,484.0,99252,70.0,106312,32.0,4774700000.0,3380000.0,6197,1062,2018-08-03 13:52:00
20180803 13:53,484.0,484.0,484.0,484.0,99252,0.0,106312,0.0,4774700000.0,0.0,2527,1119,2018-08-03 13:53:00
20180803 13:54,484.0,484.0,484.0,484.0,99252,0.0,106312,0.0,4774700000.0,0.0,437,1472,2018-08-03 13:54:00
20180803 13:55,484.0,484.5,484.0,484.5,99304,52.0,106266,-46.0,4777220000.0,2520000.0,576,1939,2018-08-03 13:55:00
20180803 13:56,484.5,484.5,484.5,484.5,99304,0.0,106266,0.0,4777220000.0,0.0,294,1005,2018-08-03 13:56:00
20180803 13:57,484.5,484.5,484.5,484.5,99360,56.0,106236,-30.0,4779940000.0,2720000.0,1903,826,2018-08-03 13:57:00
20180803 13:58,485.0,485.0,484.5,484.5,100516,1156.0,107144,908.0,4835950000.0,56010000.0,20191,5395,2018-08-03 13:58:00
20180803 13:59,484.5,484.5,484.5,484.5,101558,1042.0,106234,-910.0,4886430000.0,50480000.0,18709,7115,2018-08-03 13:59:00
20180803 14:00,484.5,485.0,484.5,485.0,101714,156.0,106330,96.0,4894000000.0,7570000.0,4194,8676,2018-08-03 14:00:00
20180803 14:01,485.0,485.0,484.5,484.5,101718,4.0,106334,4.0,4894190000.0,190000.0,14899,9455,2018-08-03 14:01:00
20180803 14:02,484.5,485.0,484.5,485.0,101778,60.0,106352,18.0,4897100000.0,2910000.0,7024,6184,2018-08-03 14:02:00
20180803 14:03,485.0,485.0,485.0,485.0,101778,0.0,106352,0.0,4897100000.0,0.0,1595,4605,2018-08-03 14:03:00
20180803 14:04,485.0,485.0,485.0,485.0,101780,2.0,106352,0.0,4897200000.0,100000.0,530,3615,2018-08-03 14:04:00
20180803 14:05,485.0,485.0,485.0,485.0,101780,0.0,106352,0.0,4897200000.0,0.0,954,6978,2018-08-03 14:05:00
20180803 14:06,485.0,485.0,484.5,484.5,101798,18.0,106338,-14.0,4898070000.0,870000.0,5668,5297,2018-08-03 14:06:00
20180803 14:07,484.5,485.0,484.5,485.0,101844,46.0,106306,-32.0,4900300000.0,2230000.0,8125,6056,2018-08-03 14:07:00
20180803 14:08,485.0,485.0,485.0,485.0,101844,0.0,106306,0.0,4900300000.0,0.0,43,350,2018-08-03 14:08:00
20180803 14:09,485.0,485.5,485.0,485.5,101888,44.0,106288,-18.0,4902430000.0,2130000.0,4381,3749,2018-08-03 14:09:00
20180803 14:10,485.5,485.5,485.0,485.0,102014,126.0,106286,-2.0,4908550000.0,6120000.0,3652,2025,2018-08-03 14:10:00
20180803 14:11,485.0,485.0,484.5,485.0,102018,4.0,106284,-2.0,4908740000.0,190000.0,2294,4048,2018-08-03 14:11:00
20180803 14:12,485.0,485.0,484.5,484.5,102020,2.0,106282,-2.0,4908840000.0,100000.0,11656,10331,2018-08-03 14:12:00
20180803 14:13,484.5,485.0,484.5,485.0,102032,12.0,106282,0.0,4909420000.0,580000.0,1697,6549,2018-08-03 14:13:00
20180803 14:14,485.0,485.0,485.0,485.0,102032,0.0,106282,0.0,4909420000.0,0.0,264,1400,2018-08-03 14:14:00
20180803 14:15,485.0,485.0,485.0,485.0,102088,56.0,106240,-42.0,4912130000.0,2710000.0,395,3859,2018-08-03 14:15:00
20180803 14:16,485.0,485.0,485.0,485.0,102138,50.0,106280,40.0,4914560000.0,2430000.0,894,1773,2018-08-03 14:16:00
20180803 14:17,485.0,485.0,485.0,485.0,102186,48.0,106288,8.0,4916890000.0,2330000.0,4160,4428,2018-08-03 14:17:00
20180803 14:18,485.0,485.0,485.0,485.0,102190,4.0,106288,0.0,4917080000.0,190000.0,1137,11449,2018-08-03 14:18:00
20180803 14:19,485.0,485.0,485.0,485.0,102190,0.0,106288,0.0,4917080000.0,0.0,1162,9513,2018-08-03 14:19:00
20180803 14:20,485.0,485.0,485.0,485.0,102216,26.0,106294,6.0,4918340000.0,1260000.0,1687,1767,2018-08-03 14:20:00
20180803 14:21,485.0,485.0,485.0,485.0,102342,126.0,106238,-56.0,4924450000.0,6110000.0,4133,3380,2018-08-03 14:21:00
20180803 14:22,485.0,485.0,485.0,485.0,102372,30.0,106232,-6.0,4925910000.0,1460000.0,15776,3808,2018-08-03 14:22:00
20180803 14:23,485.0,485.0,485.0,485.0,102372,0.0,106232,0.0,4925910000.0,0.0,3312,2572,2018-08-03 14:23:00
20180803 14:24,485.0,485.0,485.0,485.0,102372,0.0,106232,0.0,4925910000.0,0.0,174,153,2018-08-03 14:24:00
20180803 14:25,485.0,485.0,485.0,485.0,102374,2.0,106230,-2.0,4926010000.0,100000.0,174,152,2018-08-03 14:25:00
20180803 14:26,485.5,485.5,485.5,485.5,102376,2.0,106230,0.0,4926100000.0,90000.0,351,304,2018-08-03 14:26:00
20180803 14:27,485.5,485.5,485.5,485.5,102382,6.0,106234,4.0,4926390000.0,290000.0,350,303,2018-08-03 14:27:00
20180803 14:28,485.5,485.5,485.5,485.5,102382,0.0,106234,0.0,4926390000.0,0.0,356,307,2018-08-03 14:28:00
20180803 14:29,485.0,485.0,485.0,485.0,102798,416.0,106252,18.0,4946570000.0,20180000.0,2244,3390,2018-08-03 14:29:00
20180803 14:30,485.0,485.0,485.0,485.0,102854,56.0,106224,-28.0,4949290000.0,2720000.0,2114,4733,2018-08-03 14:30:00
20180803 14:31,485.0,485.5,485.0,485.0,102898,44.0,106224,0.0,4951420000.0,2130000.0,2543,719,2018-08-03 14:31:00
20180803 14:32,485.0,485.0,485.0,485.0,102902,4.0,106220,-4.0,4951620000.0,200000.0,1491,392,2018-08-03 14:32:00
20180803 14:33,485.0,485.0,485.0,485.0,102912,10.0,106220,0.0,4952100000.0,480000.0,1602,385,2018-08-03 14:33:00
20180803 14:34,485.0,485.5,485.0,485.5,104882,1970.0,106402,182.0,5047740000.0,95640000.0,4857,5808,2018-08-03 14:34:00
20180803 14:35,485.5,485.5,485.5,485.5,106574,1692.0,107030,628.0,5129890000.0,82150000.0,2872,2774,2018-08-03 14:35:00
20180803 14:36,485.5,486.0,485.5,485.5,107440,866.0,106304,-726.0,5171940000.0,42050000.0,2265,649,2018-08-03 14:36:00
20180803 14:37,485.5,485.5,485.5,485.5,107440,0.0,106304,0.0,5171940000.0,0.0,1563,842,2018-08-03 14:37:00
20180803 14:38,485.5,486.0,485.5,486.0,107452,12.0,106306,2.0,5172520000.0,580000.0,565,1188,2018-08-03 14:38:00
20180803 14:39,486.0,487.5,486.0,487.5,109354,1902.0,106510,204.0,5265040000.0,92520000.0,2979,5734,2018-08-03 14:39:00
20180803 14:40,487.5,487.5,486.5,486.5,109744,390.0,106320,-190.0,5284030000.0,18990000.0,4331,3436,2018-08-03 14:40:00
20180803 14:41,486.5,487.0,486.5,487.0,109874,130.0,106298,-22.0,5290360000.0,6330000.0,1834,2571,2018-08-03 14:41:00
20180803 14:42,487.0,487.5,487.0,487.5,109998,124.0,106290,-8.0,5296400000.0,6040000.0,1769,4048,2018-08-03 14:42:00
20180803 14:43,487.5,487.5,487.0,487.5,110064,66.0,106254,-36.0,5299610000.0,3210000.0,300,2432,2018-08-03 14:43:00
20180803 14:44,487.5,487.5,487.5,487.5,110114,50.0,106280,26.0,5302050000.0,2440000.0,5622,2881,2018-08-03 14:44:00
20180803 14:45,487.5,488.0,487.5,487.5,110184,70.0,106308,28.0,5305460000.0,3410000.0,3050,210,2018-08-03 14:45:00
20180803 14:46,487.5,488.0,487.5,488.0,110196,12.0,106312,4.0,5306050000.0,590000.0,2726,88,2018-08-03 14:46:00
20180803 14:47,488.0,488.0,487.5,487.5,110232,36.0,106330,18.0,5307810000.0,1760000.0,2748,756,2018-08-03 14:47:00
20180803 14:48,487.5,487.5,487.5,487.5,110272,40.0,106298,-32.0,5309760000.0,1950000.0,2817,845,2018-08-03 14:48:00
20180803 14:49,487.5,487.5,487.5,487.5,110298,26.0,106280,-18.0,5311020000.0,1260000.0,5636,916,2018-08-03 14:49:00
20180803 14:50,487.5,487.5,487.0,487.0,110346,48.0,106256,-24.0,5313360000.0,2340000.0,3943,786,2018-08-03 14:50:00
20180803 14:51,487.0,487.0,487.0,487.0,110504,158.0,106294,38.0,5321060000.0,7700000.0,8268,3597,2018-08-03 14:51:00
20180803 14:52,487.0,487.0,487.0,487.0,111288,784.0,106264,-30.0,5359240000.0,38180000.0,5666,3915,2018-08-03 14:52:00
20180803 14:53,487.0,487.0,486.5,487.0,112126,838.0,106354,90.0,5400050000.0,40810000.0,1745,1725,2018-08-03 14:53:00
20180803 14:54,487.0,487.0,485.5,486.0,112386,260.0,106282,-72.0,5412680000.0,12630000.0,2371,2317,2018-08-03 14:54:00
20180803 14:55,486.0,486.0,485.5,486.0,112476,90.0,106276,-6.0,5417060000.0,4380000.0,3327,2893,2018-08-03 14:55:00
20180803 14:56,486.0,486.0,486.0,486.0,112476,0.0,106276,0.0,5417060000.0,0.0,3906,936,2018-08-03 14:56:00
20180803 14:57,486.0,486.5,486.0,486.5,112766,290.0,106090,-186.0,5431160000.0,14100000.0,1698,3128,2018-08-03 14:57:00
20180803 14:58,486.5,486.5,486.0,486.0,112872,106.0,106084,-6.0,5436310000.0,5150000.0,81,1431,2018-08-03 14:58:00
20180803 14:59,486.0,486.5,486.0,486.0,114656,1784.0,106038,-46.0,5523020000.0,86710000.0,6481,4781,2018-08-03 14:59:00
20180803 15:00,486.0,486.0,486.0,486.0,114656,0.0,106038,0.0,5523020000.0,0.0,184,262,2018-08-03 15:00:00
20180803 20:59,478.5,478.5,478.5,478.5,586,586.0,105298,-740.0,28040100.0,28040100.0,1,1,2018-08-03 20:59:00
20180803 21:00,478.5,479.0,477.0,479.0,906,320.0,105186,-112.0,43339600.0,15299500.0,1905,6284,2018-08-03 21:00:00
20180803 21:01,479.0,479.0,478.0,478.5,952,46.0,105166,-20.0,45540600.0,2201000.0,535,3421,2018-08-03 21:01:00
20180803 21:02,478.5,478.5,478.0,478.0,1170,218.0,105032,-134.0,55971200.0,10430600.0,1127,1797,2018-08-03 21:02:00
20180803 21:03,478.0,478.5,478.0,478.5,2650,1480.0,104932,-100.0,126789000.0,70817800.0,11532,6656,2018-08-03 21:03:00
20180803 21:04,478.5,478.5,478.0,478.5,2812,162.0,104888,-44.0,134541000.0,7752000.0,1505,2789,2018-08-03 21:04:00
20180803 21:05,478.5,478.5,478.5,478.5,2814,2.0,104888,0.0,134637000.0,96000.0,728,460,2018-08-03 21:05:00
20180803 21:06,478.5,479.5,478.5,479.5,2860,46.0,104896,8.0,136841000.0,2204000.0,1524,2034,2018-08-03 21:06:00
20180803 21:07,479.0,479.0,479.0,479.0,2868,8.0,104902,6.0,137224000.0,383000.0,447,1073,2018-08-03 21:07:00
20180803 21:08,479.0,479.5,479.0,479.5,2918,50.0,104918,16.0,139622000.0,2398000.0,2639,3620,2018-08-03 21:08:00
20180803 21:09,479.5,480.0,479.5,480.0,3154,236.0,104902,-16.0,150949000.0,11327000.0,8366,2729,2018-08-03 21:09:00
20180803 21:10,480.0,480.5,480.0,480.0,4162,1008.0,104916,14.0,199375000.0,48426000.0,2703,2033,2018-08-03 21:10:00
20180803 21:11,480.5,480.5,479.0,479.0,4488,326.0,104782,-134.0,215027000.0,15652000.0,1648,2128,2018-08-03 21:11:00
20180803 21:12,479.0,480.0,479.0,480.0,4676,188.0,104800,18.0,224047000.0,9020000.0,1666,2861,2018-08-03 21:12:00
20180803 21:13,480.0,480.0,480.0,480.0,4676,0.0,104800,0.0,224047000.0,0.0,607,945,2018-08-03 21:13:00
20180803 21:14,480.0,480.0,480.0,480.0,4676,0.0,104800,0.0,224047000.0,0.0,1246,978,2018-08-03 21:14:00
20180803 21:15,480.0,480.0,479.5,479.5,4680,4.0,104802,2.0,224239000.0,192000.0,1145,720,2018-08-03 21:15:00
20180803 21:16,479.5,479.5,479.0,479.5,4882,202.0,104828,26.0,233925000.0,9686000.0,3757,2426,2018-08-03 21:16:00
20180803 21:17,479.5,479.5,479.0,479.5,4934,52.0,104816,-12.0,236416000.0,2491000.0,1570,874,2018-08-03 21:17:00
20180803 21:18,479.5,479.5,479.5,479.5,4936,2.0,104816,0.0,236512000.0,96000.0,914,510,2018-08-03 21:18:00
20180803 21:19,479.5,479.5,479.5,479.5,5236,300.0,104728,-88.0,250897000.0,14385000.0,2988,2566,2018-08-03 21:19:00
20180803 21:20,479.5,479.5,479.5,479.5,5296,60.0,104702,-26.0,253774000.0,2877000.0,2440,492,2018-08-03 21:20:00
20180803 21:21,479.5,479.5,479.5,479.5,5376,80.0,104704,2.0,257610000.0,3836000.0,2085,21881,2018-08-03 21:21:00
20180803 21:22,479.5,479.5,479.5,479.5,5384,8.0,104708,4.0,257994000.0,384000.0,808,15597,2018-08-03 21:22:00
20180803 21:23,479.5,479.5,479.5,479.5,5450,66.0,104684,-24.0,261158000.0,3164000.0,2233,4728,2018-08-03 21:23:00
20180803 21:24,479.5,479.5,479.5,479.5,5450,0.0,104684,0.0,261158000.0,0.0,1076,358,2018-08-03 21:24:00
20180803 21:25,479.5,479.5,479.5,479.5,5450,0.0,104684,0.0,261158000.0,0.0,1255,511,2018-08-03 21:25:00
20180803 21:26,480.0,480.5,480.0,480.5,7056,1606.0,103794,-890.0,338281000.0,77123000.0,10169,2184,2018-08-03 21:26:00
20180803 21:27,480.5,480.5,480.0,480.0,7878,822.0,103460,-334.0,377777000.0,39496000.0,6939,2939,2018-08-03 21:27:00
20180803 21:28,480.0,480.0,480.0,480.0,8082,204.0,103424,-36.0,387569000.0,9792000.0,2640,2541,2018-08-03 21:28:00
20180803 21:29,480.0,480.0,480.0,480.0,8082,0.0,103424,0.0,387569000.0,0.0,775,2182,2018-08-03 21:29:00
20180803 21:30,480.0,480.0,479.5,479.5,8104,22.0,103406,-18.0,388624000.0,1055000.0,1042,1713,2018-08-03 21:30:00
20180803 21:31,479.5,480.5,479.5,480.0,8252,148.0,103368,-38.0,395728000.0,7104000.0,1807,1960,2018-08-03 21:31:00
20180803 21:32,480.0,480.5,480.0,480.0,8392,140.0,103350,-18.0,402448000.0,6720000.0,4539,2708,2018-08-03 21:32:00
20180803 21:33,480.0,480.0,480.0,480.0,8392,0.0,103350,0.0,402448000.0,0.0,4916,1449,2018-08-03 21:33:00
20180803 21:35,480.0,480.0,480.0,480.0,8392,0.0,103350,0.0,402448000.0,0.0,650,414,2018-08-03 21:35:00
20180803 21:36,480.0,480.0,480.0,480.0,8392,0.0,103350,0.0,402448000.0,0.0,119,69,2018-08-03 21:36:00
20180803 21:37,480.0,480.0,480.0,480.0,8392,0.0,103350,0.0,402448000.0,0.0,431,276,2018-08-03 21:37:00
20180803 21:38,480.0,480.0,480.0,480.0,8536,144.0,103310,-40.0,409360000.0,6912000.0,481,478,2018-08-03 21:38:00
20180803 21:39,480.0,480.0,480.0,480.0,8800,264.0,103342,32.0,422032000.0,12672000.0,1549,3664,2018-08-03 21:39:00
20180803 21:40,480.0,480.0,480.0,480.0,8804,4.0,103342,0.0,422224000.0,192000.0,73,1082,2018-08-03 21:40:00
20180803 21:41,480.0,480.0,480.0,480.0,8804,0.0,103342,0.0,422224000.0,0.0,198,1672,2018-08-03 21:41:00
20180803 21:42,480.0,480.0,480.0,480.0,8804,0.0,103342,0.0,422224000.0,0.0,1586,6891,2018-08-03 21:42:00
20180803 21:43,480.0,480.0,480.0,480.0,8804,0.0,103342,0.0,422224000.0,0.0,604,460,2018-08-03 21:43:00
20180803 21:44,480.0,480.0,479.5,479.5,8810,6.0,103342,0.0,422512000.0,288000.0,563,671,2018-08-03 21:44:00
20180803 21:45,479.5,479.5,479.5,479.5,8810,0.0,103342,0.0,422512000.0,0.0,77,74,2018-08-03 21:45:00
20180803 21:46,479.5,479.5,479.5,479.5,8810,0.0,103342,0.0,422512000.0,0.0,310,214,2018-08-03 21:46:00
20180803 21:47,479.5,479.5,479.5,479.5,8836,26.0,103340,-2.0,423759000.0,1247000.0,501,301,2018-08-03 21:47:00
20180803 21:48,479.5,479.5,479.5,479.5,9016,180.0,103332,-8.0,432390000.0,8631000.0,450,910,2018-08-03 21:48:00
20180803 21:49,479.5,479.5,479.5,479.5,9016,0.0,103332,0.0,432390000.0,0.0,413,544,2018-08-03 21:49:00
20180803 21:50,479.5,479.5,479.5,479.5,9066,50.0,103334,2.0,434787000.0,2397000.0,943,1074,2018-08-03 21:50:00
20180803 21:51,479.5,479.5,479.0,479.0,9298,232.0,103530,196.0,445911000.0,11124000.0,2733,3863,2018-08-03 21:51:00
20180803 21:52,479.0,479.5,479.0,479.0,9328,30.0,103546,16.0,447350000.0,1439000.0,1315,4413,2018-08-03 21:52:00
20180803 21:53,479.0,479.5,479.0,479.5,9336,8.0,103550,4.0,447733000.0,383000.0,2232,8187,2018-08-03 21:53:00
20180803 21:54,479.5,479.5,479.5,479.5,9454,118.0,103490,-60.0,453392000.0,5659000.0,1699,6353,2018-08-03 21:54:00
20180803 21:55,479.5,479.5,479.5,479.5,9454,0.0,103490,0.0,453392000.0,0.0,70,292,2018-08-03 21:55:00
20180803 21:56,479.5,479.5,479.5,479.5,9454,0.0,103490,0.0,453392000.0,0.0,188,584,2018-08-03 21:56:00
20180803 21:57,479.5,479.5,479.5,479.5,9454,0.0,103490,0.0,453392000.0,0.0,178,584,2018-08-03 21:57:00
20180803 21:58,479.5,479.5,479.5,479.5,9454,0.0,103490,0.0,453392000.0,0.0,1464,5241,2018-08-03 21:58:00
20180803 21:59,480.0,480.0,480.0,480.0,9552,98.0,103444,-46.0,458096000.0,4704000.0,810,2605,2018-08-03 21:59:00
20180803 22:00,480.0,480.5,480.0,480.0,9642,90.0,103410,-34.0,462416000.0,4320000.0,1239,1123,2018-08-03 22:00:00
20180803 22:01,480.0,480.0,480.0,480.0,9714,72.0,103408,-2.0,465872000.0,3456000.0,1007,2867,2018-08-03 22:01:00
20180803 22:02,480.0,480.0,480.0,480.0,9824,110.0,103364,-44.0,471152000.0,5280000.0,1392,2353,2018-08-03 22:02:00
20180803 22:03,480.0,480.0,480.0,480.0,9828,4.0,103366,2.0,471344000.0,192000.0,2113,1918,2018-08-03 22:03:00
20180803 22:04,480.0,480.0,480.0,480.0,9828,0.0,103366,0.0,471344000.0,0.0,3331,4643,2018-08-03 22:04:00
20180803 22:05,480.0,481.5,480.0,481.5,11076,1248.0,103566,200.0,531396000.0,60052000.0,13217,4149,2018-08-03 22:05:00
20180803 22:06,481.5,481.5,480.5,480.5,11450,374.0,103582,16.0,549389000.0,17993000.0,3643,4109,2018-08-03 22:06:00
20180803 22:07,480.5,481.0,480.5,481.0,11584,134.0,103568,-14.0,555835000.0,6446000.0,3153,5108,2018-08-03 22:07:00
20180803 22:08,481.0,481.5,481.0,481.5,11604,20.0,103568,0.0,556798000.0,963000.0,5401,9657,2018-08-03 22:08:00
20180803 22:09,481.5,481.5,481.0,481.0,12276,672.0,103454,-114.0,589121000.0,32323000.0,12927,5853,2018-08-03 22:09:00
20180803 22:10,481.0,481.0,481.0,481.0,12342,66.0,103420,-34.0,592296000.0,3175000.0,1554,3239,2018-08-03 22:10:00
20180803 22:11,481.0,481.0,480.5,480.5,12362,20.0,103402,-18.0,593257000.0,961000.0,808,774,2018-08-03 22:11:00
20180803 22:13,480.5,480.5,480.0,480.0,12552,190.0,103464,62.0,602384000.0,9127000.0,1578,3590,2018-08-03 22:13:00
20180803 22:14,480.0,480.0,479.0,479.5,12670,118.0,103466,2.0,608042000.0,5658000.0,3084,5967,2018-08-03 22:14:00
20180803 22:15,479.5,479.5,479.5,479.5,12768,98.0,103458,-8.0,612741000.0,4699000.0,7039,6721,2018-08-03 22:15:00
20180803 22:16,479.5,480.5,479.5,480.5,12998,230.0,103546,88.0,623783000.0,11042000.0,10334,5411,2018-08-03 22:16:00
20180803 22:17,480.5,480.5,480.5,480.5,13002,4.0,103550,4.0,623975000.0,192000.0,6634,11664,2018-08-03 22:17:00
20180803 22:18,480.5,480.5,480.5,480.5,13002,0.0,103550,0.0,623975000.0,0.0,5500,9571,2018-08-03 22:18:00
20180803 22:19,480.5,480.5,480.5,480.5,13002,0.0,103550,0.0,623975000.0,0.0,3578,4655,2018-08-03 22:19:00
20180803 22:20,480.5,481.5,480.5,481.5,15066,2064.0,103812,262.0,723309000.0,99334000.0,8889,3379,2018-08-03 22:20:00
20180803 22:21,481.5,481.5,481.0,481.0,15928,862.0,103914,102.0,764806000.0,41497000.0,7011,2920,2018-08-03 22:21:00
20180803 22:22,481.0,481.5,481.0,481.5,16218,290.0,103774,-140.0,778769000.0,13963000.0,2576,1838,2018-08-03 22:22:00
20180803 22:23,481.5,481.5,481.5,481.5,16334,116.0,103828,54.0,784355000.0,5586000.0,1089,1871,2018-08-03 22:23:00
20180803 22:24,481.5,481.5,481.0,481.0,16460,126.0,103802,-26.0,790422000.0,6067000.0,1651,954,2018-08-03 22:24:00
20180803 22:25,481.0,481.5,481.0,481.5,16464,4.0,103800,-2.0,790614000.0,192000.0,975,1798,2018-08-03 22:25:00
20180803 22:26,481.5,481.5,481.5,481.5,16464,0.0,103800,0.0,790614000.0,0.0,213,720,2018-08-03 22:26:00
20180803 22:27,481.5,481.5,481.0,481.5,16490,26.0,103796,-4.0,791866000.0,1252000.0,313,954,2018-08-03 22:27:00
20180803 22:28,481.5,481.5,481.5,481.5,16640,150.0,103864,68.0,799088000.0,7222000.0,828,3493,2018-08-03 22:28:00
20180803 22:29,481.5,482.5,481.5,482.5,16790,150.0,103916,52.0,806322000.0,7234000.0,1508,1230,2018-08-03 22:29:00
20180803 22:30,482.5,483.0,482.5,482.5,18294,1504.0,104238,322.0,878951000.0,72629000.0,7273,9916,2018-08-03 22:30:00
20180803 22:31,482.5,482.5,482.5,482.5,18338,44.0,104238,0.0,881074000.0,2123000.0,2516,5310,2018-08-03 22:31:00
20180803 22:32,482.5,482.5,482.0,482.0,18474,136.0,104280,42.0,887630000.0,6556000.0,3798,4935,2018-08-03 22:32:00
20180803 22:33,482.0,482.5,482.0,482.5,18792,318.0,104400,120.0,902957000.0,15327000.0,2302,10149,2018-08-03 22:33:00
20180803 22:35,482.5,482.5,482.5,482.5,19130,338.0,104422,22.0,919266000.0,16309000.0,5970,4296,2018-08-03 22:35:00
20180803 22:36,482.5,482.5,482.5,482.5,19242,112.0,104510,88.0,924670000.0,5404000.0,932,5246,2018-08-03 22:36:00
20180803 22:37,482.5,482.5,482.5,482.5,19310,68.0,104556,46.0,927951000.0,3281000.0,1361,2898,2018-08-03 22:37:00
20180803 22:38,482.5,482.5,482.5,482.5,19314,4.0,104558,2.0,928144000.0,193000.0,496,742,2018-08-03 22:38:00
20180803 22:39,482.5,483.0,482.5,482.5,19320,6.0,104558,0.0,928433000.0,289000.0,970,1598,2018-08-03 22:39:00
20180803 22:40,482.5,483.0,482.5,483.0,19336,16.0,104558,0.0,929206000.0,773000.0,5936,4761,2018-08-03 22:40:00
20180803 22:41,483.0,483.0,482.5,482.5,19348,12.0,104560,2.0,929785000.0,579000.0,17827,7799,2018-08-03 22:41:00
20180803 22:42,482.5,482.5,482.5,482.5,19362,14.0,104560,0.0,930460000.0,675000.0,6610,922,2018-08-03 22:42:00
20180803 22:43,482.5,482.5,482.5,482.5,19366,4.0,104560,0.0,930653000.0,193000.0,5879,738,2018-08-03 22:43:00
20180803 22:44,483.0,483.0,482.5,482.5,19384,18.0,104570,10.0,931522000.0,869000.0,5916,765,2018-08-03 22:44:00
20180803 22:45,482.5,482.5,482.5,482.5,19384,0.0,104570,0.0,931522000.0,0.0,12959,2576,2018-08-03 22:45:00
20180803 22:46,482.5,483.0,482.5,483.0,19390,6.0,104564,-6.0,931812000.0,290000.0,9427,3686,2018-08-03 22:46:00
20180803 22:47,483.0,483.0,483.0,483.0,19390,0.0,104564,0.0,931812000.0,0.0,584,824,2018-08-03 22:47:00
20180803 22:48,483.0,483.0,483.0,483.0,19390,0.0,104564,0.0,931812000.0,0.0,724,710,2018-08-03 22:48:00
20180803 22:49,483.0,483.5,483.0,483.5,19688,298.0,104644,80.0,946206000.0,14394000.0,4078,1791,2018-08-03 22:49:00
20180803 22:50,483.5,483.5,483.0,483.0,20170,482.0,104620,-24.0,969486000.0,23280000.0,9793,3188,2018-08-03 22:50:00
20180803 22:51,483.0,483.0,483.0,483.0,20182,12.0,104622,2.0,970066000.0,580000.0,6780,1645,2018-08-03 22:51:00
20180803 22:52,483.5,483.5,483.5,483.5,22064,1882.0,104716,94.0,1061060000.0,90994000.0,19210,5344,2018-08-03 22:52:00
20180803 22:53,483.5,483.5,483.5,483.5,22074,10.0,104718,2.0,1061540000.0,480000.0,4381,1262,2018-08-03 22:53:00
20180803 22:54,483.0,483.0,482.5,482.5,22390,316.0,104932,214.0,1076810000.0,15270000.0,3894,1935,2018-08-03 22:54:00
20180803 22:55,482.5,482.5,482.5,482.5,22542,152.0,104938,6.0,1084140000.0,7330000.0,5090,3438,2018-08-03 22:55:00
20180803 22:56,482.5,482.5,482.0,482.0,22718,176.0,104990,52.0,1092620000.0,8480000.0,5601,10101,2018-08-03 22:56:00
20180803 22:57,482.0,482.0,482.0,482.0,22718,0.0,104990,0.0,1092620000.0,0.0,10357,11482,2018-08-03 22:57:00
20180803 22:58,482.0,482.0,481.0,481.0,22958,240.0,105078,88.0,1104170000.0,11550000.0,23346,6944,2018-08-03 22:58:00
20180803 22:59,481.0,481.0,480.5,480.5,23034,76.0,105084,6.0,1107820000.0,3650000.0,19688,5999,2018-08-03 22:59:00
20180803 23:00,480.5,480.5,479.5,479.5,23312,278.0,104910,-174.0,1121160000.0,13340000.0,11366,5368,2018-08-03 23:00:00
20180803 23:01,479.5,480.5,479.5,480.0,23836,524.0,104938,28.0,1146310000.0,25150000.0,5742,3758,2018-08-03 23:01:00
20180803 23:02,480.0,480.0,480.0,480.0,23836,0.0,104938,0.0,1146310000.0,0.0,262,965,2018-08-03 23:02:00
20180803 23:03,480.0,480.5,480.0,480.5,23842,6.0,104942,4.0,1146600000.0,290000.0,305,1554,2018-08-03 23:03:00
20180803 23:04,480.5,480.5,480.5,480.5,23856,14.0,104934,-8.0,1147270000.0,670000.0,262,1783,2018-08-03 23:04:00
20180803 23:05,480.0,480.0,480.0,480.0,24284,428.0,104920,-14.0,1167810000.0,20540000.0,3183,13372,2018-08-03 23:05:00
20180803 23:06,480.0,480.0,480.0,480.0,24284,0.0,104920,0.0,1167810000.0,0.0,1456,952,2018-08-03 23:06:00
20180803 23:07,480.0,480.0,480.0,480.0,24284,0.0,104920,0.0,1167810000.0,0.0,735,371,2018-08-03 23:07:00
20180803 23:08,479.5,480.0,479.5,480.0,24376,92.0,104930,10.0,1172230000.0,4420000.0,3742,3364,2018-08-03 23:08:00
20180803 23:09,480.0,481.5,480.0,481.5,25756,1380.0,105546,616.0,1238560000.0,66330000.0,3136,2746,2018-08-03 23:09:00
20180803 23:10,481.5,481.5,481.0,481.5,25768,12.0,105554,8.0,1239140000.0,580000.0,1110,2146,2018-08-03 23:10:00
20180803 23:11,481.5,481.5,481.5,481.5,25768,0.0,105554,0.0,1239140000.0,0.0,675,716,2018-08-03 23:11:00
20180803 23:12,481.5,481.5,481.5,481.5,25836,68.0,105598,44.0,1242410000.0,3270000.0,1719,991,2018-08-03 23:12:00
20180803 23:13,481.5,481.5,481.5,481.5,25868,32.0,105618,20.0,1243950000.0,1540000.0,7954,1656,2018-08-03 23:13:00
20180803 23:14,481.5,481.5,481.5,481.5,25872,4.0,105620,2.0,1244150000.0,200000.0,1970,330,2018-08-03 23:14:00
20180803 23:15,481.5,481.5,481.5,481.5,25872,0.0,105620,0.0,1244150000.0,0.0,492,120,2018-08-03 23:15:00
20180803 23:16,481.5,482.0,481.5,481.5,25924,52.0,105596,-24.0,1246650000.0,2500000.0,6222,1130,2018-08-03 23:16:00
20180803 23:17,481.5,481.5,481.5,481.5,25924,0.0,105596,0.0,1246650000.0,0.0,964,159,2018-08-03 23:17:00
20180803 23:18,481.5,481.5,481.5,481.5,25924,0.0,105596,0.0,1246650000.0,0.0,1891,467,2018-08-03 23:18:00
20180803 23:19,481.5,481.5,481.5,481.5,25924,0.0,105596,0.0,1246650000.0,0.0,1291,444,2018-08-03 23:19:00
20180803 23:20,481.5,481.5,481.5,481.5,25924,0.0,105596,0.0,1246650000.0,0.0,2150,775,2018-08-03 23:20:00
20180803 23:21,481.5,481.5,481.5,481.5,25924,0.0,105596,0.0,1246650000.0,0.0,854,314,2018-08-03 23:21:00
20180803 23:22,481.5,481.5,481.5,481.5,25924,0.0,105596,0.0,1246650000.0,0.0,427,157,2018-08-03 23:22:00
20180803 23:23,481.5,481.5,481.5,481.5,25924,0.0,105596,0.0,1246650000.0,0.0,852,314,2018-08-03 23:23:00
20180803 23:24,481.5,482.0,481.5,482.0,25948,24.0,105578,-18.0,1247810000.0,1160000.0,2513,963,2018-08-03 23:24:00
20180803 23:25,482.0,482.0,482.0,482.0,25958,10.0,105568,-10.0,1248290000.0,480000.0,10320,4220,2018-08-03 23:25:00
20180803 23:26,482.0,482.0,481.0,481.0,26234,276.0,105482,-86.0,1261580000.0,13290000.0,6504,1813,2018-08-03 23:26:00
20180803 23:27,481.0,481.5,481.0,481.0,26714,480.0,105008,-474.0,1284670000.0,23090000.0,7802,818,2018-08-03 23:27:00
20180803 23:28,481.0,481.5,481.0,481.5,28746,2032.0,105324,316.0,1382420000.0,97750000.0,8108,1123,2018-08-03 23:28:00
20180803 23:29,481.5,481.5,480.5,480.5,29558,812.0,105244,-80.0,1421440000.0,39020000.0,2423,2432,2018-08-03 23:29:00
20180806 09:00,506.0,506.0,505.0,505.0,105684,76126.0,101720,-3524.0,5253750000.0,3832310000.0,14881,2125,2018-08-06 09:00:00
20180806 09:01,505.0,505.0,503.0,503.5,106102,418.0,101618,-102.0,5274830000.0,21080000.0,7509,3345,2018-08-06 09:01:00
20180806 09:02,503.5,504.5,503.5,504.5,106388,286.0,101572,-46.0,5289240000.0,14410000.0,7666,2913,2018-08-06 09:02:00
20180806 09:03,504.5,505.0,504.5,505.0,106458,70.0,101566,-6.0,5292770000.0,3530000.0,17045,2636,2018-08-06 09:03:00
20180806 09:04,505.0,505.0,504.0,504.0,107144,686.0,101710,144.0,5327400000.0,34630000.0,17167,5281,2018-08-06 09:04:00
20180806 09:05,504.0,504.5,504.0,504.5,107370,226.0,101728,18.0,5338790000.0,11390000.0,4849,2628,2018-08-06 09:05:00
20180806 09:06,504.5,504.5,504.0,504.0,107516,146.0,101728,0.0,5346150000.0,7360000.0,5070,3561,2018-08-06 09:06:00
20180806 09:07,504.0,504.0,503.5,503.5,107710,194.0,101708,-20.0,5355920000.0,9770000.0,3152,5601,2018-08-06 09:07:00
20180806 09:08,503.5,503.5,503.0,503.0,107766,56.0,101706,-2.0,5358740000.0,2820000.0,2398,1754,2018-08-06 09:08:00
20180806 09:09,503.0,503.5,503.0,503.5,107826,60.0,101698,-8.0,5361760000.0,3020000.0,1752,2200,2018-08-06 09:09:00
20180806 09:10,503.5,503.5,503.5,503.5,107914,88.0,101682,-16.0,5366190000.0,4430000.0,1102,2016,2018-08-06 09:10:00
20180806 09:11,503.5,504.0,503.0,504.0,108042,128.0,101642,-40.0,5372640000.0,6450000.0,4979,5228,2018-08-06 09:11:00
20180806 09:12,504.0,504.0,504.0,504.0,108146,104.0,101626,-16.0,5377880000.0,5240000.0,6708,2811,2018-08-06 09:12:00
20180806 09:13,504.0,504.0,503.5,503.5,108238,92.0,101606,-20.0,5382510000.0,4630000.0,2065,2745,2018-08-06 09:13:00
20180806 09:14,503.5,503.5,503.5,503.5,108420,182.0,101604,-2.0,5391670000.0,9160000.0,2542,12070,2018-08-06 09:14:00
20180806 09:15,503.5,503.5,503.0,503.0,108578,158.0,101540,-64.0,5399620000.0,7950000.0,3280,7449,2018-08-06 09:15:00
20180806 09:16,503.0,503.0,503.0,503.0,108742,164.0,101518,-22.0,5407870000.0,8250000.0,1208,5758,2018-08-06 09:16:00
20180806 09:17,503.0,503.5,503.0,503.5,108792,50.0,101524,6.0,5410390000.0,2520000.0,1415,6783,2018-08-06 09:17:00
20180806 09:18,503.5,504.0,503.5,504.0,108880,88.0,101474,-50.0,5414820000.0,4430000.0,2775,985,2018-08-06 09:18:00
20180806 09:19,504.0,504.0,503.0,503.0,109190,310.0,101430,-44.0,5430420000.0,15600000.0,4916,3384,2018-08-06 09:19:00
20180806 09:20,503.0,503.0,502.5,502.5,109256,66.0,101430,0.0,5433740000.0,3320000.0,1421,5564,2018-08-06 09:20:00
20180806 09:21,502.5,502.5,501.5,502.0,109790,534.0,101350,-80.0,5460530000.0,26790000.0,10215,6181,2018-08-06 09:21:00
20180806 09:22,502.0,502.0,499.5,499.5,111040,1250.0,101366,16.0,5523170000.0,62640000.0,4250,6893,2018-08-06 09:22:00
20180806 09:23,499.5,500.0,499.0,499.0,111196,156.0,101388,22.0,5530960000.0,7790000.0,4712,1707,2018-08-06 09:23:00
20180806 09:24,499.0,500.0,499.0,499.5,111658,462.0,101358,-30.0,5554030000.0,23070000.0,4863,6752,2018-08-06 09:24:00
20180806 09:25,499.5,499.5,498.5,499.0,111810,152.0,101320,-38.0,5561620000.0,7590000.0,2231,3413,2018-08-06 09:25:00
20180806 09:26,499.0,499.0,499.0,499.0,112088,278.0,101244,-76.0,5575490000.0,13870000.0,3187,6817,2018-08-06 09:26:00
20180806 09:27,499.0,500.0,499.0,500.0,113220,1132.0,101290,46.0,5632000000.0,56510000.0,2922,4078,2018-08-06 09:27:00
20180806 09:28,500.0,500.5,500.0,500.5,114030,810.0,101720,430.0,5672500000.0,40500000.0,3916,4119,2018-08-06 09:28:00
20180806 09:29,500.5,500.5,500.5,500.5,114056,26.0,101734,14.0,5673800000.0,1300000.0,1178,969,2018-08-06 09:29:00
20180806 09:30,500.5,501.0,500.5,501.0,114218,162.0,101688,-46.0,5681910000.0,8110000.0,1219,1457,2018-08-06 09:30:00
20180806 09:31,501.0,501.0,501.0,501.0,114240,22.0,101694,6.0,5683020000.0,1110000.0,959,626,2018-08-06 09:31:00
20180806 09:32,501.5,502.0,501.5,502.0,115084,844.0,101790,96.0,5725340000.0,42320000.0,3558,5601,2018-08-06 09:32:00
20180806 09:33,502.0,502.5,502.0,502.0,115210,126.0,101780,-10.0,5731670000.0,6330000.0,3256,3273,2018-08-06 09:33:00
20180806 09:34,502.0,502.0,502.0,502.0,115240,30.0,101760,-20.0,5733180000.0,1510000.0,3305,5305,2018-08-06 09:34:00
20180806 09:35,502.0,502.5,502.0,502.0,115606,366.0,101554,-206.0,5751560000.0,18380000.0,2770,4406,2018-08-06 09:35:00
20180806 09:36,502.0,502.0,501.5,501.5,116136,530.0,101564,10.0,5778160000.0,26600000.0,1562,6239,2018-08-06 09:36:00
20180806 09:37,501.5,501.5,501.5,501.5,116624,488.0,101130,-434.0,5802630000.0,24470000.0,1329,4662,2018-08-06 09:37:00
20180806 09:38,501.5,501.5,501.5,501.5,116968,344.0,101364,234.0,5819880000.0,17250000.0,817,5013,2018-08-06 09:38:00
20180806 09:39,501.5,502.0,501.5,502.0,117292,324.0,101334,-30.0,5836130000.0,16250000.0,1306,2022,2018-08-06 09:39:00
20180806 09:40,502.0,502.5,502.0,502.5,117418,126.0,101336,2.0,5842460000.0,6330000.0,6421,1475,2018-08-06 09:40:00
20180806 09:41,502.5,503.0,502.0,502.5,117716,298.0,101420,84.0,5857430000.0,14970000.0,1425,5504,2018-08-06 09:41:00
20180806 09:42,502.5,502.5,502.0,502.0,118264,548.0,101476,56.0,5884970000.0,27540000.0,1051,2940,2018-08-06 09:42:00
20180806 09:43,502.5,502.5,502.5,502.5,118860,596.0,101012,-464.0,5914920000.0,29950000.0,1274,8180,2018-08-06 09:43:00
20180806 09:44,502.5,502.5,502.5,502.5,118910,50.0,100976,-36.0,5917430000.0,2510000.0,1216,1493,2018-08-06 09:44:00
20180806 09:45,502.5,503.0,502.5,503.0,118984,74.0,100950,-26.0,5921150000.0,3720000.0,1843,156,2018-08-06 09:45:00
20180806 09:46,503.0,503.5,503.0,503.5,119164,180.0,100966,16.0,5930210000.0,9060000.0,12642,4526,2018-08-06 09:46:00
20180806 09:47,503.5,503.5,503.5,503.5,119192,28.0,100966,0.0,5931620000.0,1410000.0,441,2410,2018-08-06 09:47:00
20180806 09:48,503.5,503.5,503.0,503.0,119196,4.0,100966,0.0,5931820000.0,200000.0,377,881,2018-08-06 09:48:00
20180806 09:49,503.0,503.0,503.0,503.0,119742,546.0,101360,394.0,5959290000.0,27470000.0,4405,8827,2018-08-06 09:49:00
20180806 09:50,503.0,503.5,503.0,503.5,121040,1298.0,100968,-392.0,6024580000.0,65290000.0,9414,3888,2018-08-06 09:50:00
20180806 09:51,503.5,504.0,503.5,504.0,122332,1292.0,101678,710.0,6089700000.0,65120000.0,7297,2106,2018-08-06 09:51:00
20180806 09:52,504.0,504.5,503.5,503.5,122878,546.0,101350,-328.0,6117230000.0,27530000.0,7947,6844,2018-08-06 09:52:00
20180806 09:53,503.5,504.0,503.5,504.0,123334,456.0,101798,448.0,6140190000.0,22960000.0,921,1798,2018-08-06 09:53:00
20180806 09:54,504.0,504.0,504.0,504.0,123416,82.0,101752,-46.0,6144330000.0,4140000.0,1641,6221,2018-08-06 09:54:00
20180806 09:55,504.0,504.0,504.0,504.0,123800,384.0,101638,-114.0,6163680000.0,19350000.0,9280,8541,2018-08-06 09:55:00
20180806 09:56,504.0,504.0,504.0,504.0,123802,2.0,101638,0.0,6163780000.0,100000.0,2861,1613,2018-08-06 09:56:00
20180806 09:57,503.5,503.5,503.5,503.5,123804,2.0,101638,0.0,6163880000.0,100000.0,672,1078,2018-08-06 09:57:00
20180806 09:58,503.5,504.0,503.5,504.0,123960,156.0,101610,-28.0,6171740000.0,7860000.0,1737,15943,2018-08-06 09:58:00
20180806 09:59,504.0,504.0,504.0,504.0,124106,146.0,101564,-46.0,6179100000.0,7360000.0,4455,20321,2018-08-06 09:59:00
20180806 10:00,504.0,504.0,504.0,504.0,124106,0.0,101564,0.0,6179100000.0,0.0,2361,3394,2018-08-06 10:00:00
20180806 10:01,504.0,504.5,503.5,503.5,124992,886.0,101558,-6.0,6223720000.0,44620000.0,2452,21969,2018-08-06 10:01:00
20180806 10:02,503.5,504.0,503.0,504.0,125072,80.0,101552,-6.0,6227750000.0,4030000.0,2368,5323,2018-08-06 10:02:00
20180806 10:03,504.0,504.0,504.0,504.0,125104,32.0,101566,14.0,6229360000.0,1610000.0,1894,1200,2018-08-06 10:03:00
20180806 10:04,504.0,504.0,504.0,504.0,126568,1464.0,101584,18.0,6303150000.0,73790000.0,5044,6294,2018-08-06 10:04:00
20180806 10:05,504.0,504.0,504.0,504.0,126606,38.0,101554,-30.0,6305060000.0,1910000.0,2068,340,2018-08-06 10:05:00
20180806 10:06,504.0,504.0,504.0,504.0,127458,852.0,101602,48.0,6348000000.0,42940000.0,2180,345,2018-08-06 10:06:00
20180806 10:07,504.0,504.0,504.0,504.0,127460,2.0,101602,0.0,6348100000.0,100000.0,1810,560,2018-08-06 10:07:00
20180806 10:08,504.0,504.0,504.0,504.0,127460,0.0,101602,0.0,6348100000.0,0.0,180,77,2018-08-06 10:08:00
20180806 10:09,504.0,504.0,503.0,503.0,127814,354.0,101606,4.0,6365920000.0,17820000.0,1172,6272,2018-08-06 10:09:00
20180806 10:10,503.0,503.5,503.0,503.5,127858,44.0,101608,2.0,6368140000.0,2220000.0,701,1592,2018-08-06 10:10:00
20180806 10:11,503.5,503.5,503.5,503.5,127878,20.0,101608,0.0,6369140000.0,1000000.0,614,140,2018-08-06 10:11:00
20180806 10:12,503.5,503.5,503.5,503.5,127878,0.0,101608,0.0,6369140000.0,0.0,143,297,2018-08-06 10:12:00
20180806 10:13,503.5,503.5,503.5,503.5,127894,16.0,101608,0.0,6369950000.0,810000.0,98,197,2018-08-06 10:13:00
20180806 10:14,503.5,504.0,503.5,504.0,127994,100.0,101600,-8.0,6374990000.0,5040000.0,1045,836,2018-08-06 10:14:00
20180806 10:30,503.5,503.5,503.0,503.0,128342,348.0,101704,104.0,6392500000.0,17510000.0,3003,3138,2018-08-06 10:30:00
20180806 10:31,503.0,503.5,503.0,503.5,129714,1372.0,101544,-160.0,6461510000.0,69010000.0,3400,7350,2018-08-06 10:31:00
20180806 10:32,503.5,503.5,503.5,503.5,129714,0.0,101544,0.0,6461510000.0,0.0,706,720,2018-08-06 10:32:00
20180806 10:33,503.5,504.0,503.5,504.0,129826,112.0,101578,34.0,6467150000.0,5640000.0,3218,4716,2018-08-06 10:33:00
20180806 10:34,504.0,504.0,503.5,503.5,129964,138.0,101542,-36.0,6474100000.0,6950000.0,3986,2772,2018-08-06 10:34:00
20180806 10:35,503.5,503.5,503.5,503.5,131948,1984.0,101620,78.0,6573990000.0,99890000.0,3462,10528,2018-08-06 10:35:00
20180806 10:36,503.5,503.5,503.5,503.5,132016,68.0,101618,-2.0,6577420000.0,3430000.0,5053,20443,2018-08-06 10:36:00
20180806 10:37,503.5,503.5,502.5,502.5,132118,102.0,101564,-54.0,6582540000.0,5120000.0,5724,14753,2018-08-06 10:37:00
20180806 10:38,502.5,502.5,502.5,502.5,132162,44.0,101578,14.0,6584750000.0,2210000.0,10206,15375,2018-08-06 10:38:00
20180806 10:39,502.5,502.5,502.0,502.0,132194,32.0,101566,-12.0,6586360000.0,1610000.0,545,5046,2018-08-06 10:39:00
20180806 10:40,502.0,502.5,501.5,502.5,132260,66.0,101568,2.0,6589670000.0,3310000.0,2234,4689,2018-08-06 10:40:00
20180806 10:41,502.5,502.5,502.5,502.5,134156,1896.0,101680,112.0,6684950000.0,95280000.0,8348,10164,2018-08-06 10:41:00
20180806 10:42,502.5,502.5,502.5,502.5,134170,14.0,101680,0.0,6685650000.0,700000.0,1964,493,2018-08-06 10:42:00
20180806 10:43,502.5,502.5,501.0,501.5,134710,540.0,101978,298.0,6712740000.0,27090000.0,5222,7627,2018-08-06 10:43:00
20180806 10:44,501.5,501.5,500.5,501.5,135740,1030.0,101984,6.0,6764350000.0,51610000.0,5550,30820,2018-08-06 10:44:00
20180806 10:45,501.5,502.0,501.5,502.0,137064,1324.0,101570,-414.0,6830820000.0,66470000.0,6604,7202,2018-08-06 10:45:00
20180806 10:46,502.0,502.0,502.0,502.0,137086,22.0,101592,22.0,6831920000.0,1100000.0,5460,2638,2018-08-06 10:46:00
20180806 10:47,502.0,502.5,502.0,502.5,137642,556.0,101726,134.0,6859860000.0,27940000.0,12676,13954,2018-08-06 10:47:00
20180806 10:48,502.5,502.5,502.5,502.5,138042,400.0,101772,46.0,6879960000.0,20100000.0,8738,5700,2018-08-06 10:48:00
20180806 10:49,502.5,502.5,502.5,502.5,138042,0.0,101772,0.0,6879960000.0,0.0,933,504,2018-08-06 10:49:00
20180806 10:50,502.5,503.0,502.5,503.0,139290,1248.0,101710,-62.0,6942740000.0,62780000.0,1746,7824,2018-08-06 10:50:00
20180806 10:51,503.0,503.0,503.0,503.0,139316,26.0,101712,2.0,6944040000.0,1300000.0,1627,287,2018-08-06 10:51:00
20180806 10:52,503.0,503.0,503.0,503.0,141860,2544.0,101714,2.0,7072010000.0,127970000.0,4916,9693,2018-08-06 10:52:00
20180806 10:53,503.0,503.5,503.0,503.5,141874,14.0,101708,-6.0,7072710000.0,700000.0,3948,8822,2018-08-06 10:53:00
20180806 10:54,503.5,504.5,503.5,504.5,142686,812.0,101458,-250.0,7113660000.0,40950000.0,6905,5406,2018-08-06 10:54:00
20180806 10:55,504.5,506.0,504.5,505.5,143104,418.0,101476,18.0,7134790000.0,21130000.0,8275,11071,2018-08-06 10:55:00
20180806 10:56,505.5,505.5,504.5,505.0,143164,60.0,101474,-2.0,7137820000.0,3030000.0,4857,9854,2018-08-06 10:56:00
20180806 10:57,505.0,505.0,505.0,505.0,143164,0.0,101474,0.0,7137820000.0,0.0,10516,12750,2018-08-06 10:57:00
20180806 10:58,505.0,505.0,504.5,504.5,143238,74.0,101430,-44.0,7141550000.0,3730000.0,6681,921,2018-08-06 10:58:00
20180806 10:59,504.5,504.5,504.5,504.5,144176,938.0,101382,-48.0,7188880000.0,47330000.0,3106,1376,2018-08-06 10:59:00
20180806 11:00,504.5,504.5,504.0,504.0,144272,96.0,101412,30.0,7193720000.0,4840000.0,2690,7118,2018-08-06 11:00:00
20180806 11:01,504.0,504.0,503.5,503.5,144332,60.0,101426,14.0,7196740000.0,3020000.0,2622,6350,2018-08-06 11:01:00
20180806 11:02,503.5,503.5,503.5,503.5,144384,52.0,101430,4.0,7199360000.0,2620000.0,1027,3463,2018-08-06 11:02:00
20180806 11:03,503.5,504.0,503.5,504.0,144614,230.0,101604,174.0,7210950000.0,11590000.0,4187,6188,2018-08-06 11:03:00
20180806 11:04,504.0,504.0,504.0,504.0,144690,76.0,101680,76.0,7214780000.0,3830000.0,2651,578,2018-08-06 11:04:00
20180806 11:05,504.0,504.5,504.0,504.0,144998,308.0,101596,-84.0,7230300000.0,15520000.0,8984,7739,2018-08-06 11:05:00
20180806 11:06,504.0,504.0,504.0,504.0,144998,0.0,101596,0.0,7230300000.0,0.0,9436,6598,2018-08-06 11:06:00
20180806 11:07,504.0,504.0,504.0,504.0,145278,280.0,101616,20.0,7244420000.0,14120000.0,5003,7085,2018-08-06 11:07:00
20180806 11:08,504.0,504.0,504.0,504.0,145278,0.0,101616,0.0,7244420000.0,0.0,584,816,2018-08-06 11:08:00
20180806 11:09,504.0,504.5,504.0,504.5,145352,74.0,101632,16.0,7248150000.0,3730000.0,3278,3348,2018-08-06 11:09:00
20180806 11:10,504.5,504.5,504.0,504.0,146088,736.0,101640,8.0,7285280000.0,37130000.0,2102,2855,2018-08-06 11:10:00
20180806 11:11,504.0,504.0,504.0,504.0,147198,1110.0,101752,112.0,7341220000.0,55940000.0,5203,5110,2018-08-06 11:11:00
20180806 11:12,504.0,504.0,504.0,504.0,148286,1088.0,101766,14.0,7396060000.0,54840000.0,3507,5607,2018-08-06 11:12:00
20180806 11:13,504.0,504.0,503.5,503.5,148538,252.0,101742,-24.0,7408760000.0,12700000.0,5326,1981,2018-08-06 11:13:00
20180806 11:14,503.5,503.5,503.5,503.5,148628,90.0,101738,-4.0,7413290000.0,4530000.0,485,600,2018-08-06 11:14:00
20180806 11:15,503.5,504.0,503.5,504.0,148666,38.0,101750,12.0,7415200000.0,1910000.0,193,358,2018-08-06 11:15:00
20180806 11:16,504.0,504.0,504.0,504.0,148676,10.0,101750,0.0,7415710000.0,510000.0,174,86,2018-08-06 11:16:00
20180806 11:17,504.0,504.0,504.0,504.0,148868,192.0,101898,148.0,7425390000.0,9680000.0,366,1716,2018-08-06 11:17:00
20180806 11:18,504.0,504.5,504.0,504.0,149246,378.0,101920,22.0,7444440000.0,19050000.0,1744,2065,2018-08-06 11:18:00
20180806 11:19,504.0,504.0,504.0,504.0,149476,230.0,101772,-148.0,7456030000.0,11590000.0,3271,1562,2018-08-06 11:19:00
20180806 11:20,504.0,504.0,504.0,504.0,149698,222.0,101926,154.0,7467220000.0,11190000.0,3723,3227,2018-08-06 11:20:00
20180806 11:21,504.0,504.0,504.0,504.0,150908,1210.0,101764,-162.0,7528200000.0,60980000.0,2525,1924,2018-08-06 11:21:00
20180806 11:22,504.0,504.0,504.0,504.0,150908,0.0,101764,0.0,7528200000.0,0.0,316,537,2018-08-06 11:22:00
20180806 11:23,504.0,504.0,503.0,503.0,150940,32.0,101738,-26.0,7529810000.0,1610000.0,1259,1803,2018-08-06 11:23:00
20180806 11:24,503.0,503.5,503.0,503.0,151982,1042.0,101740,2.0,7582230000.0,52420000.0,5245,2152,2018-08-06 11:24:00
20180806 11:25,503.0,503.0,503.0,503.0,152562,580.0,101870,130.0,7611400000.0,29170000.0,7429,5450,2018-08-06 11:25:00
20180806 11:26,503.0,503.0,502.5,502.5,152598,36.0,101858,-12.0,7613210000.0,1810000.0,2170,5725,2018-08-06 11:26:00
20180806 11:27,502.5,503.0,502.0,503.0,152694,96.0,101850,-8.0,7618030000.0,4820000.0,10316,6995,2018-08-06 11:27:00
20180806 11:28,503.0,503.0,502.5,503.0,154416,1722.0,101994,144.0,7704570000.0,86540000.0,11970,3585,2018-08-06 11:28:00
20180806 11:29,503.0,503.0,502.0,503.0,155446,1030.0,102156,162.0,7756290000.0,51720000.0,8010,7456,2018-08-06 11:29:00
20180806 11:30,503.0,503.0,503.0,503.0,155446,0.0,102156,0.0,7756290000.0,0.0,38,117,2018-08-06 11:30:00
20180806 13:30,502.5,503.0,502.5,503.0,155484,38.0,102178,22.0,7758200000.0,1910000.0,1716,1263,2018-08-06 13:30:00
20180806 13:31,503.0,503.0,503.0,503.0,155780,296.0,102304,126.0,7773090000.0,14890000.0,1631,2586,2018-08-06 13:31:00
20180806 13:32,503.0,503.5,503.0,503.5,155892,112.0,102362,58.0,7778720000.0,5630000.0,1373,3818,2018-08-06 13:32:00
20180806 13:33,503.5,504.0,503.5,503.5,156018,126.0,102346,-16.0,7785060000.0,6340000.0,1504,4197,2018-08-06 13:33:00
20180806 13:34,503.5,503.5,503.5,503.5,156092,74.0,102334,-12.0,7788790000.0,3730000.0,3824,3439,2018-08-06 13:34:00
20180806 13:35,503.5,503.5,503.5,503.5,156094,2.0,102332,-2.0,7788890000.0,100000.0,295,1068,2018-08-06 13:35:00
20180806 13:36,503.5,503.5,503.5,503.5,156096,2.0,102332,0.0,7788990000.0,100000.0,197,1098,2018-08-06 13:36:00
20180806 13:37,503.5,503.5,503.5,503.5,156096,0.0,102332,0.0,7788990000.0,0.0,232,1269,2018-08-06 13:37:00
20180806 13:38,503.5,503.5,503.5,503.5,156098,2.0,102332,0.0,7789090000.0,100000.0,642,1325,2018-08-06 13:38:00
20180806 13:39,503.5,503.5,502.5,502.5,156214,116.0,102278,-54.0,7794920000.0,5830000.0,829,2627,2018-08-06 13:39:00
20180806 13:40,502.5,503.0,502.5,502.5,156744,530.0,102284,6.0,7821560000.0,26640000.0,5788,4469,2018-08-06 13:40:00
20180806 13:41,502.5,502.5,502.0,502.0,157004,260.0,102230,-54.0,7834610000.0,13050000.0,6070,2641,2018-08-06 13:41:00
20180806 13:42,501.5,502.5,501.5,502.0,157086,82.0,102246,16.0,7838730000.0,4120000.0,831,1499,2018-08-06 13:42:00
20180806 13:43,502.0,502.5,502.0,502.5,157090,4.0,102250,4.0,7838930000.0,200000.0,164,575,2018-08-06 13:43:00
20180806 13:44,502.5,502.5,502.5,502.5,157294,204.0,102404,154.0,7849180000.0,10250000.0,2004,1014,2018-08-06 13:44:00
20180806 13:45,502.5,502.5,502.5,502.5,157302,8.0,102410,6.0,7849580000.0,400000.0,299,743,2018-08-06 13:45:00
20180806 13:46,502.5,503.0,502.5,503.0,157304,2.0,102410,0.0,7849680000.0,100000.0,288,392,2018-08-06 13:46:00
20180806 13:47,503.0,503.0,503.0,503.0,157418,114.0,102410,0.0,7855410000.0,5730000.0,2064,444,2018-08-06 13:47:00
20180806 13:48,503.0,504.0,503.0,503.5,157494,76.0,102446,36.0,7859240000.0,3830000.0,3609,630,2018-08-06 13:48:00
20180806 13:49,503.5,503.5,503.0,503.0,157730,236.0,102386,-60.0,7871120000.0,11880000.0,4282,3522,2018-08-06 13:49:00
20180806 13:50,503.5,503.5,503.0,503.5,157806,76.0,102404,18.0,7874940000.0,3820000.0,2544,2513,2018-08-06 13:50:00
20180806 13:51,503.0,503.5,503.0,503.5,157820,14.0,102412,8.0,7875650000.0,710000.0,1513,1876,2018-08-06 13:51:00
20180806 13:52,503.5,503.5,503.0,503.0,157960,140.0,102400,-12.0,7882690000.0,7040000.0,2476,2144,2018-08-06 13:52:00
20180806 13:53,503.0,503.5,503.0,503.5,158074,114.0,102444,44.0,7888430000.0,5740000.0,1926,1697,2018-08-06 13:53:00
20180806 13:54,503.5,504.5,503.5,504.0,158232,158.0,102384,-60.0,7896400000.0,7970000.0,2579,1586,2018-08-06 13:54:00
20180806 13:55,504.0,504.0,503.0,503.0,159286,1054.0,102622,238.0,7949510000.0,53110000.0,4325,4731,2018-08-06 13:55:00
20180806 13:56,503.0,503.5,502.5,503.0,159528,242.0,102514,-108.0,7961680000.0,12170000.0,3381,5583,2018-08-06 13:56:00
20180806 13:57,503.0,503.0,503.0,503.0,159554,26.0,102514,0.0,7962990000.0,1310000.0,2792,3864,2018-08-06 13:57:00
20180806 13:58,503.0,503.0,503.0,503.0,159554,0.0,102514,0.0,7962990000.0,0.0,16618,21194,2018-08-06 13:58:00
20180806 13:59,503.0,503.0,503.0,503.0,159554,0.0,102514,0.0,7962990000.0,0.0,13891,21611,2018-08-06 13:59:00
20180806 14:00,503.0,503.0,502.0,502.5,160388,834.0,102408,-106.0,8004890000.0,41900000.0,9870,14299,2018-08-06 14:00:00
20180806 14:01,502.5,502.5,502.5,502.5,161000,612.0,101904,-504.0,8035640000.0,30750000.0,6223,6286,2018-08-06 14:01:00
20180806 14:02,503.0,503.0,503.0,503.0,161656,656.0,101988,84.0,8068640000.0,33000000.0,4421,3071,2018-08-06 14:02:00
20180806 14:03,503.5,503.5,503.5,503.5,161758,102.0,102018,30.0,8073770000.0,5130000.0,4438,8921,2018-08-06 14:03:00
20180806 14:04,503.5,504.0,503.5,503.5,162442,684.0,102188,170.0,8108240000.0,34470000.0,7701,6051,2018-08-06 14:04:00
20180806 14:05,503.5,503.5,503.5,503.5,162446,4.0,102188,0.0,8108440000.0,200000.0,1810,3592,2018-08-06 14:05:00
20180806 14:06,503.0,503.5,503.0,503.5,162594,148.0,102306,118.0,8115890000.0,7450000.0,1393,3710,2018-08-06 14:06:00
20180806 14:07,503.5,503.5,503.0,503.0,162660,66.0,102294,-12.0,8119210000.0,3320000.0,1913,4142,2018-08-06 14:07:00
20180806 14:08,503.0,503.5,502.5,503.5,163042,382.0,102148,-146.0,8138420000.0,19210000.0,4631,2221,2018-08-06 14:08:00
20180806 14:09,503.5,503.5,503.0,503.5,163054,12.0,102148,0.0,8139020000.0,600000.0,3983,1601,2018-08-06 14:09:00
20180806 14:10,503.5,503.5,503.0,503.0,163646,592.0,101992,-156.0,8168820000.0,29800000.0,3926,1615,2018-08-06 14:10:00
20180806 14:11,503.0,503.0,502.5,502.5,164196,550.0,102466,474.0,8196490000.0,27670000.0,2306,1820,2018-08-06 14:11:00
20180806 14:12,503.0,503.5,503.0,503.0,164268,72.0,102472,6.0,8200110000.0,3620000.0,4632,2394,2018-08-06 14:12:00
20180806 14:13,503.0,503.0,503.0,503.0,164268,0.0,102472,0.0,8200110000.0,0.0,2505,1726,2018-08-06 14:13:00
20180806 14:14,503.0,503.0,503.0,503.0,164276,8.0,102472,0.0,8200510000.0,400000.0,4392,2406,2018-08-06 14:14:00
20180806 14:15,503.0,503.5,503.0,503.5,164284,8.0,102472,0.0,8200920000.0,410000.0,6783,3423,2018-08-06 14:15:00
20180806 14:16,503.5,503.5,502.5,502.5,164764,480.0,102610,138.0,8225040000.0,24120000.0,8957,5909,2018-08-06 14:16:00
20180806 14:17,502.5,502.5,502.0,502.0,164846,82.0,102596,-14.0,8229160000.0,4120000.0,734,10996,2018-08-06 14:17:00
20180806 14:18,502.5,502.5,502.5,502.5,165278,432.0,102590,-6.0,8250870000.0,21710000.0,4648,6414,2018-08-06 14:18:00
20180806 14:19,502.5,502.5,502.5,502.5,165892,614.0,102794,204.0,8281720000.0,30850000.0,2756,3239,2018-08-06 14:19:00
20180806 14:21,502.5,502.5,502.5,502.5,166066,174.0,102654,-140.0,8290460000.0,8740000.0,1583,167,2018-08-06 14:21:00
20180806 14:22,502.5,503.0,502.5,503.0,166098,32.0,102660,6.0,8292070000.0,1610000.0,3148,4876,2018-08-06 14:22:00
20180806 14:23,503.0,503.0,502.0,502.5,166340,242.0,102824,164.0,8304230000.0,12160000.0,1699,5673,2018-08-06 14:23:00
20180806 14:24,502.5,502.5,502.5,502.5,166572,232.0,102670,-154.0,8315890000.0,11660000.0,4125,11795,2018-08-06 14:24:00
20180806 14:25,502.5,503.0,502.5,503.0,166846,274.0,102846,176.0,8329670000.0,13780000.0,1275,1719,2018-08-06 14:25:00
20180806 14:26,503.0,503.0,503.0,503.0,168240,1394.0,102902,56.0,8399790000.0,70120000.0,3239,3913,2018-08-06 14:26:00
20180806 14:27,503.0,503.0,503.0,503.0,168400,160.0,103046,144.0,8407840000.0,8050000.0,1159,3271,2018-08-06 14:27:00
20180806 14:28,503.5,504.0,503.5,504.0,168998,598.0,103222,176.0,8437960000.0,30120000.0,7149,1635,2018-08-06 14:28:00
20180806 14:29,504.0,504.0,504.0,504.0,169076,78.0,103206,-16.0,8441890000.0,3930000.0,1647,2773,2018-08-06 14:29:00
20180806 14:30,504.0,504.0,504.0,504.0,169076,0.0,103206,0.0,8441890000.0,0.0,572,447,2018-08-06 14:30:00
20180806 14:31,504.0,504.0,503.5,503.5,169158,82.0,103238,32.0,8446020000.0,4130000.0,614,628,2018-08-06 14:31:00
20180806 14:32,503.5,503.5,503.5,503.5,169164,6.0,103238,0.0,8446320000.0,300000.0,647,3434,2018-08-06 14:32:00
20180806 14:33,503.5,503.5,503.5,503.5,169306,142.0,103100,-138.0,8453470000.0,7150000.0,624,1518,2018-08-06 14:33:00
20180806 14:34,503.5,503.5,503.5,503.5,169324,18.0,103100,0.0,8454380000.0,910000.0,443,702,2018-08-06 14:34:00
20180806 14:35,503.5,504.0,503.5,504.0,169466,142.0,103138,38.0,8461530000.0,7150000.0,1747,1156,2018-08-06 14:35:00
20180806 14:36,504.0,504.0,504.0,504.0,169504,38.0,103152,14.0,8463440000.0,1910000.0,1028,399,2018-08-06 14:36:00
20180806 14:37,504.0,504.0,504.0,504.0,169682,178.0,103292,140.0,8472420000.0,8980000.0,9844,2842,2018-08-06 14:37:00
20180806 14:38,504.0,504.0,504.0,504.0,169832,150.0,103322,30.0,8479980000.0,7560000.0,6316,1820,2018-08-06 14:38:00
20180806 14:39,504.0,504.0,504.0,504.0,169924,92.0,103324,2.0,8484610000.0,4630000.0,3392,2144,2018-08-06 14:39:00
20180806 14:40,504.0,504.0,504.0,504.0,169924,0.0,103324,0.0,8484610000.0,0.0,259,459,2018-08-06 14:40:00
20180806 14:41,504.0,504.0,503.5,503.5,170056,132.0,103370,46.0,8491260000.0,6650000.0,622,3724,2018-08-06 14:41:00
20180806 14:42,503.5,503.5,503.5,503.5,170082,26.0,103374,4.0,8492570000.0,1310000.0,778,1108,2018-08-06 14:42:00
20180806 14:43,503.5,503.5,503.5,503.5,170100,18.0,103372,-2.0,8493480000.0,910000.0,762,5512,2018-08-06 14:43:00
20180806 14:44,503.5,504.0,503.5,503.5,170218,118.0,103412,40.0,8499420000.0,5940000.0,2539,3403,2018-08-06 14:44:00
20180806 14:45,503.5,504.0,503.5,503.5,170248,30.0,103408,-4.0,8500930000.0,1510000.0,209,92,2018-08-06 14:45:00
20180806 14:46,503.5,504.0,503.5,504.0,170286,38.0,103402,-6.0,8502840000.0,1910000.0,2444,1652,2018-08-06 14:46:00
20180806 14:47,504.0,504.5,503.5,504.5,170386,100.0,103428,26.0,8507890000.0,5050000.0,1484,459,2018-08-06 14:47:00
20180806 14:48,504.5,504.5,504.5,504.5,170454,68.0,103414,-14.0,8511320000.0,3430000.0,3889,1701,2018-08-06 14:48:00
20180806 14:49,504.5,504.5,504.0,504.0,170502,48.0,103412,-2.0,8513740000.0,2420000.0,822,2044,2018-08-06 14:49:00
20180806 14:50,504.0,504.5,504.0,504.5,170544,42.0,103416,4.0,8515850000.0,2110000.0,760,6039,2018-08-06 14:50:00
20180806 14:51,504.5,504.5,504.0,504.0,170886,342.0,103414,-2.0,8533090000.0,17240000.0,1436,4943,2018-08-06 14:51:00
20180806 14:52,504.5,504.5,504.5,504.5,170986,100.0,103400,-14.0,8538140000.0,5050000.0,335,3682,2018-08-06 14:52:00
20180806 14:53,504.5,505.0,504.5,505.0,170988,2.0,103402,2.0,8538240000.0,100000.0,368,308,2018-08-06 14:53:00
20180806 14:54,505.0,505.0,504.5,505.0,171014,26.0,103418,16.0,8539550000.0,1310000.0,533,1120,2018-08-06 14:54:00
20180806 14:55,505.0,505.0,504.0,504.5,171548,534.0,103424,6.0,8566480000.0,26930000.0,11840,6168,2018-08-06 14:55:00
20180806 14:56,504.5,504.5,504.0,504.0,171686,138.0,103444,20.0,8573430000.0,6950000.0,1154,4012,2018-08-06 14:56:00
20180806 14:57,504.0,504.0,503.0,503.0,171988,302.0,103386,-58.0,8588640000.0,15210000.0,989,17872,2018-08-06 14:57:00
20180806 14:58,503.0,503.5,503.0,503.5,172034,46.0,103386,0.0,8590950000.0,2310000.0,668,19127,2018-08-06 14:58:00
20180806 14:59,503.5,504.5,503.5,504.5,172168,134.0,103422,36.0,8597710000.0,6760000.0,1774,25442,2018-08-06 14:59:00
20180806 15:00,504.5,504.5,504.5,504.5,172168,0.0,103422,0.0,8597710000.0,0.0,578,22,2018-08-06 15:00:00
20180806 20:59,484.5,484.5,484.5,484.5,548,548.0,105534,2112.0,26550600.0,26550600.0,3,2,2018-08-06 20:59:00
20180806 21:00,484.5,487.0,484.5,486.0,1614,1066.0,105120,-414.0,78403300.0,51852700.0,3802,2671,2018-08-06 21:00:00
20180806 21:01,486.0,487.0,486.0,486.5,2034,420.0,105068,-52.0,98837300.0,20434000.0,10688,5303,2018-08-06 21:01:00
20180806 21:02,486.5,486.5,486.0,486.5,5086,3052.0,104898,-170.0,247239000.0,148401700.0,13977,5312,2018-08-06 21:02:00
20180806 21:03,486.5,487.5,486.5,487.5,5666,580.0,105380,482.0,275458000.0,28219000.0,11666,2550,2018-08-06 21:03:00
20180806 21:04,487.5,487.5,487.5,487.5,6052,386.0,105236,-144.0,294275000.0,18817000.0,6437,5141,2018-08-06 21:04:00
20180806 21:05,487.5,488.0,487.0,488.0,6798,746.0,104724,-512.0,330651000.0,36376000.0,7434,4717,2018-08-06 21:05:00
20180806 21:06,488.0,488.5,488.0,488.5,6884,86.0,104732,8.0,334849000.0,4198000.0,3707,1911,2018-08-06 21:06:00
20180806 21:07,488.5,488.5,488.5,488.5,6910,26.0,104728,-4.0,336119000.0,1270000.0,1740,2106,2018-08-06 21:07:00
20180806 21:08,488.5,488.5,488.5,488.5,6972,62.0,104742,14.0,339148000.0,3029000.0,3304,4202,2018-08-06 21:08:00
20180806 21:09,488.5,488.5,488.5,488.5,6974,2.0,104744,2.0,339246000.0,98000.0,2518,3843,2018-08-06 21:09:00
20180806 21:10,488.5,489.0,488.5,488.5,7064,90.0,104744,0.0,343643000.0,4397000.0,2577,2896,2018-08-06 21:10:00
20180806 21:11,488.5,488.5,488.5,488.5,7326,262.0,104774,30.0,356442000.0,12799000.0,3998,4462,2018-08-06 21:11:00
20180806 21:12,488.5,488.5,488.0,488.0,8310,984.0,104606,-168.0,404471000.0,48029000.0,3705,3639,2018-08-06 21:12:00
20180806 21:13,488.0,488.0,488.0,488.0,8414,104.0,104580,-26.0,409546000.0,5075000.0,7453,5109,2018-08-06 21:13:00
20180806 21:14,488.0,488.0,487.0,487.0,8678,264.0,104508,-72.0,422413000.0,12867000.0,6912,4024,2018-08-06 21:14:00
20180806 21:15,486.5,486.5,486.5,486.5,8722,44.0,104520,12.0,424553000.0,2140000.0,2866,1875,2018-08-06 21:15:00
20180806 21:16,486.5,486.5,485.5,485.5,11438,2716.0,104536,16.0,556514000.0,131961000.0,4773,11038,2018-08-06 21:16:00
20180806 21:17,485.5,485.5,484.5,484.5,12544,1106.0,104478,-58.0,610116000.0,53602000.0,7003,7682,2018-08-06 21:17:00
20180806 21:18,484.5,485.0,484.5,484.5,12804,260.0,104416,-62.0,622725000.0,12609000.0,5769,3942,2018-08-06 21:18:00
20180806 21:19,484.5,485.0,484.5,485.0,14492,1688.0,104372,-44.0,704593000.0,81868000.0,9823,7795,2018-08-06 21:19:00
20180806 21:20,485.0,485.0,485.0,485.0,16026,1534.0,104222,-150.0,778992000.0,74399000.0,7435,6539,2018-08-06 21:20:00
20180806 21:21,485.0,485.0,485.0,485.0,16118,92.0,104222,0.0,783454000.0,4462000.0,20419,3937,2018-08-06 21:21:00
20180806 21:22,485.0,485.0,485.0,485.0,16132,14.0,104222,0.0,784133000.0,679000.0,1502,789,2018-08-06 21:22:00
20180806 21:23,485.0,486.0,485.0,485.5,16294,162.0,104196,-26.0,791998000.0,7865000.0,4752,2547,2018-08-06 21:23:00
20180806 21:24,485.5,485.5,485.5,485.5,16294,0.0,104196,0.0,791998000.0,0.0,1970,1081,2018-08-06 21:24:00
20180806 21:25,485.5,485.5,485.5,485.5,16440,146.0,104108,-88.0,799086000.0,7088000.0,8347,2025,2018-08-06 21:25:00
20180806 21:26,485.5,485.5,485.0,485.0,16498,58.0,104116,8.0,801899000.0,2813000.0,3357,2180,2018-08-06 21:26:00
20180806 21:27,485.0,485.0,485.0,485.0,16606,108.0,104030,-86.0,807137000.0,5238000.0,4765,5404,2018-08-06 21:27:00
20180806 21:28,485.0,485.5,485.0,485.0,16820,214.0,103962,-68.0,817516000.0,10379000.0,3022,1864,2018-08-06 21:28:00
20180806 21:29,485.0,485.0,485.0,485.0,16850,30.0,103960,-2.0,818971000.0,1455000.0,2217,3271,2018-08-06 21:29:00
20180806 21:30,485.0,485.0,485.0,485.0,16854,4.0,103958,-2.0,819165000.0,194000.0,3624,5094,2018-08-06 21:30:00
20180806 21:31,485.0,485.5,485.0,485.5,16946,92.0,103894,-64.0,823629000.0,4464000.0,3442,10435,2018-08-06 21:31:00
20180806 21:32,485.5,485.5,485.0,485.5,18014,1068.0,104016,122.0,875480000.0,51851000.0,4615,2681,2018-08-06 21:32:00
20180806 21:33,485.5,485.5,485.5,485.5,18284,270.0,103990,-26.0,888588000.0,13108000.0,4680,4745,2018-08-06 21:33:00
20180806 21:34,485.5,485.5,485.5,485.5,18480,196.0,104050,60.0,898104000.0,9516000.0,2638,5202,2018-08-06 21:34:00
20180806 21:35,485.5,485.5,485.5,485.5,18482,2.0,104050,0.0,898201000.0,97000.0,2867,2835,2018-08-06 21:35:00
20180806 21:36,485.5,485.5,485.5,485.5,18482,0.0,104050,0.0,898201000.0,0.0,4115,2827,2018-08-06 21:36:00
20180806 21:37,485.5,486.0,485.5,486.0,22106,3624.0,103988,-62.0,1074330000.0,176129000.0,9172,6939,2018-08-06 21:37:00
20180806 21:38,486.0,486.0,486.0,486.0,23674,1568.0,105030,1042.0,1150530000.0,76200000.0,5947,1572,2018-08-06 21:38:00
20180806 21:39,486.0,486.0,486.0,486.0,25044,1370.0,103826,-1204.0,1217110000.0,66580000.0,2364,1545,2018-08-06 21:39:00
20180806 21:40,486.0,486.0,485.5,486.0,25084,40.0,103826,0.0,1219060000.0,1950000.0,5230,5792,2018-08-06 21:40:00
20180806 21:41,486.0,486.0,486.0,486.0,25084,0.0,103826,0.0,1219060000.0,0.0,5535,4918,2018-08-06 21:41:00
20180806 21:42,486.0,486.0,486.0,486.0,28140,3056.0,104976,1150.0,1367580000.0,148520000.0,5879,5841,2018-08-06 21:42:00
20180806 21:43,486.0,486.0,486.0,486.0,28312,172.0,105028,52.0,1375940000.0,8360000.0,4263,1925,2018-08-06 21:43:00
20180806 21:44,486.0,487.0,486.0,486.5,29672,1360.0,105016,-12.0,1442120000.0,66180000.0,1926,3609,2018-08-06 21:44:00
20180806 21:45,486.5,486.5,486.5,486.5,33972,4300.0,104768,-248.0,1651310000.0,209190000.0,4176,5930,2018-08-06 21:45:00
20180806 21:46,486.5,487.0,486.5,487.0,37782,3810.0,103688,-1080.0,1836850000.0,185540000.0,6556,7691,2018-08-06 21:46:00
20180806 21:47,487.0,488.0,487.0,488.0,38234,452.0,103748,60.0,1858900000.0,22050000.0,7256,8343,2018-08-06 21:47:00
20180806 21:48,488.0,488.0,487.5,487.5,38386,152.0,103900,152.0,1866320000.0,7420000.0,8230,7883,2018-08-06 21:48:00
20180806 21:49,487.5,490.0,487.5,490.0,39246,860.0,104056,156.0,1908380000.0,42060000.0,3363,6073,2018-08-06 21:49:00
20180806 21:50,490.0,490.5,490.0,490.0,42092,2846.0,104138,82.0,2047830000.0,139450000.0,8236,4599,2018-08-06 21:50:00
20180806 21:51,490.0,491.5,490.0,491.5,42464,372.0,104066,-72.0,2066110000.0,18280000.0,8486,2310,2018-08-06 21:51:00
20180806 21:52,491.5,493.0,491.5,493.0,45558,3094.0,103954,-112.0,2218190000.0,152080000.0,5444,4924,2018-08-06 21:52:00
20180806 21:53,493.5,494.0,493.5,494.0,45710,152.0,103946,-8.0,2225700000.0,7510000.0,5175,3904,2018-08-06 21:53:00
20180806 21:54,494.0,496.5,494.0,496.0,47282,1572.0,104444,498.0,2303600000.0,77900000.0,5417,6140,2018-08-06 21:54:00
20180806 21:55,496.0,496.0,494.5,494.5,47960,678.0,104624,180.0,2337170000.0,33570000.0,7025,6312,2018-08-06 21:55:00
20180806 21:56,494.5,497.0,494.5,497.0,48952,992.0,104502,-122.0,2386320000.0,49150000.0,4911,5751,2018-08-06 21:56:00
20180806 21:57,497.0,499.0,497.0,498.5,50350,1398.0,104490,-12.0,2456000000.0,69680000.0,3690,6001,2018-08-06 21:57:00
20180806 21:58,498.5,500.0,498.0,499.5,50840,490.0,104402,-88.0,2480470000.0,24470000.0,3381,6035,2018-08-06 21:58:00
20180806 21:59,499.5,499.5,498.5,498.5,51176,336.0,104312,-90.0,2497230000.0,16760000.0,2662,6394,2018-08-06 21:59:00
20180806 22:00,498.5,501.5,498.5,501.5,51988,812.0,104326,14.0,2537800000.0,40570000.0,3420,3681,2018-08-06 22:00:00
20180806 22:01,501.5,502.0,501.0,501.5,52402,414.0,104276,-50.0,2558580000.0,20780000.0,4673,4757,2018-08-06 22:01:00
20180806 22:02,501.5,501.5,500.0,500.5,54520,2118.0,104166,-110.0,2664520000.0,105940000.0,5246,6716,2018-08-06 22:02:00
20180806 22:03,500.5,500.5,499.0,500.0,54996,476.0,104058,-108.0,2688320000.0,23800000.0,4116,4350,2018-08-06 22:03:00
20180806 22:04,500.0,503.0,500.0,502.5,55394,398.0,104092,34.0,2708300000.0,19980000.0,5745,5123,2018-08-06 22:04:00
20180806 22:05,502.5,502.5,502.0,502.0,55448,54.0,104118,26.0,2711010000.0,2710000.0,4310,720,2018-08-06 22:05:00
20180806 22:06,502.0,502.5,502.0,502.0,55710,262.0,104070,-48.0,2724170000.0,13160000.0,2658,1786,2018-08-06 22:06:00
20180806 22:07,501.5,501.5,500.5,500.5,55836,126.0,104044,-26.0,2730480000.0,6310000.0,2303,2061,2018-08-06 22:07:00
20180806 22:08,500.5,500.5,500.0,500.0,55854,18.0,104030,-14.0,2731380000.0,900000.0,1980,649,2018-08-06 22:08:00
20180806 22:09,500.0,500.0,499.5,500.0,57766,1912.0,104156,126.0,2826980000.0,95600000.0,5318,13137,2018-08-06 22:09:00
20180806 22:10,500.0,501.5,500.0,501.5,58962,1196.0,103988,-168.0,2886840000.0,59860000.0,6014,19332,2018-08-06 22:10:00
20180806 22:11,501.5,501.5,500.5,500.5,59108,146.0,103880,-108.0,2894160000.0,7320000.0,6207,6209,2018-08-06 22:11:00
20180806 22:12,500.5,502.0,500.5,501.5,60722,1614.0,104136,256.0,2975070000.0,80910000.0,8906,4691,2018-08-06 22:12:00
20180806 22:13,501.5,501.5,500.5,501.0,63292,2570.0,104160,24.0,3103830000.0,128760000.0,8250,4843,2018-08-06 22:13:00
20180806 22:14,501.0,501.5,501.0,501.5,65612,2320.0,104552,392.0,3220070000.0,116240000.0,10252,3967,2018-08-06 22:14:00
20180806 22:15,501.5,501.5,501.0,501.0,66568,956.0,104338,-214.0,3267960000.0,47890000.0,3708,1723,2018-08-06 22:15:00
20180806 22:16,501.0,504.5,501.0,504.5,67490,922.0,104352,14.0,3314250000.0,46290000.0,2964,12057,2018-08-06 22:16:00
20180806 22:17,505.0,505.0,503.5,504.5,68416,926.0,104142,-210.0,3360970000.0,46720000.0,6504,15756,2018-08-06 22:17:00
20180806 22:18,504.5,505.5,503.5,503.5,69240,824.0,103978,-164.0,3402580000.0,41610000.0,5817,6063,2018-08-06 22:18:00
20180806 22:19,504.0,504.5,504.0,504.5,69674,434.0,104180,202.0,3424470000.0,21890000.0,7164,3801,2018-08-06 22:19:00
20180806 22:20,504.0,504.5,503.5,504.5,70836,1162.0,104110,-70.0,3483050000.0,58580000.0,5971,2546,2018-08-06 22:20:00
20180806 22:21,504.5,506.0,504.0,505.5,71000,164.0,104028,-82.0,3491330000.0,8280000.0,24088,2940,2018-08-06 22:21:00
20180806 22:22,505.5,505.5,504.5,504.5,71858,858.0,103920,-108.0,3534650000.0,43320000.0,4396,3850,2018-08-06 22:22:00
20180806 22:23,504.5,504.5,504.5,504.5,71988,130.0,103834,-86.0,3541210000.0,6560000.0,4159,3441,2018-08-06 22:23:00
20180806 22:24,504.5,504.5,504.0,504.0,72084,96.0,103770,-64.0,3546050000.0,4840000.0,5302,9477,2018-08-06 22:24:00
20180806 22:25,504.0,504.5,504.0,504.5,72410,326.0,103744,-26.0,3562490000.0,16440000.0,3492,3081,2018-08-06 22:25:00
20180806 22:26,504.5,505.0,504.5,505.0,72618,208.0,103882,138.0,3572980000.0,10490000.0,712,961,2018-08-06 22:26:00
20180806 22:27,505.0,505.0,505.0,505.0,72666,48.0,103882,0.0,3575410000.0,2430000.0,1897,1355,2018-08-06 22:27:00
20180806 22:28,505.0,505.0,504.5,504.5,73036,370.0,103700,-182.0,3594070000.0,18660000.0,16999,21038,2018-08-06 22:28:00
20180806 22:29,504.5,504.5,504.0,504.0,73576,540.0,103816,116.0,3621320000.0,27250000.0,4390,8951,2018-08-06 22:29:00
20180806 22:30,504.0,505.5,504.0,505.5,73982,406.0,103854,38.0,3641810000.0,20490000.0,2716,12262,2018-08-06 22:30:00
20180806 22:31,505.5,505.5,505.0,505.5,74012,30.0,103850,-4.0,3643320000.0,1510000.0,2414,13371,2018-08-06 22:31:00
20180806 22:32,505.5,506.0,505.5,505.5,74036,24.0,103838,-12.0,3644540000.0,1220000.0,1304,5190,2018-08-06 22:32:00
20180806 22:33,505.5,505.5,505.5,505.5,74036,0.0,103838,0.0,3644540000.0,0.0,627,2243,2018-08-06 22:33:00
20180806 22:34,505.5,506.0,505.5,505.5,74052,16.0,103848,10.0,3645340000.0,800000.0,2619,9096,2018-08-06 22:34:00
20180806 22:35,505.5,505.5,505.5,505.5,74088,36.0,103842,-6.0,3647160000.0,1820000.0,1425,4309,2018-08-06 22:35:00
20180806 22:36,505.5,507.0,505.5,507.0,74128,40.0,103842,0.0,3649190000.0,2030000.0,3931,6423,2018-08-06 22:36:00
20180806 22:37,507.0,507.0,507.0,507.0,74186,58.0,103854,12.0,3652130000.0,2940000.0,3974,13768,2018-08-06 22:37:00
20180806 22:38,507.0,507.5,507.0,507.5,74480,294.0,103632,-222.0,3667050000.0,14920000.0,4812,15967,2018-08-06 22:38:00
20180806 22:39,507.5,512.0,507.5,512.0,75074,594.0,103718,86.0,3697370000.0,30320000.0,7857,12240,2018-08-06 22:39:00
20180806 22:40,512.0,513.5,512.0,513.0,75310,236.0,103642,-76.0,3709470000.0,12100000.0,7837,5319,2018-08-06 22:40:00
20180806 22:41,513.0,513.0,512.0,512.0,75638,328.0,103564,-78.0,3726270000.0,16800000.0,2671,8558,2018-08-06 22:41:00
20180806 22:42,512.0,512.0,509.5,510.0,75898,260.0,103448,-116.0,3739540000.0,13270000.0,5377,18601,2018-08-06 22:42:00
20180806 22:43,510.0,510.5,509.5,510.0,77404,1506.0,103418,-30.0,3816340000.0,76800000.0,1672,15583,2018-08-06 22:43:00
20180806 22:44,510.0,510.0,507.0,507.5,78542,1138.0,103010,-408.0,3874120000.0,57780000.0,4748,9369,2018-08-06 22:44:00
20180806 22:45,507.5,508.0,507.5,507.5,79678,1136.0,103350,340.0,3931810000.0,57690000.0,5777,37146,2018-08-06 22:45:00
20180806 22:46,507.5,508.0,507.0,508.0,80616,938.0,103382,32.0,3979410000.0,47600000.0,5040,21725,2018-08-06 22:46:00
20180806 22:47,508.0,509.5,508.0,509.0,80716,100.0,103396,14.0,3984500000.0,5090000.0,4954,9213,2018-08-06 22:47:00
20180806 22:48,509.0,509.0,508.5,508.5,80850,134.0,103358,-38.0,3991320000.0,6820000.0,6479,16808,2018-08-06 22:48:00
20180806 22:49,508.5,508.5,508.5,508.5,80850,0.0,103358,0.0,3991320000.0,0.0,1106,2381,2018-08-06 22:49:00
20180806 22:50,508.5,508.5,508.0,508.0,81100,250.0,103330,-28.0,4004030000.0,12710000.0,7048,22093,2018-08-06 22:50:00
20180806 22:51,508.0,509.0,508.0,509.0,81638,538.0,103452,122.0,4031400000.0,27370000.0,13254,18451,2018-08-06 22:51:00
20180806 22:52,509.0,509.5,508.5,509.0,81768,130.0,103440,-12.0,4038020000.0,6620000.0,3702,5244,2018-08-06 22:52:00
20180806 22:53,509.0,509.5,509.0,509.5,81902,134.0,103472,32.0,4044850000.0,6830000.0,1792,760,2018-08-06 22:53:00
20180806 22:54,509.5,510.5,509.5,510.5,82148,246.0,103424,-48.0,4057390000.0,12540000.0,7413,5912,2018-08-06 22:54:00
20180806 22:55,510.5,510.5,510.0,510.0,82276,128.0,103344,-80.0,4063910000.0,6520000.0,6395,4364,2018-08-06 22:55:00
20180806 22:56,509.0,509.5,509.0,509.0,82490,214.0,103452,108.0,4074810000.0,10900000.0,22169,16634,2018-08-06 22:56:00
20180806 22:57,509.0,509.0,509.0,509.0,82502,12.0,103450,-2.0,4075420000.0,610000.0,5256,4560,2018-08-06 22:57:00
20180806 22:58,509.0,510.0,509.0,509.0,82588,86.0,103492,42.0,4079800000.0,4380000.0,15250,11975,2018-08-06 22:58:00
20180806 22:59,509.0,510.0,509.0,510.0,82838,250.0,103336,-156.0,4092540000.0,12740000.0,10574,8034,2018-08-06 22:59:00
20180806 23:00,510.0,511.0,510.0,511.0,82876,38.0,103328,-8.0,4094480000.0,1940000.0,13976,15199,2018-08-06 23:00:00
20180806 23:01,511.0,511.5,510.5,510.5,82936,60.0,103312,-16.0,4097550000.0,3070000.0,8710,8883,2018-08-06 23:01:00
20180806 23:02,510.5,511.0,510.5,510.5,83114,178.0,103222,-90.0,4106640000.0,9090000.0,3921,4822,2018-08-06 23:02:00
20180806 23:03,511.0,511.0,510.5,510.5,83562,448.0,103462,240.0,4129510000.0,22870000.0,10168,6638,2018-08-06 23:03:00
20180806 23:04,510.5,511.0,510.5,511.0,83878,316.0,103270,-192.0,4145650000.0,16140000.0,12814,9599,2018-08-06 23:04:00
20180806 23:05,511.0,511.0,510.5,510.5,83980,102.0,103196,-74.0,4150860000.0,5210000.0,14828,25209,2018-08-06 23:05:00
20180806 23:06,510.5,510.5,509.5,509.5,84494,514.0,102770,-426.0,4177080000.0,26220000.0,14316,9312,2018-08-06 23:06:00
20180806 23:07,509.5,509.5,509.5,509.5,84608,114.0,102750,-20.0,4182890000.0,5810000.0,7227,8477,2018-08-06 23:07:00
20180806 23:08,509.5,509.5,509.0,509.5,84816,208.0,102550,-200.0,4193480000.0,10590000.0,2319,3082,2018-08-06 23:08:00
20180806 23:09,509.5,510.0,509.5,510.0,84864,48.0,102522,-28.0,4195930000.0,2450000.0,2520,9724,2018-08-06 23:09:00
20180806 23:10,510.0,510.0,510.0,510.0,85630,766.0,102450,-72.0,4235000000.0,39070000.0,17488,12507,2018-08-06 23:10:00
20180806 23:11,510.0,510.0,510.0,510.0,85796,166.0,102336,-114.0,4243460000.0,8460000.0,13759,13909,2018-08-06 23:11:00
20180806 23:12,510.0,510.0,509.0,509.5,87436,1640.0,102412,76.0,4327020000.0,83560000.0,10779,16033,2018-08-06 23:12:00
20180806 23:13,509.5,509.5,509.5,509.5,92106,4670.0,102906,494.0,4564960000.0,237940000.0,5856,9564,2018-08-06 23:13:00
20180806 23:14,509.5,509.5,509.5,509.5,92106,0.0,102906,0.0,4564960000.0,0.0,45,322,2018-08-06 23:14:00
20180806 23:15,509.5,509.5,507.5,508.0,93244,1138.0,102852,-54.0,4622780000.0,57820000.0,5692,5714,2018-08-06 23:15:00
20180806 23:16,508.0,508.0,507.5,508.0,93500,256.0,102810,-42.0,4635790000.0,13010000.0,4706,13032,2018-08-06 23:16:00
20180806 23:17,508.0,508.0,508.0,508.0,93604,104.0,102770,-40.0,4641070000.0,5280000.0,4294,5675,2018-08-06 23:17:00
20180806 23:18,508.0,508.5,508.0,508.5,97056,3452.0,102230,-540.0,4816480000.0,175410000.0,4473,10770,2018-08-06 23:18:00
20180806 23:19,508.5,508.5,508.0,508.0,99450,2394.0,102630,400.0,4938210000.0,121730000.0,10488,8605,2018-08-06 23:19:00
20180806 23:20,508.0,508.5,508.0,508.5,100154,704.0,102186,-444.0,4974010000.0,35800000.0,1602,3170,2018-08-06 23:20:00
20180806 23:21,508.5,509.0,508.5,509.0,100240,86.0,102114,-72.0,4978390000.0,4380000.0,1924,233,2018-08-06 23:21:00
20180806 23:22,509.0,509.0,509.0,509.0,100328,88.0,102042,-72.0,4982870000.0,4480000.0,5835,425,2018-08-06 23:22:00
20180806 23:23,509.0,509.0,508.0,508.0,100352,24.0,102046,4.0,4984090000.0,1220000.0,18125,4199,2018-08-06 23:23:00
20180806 23:24,508.0,508.0,504.5,505.5,101600,1248.0,101936,-110.0,5047230000.0,63140000.0,7349,8563,2018-08-06 23:24:00
20180806 23:25,505.5,506.0,505.0,505.0,102244,644.0,102282,346.0,5079780000.0,32550000.0,12081,17913,2018-08-06 23:25:00
20180806 23:26,505.0,506.5,504.5,506.5,104526,2282.0,102216,-66.0,5195160000.0,115380000.0,11411,16050,2018-08-06 23:26:00
20180806 23:27,506.5,507.0,506.0,506.5,104582,56.0,102210,-6.0,5197990000.0,2830000.0,2298,8637,2018-08-06 23:27:00
20180806 23:28,506.5,507.0,506.5,507.0,104810,228.0,102046,-164.0,5209540000.0,11550000.0,9619,5501,2018-08-06 23:28:00
20180806 23:29,507.0,507.0,506.0,506.0,105216,406.0,101714,-332.0,5230100000.0,20560000.0,2216,1739,2018-08-06 23:29:00
20180806 23:30,506.0,506.0,506.0,506.0,105216,0.0,101714,0.0,5230100000.0,0.0,92,69,2018-08-06 23:30:00
20180807 09:00,507.5,507.5,505.5,507.0,67292,67292.0,102734,1020.0,3414290000.0,3414290000.0,2617,3480,2018-08-07 09:00:00
20180807 09:01,508.0,508.0,506.0,506.0,67790,498.0,102852,118.0,3439520000.0,25230000.0,4092,3134,2018-08-07 09:01:00
20180807 09:02,506.0,506.5,506.0,506.5,67944,154.0,102844,-8.0,3447320000.0,7800000.0,9404,3170,2018-08-07 09:02:00
20180807 09:03,506.5,507.5,506.5,507.5,67994,50.0,102852,8.0,3449850000.0,2530000.0,3866,1079,2018-08-07 09:03:00
20180807 09:04,507.5,507.5,506.5,506.5,68214,220.0,102864,12.0,3461010000.0,11160000.0,10088,8903,2018-08-07 09:04:00
20180807 09:05,507.0,507.5,507.0,507.0,68510,296.0,102932,68.0,3476020000.0,15010000.0,8392,3134,2018-08-07 09:05:00
20180807 09:06,507.0,508.0,506.5,507.5,68818,308.0,102942,10.0,3491650000.0,15630000.0,13402,1431,2018-08-07 09:06:00
20180807 09:07,507.5,507.5,507.5,507.5,68992,174.0,102922,-20.0,3500480000.0,8830000.0,8167,1086,2018-08-07 09:07:00
20180807 09:08,507.5,508.0,507.5,507.5,69354,362.0,102776,-146.0,3518870000.0,18390000.0,4113,1343,2018-08-07 09:08:00
20180807 09:09,507.5,508.0,507.5,507.5,69736,382.0,103044,268.0,3538260000.0,19390000.0,7569,1689,2018-08-07 09:09:00
20180807 09:10,507.5,508.0,507.5,508.0,69982,246.0,102990,-54.0,3550760000.0,12500000.0,3997,3505,2018-08-07 09:10:00
20180807 09:11,508.0,508.0,508.0,508.0,70128,146.0,103020,30.0,3558170000.0,7410000.0,873,1343,2018-08-07 09:11:00
20180807 09:12,508.0,508.0,507.5,507.5,70198,70.0,102996,-24.0,3561730000.0,3560000.0,528,836,2018-08-07 09:12:00
20180807 09:13,507.5,508.0,507.5,508.0,70248,50.0,102958,-38.0,3564270000.0,2540000.0,1457,1022,2018-08-07 09:13:00
20180807 09:14,508.0,508.0,507.0,507.0,70382,134.0,102956,-2.0,3571070000.0,6800000.0,1296,1906,2018-08-07 09:14:00
20180807 09:15,507.0,507.5,507.0,507.5,70686,304.0,102948,-8.0,3586500000.0,15430000.0,3321,4797,2018-08-07 09:15:00
20180807 09:16,507.5,508.0,507.5,508.0,70804,118.0,102994,46.0,3592490000.0,5990000.0,3004,3100,2018-08-07 09:16:00
20180807 09:17,508.0,508.0,508.0,508.0,70818,14.0,102990,-4.0,3593200000.0,710000.0,265,2082,2018-08-07 09:17:00
20180807 09:18,508.0,508.0,507.0,507.0,71246,428.0,103050,60.0,3614910000.0,21710000.0,2304,4252,2018-08-07 09:18:00
20180807 09:19,507.0,507.0,506.5,506.5,71604,358.0,103328,278.0,3633050000.0,18140000.0,1741,2998,2018-08-07 09:19:00
20180807 09:20,506.5,507.0,506.0,507.0,72116,512.0,103458,130.0,3659000000.0,25950000.0,1931,2751,2018-08-07 09:20:00
20180807 09:21,507.0,507.0,507.0,507.0,72254,138.0,103476,18.0,3665990000.0,6990000.0,3443,1776,2018-08-07 09:21:00
20180807 09:22,506.5,506.5,506.0,506.0,72380,126.0,103424,-52.0,3672370000.0,6380000.0,1561,1525,2018-08-07 09:22:00
20180807 09:23,506.0,506.0,503.5,504.5,73472,1092.0,103718,294.0,3727490000.0,55120000.0,4226,6560,2018-08-07 09:23:00
20180807 09:24,504.0,506.0,504.0,505.5,74110,638.0,103492,-226.0,3759700000.0,32210000.0,6151,1885,2018-08-07 09:24:00
20180807 09:25,505.5,505.5,505.5,505.5,74162,52.0,103496,4.0,3762330000.0,2630000.0,3553,1204,2018-08-07 09:25:00
20180807 09:26,505.5,506.0,505.0,505.5,74274,112.0,103488,-8.0,3767990000.0,5660000.0,2167,1074,2018-08-07 09:26:00
20180807 09:27,505.5,505.5,505.5,505.5,74332,58.0,103450,-38.0,3770930000.0,2940000.0,2606,279,2018-08-07 09:27:00
20180807 09:28,505.5,506.0,505.5,506.0,74334,2.0,103452,2.0,3771030000.0,100000.0,410,756,2018-08-07 09:28:00
20180807 09:29,506.0,506.0,505.5,505.5,74340,6.0,103456,4.0,3771330000.0,300000.0,231,270,2018-08-07 09:29:00
20180807 09:30,505.5,505.5,505.5,505.5,74410,70.0,103474,18.0,3774870000.0,3540000.0,1848,1518,2018-08-07 09:30:00
20180807 09:31,505.5,506.0,505.5,506.0,74846,436.0,103466,-8.0,3796930000.0,22060000.0,6042,1688,2018-08-07 09:31:00
20180807 09:32,506.0,507.5,506.0,507.0,74962,116.0,103492,26.0,3802810000.0,5880000.0,7496,2439,2018-08-07 09:32:00
20180807 09:33,507.0,507.0,506.0,506.0,75014,52.0,103492,0.0,3805440000.0,2630000.0,4818,1374,2018-08-07 09:33:00
20180807 09:34,506.0,506.0,506.0,506.0,75036,22.0,103480,-12.0,3806560000.0,1120000.0,4090,496,2018-08-07 09:34:00
20180807 09:35,506.0,506.0,506.0,506.0,75070,34.0,103474,-6.0,3808280000.0,1720000.0,481,962,2018-08-07 09:35:00
20180807 09:36,506.0,506.0,505.5,505.5,75364,294.0,103428,-46.0,3823140000.0,14860000.0,4453,3851,2018-08-07 09:36:00
20180807 09:37,505.5,505.5,505.0,505.5,75640,276.0,103336,-92.0,3837090000.0,13950000.0,8316,3606,2018-08-07 09:37:00
20180807 09:38,505.5,505.5,505.0,505.0,75652,12.0,103324,-12.0,3837690000.0,600000.0,1782,1475,2018-08-07 09:38:00
20180807 09:39,505.0,505.0,505.0,505.0,75782,130.0,103362,38.0,3844260000.0,6570000.0,2351,3145,2018-08-07 09:39:00
20180807 09:40,505.0,506.0,505.0,505.5,76102,320.0,103306,-56.0,3860440000.0,16180000.0,1956,2449,2018-08-07 09:40:00
20180807 09:41,505.5,505.5,505.5,505.5,76118,16.0,103310,4.0,3861250000.0,810000.0,520,355,2018-08-07 09:41:00
20180807 09:42,505.5,506.5,505.5,506.5,76180,62.0,103312,2.0,3864390000.0,3140000.0,663,335,2018-08-07 09:42:00
20180807 09:43,506.5,506.5,505.5,505.5,76290,110.0,103368,56.0,3869950000.0,5560000.0,824,2072,2018-08-07 09:43:00
20180807 09:44,505.5,505.5,505.0,505.0,76400,110.0,103368,0.0,3875510000.0,5560000.0,2917,2443,2018-08-07 09:44:00
20180807 09:45,505.0,505.0,505.0,505.0,76432,32.0,103372,4.0,3877130000.0,1620000.0,1373,1674,2018-08-07 09:45:00
20180807 09:46,505.0,505.5,505.0,505.0,76500,68.0,103362,-10.0,3880560000.0,3430000.0,4356,2592,2018-08-07 09:46:00
20180807 09:47,505.5,505.5,505.5,505.5,76646,146.0,103498,136.0,3887950000.0,7390000.0,2160,1299,2018-08-07 09:47:00
20180807 09:48,505.5,506.0,505.5,506.0,76944,298.0,103510,12.0,3903010000.0,15060000.0,1359,879,2018-08-07 09:48:00
20180807 09:49,506.0,506.0,506.0,506.0,77020,76.0,103476,-34.0,3906850000.0,3840000.0,686,1178,2018-08-07 09:49:00
20180807 09:50,506.0,506.0,506.0,506.0,77020,0.0,103476,0.0,3906850000.0,0.0,363,1539,2018-08-07 09:50:00
20180807 09:51,506.0,506.0,506.0,506.0,77020,0.0,103476,0.0,3906850000.0,0.0,86,147,2018-08-07 09:51:00
20180807 09:52,506.5,506.5,506.5,506.5,78160,1140.0,103170,-306.0,3964600000.0,57750000.0,8350,3748,2018-08-07 09:52:00
20180807 09:53,506.5,506.5,506.0,506.0,78452,292.0,103310,140.0,3979370000.0,14770000.0,5540,4894,2018-08-07 09:53:00
20180807 09:54,506.0,506.0,506.0,506.0,78588,136.0,103182,-128.0,3986250000.0,6880000.0,1741,822,2018-08-07 09:54:00
20180807 09:55,506.0,506.0,506.0,506.0,78716,128.0,103164,-18.0,3992730000.0,6480000.0,13967,3669,2018-08-07 09:55:00
20180807 09:56,506.0,506.0,506.0,506.0,78936,220.0,103128,-36.0,4003860000.0,11130000.0,6725,4238,2018-08-07 09:56:00
20180807 09:57,506.0,506.0,506.0,506.0,78948,12.0,103128,0.0,4004470000.0,610000.0,2834,1794,2018-08-07 09:57:00
20180807 09:58,506.0,506.0,506.0,506.0,78952,4.0,103128,0.0,4004670000.0,200000.0,2839,1920,2018-08-07 09:58:00
20180807 09:59,506.0,506.0,506.0,506.0,78952,0.0,103128,0.0,4004670000.0,0.0,1278,851,2018-08-07 09:59:00
20180807 10:00,506.0,506.0,505.5,505.5,79050,98.0,103148,20.0,4009630000.0,4960000.0,4527,2708,2018-08-07 10:00:00
20180807 10:01,505.5,505.5,505.5,505.5,79410,360.0,103048,-100.0,4027820000.0,18190000.0,6566,2851,2018-08-07 10:01:00
20180807 10:02,505.5,505.5,505.5,505.5,79422,12.0,103048,0.0,4028430000.0,610000.0,2890,786,2018-08-07 10:02:00
20180807 10:03,505.5,505.5,505.0,505.5,79480,58.0,103062,14.0,4031360000.0,2930000.0,1599,1117,2018-08-07 10:03:00
20180807 10:04,505.5,506.0,505.5,505.5,79858,378.0,103162,100.0,4050470000.0,19110000.0,6652,4396,2018-08-07 10:04:00
20180807 10:05,505.5,505.5,505.5,505.5,80154,296.0,102944,-218.0,4065440000.0,14970000.0,4073,2376,2018-08-07 10:05:00
20180807 10:06,505.5,505.5,505.5,505.5,80290,136.0,102898,-46.0,4072310000.0,6870000.0,5943,1704,2018-08-07 10:06:00
20180807 10:07,505.5,506.5,505.5,506.5,80442,152.0,102820,-78.0,4080010000.0,7700000.0,5202,1422,2018-08-07 10:07:00
20180807 10:08,506.5,506.5,506.0,506.5,80608,166.0,102744,-76.0,4088410000.0,8400000.0,6834,3968,2018-08-07 10:08:00
20180807 10:09,506.5,506.5,506.5,506.5,81002,394.0,102742,-2.0,4108370000.0,19960000.0,4015,3463,2018-08-07 10:09:00
20180807 10:10,506.5,506.5,506.5,506.5,81002,0.0,102742,0.0,4108370000.0,0.0,3357,1189,2018-08-07 10:10:00
20180807 10:11,506.0,506.0,506.0,506.0,81028,26.0,102750,8.0,4109690000.0,1320000.0,1213,406,2018-08-07 10:11:00
20180807 10:12,506.0,506.0,505.5,505.5,81102,74.0,102806,56.0,4113430000.0,3740000.0,2355,1754,2018-08-07 10:12:00
20180807 10:13,505.5,506.0,505.5,505.5,81188,86.0,102774,-32.0,4117780000.0,4350000.0,9718,2759,2018-08-07 10:13:00
20180807 10:14,505.5,506.0,505.5,505.5,81684,496.0,102762,-12.0,4142850000.0,25070000.0,5863,2593,2018-08-07 10:14:00
20180807 10:30,505.5,505.5,505.5,505.5,82034,350.0,102920,158.0,4160540000.0,17690000.0,3655,3525,2018-08-07 10:30:00
20180807 10:31,505.5,505.5,505.5,505.5,82038,4.0,102924,4.0,4160740000.0,200000.0,2375,3149,2018-08-07 10:31:00
20180807 10:32,505.5,505.5,505.5,505.5,82166,128.0,102904,-20.0,4167220000.0,6480000.0,3690,1333,2018-08-07 10:32:00
20180807 10:33,505.5,505.5,505.5,505.5,82890,724.0,102930,26.0,4203810000.0,36590000.0,3316,3788,2018-08-07 10:33:00
20180807 10:34,505.5,505.5,505.5,505.5,82900,10.0,102940,10.0,4204320000.0,510000.0,4052,2945,2018-08-07 10:34:00
20180807 10:35,505.5,506.0,505.5,506.0,82952,52.0,102934,-6.0,4206950000.0,2630000.0,1314,1655,2018-08-07 10:35:00
20180807 10:36,506.0,506.0,505.5,506.0,82972,20.0,102950,16.0,4207960000.0,1010000.0,628,984,2018-08-07 10:36:00
20180807 10:37,506.0,506.0,506.0,506.0,82972,0.0,102950,0.0,4207960000.0,0.0,125,307,2018-08-07 10:37:00
20180807 10:38,506.0,506.0,505.5,506.0,83008,36.0,102964,14.0,4209780000.0,1820000.0,1347,1658,2018-08-07 10:38:00
20180807 10:39,505.5,505.5,505.5,505.5,84244,1236.0,102908,-56.0,4272260000.0,62480000.0,6211,9047,2018-08-07 10:39:00
20180807 10:40,505.5,506.0,505.5,506.0,85460,1216.0,103452,544.0,4333770000.0,61510000.0,5193,16832,2018-08-07 10:40:00
20180807 10:41,506.0,506.5,506.0,506.5,85678,218.0,103632,180.0,4344810000.0,11040000.0,2041,5591,2018-08-07 10:41:00
20180807 10:42,506.5,506.5,506.5,506.5,85678,0.0,103632,0.0,4344810000.0,0.0,235,302,2018-08-07 10:42:00
20180807 10:43,506.5,506.5,506.5,506.5,85756,78.0,103642,10.0,4348760000.0,3950000.0,5530,3451,2018-08-07 10:43:00
20180807 10:44,506.5,507.0,506.5,506.5,86576,820.0,103008,-634.0,4390290000.0,41530000.0,2057,6159,2018-08-07 10:44:00
20180807 10:45,506.5,506.5,506.5,506.5,86640,64.0,102978,-30.0,4393540000.0,3250000.0,1905,7322,2018-08-07 10:45:00
20180807 10:46,506.5,506.5,506.5,506.5,86920,280.0,102790,-188.0,4407720000.0,14180000.0,3626,2890,2018-08-07 10:46:00
20180807 10:47,506.5,506.5,506.5,506.5,87612,692.0,102788,-2.0,4442770000.0,35050000.0,3094,4390,2018-08-07 10:47:00
20180807 10:48,506.5,506.5,506.5,506.5,88324,712.0,102772,-16.0,4478830000.0,36060000.0,1646,6322,2018-08-07 10:48:00
20180807 10:49,506.5,506.5,506.0,506.0,88802,478.0,102798,26.0,4503040000.0,24210000.0,4521,9213,2018-08-07 10:49:00
20180807 10:50,506.0,506.5,506.0,506.0,89176,374.0,102842,44.0,4521970000.0,18930000.0,9851,9202,2018-08-07 10:50:00
20180807 10:51,506.0,506.5,506.0,506.5,89316,140.0,102896,54.0,4529060000.0,7090000.0,5394,8040,2018-08-07 10:51:00
20180807 10:52,506.5,506.5,506.5,506.5,89316,0.0,102896,0.0,4529060000.0,0.0,10821,9080,2018-08-07 10:52:00
20180807 10:53,506.5,506.5,506.5,506.5,89316,0.0,102896,0.0,4529060000.0,0.0,6417,5594,2018-08-07 10:53:00
20180807 10:54,506.5,506.5,506.0,506.0,89898,582.0,103054,158.0,4558510000.0,29450000.0,10818,9374,2018-08-07 10:54:00
20180807 10:55,506.0,506.0,506.0,506.0,90740,842.0,103178,124.0,4601110000.0,42600000.0,6153,4014,2018-08-07 10:55:00
20180807 10:56,506.0,506.0,506.0,506.0,90836,96.0,103160,-18.0,4605970000.0,4860000.0,2853,3670,2018-08-07 10:56:00
20180807 10:57,506.0,506.0,505.5,505.5,92088,1252.0,103178,18.0,4669320000.0,63350000.0,6149,6953,2018-08-07 10:57:00
20180807 10:58,505.5,506.0,505.5,505.5,92466,378.0,103256,78.0,4688430000.0,19110000.0,3987,10940,2018-08-07 10:58:00
20180807 10:59,505.5,506.0,505.5,506.0,92962,496.0,103532,276.0,4713510000.0,25080000.0,11447,4587,2018-08-07 10:59:00
20180807 11:00,506.0,506.0,506.0,506.0,94216,1254.0,103510,-22.0,4776960000.0,63450000.0,11535,2949,2018-08-07 11:00:00
20180807 11:01,506.0,506.0,505.5,505.5,95062,846.0,103440,-70.0,4819730000.0,42770000.0,4043,2777,2018-08-07 11:01:00
20180807 11:02,505.5,505.5,505.5,505.5,95192,130.0,103538,98.0,4826300000.0,6570000.0,1813,3975,2018-08-07 11:02:00
20180807 11:03,505.5,505.5,505.5,505.5,95624,432.0,103554,16.0,4848140000.0,21840000.0,8203,5311,2018-08-07 11:03:00
20180807 11:04,505.5,505.5,505.5,505.5,96594,970.0,103696,142.0,4897170000.0,49030000.0,6437,4509,2018-08-07 11:04:00
20180807 11:05,505.5,505.5,505.0,505.0,96628,34.0,103702,6.0,4898890000.0,1720000.0,1400,3339,2018-08-07 11:05:00
20180807 11:06,505.0,505.5,505.0,505.0,96780,152.0,103734,32.0,4906560000.0,7670000.0,5765,4310,2018-08-07 11:06:00
20180807 11:07,505.0,505.0,505.0,505.0,96964,184.0,103586,-148.0,4915860000.0,9300000.0,8557,3776,2018-08-07 11:07:00
20180807 11:08,505.0,505.0,505.0,505.0,98176,1212.0,103502,-84.0,4977060000.0,61200000.0,9425,4801,2018-08-07 11:08:00
20180807 11:09,505.0,505.5,505.0,505.5,98236,60.0,103508,6.0,4980090000.0,3030000.0,4315,2895,2018-08-07 11:09:00
20180807 11:10,505.5,505.5,505.5,505.5,98248,12.0,103506,-2.0,4980700000.0,610000.0,4278,1791,2018-08-07 11:10:00
20180807 11:11,505.5,505.5,505.5,505.5,98538,290.0,103604,98.0,4995360000.0,14660000.0,4820,2129,2018-08-07 11:11:00
20180807 11:12,505.5,505.5,505.5,505.5,98538,0.0,103604,0.0,4995360000.0,0.0,4555,4138,2018-08-07 11:12:00
20180807 11:13,505.5,505.5,504.5,504.5,100434,1896.0,103936,332.0,5091040000.0,95680000.0,5979,4348,2018-08-07 11:13:00
20180807 11:14,504.5,504.5,504.5,504.5,101230,796.0,103862,-74.0,5131200000.0,40160000.0,2260,1380,2018-08-07 11:14:00
20180807 11:15,504.5,505.0,504.5,504.5,101302,72.0,103872,10.0,5134830000.0,3630000.0,2739,516,2018-08-07 11:15:00
20180807 11:16,504.5,504.5,503.5,503.5,102040,738.0,104028,156.0,5172030000.0,37200000.0,3341,4048,2018-08-07 11:16:00
20180807 11:17,503.5,505.5,503.5,505.0,102942,902.0,103442,-586.0,5217580000.0,45550000.0,6606,13051,2018-08-07 11:17:00
20180807 11:18,505.0,505.0,504.5,504.5,106874,3932.0,103412,-30.0,5416070000.0,198490000.0,9341,12426,2018-08-07 11:18:00
20180807 11:19,504.5,505.0,504.5,505.0,109728,2854.0,103428,16.0,5560190000.0,144120000.0,6975,6669,2018-08-07 11:19:00
20180807 11:20,505.0,505.0,504.5,504.5,113006,3278.0,103874,446.0,5725570000.0,165380000.0,5221,9921,2018-08-07 11:20:00
20180807 11:21,504.5,504.5,504.5,504.5,118966,5960.0,103884,10.0,6026250000.0,300680000.0,4398,20124,2018-08-07 11:21:00
20180807 11:22,504.5,504.5,504.5,504.5,122712,3746.0,103542,-342.0,6215230000.0,188980000.0,2422,16869,2018-08-07 11:22:00
20180807 11:23,504.5,504.5,504.5,504.5,125354,2642.0,103786,244.0,6348520000.0,133290000.0,4389,14247,2018-08-07 11:23:00
20180807 11:24,504.5,504.5,504.5,504.5,126720,1366.0,103920,134.0,6417440000.0,68920000.0,776,3204,2018-08-07 11:24:00
20180807 11:25,504.5,504.5,504.5,504.5,127370,650.0,103954,34.0,6450230000.0,32790000.0,784,3856,2018-08-07 11:25:00
20180807 11:26,504.5,504.5,504.5,504.5,127372,2.0,103954,0.0,6450330000.0,100000.0,257,280,2018-08-07 11:26:00
20180807 11:27,504.5,505.5,504.5,505.0,127480,108.0,103900,-54.0,6455790000.0,5460000.0,2347,7112,2018-08-07 11:27:00
20180807 11:28,505.0,505.5,505.0,505.5,127486,6.0,103900,0.0,6456090000.0,300000.0,869,6179,2018-08-07 11:28:00
20180807 11:29,505.5,506.0,505.0,505.5,127684,198.0,103866,-34.0,6466100000.0,10010000.0,4058,12918,2018-08-07 11:29:00
20180807 13:30,505.5,506.5,505.5,506.0,127868,184.0,103852,-14.0,6475410000.0,9310000.0,10059,4290,2018-08-07 13:30:00
20180807 13:31,506.0,506.0,506.0,506.0,127956,88.0,103860,8.0,6479860000.0,4450000.0,2531,7985,2018-08-07 13:31:00
20180807 13:32,506.0,506.0,505.5,505.5,128578,622.0,104330,470.0,6511310000.0,31450000.0,4835,2936,2018-08-07 13:32:00
20180807 13:33,506.0,506.0,506.0,506.0,129200,622.0,103878,-452.0,6542780000.0,31470000.0,3122,1512,2018-08-07 13:33:00
20180807 13:34,506.0,506.5,506.0,506.5,130204,1004.0,103870,-8.0,6593630000.0,50850000.0,9105,9250,2018-08-07 13:34:00
20180807 13:35,506.5,506.5,506.5,506.5,130238,34.0,103886,16.0,6595360000.0,1730000.0,3478,11042,2018-08-07 13:35:00
20180807 13:36,506.5,508.0,506.5,507.5,130452,214.0,103930,44.0,6606210000.0,10850000.0,7605,4295,2018-08-07 13:36:00
20180807 13:37,507.5,508.5,507.5,508.5,130874,422.0,104004,74.0,6627670000.0,21460000.0,16178,9299,2018-08-07 13:37:00
20180807 13:38,508.5,509.0,508.5,508.5,131000,126.0,104054,50.0,6634070000.0,6400000.0,6731,5130,2018-08-07 13:38:00
20180807 13:39,508.5,508.5,508.0,508.0,131128,128.0,104084,30.0,6640570000.0,6500000.0,4935,2071,2018-08-07 13:39:00
20180807 13:40,508.0,510.0,508.0,509.5,131754,626.0,104198,114.0,6672430000.0,31860000.0,8258,2347,2018-08-07 13:40:00
20180807 13:41,509.5,510.0,509.0,509.5,132136,382.0,104240,42.0,6691890000.0,19460000.0,3321,2055,2018-08-07 13:41:00
20180807 13:42,509.5,510.0,509.5,509.5,132176,40.0,104240,0.0,6693930000.0,2040000.0,1058,557,2018-08-07 13:42:00
20180807 13:43,509.5,509.5,509.0,509.5,132242,66.0,104226,-14.0,6697290000.0,3360000.0,1120,531,2018-08-07 13:43:00
20180807 13:44,509.5,509.5,509.0,509.5,132354,112.0,104222,-4.0,6702990000.0,5700000.0,779,502,2018-08-07 13:44:00
20180807 13:45,509.5,509.5,509.0,509.5,132464,110.0,104270,48.0,6708600000.0,5610000.0,2157,1998,2018-08-07 13:45:00
20180807 13:46,509.5,509.5,509.0,509.5,132512,48.0,104228,-42.0,6711040000.0,2440000.0,1957,2090,2018-08-07 13:46:00
20180807 13:47,509.5,509.5,509.5,509.5,132512,0.0,104228,0.0,6711040000.0,0.0,1274,320,2018-08-07 13:47:00
20180807 13:48,509.5,509.5,508.0,508.5,133222,710.0,104446,218.0,6747180000.0,36140000.0,3675,5277,2018-08-07 13:48:00
20180807 13:49,508.5,509.0,508.5,508.5,133340,118.0,104498,52.0,6753180000.0,6000000.0,2278,696,2018-08-07 13:49:00
20180807 13:50,508.5,509.0,508.5,509.0,133396,56.0,104514,16.0,6756030000.0,2850000.0,2041,1237,2018-08-07 13:50:00
20180807 13:51,509.0,509.5,509.0,509.0,133520,124.0,104596,82.0,6762340000.0,6310000.0,1250,1421,2018-08-07 13:51:00
20180807 13:52,508.5,509.0,508.5,509.0,133650,130.0,104642,46.0,6768960000.0,6620000.0,1832,1403,2018-08-07 13:52:00
20180807 13:53,509.0,509.0,509.0,509.0,133672,22.0,104650,8.0,6770080000.0,1120000.0,365,201,2018-08-07 13:53:00
20180807 13:54,509.0,509.0,509.0,509.0,133676,4.0,104650,0.0,6770280000.0,200000.0,110,79,2018-08-07 13:54:00
20180807 13:55,509.0,509.5,509.0,509.5,133772,96.0,104600,-50.0,6775170000.0,4890000.0,1570,569,2018-08-07 13:55:00
20180807 13:56,509.5,509.5,509.0,509.0,133930,158.0,104556,-44.0,6783210000.0,8040000.0,1293,1376,2018-08-07 13:56:00
20180807 13:57,509.0,509.0,508.5,509.0,134068,138.0,104542,-14.0,6790240000.0,7030000.0,2638,2909,2018-08-07 13:57:00
20180807 13:58,509.0,509.0,508.5,509.0,134456,388.0,104538,-4.0,6809980000.0,19740000.0,857,963,2018-08-07 13:58:00
20180807 13:59,509.0,509.0,509.0,509.0,134524,68.0,104536,-2.0,6813440000.0,3460000.0,1101,1216,2018-08-07 13:59:00
20180807 14:00,509.0,509.0,509.0,509.0,134554,30.0,104536,0.0,6814970000.0,1530000.0,1217,1689,2018-08-07 14:00:00
20180807 14:01,509.0,509.0,509.0,509.0,134618,64.0,104544,8.0,6818220000.0,3250000.0,415,765,2018-08-07 14:01:00
20180807 14:02,509.0,509.0,509.0,509.0,134618,0.0,104544,0.0,6818220000.0,0.0,372,983,2018-08-07 14:02:00
20180807 14:03,509.0,509.0,509.0,509.0,134618,0.0,104544,0.0,6818220000.0,0.0,122,495,2018-08-07 14:03:00
20180807 14:04,509.5,509.5,509.5,509.5,134782,164.0,104600,56.0,6826580000.0,8360000.0,2019,1864,2018-08-07 14:04:00
20180807 14:05,509.5,509.5,509.5,509.5,135452,670.0,104590,-10.0,6860720000.0,34140000.0,2000,3366,2018-08-07 14:05:00
20180807 14:06,509.5,509.5,509.5,509.5,136080,628.0,104544,-46.0,6892710000.0,31990000.0,1282,2166,2018-08-07 14:06:00
20180807 14:07,509.5,509.5,509.5,509.5,137194,1114.0,104596,52.0,6949470000.0,56760000.0,1400,1729,2018-08-07 14:07:00
20180807 14:08,509.5,509.5,509.5,509.5,137202,8.0,104590,-6.0,6949880000.0,410000.0,350,128,2018-08-07 14:08:00
20180807 14:09,509.5,510.0,509.5,509.5,137896,694.0,104830,240.0,6985250000.0,35370000.0,767,4418,2018-08-07 14:09:00
20180807 14:10,509.5,510.0,509.5,510.0,138216,320.0,104960,130.0,7001570000.0,16320000.0,2835,9126,2018-08-07 14:10:00
20180807 14:11,510.0,510.0,510.0,510.0,138224,8.0,104952,-8.0,7001980000.0,410000.0,1119,691,2018-08-07 14:11:00
20180807 14:12,510.0,512.5,510.0,511.0,139102,878.0,105226,274.0,7046880000.0,44900000.0,3535,2609,2018-08-07 14:12:00
20180807 14:13,511.0,512.0,511.0,512.0,139112,10.0,105230,4.0,7047390000.0,510000.0,2667,2071,2018-08-07 14:13:00
20180807 14:14,512.0,512.0,511.5,511.5,139388,276.0,105224,-6.0,7061510000.0,14120000.0,919,2324,2018-08-07 14:14:00
20180807 14:15,511.5,512.0,511.0,512.0,139502,114.0,105208,-16.0,7067340000.0,5830000.0,1885,1858,2018-08-07 14:15:00
20180807 14:16,512.0,512.0,511.0,511.5,139582,80.0,105220,12.0,7071430000.0,4090000.0,1318,205,2018-08-07 14:16:00
20180807 14:17,511.5,512.0,511.5,512.0,139664,82.0,105218,-2.0,7075630000.0,4200000.0,945,1476,2018-08-07 14:17:00
20180807 14:18,512.0,512.0,511.0,511.0,139688,24.0,105208,-10.0,7076850000.0,1220000.0,614,503,2018-08-07 14:18:00
20180807 14:19,511.0,511.0,510.5,511.0,139960,272.0,105242,34.0,7090740000.0,13890000.0,2338,1711,2018-08-07 14:19:00
20180807 14:20,511.0,511.0,509.5,510.0,140194,234.0,105230,-12.0,7102690000.0,11950000.0,4058,2123,2018-08-07 14:20:00
20180807 14:21,510.0,510.0,509.5,509.5,140220,26.0,105232,2.0,7104020000.0,1330000.0,504,1527,2018-08-07 14:21:00
20180807 14:22,509.5,509.5,509.5,509.5,140220,0.0,105232,0.0,7104020000.0,0.0,253,584,2018-08-07 14:22:00
20180807 14:23,509.5,510.0,509.0,509.0,140534,314.0,105194,-38.0,7120010000.0,15990000.0,1587,1599,2018-08-07 14:23:00
20180807 14:24,509.0,509.0,509.0,509.0,141592,1058.0,105156,-38.0,7173860000.0,53850000.0,3602,1461,2018-08-07 14:24:00
20180807 14:25,509.0,509.5,509.0,509.5,141626,34.0,105144,-12.0,7175590000.0,1730000.0,621,1492,2018-08-07 14:25:00
20180807 14:26,509.5,509.5,509.5,509.5,141626,0.0,105144,0.0,7175590000.0,0.0,260,571,2018-08-07 14:26:00
20180807 14:27,509.5,509.5,509.5,509.5,141626,0.0,105144,0.0,7175590000.0,0.0,110,54,2018-08-07 14:27:00
20180807 14:28,509.5,510.0,509.5,509.5,142716,1090.0,104352,-792.0,7231130000.0,55540000.0,902,3002,2018-08-07 14:28:00
20180807 14:29,509.5,510.0,509.5,510.0,142794,78.0,104322,-30.0,7235110000.0,3980000.0,3270,2078,2018-08-07 14:29:00
20180807 14:30,510.0,510.0,510.0,510.0,142838,44.0,104284,-38.0,7237360000.0,2250000.0,461,407,2018-08-07 14:30:00
20180807 14:31,509.5,510.0,509.5,510.0,142876,38.0,104286,2.0,7239290000.0,1930000.0,767,1378,2018-08-07 14:31:00
20180807 14:32,510.0,510.5,510.0,510.0,143082,206.0,104272,-14.0,7249800000.0,10510000.0,6473,2910,2018-08-07 14:32:00
20180807 14:33,510.0,510.5,510.0,510.5,143116,34.0,104286,14.0,7251540000.0,1740000.0,2358,1253,2018-08-07 14:33:00
20180807 14:34,510.5,510.5,510.0,510.0,143142,26.0,104308,22.0,7252870000.0,1330000.0,4449,1695,2018-08-07 14:34:00
20180807 14:35,510.0,510.5,509.5,510.5,143182,40.0,104300,-8.0,7254910000.0,2040000.0,5171,2716,2018-08-07 14:35:00
20180807 14:36,510.5,510.5,510.5,510.5,143480,298.0,104496,196.0,7270120000.0,15210000.0,1915,3745,2018-08-07 14:36:00
20180807 14:37,510.5,510.5,510.5,510.5,143482,2.0,104496,0.0,7270220000.0,100000.0,932,570,2018-08-07 14:37:00
20180807 14:38,510.5,510.5,510.5,510.5,143672,190.0,104638,142.0,7279920000.0,9700000.0,868,561,2018-08-07 14:38:00
20180807 14:39,510.5,511.0,510.5,510.5,143678,6.0,104636,-2.0,7280230000.0,310000.0,536,1038,2018-08-07 14:39:00
20180807 14:40,510.5,511.0,510.5,511.0,143706,28.0,104636,0.0,7281660000.0,1430000.0,1534,1971,2018-08-07 14:40:00
20180807 14:41,511.0,511.0,511.0,511.0,143860,154.0,104666,30.0,7289530000.0,7870000.0,2363,1306,2018-08-07 14:41:00
20180807 14:42,511.0,511.0,510.5,510.5,143910,50.0,104658,-8.0,7292080000.0,2550000.0,684,172,2018-08-07 14:42:00
20180807 14:43,510.5,510.5,510.5,510.5,143988,78.0,104688,30.0,7296060000.0,3980000.0,2573,819,2018-08-07 14:43:00
20180807 14:44,510.5,511.0,510.0,510.5,144018,30.0,104692,4.0,7297590000.0,1530000.0,4999,1603,2018-08-07 14:44:00
20180807 14:45,510.5,510.5,510.5,510.5,144766,748.0,105344,652.0,7335780000.0,38190000.0,728,1246,2018-08-07 14:45:00
20180807 14:46,510.5,511.0,510.5,511.0,145658,892.0,105588,244.0,7381320000.0,45540000.0,5186,2382,2018-08-07 14:46:00
20180807 14:47,511.0,511.0,511.0,511.0,146020,362.0,105238,-350.0,7399820000.0,18500000.0,1878,631,2018-08-07 14:47:00
20180807 14:48,511.0,511.0,510.5,510.5,146346,326.0,105558,320.0,7416480000.0,16660000.0,1753,506,2018-08-07 14:48:00
20180807 14:49,511.0,511.0,510.5,510.5,146574,228.0,105516,-42.0,7428120000.0,11640000.0,2472,1178,2018-08-07 14:49:00
20180807 14:50,510.5,510.5,510.5,510.5,146584,10.0,105518,2.0,7428630000.0,510000.0,2421,1325,2018-08-07 14:50:00
20180807 14:51,510.5,510.5,510.0,510.0,146726,142.0,105468,-50.0,7435880000.0,7250000.0,1666,778,2018-08-07 14:51:00
20180807 14:52,510.0,510.0,509.5,510.0,146780,54.0,105472,4.0,7438630000.0,2750000.0,1035,565,2018-08-07 14:52:00
20180807 14:53,510.0,510.0,510.0,510.0,146782,2.0,105474,2.0,7438740000.0,110000.0,576,382,2018-08-07 14:53:00
20180807 14:54,510.0,510.0,509.5,509.5,146796,14.0,105462,-12.0,7439450000.0,710000.0,70,78,2018-08-07 14:54:00
20180807 14:55,509.5,509.5,509.5,509.5,146818,22.0,105452,-10.0,7440570000.0,1120000.0,336,214,2018-08-07 14:55:00
20180807 14:56,509.5,510.0,509.5,509.5,146842,24.0,105464,12.0,7441790000.0,1220000.0,3413,5916,2018-08-07 14:56:00
20180807 14:57,509.5,510.0,509.5,509.5,146876,34.0,105460,-4.0,7443520000.0,1730000.0,2190,1864,2018-08-07 14:57:00
20180807 14:58,509.5,509.5,509.0,509.0,147084,208.0,105458,-2.0,7454110000.0,10590000.0,1732,3593,2018-08-07 14:58:00
20180807 14:59,509.0,510.0,509.0,510.0,147132,48.0,105472,14.0,7456560000.0,2450000.0,1203,1693,2018-08-07 14:59:00
20180807 15:00,510.0,510.0,510.0,510.0,147132,0.0,105472,0.0,7456560000.0,0.0,108,12,2018-08-07 15:00:00
20180807 20:59,503.5,503.5,503.5,503.5,460,460.0,102962,-2510.0,23161000.0,23161000.0,2,1,2018-08-07 20:59:00
20180807 21:00,505.0,507.0,504.5,506.5,1772,1312.0,102888,-74.0,89524700.0,66363700.0,2373,7182,2018-08-07 21:00:00
20180807 21:01,506.0,507.0,506.0,507.0,2138,366.0,102820,-68.0,108059000.0,18534300.0,5862,2568,2018-08-07 21:01:00
20180807 21:02,507.0,508.5,507.0,508.0,2334,196.0,102760,-60.0,118010000.0,9951000.0,14019,2446,2018-08-07 21:02:00
20180807 21:03,508.0,509.0,508.0,509.0,2404,70.0,102772,12.0,121570000.0,3560000.0,12048,4344,2018-08-07 21:03:00
20180807 21:04,508.5,508.5,507.0,507.0,3394,990.0,103100,328.0,171891000.0,50321000.0,12922,12335,2018-08-07 21:04:00
20180807 21:05,507.0,507.5,506.0,507.5,4324,930.0,102580,-520.0,218998000.0,47107000.0,14883,22151,2018-08-07 21:05:00
20180807 21:06,507.5,508.0,507.0,507.5,4566,242.0,102482,-98.0,231273000.0,12275000.0,12581,12676,2018-08-07 21:06:00
20180807 21:07,507.5,507.5,506.5,507.5,5074,508.0,102492,10.0,257029000.0,25756000.0,22395,19499,2018-08-07 21:07:00
20180807 21:08,507.5,507.5,507.0,507.0,6504,1430.0,102962,470.0,329530000.0,72501000.0,7801,16689,2018-08-07 21:08:00
20180807 21:09,507.0,507.0,506.5,506.5,7054,550.0,102534,-428.0,357412000.0,27882000.0,3574,25183,2018-08-07 21:09:00
20180807 21:10,506.5,507.0,506.0,507.0,7578,524.0,102518,-16.0,383960000.0,26548000.0,14196,10654,2018-08-07 21:10:00
20180807 21:11,507.0,507.0,507.0,507.0,8270,692.0,102514,-4.0,419044000.0,35084000.0,9423,12338,2018-08-07 21:11:00
20180807 21:12,507.0,507.5,507.0,507.0,8384,114.0,102548,34.0,424824000.0,5780000.0,5967,11940,2018-08-07 21:12:00
20180807 21:13,507.0,507.0,507.0,507.0,10458,2074.0,102590,42.0,529976000.0,105152000.0,8283,16609,2018-08-07 21:13:00
20180807 21:14,507.0,507.0,506.5,506.5,10620,162.0,102532,-58.0,538184000.0,8208000.0,5890,832,2018-08-07 21:14:00
20180807 21:15,506.5,506.5,506.5,506.5,10622,2.0,102530,-2.0,538285000.0,101000.0,1232,109,2018-08-07 21:15:00
20180807 21:16,506.5,507.5,506.5,507.0,12776,2154.0,102478,-52.0,647494000.0,109209000.0,7621,8018,2018-08-07 21:16:00
20180807 21:17,507.0,507.0,506.5,507.0,14490,1714.0,102408,-70.0,734389000.0,86895000.0,11571,6472,2018-08-07 21:17:00
20180807 21:18,507.0,507.0,507.0,507.0,14490,0.0,102408,0.0,734389000.0,0.0,5207,580,2018-08-07 21:18:00
20180807 21:19,507.0,507.0,506.5,506.5,14762,272.0,102360,-48.0,748166000.0,13777000.0,14930,6995,2018-08-07 21:19:00
20180807 21:20,506.5,506.5,506.5,506.5,14914,152.0,102384,24.0,755865000.0,7699000.0,13890,6607,2018-08-07 21:20:00
20180807 21:21,506.5,507.5,506.5,507.5,15714,800.0,102024,-360.0,796430000.0,40565000.0,18924,9684,2018-08-07 21:21:00
20180807 21:22,507.5,508.0,507.5,508.0,15928,214.0,101952,-72.0,807301000.0,10871000.0,10112,7880,2018-08-07 21:22:00
20180807 21:23,508.0,508.5,508.0,508.0,16382,454.0,101812,-140.0,830367000.0,23066000.0,11605,5469,2018-08-07 21:23:00
20180807 21:24,508.0,508.0,507.5,508.0,16412,30.0,101806,-6.0,831890000.0,1523000.0,374,1832,2018-08-07 21:24:00
20180807 21:25,508.0,509.0,508.0,508.5,16838,426.0,101562,-244.0,853549000.0,21659000.0,3159,2064,2018-08-07 21:25:00
20180807 21:26,508.5,508.5,508.5,508.5,17046,208.0,101528,-34.0,864126000.0,10577000.0,13361,2069,2018-08-07 21:26:00
20180807 21:27,508.5,508.5,508.0,508.0,18094,1048.0,101698,170.0,917365000.0,53239000.0,978,3639,2018-08-07 21:27:00
20180807 21:28,508.0,508.5,507.5,507.5,18234,140.0,101760,62.0,924475000.0,7110000.0,960,6339,2018-08-07 21:28:00
20180807 21:29,507.5,507.5,507.5,507.5,18240,6.0,101756,-4.0,924779000.0,304000.0,574,757,2018-08-07 21:29:00
20180807 21:30,507.5,507.5,507.5,507.5,18240,0.0,101756,0.0,924779000.0,0.0,632,433,2018-08-07 21:30:00
20180807 21:31,507.5,507.5,507.5,507.5,18448,208.0,101750,-6.0,935335000.0,10556000.0,1878,1521,2018-08-07 21:31:00
20180807 21:32,507.5,507.5,507.5,507.5,18448,0.0,101750,0.0,935335000.0,0.0,412,699,2018-08-07 21:32:00
20180807 21:33,507.5,507.5,507.5,507.5,18506,58.0,101794,44.0,938279000.0,2944000.0,865,1820,2018-08-07 21:33:00
20180807 21:34,507.5,507.5,507.5,507.5,18570,64.0,101768,-26.0,941527000.0,3248000.0,823,1537,2018-08-07 21:34:00
20180807 21:35,507.5,508.0,507.5,508.0,18674,104.0,101800,32.0,946805000.0,5278000.0,359,1073,2018-08-07 21:35:00
20180807 21:36,508.0,508.0,508.0,508.0,18674,0.0,101800,0.0,946805000.0,0.0,77,289,2018-08-07 21:36:00
20180807 21:37,508.0,508.0,508.0,508.0,18674,0.0,101800,0.0,946805000.0,0.0,176,514,2018-08-07 21:37:00
20180807 21:38,508.0,508.0,508.0,508.0,18736,62.0,101780,-20.0,949954000.0,3149000.0,1799,1183,2018-08-07 21:38:00
20180807 21:39,508.0,508.0,508.0,508.0,18922,186.0,101782,2.0,959403000.0,9449000.0,1551,899,2018-08-07 21:39:00
20180807 21:40,508.0,508.5,508.0,508.5,19006,84.0,101776,-6.0,963674000.0,4271000.0,2491,6117,2018-08-07 21:40:00
20180807 21:41,508.5,508.5,508.5,508.5,19030,24.0,101786,10.0,964895000.0,1221000.0,1137,592,2018-08-07 21:41:00
20180807 21:42,508.5,508.5,508.5,508.5,19030,0.0,101786,0.0,964895000.0,0.0,251,438,2018-08-07 21:42:00
20180807 21:43,508.5,508.5,508.5,508.5,19030,0.0,101786,0.0,964895000.0,0.0,64,156,2018-08-07 21:43:00
20180807 21:44,508.5,509.0,508.5,509.0,19226,196.0,101822,36.0,974865000.0,9970000.0,1996,2010,2018-08-07 21:44:00
20180807 21:45,509.0,509.5,509.0,509.5,19238,12.0,101826,4.0,975476000.0,611000.0,2023,615,2018-08-07 21:45:00
20180807 21:46,509.5,509.5,509.0,509.0,19312,74.0,101836,10.0,979242000.0,3766000.0,4605,5432,2018-08-07 21:46:00
20180807 21:47,509.0,509.0,509.0,509.0,19416,104.0,101824,-12.0,984536000.0,5294000.0,6260,3006,2018-08-07 21:47:00
20180807 21:48,509.0,509.0,508.5,508.5,19442,26.0,101818,-6.0,985859000.0,1323000.0,847,2623,2018-08-07 21:48:00
20180807 21:49,508.5,509.0,508.5,509.0,19458,16.0,101834,16.0,986674000.0,815000.0,825,1625,2018-08-07 21:49:00
20180807 21:50,509.0,509.0,508.0,508.0,22840,3382.0,102052,218.0,1158640000.0,171966000.0,5040,8064,2018-08-07 21:50:00
20180807 21:51,508.0,508.5,508.0,508.5,25284,2444.0,102148,96.0,1282910000.0,124270000.0,5175,4018,2018-08-07 21:51:00
20180807 21:52,508.5,508.5,508.0,508.0,25656,372.0,102076,-72.0,1301810000.0,18900000.0,6172,4357,2018-08-07 21:52:00
20180807 21:53,508.0,508.0,508.0,508.0,25682,26.0,102056,-20.0,1303130000.0,1320000.0,482,297,2018-08-07 21:53:00
20180807 21:54,508.0,508.0,507.5,507.5,25784,102.0,101966,-90.0,1308310000.0,5180000.0,7041,1217,2018-08-07 21:54:00
20180807 21:55,507.5,507.5,505.0,505.5,26562,778.0,101804,-162.0,1347730000.0,39420000.0,2349,7977,2018-08-07 21:55:00
20180807 21:56,505.5,506.5,505.5,506.5,26596,34.0,101808,4.0,1349450000.0,1720000.0,917,4592,2018-08-07 21:56:00
20180807 21:57,506.5,506.5,506.0,506.5,26652,56.0,101798,-10.0,1352280000.0,2830000.0,501,7212,2018-08-07 21:57:00
20180807 21:58,506.5,506.5,506.0,506.0,26868,216.0,101720,-78.0,1363210000.0,10930000.0,6732,1594,2018-08-07 21:58:00
20180807 21:59,506.0,506.0,506.0,506.0,26934,66.0,101656,-64.0,1366550000.0,3340000.0,1231,637,2018-08-07 21:59:00
20180807 22:00,506.0,506.5,506.0,506.5,27034,100.0,101590,-66.0,1371620000.0,5070000.0,783,898,2018-08-07 22:00:00
20180807 22:01,506.5,506.5,506.5,506.5,27034,0.0,101590,0.0,1371620000.0,0.0,482,355,2018-08-07 22:01:00
20180807 22:02,506.5,506.5,506.5,506.5,27034,0.0,101590,0.0,1371620000.0,0.0,59,49,2018-08-07 22:02:00
20180807 22:03,506.5,506.5,506.5,506.5,28236,1202.0,101566,-24.0,1432500000.0,60880000.0,720,1020,2018-08-07 22:03:00
20180807 22:04,506.5,507.0,506.5,507.0,31476,3240.0,102216,650.0,1596610000.0,164110000.0,2116,14971,2018-08-07 22:04:00
20180807 22:05,507.0,508.0,507.0,508.0,31508,32.0,102232,16.0,1598230000.0,1620000.0,1414,343,2018-08-07 22:05:00
20180807 22:06,508.0,508.0,507.5,507.5,31548,40.0,102218,-14.0,1600260000.0,2030000.0,1531,1985,2018-08-07 22:06:00
20180807 22:07,507.5,507.5,506.5,507.0,32208,660.0,101694,-524.0,1633720000.0,33460000.0,719,9443,2018-08-07 22:07:00
20180807 22:08,507.0,507.0,507.0,507.0,32264,56.0,101698,4.0,1636560000.0,2840000.0,392,1847,2018-08-07 22:08:00
20180807 22:09,507.0,507.5,507.0,507.5,32272,8.0,101696,-2.0,1636970000.0,410000.0,253,71,2018-08-07 22:09:00
20180807 22:10,507.5,507.5,507.5,507.5,32320,48.0,101686,-10.0,1639400000.0,2430000.0,318,1497,2018-08-07 22:10:00
20180807 22:11,507.5,507.5,507.0,507.0,32420,100.0,101674,-12.0,1644470000.0,5070000.0,1569,5757,2018-08-07 22:11:00
20180807 22:12,507.0,507.5,507.0,507.5,32512,92.0,101672,-2.0,1649140000.0,4670000.0,2100,3058,2018-08-07 22:12:00
20180807 22:13,507.5,507.5,507.5,507.5,32610,98.0,101694,22.0,1654110000.0,4970000.0,2070,1844,2018-08-07 22:13:00
20180807 22:14,507.5,507.5,505.5,505.5,32926,316.0,101604,-90.0,1670110000.0,16000000.0,2393,5783,2018-08-07 22:14:00
20180807 22:15,505.5,505.5,505.0,505.5,35054,2128.0,102236,632.0,1777680000.0,107570000.0,4286,33525,2018-08-07 22:15:00
20180807 22:16,505.5,505.5,503.5,504.0,35252,198.0,102268,32.0,1787670000.0,9990000.0,2955,26123,2018-08-07 22:16:00
20180807 22:17,504.0,504.0,502.0,502.5,35998,746.0,102480,212.0,1825180000.0,37510000.0,10955,20226,2018-08-07 22:17:00
20180807 22:18,502.5,503.0,502.0,503.0,36634,636.0,102508,28.0,1857150000.0,31970000.0,10059,10794,2018-08-07 22:18:00
20180807 22:19,503.0,503.5,503.0,503.0,37558,924.0,102186,-322.0,1903670000.0,46520000.0,26596,3034,2018-08-07 22:19:00
20180807 22:20,503.0,503.0,503.0,503.0,38822,1264.0,102136,-50.0,1967250000.0,63580000.0,24437,6051,2018-08-07 22:20:00
20180807 22:21,503.0,503.0,502.5,502.5,39184,362.0,102108,-28.0,1985440000.0,18190000.0,27895,13559,2018-08-07 22:21:00
20180807 22:22,502.5,504.0,502.5,504.0,40066,882.0,102584,476.0,2029850000.0,44410000.0,14481,6849,2018-08-07 22:22:00
20180807 22:23,504.0,504.5,504.0,504.5,40174,108.0,102566,-18.0,2035290000.0,5440000.0,20738,4296,2018-08-07 22:23:00
20180807 22:24,504.5,504.5,504.0,504.0,40328,154.0,102556,-10.0,2043050000.0,7760000.0,13804,4206,2018-08-07 22:24:00
20180807 22:25,504.0,505.5,504.0,505.5,40760,432.0,102212,-344.0,2064880000.0,21830000.0,12577,14551,2018-08-07 22:25:00
20180807 22:26,505.5,505.5,505.0,505.0,41186,426.0,101972,-240.0,2086410000.0,21530000.0,7853,5740,2018-08-07 22:26:00
20180807 22:27,505.0,507.0,505.0,507.0,41996,810.0,101446,-526.0,2127340000.0,40930000.0,10145,25762,2018-08-07 22:27:00
20180807 22:28,507.0,508.5,507.0,508.5,42962,966.0,102048,602.0,2176340000.0,49000000.0,15071,18191,2018-08-07 22:28:00
20180807 22:29,508.5,508.5,508.0,508.0,43498,536.0,101794,-254.0,2203600000.0,27260000.0,10994,5169,2018-08-07 22:29:00
20180807 22:30,508.5,508.5,507.0,507.0,45170,1672.0,101392,-402.0,2288450000.0,84850000.0,11088,3797,2018-08-07 22:30:00
20180807 22:31,507.0,507.5,506.5,506.5,45320,150.0,101350,-42.0,2296060000.0,7610000.0,5424,6087,2018-08-07 22:31:00
20180807 22:32,506.5,507.5,506.5,507.0,45444,124.0,101356,6.0,2302350000.0,6290000.0,2103,2087,2018-08-07 22:32:00
20180807 22:33,507.0,507.5,507.0,507.5,45542,98.0,101340,-16.0,2307320000.0,4970000.0,15662,4263,2018-08-07 22:33:00
20180807 22:34,507.5,507.5,507.0,507.5,45942,400.0,101274,-66.0,2327620000.0,20300000.0,5294,151,2018-08-07 22:34:00
20180807 22:35,507.5,508.5,507.5,508.5,45958,16.0,101276,2.0,2328430000.0,810000.0,5653,231,2018-08-07 22:35:00
20180807 22:36,508.5,508.5,508.0,508.0,46164,206.0,101208,-68.0,2338890000.0,10460000.0,7904,4630,2018-08-07 22:36:00
20180807 22:37,508.0,508.0,508.0,508.0,46204,40.0,101182,-26.0,2340930000.0,2040000.0,5846,3977,2018-08-07 22:37:00
20180807 22:38,508.0,508.0,508.0,508.0,46300,96.0,101136,-46.0,2345800000.0,4870000.0,6099,4579,2018-08-07 22:38:00
20180807 22:39,508.0,508.5,508.0,508.5,46302,2.0,101136,0.0,2345910000.0,110000.0,3116,1032,2018-08-07 22:39:00
20180807 22:40,508.5,508.5,508.5,508.5,46434,132.0,101154,18.0,2352620000.0,6710000.0,2289,3014,2018-08-07 22:40:00
20180807 22:41,508.5,508.5,508.5,508.5,46434,0.0,101154,0.0,2352620000.0,0.0,84,132,2018-08-07 22:41:00
20180807 22:42,508.5,508.5,507.5,507.5,46474,40.0,101162,8.0,2354650000.0,2030000.0,2097,3016,2018-08-07 22:42:00
20180807 22:43,507.5,507.5,507.5,507.5,47630,1156.0,101216,54.0,2413320000.0,58670000.0,5325,4312,2018-08-07 22:43:00
20180807 22:44,507.5,507.5,507.5,507.5,47630,0.0,101216,0.0,2413320000.0,0.0,494,1196,2018-08-07 22:44:00
20180807 22:45,507.5,508.0,507.5,508.0,47682,52.0,101228,12.0,2415960000.0,2640000.0,2290,4115,2018-08-07 22:45:00
20180807 22:46,508.0,508.5,508.0,508.5,47828,146.0,101168,-60.0,2423380000.0,7420000.0,3876,6371,2018-08-07 22:46:00
20180807 22:47,508.5,508.5,508.5,508.5,47832,4.0,101166,-2.0,2423580000.0,200000.0,3014,6588,2018-08-07 22:47:00
20180807 22:48,508.5,508.5,508.5,508.5,47844,12.0,101156,-10.0,2424190000.0,610000.0,611,1002,2018-08-07 22:48:00
20180807 22:49,508.5,509.0,508.5,509.0,48480,636.0,101660,504.0,2456530000.0,32340000.0,577,1927,2018-08-07 22:49:00
20180807 22:50,509.0,511.0,509.0,510.5,48710,230.0,101618,-42.0,2468260000.0,11730000.0,1723,1097,2018-08-07 22:50:00
20180807 22:51,510.0,511.5,510.0,511.0,49902,1192.0,101574,-44.0,2529160000.0,60900000.0,3291,3305,2018-08-07 22:51:00
20180807 22:52,511.0,512.0,511.0,511.0,51516,1614.0,101804,230.0,2611700000.0,82540000.0,3475,2627,2018-08-07 22:52:00
20180807 22:53,511.0,511.5,511.0,511.5,51632,116.0,101838,34.0,2617640000.0,5940000.0,898,1916,2018-08-07 22:53:00
20180807 22:54,511.0,511.5,510.5,511.0,52156,524.0,101444,-394.0,2644410000.0,26770000.0,1598,8439,2018-08-07 22:54:00
20180807 22:55,511.0,511.0,510.5,510.5,54544,2388.0,101522,78.0,2766440000.0,122030000.0,3172,6646,2018-08-07 22:55:00
20180807 22:56,510.5,510.5,510.0,510.0,54664,120.0,101494,-28.0,2772560000.0,6120000.0,2920,4302,2018-08-07 22:56:00
20180807 22:57,510.0,512.0,510.0,511.5,55080,416.0,101548,54.0,2793830000.0,21270000.0,2762,1729,2018-08-07 22:57:00
20180807 22:58,511.5,511.5,511.5,511.5,55080,0.0,101548,0.0,2793830000.0,0.0,392,257,2018-08-07 22:58:00
20180807 22:59,511.5,512.0,511.5,511.5,55128,48.0,101550,2.0,2796280000.0,2450000.0,502,319,2018-08-07 22:59:00
20180807 23:00,511.5,511.5,511.5,511.5,55664,536.0,102004,454.0,2823700000.0,27420000.0,2790,1388,2018-08-07 23:00:00
20180807 23:01,511.5,512.0,511.5,511.5,55700,36.0,102012,8.0,2825540000.0,1840000.0,2389,1070,2018-08-07 23:01:00
20180807 23:02,511.5,511.5,510.5,510.5,55968,268.0,101960,-52.0,2839240000.0,13700000.0,2914,1734,2018-08-07 23:02:00
20180807 23:03,510.5,510.5,509.0,509.0,56128,160.0,101988,28.0,2847390000.0,8150000.0,3749,2478,2018-08-07 23:03:00
20180807 23:04,509.0,509.0,508.5,508.5,56206,78.0,101990,2.0,2851360000.0,3970000.0,1655,1092,2018-08-07 23:04:00
20180807 23:05,508.5,510.0,508.5,510.0,57342,1136.0,101982,-8.0,2909230000.0,57870000.0,5340,2366,2018-08-07 23:05:00
20180807 23:06,510.0,510.0,510.0,510.0,57440,98.0,102008,26.0,2914230000.0,5000000.0,2425,680,2018-08-07 23:06:00
20180807 23:07,510.0,510.0,509.5,509.5,57522,82.0,102050,42.0,2918410000.0,4180000.0,2312,793,2018-08-07 23:07:00
20180807 23:08,509.5,509.5,509.5,509.5,58102,580.0,101574,-476.0,2947960000.0,29550000.0,1580,1134,2018-08-07 23:08:00
20180807 23:09,509.5,510.0,509.5,510.0,58118,16.0,101578,4.0,2948780000.0,820000.0,850,594,2018-08-07 23:09:00
20180807 23:10,510.0,510.0,510.0,510.0,58148,30.0,101588,10.0,2950310000.0,1530000.0,82,318,2018-08-07 23:10:00
20180807 23:11,510.0,510.5,510.0,510.5,58154,6.0,101590,2.0,2950610000.0,300000.0,225,179,2018-08-07 23:11:00
20180807 23:12,510.5,510.5,509.5,509.5,58236,82.0,101558,-32.0,2954790000.0,4180000.0,822,696,2018-08-07 23:12:00
20180807 23:13,509.5,509.5,509.5,509.5,58240,4.0,101554,-4.0,2955000000.0,210000.0,100,254,2018-08-07 23:13:00
20180807 23:14,509.5,509.5,509.5,509.5,58242,2.0,101554,0.0,2955100000.0,100000.0,190,535,2018-08-07 23:14:00
20180807 23:15,509.5,509.5,509.5,509.5,58274,32.0,101562,8.0,2956730000.0,1630000.0,271,2066,2018-08-07 23:15:00
20180807 23:16,509.5,509.5,509.5,509.5,58274,0.0,101562,0.0,2956730000.0,0.0,31,240,2018-08-07 23:16:00
20180807 23:17,509.5,509.5,509.5,509.5,58274,0.0,101562,0.0,2956730000.0,0.0,1343,2074,2018-08-07 23:17:00
20180807 23:18,509.5,509.5,508.0,508.0,58430,156.0,101616,54.0,2964670000.0,7940000.0,1144,1060,2018-08-07 23:18:00
20180807 23:19,508.0,508.5,508.0,508.5,58452,22.0,101616,0.0,2965790000.0,1120000.0,768,431,2018-08-07 23:19:00
20180807 23:20,508.5,508.5,508.0,508.0,59028,576.0,101690,74.0,2995050000.0,29260000.0,3526,4328,2018-08-07 23:20:00
20180807 23:21,508.0,508.0,505.5,506.0,59700,672.0,101880,190.0,3029100000.0,34050000.0,6179,5009,2018-08-07 23:21:00
20180807 23:22,506.0,507.5,506.0,506.5,61406,1706.0,102330,450.0,3115520000.0,86420000.0,4181,6919,2018-08-07 23:22:00
20180807 23:23,506.5,507.0,506.5,507.0,61484,78.0,102314,-16.0,3119470000.0,3950000.0,1123,11436,2018-08-07 23:23:00
20180807 23:24,507.0,507.5,507.0,507.5,62444,960.0,102308,-6.0,3168140000.0,48670000.0,453,4910,2018-08-07 23:24:00
20180807 23:25,507.5,508.5,507.5,508.5,63686,1242.0,102504,196.0,3231240000.0,63100000.0,1628,4394,2018-08-07 23:25:00
20180807 23:26,508.5,508.5,508.0,508.0,65470,1784.0,102508,4.0,3321870000.0,90630000.0,640,5805,2018-08-07 23:26:00
20180807 23:27,508.0,508.0,507.5,508.0,65510,40.0,102508,0.0,3323900000.0,2030000.0,174,2654,2018-08-07 23:27:00
20180807 23:28,508.0,508.5,508.0,508.0,65562,52.0,102500,-8.0,3326540000.0,2640000.0,586,7545,2018-08-07 23:28:00
20180807 23:29,507.5,507.5,507.5,507.5,66618,1056.0,102596,96.0,3380130000.0,53590000.0,1478,2103,2018-08-07 23:29:00
20180807 23:30,507.5,507.5,507.5,507.5,66618,0.0,102596,0.0,3380130000.0,0.0,142,66,2018-08-07 23:30:00
20180808 20:59,508.5,508.5,508.5,508.5,158,158.0,105630,3034.0,8034300.0,8034300.0,1,1,2018-08-08 20:59:00
20180808 21:00,510.5,512.0,510.0,510.5,578,420.0,105540,-90.0,29504800.0,21470500.0,5768,6936,2018-08-08 21:00:00
20180808 21:01,510.5,511.5,510.0,510.0,1492,914.0,105060,-480.0,76186700.0,46681900.0,6017,3714,2018-08-08 21:01:00
20180808 21:02,510.0,510.5,510.0,510.5,1614,122.0,105048,-12.0,82410200.0,6223500.0,825,883,2018-08-08 21:02:00
20180808 21:03,510.5,510.5,510.5,510.5,1618,4.0,105044,-4.0,82614400.0,204200.0,589,956,2018-08-08 21:03:00
20180808 21:04,510.5,511.0,510.5,511.0,1620,2.0,105046,2.0,82716600.0,102200.0,907,897,2018-08-08 21:04:00
20180808 21:05,511.0,511.0,511.0,511.0,1756,136.0,105022,-24.0,89666200.0,6949600.0,4380,1340,2018-08-08 21:05:00
20180808 21:06,511.0,511.0,510.5,511.0,1956,200.0,105008,-14.0,99879300.0,10213100.0,4352,1555,2018-08-08 21:06:00
20180808 21:07,511.0,511.0,510.5,510.5,1966,10.0,105004,-4.0,100390000.0,510700.0,2788,906,2018-08-08 21:07:00
20180808 21:08,510.5,510.5,510.0,510.5,2238,272.0,104980,-24.0,114271000.0,13881000.0,6053,1985,2018-08-08 21:08:00
20180808 21:09,510.5,510.5,510.0,510.0,2530,292.0,104984,4.0,129169000.0,14898000.0,3835,2765,2018-08-08 21:09:00
20180808 21:10,510.0,510.0,509.5,510.0,2598,68.0,104990,6.0,132636000.0,3467000.0,4109,2483,2018-08-08 21:10:00
20180808 21:11,510.0,510.0,509.5,510.0,2756,158.0,104900,-90.0,140688000.0,8052000.0,430,246,2018-08-08 21:11:00
20180808 21:12,510.5,510.5,510.0,510.0,2780,24.0,104908,8.0,141912000.0,1224000.0,422,288,2018-08-08 21:12:00
20180808 21:13,510.0,510.5,509.5,510.0,2786,6.0,104910,2.0,142218000.0,306000.0,863,543,2018-08-08 21:13:00
20180808 21:14,510.0,510.0,508.5,508.5,2862,76.0,104880,-30.0,146088000.0,3870000.0,2510,1622,2018-08-08 21:14:00
20180808 21:15,508.5,508.5,507.0,507.0,3254,392.0,104708,-172.0,165998000.0,19910000.0,3204,1555,2018-08-08 21:15:00
20180808 21:16,507.0,508.0,507.0,508.0,3302,48.0,104696,-12.0,168435000.0,2437000.0,2164,1639,2018-08-08 21:16:00
20180808 21:17,508.0,508.0,508.0,508.0,3348,46.0,104710,14.0,170771000.0,2336000.0,1172,2477,2018-08-08 21:17:00
20180808 21:18,508.0,508.0,507.5,507.5,3384,36.0,104688,-22.0,172599000.0,1828000.0,831,1966,2018-08-08 21:18:00
20180808 21:19,507.0,507.0,504.5,505.0,4560,1176.0,105042,354.0,232093000.0,59494000.0,2049,6178,2018-08-08 21:19:00
20180808 21:20,505.0,505.5,504.5,505.5,4708,148.0,105024,-18.0,239571000.0,7478000.0,1134,1156,2018-08-08 21:20:00
20180808 21:21,505.5,505.5,505.0,505.5,4742,34.0,105026,2.0,241289000.0,1718000.0,513,276,2018-08-08 21:21:00
20180808 21:22,505.5,505.5,504.5,505.0,5002,260.0,104940,-86.0,254420000.0,13131000.0,1750,3392,2018-08-08 21:22:00
20180808 21:23,505.0,505.5,505.0,505.5,5036,34.0,104936,-4.0,256137000.0,1717000.0,1349,1312,2018-08-08 21:23:00
20180808 21:24,505.5,505.5,505.5,505.5,5040,4.0,104938,2.0,256339000.0,202000.0,696,613,2018-08-08 21:24:00
20180808 21:25,505.5,505.5,505.0,505.0,5048,8.0,104946,8.0,256743000.0,404000.0,330,591,2018-08-08 21:25:00
20180808 21:26,505.5,507.0,505.5,506.5,5330,282.0,104816,-130.0,271020000.0,14277000.0,2235,795,2018-08-08 21:26:00
20180808 21:27,506.5,506.5,506.5,506.5,5362,32.0,104808,-8.0,272641000.0,1621000.0,653,337,2018-08-08 21:27:00
20180808 21:28,506.0,506.0,506.0,506.0,5454,92.0,104780,-28.0,277296000.0,4655000.0,441,1061,2018-08-08 21:28:00
20180808 21:29,506.0,506.0,506.0,506.0,5462,8.0,104778,-2.0,277701000.0,405000.0,560,233,2018-08-08 21:29:00
20180808 21:30,506.5,507.0,506.5,507.0,5528,66.0,104766,-12.0,281045000.0,3344000.0,1554,606,2018-08-08 21:30:00
20180808 21:31,507.0,507.0,507.0,507.0,5616,88.0,104774,8.0,285507000.0,4462000.0,3547,1055,2018-08-08 21:31:00
20180808 21:32,507.0,507.0,507.0,507.0,5620,4.0,104774,0.0,285710000.0,203000.0,1284,462,2018-08-08 21:32:00
20180808 21:33,507.0,508.0,507.0,507.5,5778,158.0,104758,-16.0,293728000.0,8018000.0,2205,1629,2018-08-08 21:33:00
20180808 21:34,507.5,508.5,507.5,508.5,5838,60.0,104736,-22.0,296778000.0,3050000.0,2307,1387,2018-08-08 21:34:00
20180808 21:35,508.5,508.5,508.0,508.0,5884,46.0,104756,20.0,299116000.0,2338000.0,321,133,2018-08-08 21:35:00
20180808 21:36,508.0,508.0,508.0,508.0,5884,0.0,104756,0.0,299116000.0,0.0,25,9,2018-08-08 21:36:00
20180808 21:37,508.0,508.0,507.0,507.0,5956,72.0,104710,-46.0,302770000.0,3654000.0,473,5453,2018-08-08 21:37:00
20180808 21:38,507.0,507.0,506.5,507.0,6000,44.0,104686,-24.0,305000000.0,2230000.0,369,2179,2018-08-08 21:38:00
20180808 21:39,507.0,507.0,507.0,507.0,6076,76.0,104664,-22.0,308853000.0,3853000.0,464,3562,2018-08-08 21:39:00
20180808 21:40,507.0,507.0,506.5,507.0,8310,2234.0,105364,700.0,422117000.0,113264000.0,1327,7515,2018-08-08 21:40:00
20180808 21:41,507.0,507.5,507.0,507.0,8350,40.0,105356,-8.0,424145000.0,2028000.0,831,5263,2018-08-08 21:41:00
20180808 21:42,507.0,507.0,507.0,507.0,8362,12.0,105344,-12.0,424753000.0,608000.0,1160,6473,2018-08-08 21:42:00
20180808 21:43,507.0,507.5,507.0,507.5,10678,2316.0,104510,-834.0,542290000.0,117537000.0,1608,10847,2018-08-08 21:43:00
20180808 21:44,507.5,507.5,507.0,507.0,13684,3006.0,104488,-22.0,694694000.0,152404000.0,9990,1246,2018-08-08 21:44:00
20180808 21:45,507.0,507.0,507.0,507.0,13684,0.0,104488,0.0,694694000.0,0.0,2022,366,2018-08-08 21:45:00
20180808 21:46,507.0,507.5,507.0,507.5,13692,8.0,104482,-6.0,695100000.0,406000.0,860,210,2018-08-08 21:46:00
20180808 21:48,507.0,507.0,506.5,506.5,13800,108.0,104408,-74.0,700574000.0,5474000.0,2837,1200,2018-08-08 21:48:00
20180808 21:49,506.5,506.5,506.5,506.5,13800,0.0,104408,0.0,700574000.0,0.0,1904,445,2018-08-08 21:49:00
20180808 21:50,506.0,506.5,506.0,506.5,13888,88.0,104362,-46.0,705031000.0,4457000.0,3948,1785,2018-08-08 21:50:00
20180808 21:51,506.5,506.5,506.5,506.5,13894,6.0,104362,0.0,705335000.0,304000.0,1308,862,2018-08-08 21:51:00
20180808 21:52,506.5,506.5,506.0,506.5,14142,248.0,104124,-238.0,717890000.0,12555000.0,1183,478,2018-08-08 21:52:00
20180808 21:53,506.5,506.5,506.0,506.0,14918,776.0,104892,768.0,757155000.0,39265000.0,150,1271,2018-08-08 21:53:00
20180808 21:54,506.0,506.5,506.0,506.5,17302,2384.0,104152,-740.0,877787000.0,120632000.0,1234,6232,2018-08-08 21:54:00
20180808 21:55,506.5,506.5,506.5,506.5,17304,2.0,104154,2.0,877888000.0,101000.0,279,321,2018-08-08 21:55:00
20180808 21:56,506.5,506.5,506.0,506.0,17338,34.0,104150,-4.0,879609000.0,1721000.0,914,2475,2018-08-08 21:56:00
20180808 21:57,506.0,506.0,505.5,506.0,18162,824.0,104860,710.0,921303000.0,41694000.0,497,1868,2018-08-08 21:57:00
20180808 21:58,506.0,506.0,506.0,506.0,18162,0.0,104860,0.0,921303000.0,0.0,32,52,2018-08-08 21:58:00
20180808 21:59,506.0,506.5,506.0,506.5,18196,34.0,104876,16.0,923025000.0,1722000.0,973,420,2018-08-08 21:59:00
20180808 22:00,506.5,506.5,506.5,506.5,18198,2.0,104874,-2.0,923126000.0,101000.0,141,20,2018-08-08 22:00:00
20180808 22:01,506.5,506.5,506.5,506.5,20572,2374.0,104146,-728.0,1043370000.0,120244000.0,459,3995,2018-08-08 22:01:00
20180808 22:02,506.5,506.5,506.0,506.0,20604,32.0,104160,14.0,1044990000.0,1620000.0,331,146,2018-08-08 22:02:00
20180808 22:03,506.0,506.0,505.0,505.0,20676,72.0,104126,-34.0,1048630000.0,3640000.0,2418,1746,2018-08-08 22:03:00
20180808 22:04,505.0,506.0,504.5,506.0,22438,1762.0,104168,42.0,1137610000.0,88980000.0,2843,735,2018-08-08 22:04:00
20180808 22:05,506.0,506.0,504.5,505.5,23004,566.0,104570,402.0,1166240000.0,28630000.0,2695,867,2018-08-08 22:05:00
20180808 22:06,505.5,505.5,505.5,505.5,23016,12.0,104570,0.0,1166850000.0,610000.0,1772,529,2018-08-08 22:06:00
20180808 22:07,505.5,505.5,505.5,505.5,23016,0.0,104570,0.0,1166850000.0,0.0,501,136,2018-08-08 22:07:00
20180808 22:08,506.0,506.0,506.0,506.0,23028,12.0,104582,12.0,1167450000.0,600000.0,55,40,2018-08-08 22:08:00
20180808 22:09,506.0,506.0,506.0,506.0,23836,808.0,104470,-112.0,1208340000.0,40890000.0,418,656,2018-08-08 22:09:00
20180808 22:10,506.0,506.0,506.0,506.0,25312,1476.0,104452,-18.0,1283030000.0,74690000.0,412,1742,2018-08-08 22:10:00
20180808 22:11,506.0,506.0,506.0,506.0,26046,734.0,104566,114.0,1320170000.0,37140000.0,407,1856,2018-08-08 22:11:00
20180808 22:12,506.0,506.0,506.0,506.0,26052,6.0,104566,0.0,1320470000.0,300000.0,280,71,2018-08-08 22:12:00
20180808 22:13,506.0,506.0,505.5,505.5,26090,38.0,104556,-10.0,1322390000.0,1920000.0,499,124,2018-08-08 22:13:00
20180808 22:14,505.5,506.0,505.5,505.5,26160,70.0,104528,-28.0,1325930000.0,3540000.0,1032,382,2018-08-08 22:14:00
20180808 22:15,505.5,505.5,505.0,505.5,26198,38.0,104522,-6.0,1327850000.0,1920000.0,338,178,2018-08-08 22:15:00
20180808 22:16,505.5,505.5,505.5,505.5,26204,6.0,104518,-4.0,1328160000.0,310000.0,651,643,2018-08-08 22:16:00
20180808 22:17,505.5,506.0,505.5,506.0,26254,50.0,104510,-8.0,1330680000.0,2520000.0,916,864,2018-08-08 22:17:00
20180808 22:18,506.0,506.0,505.0,505.0,26312,58.0,104478,-32.0,1333620000.0,2940000.0,847,793,2018-08-08 22:18:00
20180808 22:19,505.0,505.5,505.0,505.5,28516,2204.0,104336,-142.0,1445030000.0,111410000.0,1714,696,2018-08-08 22:19:00
20180808 22:20,505.5,505.5,505.0,505.0,29986,1470.0,104304,-32.0,1519260000.0,74230000.0,1495,1061,2018-08-08 22:20:00
20180808 22:21,504.5,504.5,504.0,504.0,30982,996.0,104400,96.0,1569470000.0,50210000.0,3800,1672,2018-08-08 22:21:00
20180808 22:22,504.0,504.5,504.0,504.5,31230,248.0,104250,-150.0,1581980000.0,12510000.0,2681,689,2018-08-08 22:22:00
20180808 22:23,504.5,505.0,504.5,505.0,32882,1652.0,104158,-92.0,1665320000.0,83340000.0,1873,2641,2018-08-08 22:23:00
20180808 22:24,505.0,505.0,505.0,505.0,32888,6.0,104158,0.0,1665620000.0,300000.0,303,1250,2018-08-08 22:24:00
20180808 22:25,505.0,505.0,505.0,505.0,32938,50.0,104116,-42.0,1668150000.0,2530000.0,2327,5501,2018-08-08 22:25:00
20180808 22:26,505.0,505.0,505.0,505.0,32984,46.0,104110,-6.0,1670470000.0,2320000.0,1321,2894,2018-08-08 22:26:00
20180808 22:27,505.0,505.0,505.0,505.0,32990,6.0,104108,-2.0,1670780000.0,310000.0,1555,1633,2018-08-08 22:27:00
20180808 22:28,505.0,505.0,505.0,505.0,33704,714.0,104096,-12.0,1706830000.0,36050000.0,688,779,2018-08-08 22:28:00
20180808 22:29,505.0,505.0,505.0,505.0,34526,822.0,104052,-44.0,1748340000.0,41510000.0,1436,3475,2018-08-08 22:29:00
20180808 22:30,505.0,505.0,505.0,505.0,35258,732.0,104052,0.0,1785310000.0,36970000.0,697,1992,2018-08-08 22:30:00
20180808 22:31,505.0,505.5,505.0,505.5,35290,32.0,104072,20.0,1786930000.0,1620000.0,131,124,2018-08-08 22:31:00
20180808 22:32,505.5,505.5,505.5,505.5,39438,4148.0,104262,190.0,1996610000.0,209680000.0,3500,755,2018-08-08 22:32:00
20180808 22:33,505.5,505.5,505.5,505.5,44456,5018.0,104316,54.0,2250270000.0,253660000.0,3745,1515,2018-08-08 22:33:00
20180808 22:34,505.5,505.5,505.5,505.5,45998,1542.0,104312,-4.0,2328220000.0,77950000.0,346,1210,2018-08-08 22:34:00
20180808 22:35,505.5,506.0,505.5,506.0,46026,28.0,104330,18.0,2329630000.0,1410000.0,171,1245,2018-08-08 22:35:00
20180808 22:36,506.0,506.5,506.0,506.5,48190,2164.0,104294,-36.0,2439200000.0,109570000.0,893,3262,2018-08-08 22:36:00
20180808 22:37,506.5,506.5,506.5,506.5,51266,3076.0,104096,-198.0,2595000000.0,155800000.0,2201,3018,2018-08-08 22:37:00
20180808 22:38,506.5,507.0,506.0,506.0,51318,52.0,104076,-20.0,2597640000.0,2640000.0,608,981,2018-08-08 22:38:00
20180808 22:39,506.0,506.0,505.5,506.0,53812,2494.0,104034,-42.0,2723830000.0,126190000.0,5258,1172,2018-08-08 22:39:00
20180808 22:40,506.0,506.0,506.0,506.0,54514,702.0,103988,-46.0,2759350000.0,35520000.0,2001,203,2018-08-08 22:40:00
20180808 22:41,506.5,506.5,506.0,506.5,57438,2924.0,103980,-8.0,2907450000.0,148100000.0,2568,1062,2018-08-08 22:41:00
20180808 22:42,506.5,506.5,506.0,506.0,60804,3366.0,104560,580.0,3077910000.0,170460000.0,3466,1159,2018-08-08 22:42:00
20180808 22:43,506.0,506.0,505.0,505.0,67152,6348.0,104142,-418.0,3399050000.0,321140000.0,6150,2347,2018-08-08 22:43:00
20180808 22:44,505.0,506.0,505.0,506.0,68372,1220.0,103966,-176.0,3460710000.0,61660000.0,6728,1160,2018-08-08 22:44:00
20180808 22:45,506.0,506.0,506.0,506.0,76928,8556.0,103888,-78.0,3893640000.0,432930000.0,4860,896,2018-08-08 22:45:00
20180808 22:46,506.0,506.0,506.0,506.0,80998,4070.0,103872,-16.0,4099590000.0,205950000.0,3368,438,2018-08-08 22:46:00
20180808 22:47,506.0,506.0,506.0,506.0,84654,3656.0,104382,510.0,4284580000.0,184990000.0,1983,290,2018-08-08 22:47:00
20180808 22:48,506.0,506.0,506.0,506.0,85188,534.0,103876,-506.0,4311600000.0,27020000.0,4040,343,2018-08-08 22:48:00
20180808 22:49,506.0,506.5,506.0,506.0,85234,46.0,103872,-4.0,4313930000.0,2330000.0,3172,1016,2018-08-08 22:49:00
20180808 22:50,506.0,506.0,506.0,506.0,88848,3614.0,103868,-4.0,4496800000.0,182870000.0,2616,925,2018-08-08 22:50:00
20180808 22:51,506.0,506.0,506.0,506.0,88874,26.0,103848,-20.0,4498110000.0,1310000.0,2736,80,2018-08-08 22:51:00
20180808 22:52,506.0,506.0,506.0,506.0,91820,2946.0,103864,16.0,4647180000.0,149070000.0,10923,994,2018-08-08 22:52:00
20180808 22:53,506.0,506.0,506.0,506.0,94956,3136.0,104222,358.0,4805860000.0,158680000.0,6820,2842,2018-08-08 22:53:00
20180808 22:54,506.0,506.5,506.0,506.5,97666,2710.0,103868,-354.0,4943090000.0,137230000.0,682,3781,2018-08-08 22:54:00
20180808 22:55,506.5,507.5,506.5,507.5,97764,98.0,103794,-74.0,4948060000.0,4970000.0,3731,6911,2018-08-08 22:55:00
20180808 22:56,507.5,507.5,507.0,507.5,97814,50.0,103784,-10.0,4950600000.0,2540000.0,264,271,2018-08-08 22:56:00
20180808 22:57,507.5,507.5,507.0,507.0,97876,62.0,103764,-20.0,4953740000.0,3140000.0,4729,2016,2018-08-08 22:57:00
20180808 22:58,507.0,507.0,506.5,506.5,97878,2.0,103764,0.0,4953840000.0,100000.0,665,709,2018-08-08 22:58:00
20180808 22:59,506.5,507.0,506.5,507.0,97882,4.0,103764,0.0,4954040000.0,200000.0,1938,1427,2018-08-08 22:59:00
20180808 23:00,506.5,507.0,506.5,507.0,97932,50.0,103754,-10.0,4956580000.0,2540000.0,811,842,2018-08-08 23:00:00
20180808 23:01,507.0,507.0,507.0,507.0,98678,746.0,103872,118.0,4994400000.0,37820000.0,2148,2456,2018-08-08 23:01:00
20180808 23:02,507.0,507.0,506.0,506.0,98914,236.0,103902,30.0,5006350000.0,11950000.0,4641,2304,2018-08-08 23:02:00
20180808 23:03,506.0,506.0,505.5,505.5,98928,14.0,103908,6.0,5007060000.0,710000.0,1677,375,2018-08-08 23:03:00
20180808 23:04,506.0,506.0,506.0,506.0,98942,14.0,103896,-12.0,5007770000.0,710000.0,870,167,2018-08-08 23:04:00
20180808 23:05,506.0,506.0,506.0,506.0,98948,6.0,103894,-2.0,5008070000.0,300000.0,218,673,2018-08-08 23:05:00
20180808 23:06,506.0,506.0,506.0,506.0,98950,2.0,103892,-2.0,5008170000.0,100000.0,970,54,2018-08-08 23:06:00
20180808 23:07,506.0,506.0,506.0,506.0,98950,0.0,103892,0.0,5008170000.0,0.0,194,8,2018-08-08 23:07:00
20180808 23:08,506.0,506.0,505.0,505.0,99022,72.0,103836,-56.0,5011810000.0,3640000.0,1017,1367,2018-08-08 23:08:00
20180808 23:09,505.5,505.5,505.5,505.5,99034,12.0,103834,-2.0,5012420000.0,610000.0,198,1500,2018-08-08 23:09:00
20180808 23:10,505.5,505.5,505.5,505.5,100012,978.0,103756,-78.0,5061860000.0,49440000.0,1438,4646,2018-08-08 23:10:00
20180808 23:11,505.5,505.5,505.5,505.5,100062,50.0,103800,44.0,5064380000.0,2520000.0,1632,750,2018-08-08 23:11:00
20180808 23:12,505.5,505.5,505.5,505.5,100062,0.0,103800,0.0,5064380000.0,0.0,304,6685,2018-08-08 23:12:00
20180808 23:13,505.5,505.5,505.0,505.0,100098,36.0,103784,-16.0,5066200000.0,1820000.0,817,1346,2018-08-08 23:13:00
20180808 23:14,505.0,505.0,505.0,505.0,100528,430.0,103748,-36.0,5087920000.0,21720000.0,895,87,2018-08-08 23:14:00
20180808 23:15,505.0,505.5,505.0,505.5,100572,44.0,103732,-16.0,5090140000.0,2220000.0,2626,2773,2018-08-08 23:15:00
20180808 23:16,505.5,505.5,505.5,505.5,100580,8.0,103732,0.0,5090540000.0,400000.0,312,448,2018-08-08 23:16:00
20180808 23:18,506.0,506.0,506.0,506.0,100892,312.0,103522,-210.0,5106330000.0,15790000.0,473,517,2018-08-08 23:18:00
20180808 23:19,506.0,506.0,506.0,506.0,100892,0.0,103522,0.0,5106330000.0,0.0,353,583,2018-08-08 23:19:00
20180808 23:20,506.0,506.0,506.0,506.0,100894,2.0,103522,0.0,5106430000.0,100000.0,44,86,2018-08-08 23:20:00
20180808 23:21,506.0,506.5,506.0,506.5,100982,88.0,103470,-52.0,5110890000.0,4460000.0,1163,180,2018-08-08 23:21:00
20180808 23:22,506.5,506.5,506.5,506.5,101418,436.0,103504,34.0,5132970000.0,22080000.0,1304,311,2018-08-08 23:22:00
20180808 23:23,506.5,506.5,506.5,506.5,101418,0.0,103504,0.0,5132970000.0,0.0,930,80,2018-08-08 23:23:00
20180808 23:24,506.5,506.5,506.5,506.5,101418,0.0,103504,0.0,5132970000.0,0.0,191,16,2018-08-08 23:24:00
20180808 23:25,506.5,506.5,506.0,506.0,101540,122.0,103476,-28.0,5139150000.0,6180000.0,1676,8492,2018-08-08 23:25:00
20180808 23:26,506.0,506.5,505.5,506.5,102172,632.0,103398,-78.0,5171120000.0,31970000.0,5674,3722,2018-08-08 23:26:00
20180808 23:27,507.0,507.0,506.5,506.5,102212,40.0,103400,2.0,5173150000.0,2030000.0,5168,1133,2018-08-08 23:27:00
20180808 23:28,506.5,506.5,506.0,506.5,102258,46.0,103412,12.0,5175480000.0,2330000.0,4778,1029,2018-08-08 23:28:00
20180808 23:29,506.5,506.5,506.0,506.5,102290,32.0,103428,16.0,5177100000.0,1620000.0,259,1746,2018-08-08 23:29:00
20180816 09:00,489.0,492.0,489.0,491.0,107592,5302.0,105072,1644.0,5388080000.0,210980000.0,3000,3900,2018-08-16 09:00:00
20180816 09:01,491.0,492.0,490.5,492.0,107910,318.0,105136,64.0,5403700000.0,15620000.0,3919,5191,2018-08-16 09:01:00
20180816 09:02,492.0,493.5,492.0,493.5,108132,222.0,105084,-52.0,5414640000.0,10940000.0,3253,3035,2018-08-16 09:02:00
20180816 09:03,493.5,494.0,492.5,492.5,108520,388.0,104990,-94.0,5433770000.0,19130000.0,4001,4440,2018-08-16 09:03:00
20180816 09:04,492.5,492.5,492.0,492.0,108836,316.0,105084,94.0,5449320000.0,15550000.0,3458,5788,2018-08-16 09:04:00
20180816 09:05,492.0,492.0,491.5,492.0,109080,244.0,105008,-76.0,5461320000.0,12000000.0,4803,5185,2018-08-16 09:05:00
20180816 09:06,492.0,492.5,492.0,492.5,109306,226.0,105004,-4.0,5472450000.0,11130000.0,4481,3737,2018-08-16 09:06:00
20180816 09:07,492.5,492.5,492.5,492.5,109322,16.0,105004,0.0,5473240000.0,790000.0,3337,1936,2018-08-16 09:07:00
20180816 09:08,492.5,493.0,492.5,493.0,109344,22.0,105000,-4.0,5474320000.0,1080000.0,2889,2546,2018-08-16 09:08:00
20180816 09:09,493.0,493.5,493.0,493.5,109446,102.0,104962,-38.0,5479360000.0,5040000.0,2921,3640,2018-08-16 09:09:00
20180816 09:10,493.5,495.0,493.5,495.0,109766,320.0,104928,-34.0,5495180000.0,15820000.0,5623,4746,2018-08-16 09:10:00
20180816 09:11,495.0,495.0,494.5,494.5,109948,182.0,104906,-22.0,5504180000.0,9000000.0,8247,3892,2018-08-16 09:11:00
20180816 09:12,494.5,494.5,494.5,494.5,109948,0.0,104906,0.0,5504180000.0,0.0,924,817,2018-08-16 09:12:00
20180816 09:13,494.5,494.5,494.0,494.0,110052,104.0,104932,26.0,5509320000.0,5140000.0,2383,1939,2018-08-16 09:13:00
20180816 09:14,494.0,494.0,493.5,494.0,110074,22.0,104922,-10.0,5510410000.0,1090000.0,1480,3780,2018-08-16 09:14:00
20180816 09:15,494.0,494.0,493.5,494.0,110234,160.0,104900,-22.0,5518310000.0,7900000.0,2827,3206,2018-08-16 09:15:00
20180816 09:16,494.0,494.5,494.0,494.5,110362,128.0,104780,-120.0,5524640000.0,6330000.0,6565,3145,2018-08-16 09:16:00
20180816 09:17,494.5,495.0,494.5,495.0,110504,142.0,104714,-66.0,5531660000.0,7020000.0,5714,3508,2018-08-16 09:17:00
20180816 09:18,495.0,495.0,494.0,494.0,111048,544.0,104736,22.0,5558550000.0,26890000.0,3783,3016,2018-08-16 09:18:00
20180816 09:19,494.0,494.0,493.5,493.5,111056,8.0,104732,-4.0,5558940000.0,390000.0,2438,3935,2018-08-16 09:19:00
20180816 09:20,494.0,494.0,493.5,494.0,111146,90.0,104694,-38.0,5563390000.0,4450000.0,3266,3704,2018-08-16 09:20:00
20180816 09:21,494.0,494.0,493.5,494.0,111172,26.0,104702,8.0,5564670000.0,1280000.0,3831,5043,2018-08-16 09:21:00
20180816 09:22,494.0,494.0,494.0,494.0,112712,1540.0,104444,-258.0,5640750000.0,76080000.0,5395,6354,2018-08-16 09:22:00
20180816 09:23,494.0,494.0,494.0,494.0,112718,6.0,104438,-6.0,5641040000.0,290000.0,973,1181,2018-08-16 09:23:00
20180816 09:24,494.0,494.0,493.0,493.5,113002,284.0,104368,-70.0,5655070000.0,14030000.0,5380,3452,2018-08-16 09:24:00
20180816 09:25,493.5,493.5,493.5,493.5,113002,0.0,104368,0.0,5655070000.0,0.0,2147,1617,2018-08-16 09:25:00
20180816 09:26,493.5,493.5,492.5,492.5,113144,142.0,104314,-54.0,5662070000.0,7000000.0,4961,3422,2018-08-16 09:26:00
20180816 09:27,492.5,492.5,492.0,492.5,113242,98.0,104300,-14.0,5666890000.0,4820000.0,3416,4598,2018-08-16 09:27:00
20180816 09:28,492.5,492.5,492.0,492.5,113372,130.0,104234,-66.0,5673290000.0,6400000.0,1340,1142,2018-08-16 09:28:00
20180816 09:29,492.5,493.0,492.5,493.0,113488,116.0,104268,34.0,5679010000.0,5720000.0,2343,1205,2018-08-16 09:29:00
20180816 09:30,493.0,493.0,492.0,492.5,113700,212.0,104166,-102.0,5689450000.0,10440000.0,1301,2130,2018-08-16 09:30:00
20180816 09:31,492.5,492.5,492.5,492.5,113740,40.0,104148,-18.0,5691420000.0,1970000.0,1543,1274,2018-08-16 09:31:00
20180816 09:32,492.5,493.0,492.5,493.0,113816,76.0,104108,-40.0,5695170000.0,3750000.0,2807,1357,2018-08-16 09:32:00
20180816 09:33,493.0,493.0,492.5,492.5,113870,54.0,104096,-12.0,5697830000.0,2660000.0,6890,4736,2018-08-16 09:33:00
20180816 09:34,492.5,492.5,492.5,492.5,113912,42.0,104094,-2.0,5699900000.0,2070000.0,3554,2032,2018-08-16 09:34:00
20180816 09:35,492.5,493.0,492.5,493.0,113918,6.0,104088,-6.0,5700190000.0,290000.0,2405,2363,2018-08-16 09:35:00
20180816 09:36,493.0,493.0,493.0,493.0,113988,70.0,104040,-48.0,5703650000.0,3460000.0,721,847,2018-08-16 09:36:00
20180816 09:37,493.0,493.5,493.0,493.5,113994,6.0,104040,0.0,5703940000.0,290000.0,825,1231,2018-08-16 09:37:00
20180816 09:38,493.5,493.5,493.5,493.5,114044,50.0,104036,-4.0,5706410000.0,2470000.0,1279,1282,2018-08-16 09:38:00
20180816 09:39,493.5,494.5,493.5,494.0,114158,114.0,103982,-54.0,5712040000.0,5630000.0,4864,3711,2018-08-16 09:39:00
20180816 09:40,494.0,494.0,494.0,494.0,114158,0.0,103982,0.0,5712040000.0,0.0,2278,1443,2018-08-16 09:40:00
20180816 09:41,494.0,494.0,494.0,494.0,114162,4.0,103980,-2.0,5712240000.0,200000.0,2627,5147,2018-08-16 09:41:00
20180816 09:42,494.0,494.0,494.0,494.0,114162,0.0,103980,0.0,5712240000.0,0.0,3502,8544,2018-08-16 09:42:00
20180816 09:43,494.0,494.5,494.0,494.5,114204,42.0,104006,26.0,5714310000.0,2070000.0,2337,3993,2018-08-16 09:43:00
20180816 09:44,494.5,495.0,494.5,495.0,114246,42.0,103976,-30.0,5716390000.0,2080000.0,1635,1324,2018-08-16 09:44:00
20180816 09:45,495.0,495.0,494.5,494.5,114496,250.0,104056,80.0,5728750000.0,12360000.0,875,1368,2018-08-16 09:45:00
20180816 09:46,494.5,494.5,494.5,494.5,114530,34.0,104052,-4.0,5730440000.0,1690000.0,1434,1763,2018-08-16 09:46:00
20180816 09:47,494.5,494.5,494.5,494.5,114530,0.0,104052,0.0,5730440000.0,0.0,362,700,2018-08-16 09:47:00
20180816 09:48,494.5,494.5,494.5,494.5,114834,304.0,103992,-60.0,5745470000.0,15030000.0,1928,3118,2018-08-16 09:48:00
20180816 09:49,494.5,494.5,494.5,494.5,114924,90.0,103972,-20.0,5749920000.0,4450000.0,814,1001,2018-08-16 09:49:00
20180816 09:50,494.5,494.5,494.0,494.0,114954,30.0,103950,-22.0,5751400000.0,1480000.0,862,932,2018-08-16 09:50:00
20180816 09:51,494.0,494.0,494.0,494.0,116616,1662.0,104328,378.0,5833500000.0,82100000.0,3505,8496,2018-08-16 09:51:00
20180816 09:52,494.0,494.0,494.0,494.0,117496,880.0,104532,204.0,5876980000.0,43480000.0,3047,4851,2018-08-16 09:52:00
20180816 09:53,494.0,494.0,494.0,494.0,117496,0.0,104532,0.0,5876980000.0,0.0,676,1547,2018-08-16 09:53:00
20180816 09:54,494.0,494.0,493.5,493.5,117498,2.0,104530,-2.0,5877070000.0,90000.0,1327,1546,2018-08-16 09:54:00
20180816 09:55,493.5,494.0,493.5,494.0,117518,20.0,104530,0.0,5878060000.0,990000.0,6102,8178,2018-08-16 09:55:00
20180816 09:56,494.0,494.0,493.5,493.5,117660,142.0,104470,-60.0,5885070000.0,7010000.0,4531,3195,2018-08-16 09:56:00
20180816 09:57,493.5,493.5,493.0,493.5,118264,604.0,104430,-40.0,5914880000.0,29810000.0,4965,6611,2018-08-16 09:57:00
20180816 09:58,493.5,493.5,493.5,493.5,118264,0.0,104430,0.0,5914880000.0,0.0,1136,419,2018-08-16 09:58:00
20180816 09:59,493.5,493.5,493.5,493.5,118264,0.0,104430,0.0,5914880000.0,0.0,722,300,2018-08-16 09:59:00
20180816 10:00,493.5,493.5,493.5,493.5,118474,210.0,104420,-10.0,5925240000.0,10360000.0,1630,7971,2018-08-16 10:00:00
20180816 10:01,493.5,493.5,493.5,493.5,118652,178.0,104362,-58.0,5934030000.0,8790000.0,4087,5050,2018-08-16 10:01:00
20180816 10:02,493.5,493.5,493.5,493.5,118792,140.0,104298,-64.0,5940930000.0,6900000.0,1902,464,2018-08-16 10:02:00
20180816 10:03,493.5,494.0,493.5,494.0,118858,66.0,104284,-14.0,5944190000.0,3260000.0,1740,1138,2018-08-16 10:03:00
20180816 10:04,494.0,494.0,493.5,493.5,118860,2.0,104284,0.0,5944290000.0,100000.0,1765,1786,2018-08-16 10:04:00
20180816 10:05,493.5,494.0,493.5,494.0,118862,2.0,104284,0.0,5944390000.0,100000.0,4347,5266,2018-08-16 10:05:00
20180816 10:06,494.0,494.0,494.0,494.0,119022,160.0,104266,-18.0,5952290000.0,7900000.0,3287,7275,2018-08-16 10:06:00
20180816 10:07,494.0,494.5,494.0,494.5,119330,308.0,103992,-274.0,5967520000.0,15230000.0,4844,9228,2018-08-16 10:07:00
20180816 10:08,494.5,495.5,494.5,495.0,120424,1094.0,103960,-32.0,6021630000.0,54110000.0,6984,6206,2018-08-16 10:08:00
20180816 10:09,495.0,496.0,495.0,496.0,120726,302.0,103962,2.0,6036590000.0,14960000.0,7926,5161,2018-08-16 10:09:00
20180816 10:10,495.5,496.0,495.5,496.0,120798,72.0,103984,22.0,6040160000.0,3570000.0,1886,3923,2018-08-16 10:10:00
20180816 10:11,496.0,496.0,495.5,495.5,121128,330.0,104094,110.0,6056510000.0,16350000.0,4271,2870,2018-08-16 10:11:00
20180816 10:12,495.5,496.0,495.5,496.0,121192,64.0,104098,4.0,6059680000.0,3170000.0,3559,3585,2018-08-16 10:12:00
20180816 10:13,496.5,497.0,496.5,496.5,121408,216.0,103986,-112.0,6070410000.0,10730000.0,3781,525,2018-08-16 10:13:00
20180816 10:14,497.0,498.5,497.0,498.5,121632,224.0,103940,-46.0,6081560000.0,11150000.0,4695,5501,2018-08-16 10:14:00
20180816 10:15,498.5,498.5,498.5,498.5,121632,0.0,103940,0.0,6081560000.0,0.0,15,123,2018-08-16 10:15:00
20180816 10:30,498.5,498.5,498.0,498.0,122064,432.0,103876,-64.0,6103070000.0,21510000.0,2906,2438,2018-08-16 10:30:00
20180816 10:31,498.0,498.0,497.0,497.0,122234,170.0,103904,28.0,6111520000.0,8450000.0,3719,1722,2018-08-16 10:31:00
20180816 10:32,497.0,497.0,496.0,496.5,122406,172.0,103886,-18.0,6120060000.0,8540000.0,2452,4841,2018-08-16 10:32:00
20180816 10:33,496.5,497.0,496.5,497.0,122426,20.0,103906,20.0,6121060000.0,1000000.0,1191,2432,2018-08-16 10:33:00
20180816 10:34,497.0,497.0,497.0,497.0,122430,4.0,103906,0.0,6121260000.0,200000.0,1516,2675,2018-08-16 10:34:00
20180816 10:35,497.0,497.5,497.0,497.0,122536,106.0,103874,-32.0,6126520000.0,5260000.0,1776,5887,2018-08-16 10:35:00
20180816 10:36,497.0,497.0,497.0,497.0,122562,26.0,103882,8.0,6127820000.0,1300000.0,1174,840,2018-08-16 10:36:00
20180816 10:37,497.0,497.0,497.0,497.0,122568,6.0,103882,0.0,6128120000.0,300000.0,797,634,2018-08-16 10:37:00
20180816 10:38,497.0,497.0,497.0,497.0,122654,86.0,103850,-32.0,6132390000.0,4270000.0,1778,1673,2018-08-16 10:38:00
20180816 10:39,497.0,497.5,497.0,497.5,122664,10.0,103844,-6.0,6132890000.0,500000.0,771,4282,2018-08-16 10:39:00
20180816 10:40,497.5,497.5,497.5,497.5,122760,96.0,103868,24.0,6137660000.0,4770000.0,2715,836,2018-08-16 10:40:00
20180816 10:41,497.5,498.0,497.5,498.0,123528,768.0,103878,10.0,6175910000.0,38250000.0,3424,4889,2018-08-16 10:41:00
20180816 10:42,498.0,498.5,498.0,498.0,123598,70.0,103882,4.0,6179400000.0,3490000.0,3507,7219,2018-08-16 10:42:00
20180816 10:43,498.0,498.0,497.0,497.0,125338,1740.0,103888,6.0,6265880000.0,86480000.0,2840,6300,2018-08-16 10:43:00
20180816 10:44,497.0,497.0,497.0,497.0,126128,790.0,103902,14.0,6305140000.0,39260000.0,1306,3135,2018-08-16 10:44:00
20180816 10:45,497.0,497.0,497.0,497.0,126206,78.0,103924,22.0,6309020000.0,3880000.0,1396,3974,2018-08-16 10:45:00
20180816 10:46,497.0,497.0,496.5,497.0,126224,18.0,103934,10.0,6309910000.0,890000.0,3722,3793,2018-08-16 10:46:00
20180816 10:47,497.0,497.0,497.0,497.0,126228,4.0,103930,-4.0,6310110000.0,200000.0,711,3026,2018-08-16 10:47:00
20180816 10:48,497.0,497.0,497.0,497.0,126228,0.0,103930,0.0,6310110000.0,0.0,1220,2621,2018-08-16 10:48:00
20180816 10:49,497.0,497.0,497.0,497.0,126234,6.0,103932,2.0,6310410000.0,300000.0,4251,3233,2018-08-16 10:49:00
20180816 10:50,497.0,497.0,497.0,497.0,126234,0.0,103932,0.0,6310410000.0,0.0,6550,4473,2018-08-16 10:50:00
20180816 10:51,497.0,497.0,497.0,497.0,126238,4.0,103932,0.0,6310610000.0,200000.0,3150,5719,2018-08-16 10:51:00
20180816 10:52,497.0,497.5,497.0,497.5,126618,380.0,103806,-126.0,6329490000.0,18880000.0,4235,3238,2018-08-16 10:52:00
20180816 10:53,497.5,497.5,497.5,497.5,126710,92.0,103796,-10.0,6334070000.0,4580000.0,3062,2206,2018-08-16 10:53:00
20180816 10:54,497.5,497.5,497.5,497.5,126710,0.0,103796,0.0,6334070000.0,0.0,1343,1180,2018-08-16 10:54:00
20180816 10:55,497.5,497.5,497.5,497.5,126812,102.0,103780,-16.0,6339150000.0,5080000.0,2112,1766,2018-08-16 10:55:00
20180816 10:56,497.5,498.0,497.5,498.0,127126,314.0,103700,-80.0,6354770000.0,15620000.0,1606,1067,2018-08-16 10:56:00
20180816 10:57,498.0,498.5,498.0,498.5,127128,2.0,103702,2.0,6354870000.0,100000.0,573,1036,2018-08-16 10:57:00
20180816 10:58,498.5,498.5,498.0,498.0,127166,38.0,103668,-34.0,6356770000.0,1900000.0,772,678,2018-08-16 10:58:00
20180816 10:59,498.0,499.0,498.0,499.0,127262,96.0,103630,-38.0,6361560000.0,4790000.0,4127,3490,2018-08-16 10:59:00
20180816 11:00,499.0,499.5,499.0,499.0,127332,70.0,103632,2.0,6365050000.0,3490000.0,7285,4071,2018-08-16 11:00:00
20180816 11:01,499.0,499.0,499.0,499.0,127362,30.0,103626,-6.0,6366550000.0,1500000.0,2502,2323,2018-08-16 11:01:00
20180816 11:02,499.0,499.0,498.5,498.5,127364,2.0,103628,2.0,6366650000.0,100000.0,3699,1078,2018-08-16 11:02:00
20180816 11:03,498.5,498.5,498.0,498.0,127414,50.0,103592,-36.0,6369140000.0,2490000.0,3395,2949,2018-08-16 11:03:00
20180816 11:04,498.0,498.0,497.5,497.5,127724,310.0,103514,-78.0,6384560000.0,15420000.0,2030,1866,2018-08-16 11:04:00
20180816 11:05,497.5,498.0,497.5,497.5,128530,806.0,103804,290.0,6424660000.0,40100000.0,2581,3354,2018-08-16 11:05:00
20180816 11:06,497.5,497.5,497.5,497.5,131992,3462.0,103562,-242.0,6596900000.0,172240000.0,6413,3816,2018-08-16 11:06:00
20180816 11:07,497.5,497.5,497.5,497.5,139700,7708.0,103680,118.0,6980370000.0,383470000.0,7478,5277,2018-08-16 11:07:00
20180816 11:08,497.5,498.5,497.5,498.0,143320,3620.0,103766,86.0,7160490000.0,180120000.0,5368,3304,2018-08-16 11:08:00
20180816 11:09,498.0,498.0,497.5,497.5,144090,770.0,103546,-220.0,7198790000.0,38300000.0,2394,1791,2018-08-16 11:09:00
20180816 11:10,497.5,497.5,497.5,497.5,144298,208.0,103528,-18.0,7209140000.0,10350000.0,1927,1857,2018-08-16 11:10:00
20180816 11:11,497.5,497.5,497.5,497.5,144298,0.0,103528,0.0,7209140000.0,0.0,1600,945,2018-08-16 11:11:00
20180816 11:12,497.5,497.5,497.0,497.0,144348,50.0,103482,-46.0,7211630000.0,2490000.0,1891,735,2018-08-16 11:12:00
20180816 11:13,497.0,497.0,496.5,496.5,146226,1878.0,103240,-242.0,7304960000.0,93330000.0,4010,2195,2018-08-16 11:13:00
20180816 11:14,497.0,497.0,497.0,497.0,146346,120.0,103230,-10.0,7310930000.0,5970000.0,1660,963,2018-08-16 11:14:00
20180816 11:15,497.0,497.5,497.0,497.5,146446,100.0,103166,-64.0,7315900000.0,4970000.0,1609,1415,2018-08-16 11:15:00
20180816 11:16,497.5,498.0,497.5,498.0,146452,6.0,103160,-6.0,7316200000.0,300000.0,219,1257,2018-08-16 11:16:00
20180816 11:17,498.0,498.0,497.5,497.5,146514,62.0,103150,-10.0,7319290000.0,3090000.0,1315,2567,2018-08-16 11:17:00
20180816 11:18,497.5,497.5,497.5,497.5,146920,406.0,103312,162.0,7339480000.0,20190000.0,2024,1395,2018-08-16 11:18:00
20180816 11:19,497.5,497.5,497.0,497.0,147130,210.0,103140,-172.0,7349930000.0,10450000.0,917,1182,2018-08-16 11:19:00
20180816 11:20,497.0,497.0,497.0,497.0,147140,10.0,103150,10.0,7350430000.0,500000.0,410,497,2018-08-16 11:20:00
20180816 11:21,497.0,497.5,497.0,497.5,147158,18.0,103152,2.0,7351320000.0,890000.0,1179,953,2018-08-16 11:21:00
20180816 11:22,497.5,497.5,497.5,497.5,147268,110.0,103104,-48.0,7356800000.0,5480000.0,918,721,2018-08-16 11:22:00
20180816 11:23,497.5,497.5,497.5,497.5,147636,368.0,103256,152.0,7375100000.0,18300000.0,1877,1441,2018-08-16 11:23:00
20180816 11:24,497.5,497.5,497.0,497.5,147682,46.0,103214,-42.0,7377390000.0,2290000.0,1634,1759,2018-08-16 11:24:00
20180816 11:25,497.5,497.5,497.0,497.0,147714,32.0,103200,-14.0,7378980000.0,1590000.0,2115,1340,2018-08-16 11:25:00
20180816 11:26,497.0,497.0,497.0,497.0,147714,0.0,103200,0.0,7378980000.0,0.0,5204,1740,2018-08-16 11:26:00
20180816 11:27,497.0,497.0,497.0,497.0,147716,2.0,103198,-2.0,7379080000.0,100000.0,1513,390,2018-08-16 11:27:00
20180816 11:28,497.0,497.5,497.0,497.0,147756,40.0,103178,-20.0,7381070000.0,1990000.0,555,361,2018-08-16 11:28:00
20180816 11:29,497.0,497.5,497.0,497.0,147868,112.0,103080,-98.0,7386640000.0,5570000.0,2235,514,2018-08-16 11:29:00
20180816 11:30,497.0,497.0,497.0,497.0,147868,0.0,103080,0.0,7386640000.0,0.0,101,19,2018-08-16 11:30:00
20180816 13:30,497.0,498.0,497.0,498.0,148220,352.0,103084,4.0,7404170000.0,17530000.0,3311,1649,2018-08-16 13:30:00
20180816 13:31,498.0,498.0,497.5,497.5,148474,254.0,103046,-38.0,7416810000.0,12640000.0,7076,3621,2018-08-16 13:31:00
20180816 13:32,497.5,498.0,497.5,497.5,148618,144.0,102980,-66.0,7423980000.0,7170000.0,1130,1857,2018-08-16 13:32:00
20180816 13:33,498.0,498.5,498.0,498.0,148900,282.0,102886,-94.0,7438030000.0,14050000.0,1719,1670,2018-08-16 13:33:00
20180816 13:34,498.0,498.0,498.0,498.0,149418,518.0,102830,-56.0,7463820000.0,25790000.0,3243,1273,2018-08-16 13:34:00
20180816 13:35,498.0,498.0,498.0,498.0,149586,168.0,102826,-4.0,7472190000.0,8370000.0,1384,3433,2018-08-16 13:35:00
20180816 13:36,498.0,498.0,498.0,498.0,149616,30.0,102812,-14.0,7473680000.0,1490000.0,1896,3790,2018-08-16 13:36:00
20180816 13:37,498.0,498.0,498.0,498.0,149800,184.0,102794,-18.0,7482850000.0,9170000.0,1583,983,2018-08-16 13:37:00
20180816 13:38,498.0,498.0,498.0,498.0,149900,100.0,102804,10.0,7487830000.0,4980000.0,1950,1020,2018-08-16 13:38:00
20180816 13:39,498.0,498.5,498.0,498.0,149934,34.0,102790,-14.0,7489520000.0,1690000.0,1664,1883,2018-08-16 13:39:00
20180816 13:40,498.0,498.0,498.0,498.0,149934,0.0,102790,0.0,7489520000.0,0.0,496,562,2018-08-16 13:40:00
20180816 13:41,498.0,498.0,498.0,498.0,149962,28.0,102804,14.0,7490910000.0,1390000.0,4787,1297,2018-08-16 13:41:00
20180816 13:42,498.0,498.5,498.0,498.5,149976,14.0,102816,12.0,7491610000.0,700000.0,2725,2692,2018-08-16 13:42:00
20180816 13:43,498.5,498.5,498.5,498.5,149976,0.0,102816,0.0,7491610000.0,0.0,308,312,2018-08-16 13:43:00
20180816 13:44,498.5,498.5,498.5,498.5,149984,8.0,102810,-6.0,7492010000.0,400000.0,342,680,2018-08-16 13:44:00
20180816 13:45,498.5,498.5,498.5,498.5,149984,0.0,102810,0.0,7492010000.0,0.0,610,1218,2018-08-16 13:45:00
20180816 13:46,498.5,498.5,498.5,498.5,149996,12.0,102810,0.0,7492610000.0,600000.0,622,842,2018-08-16 13:46:00
20180816 13:47,498.5,498.5,498.0,498.0,150008,12.0,102816,6.0,7493210000.0,600000.0,730,567,2018-08-16 13:47:00
20180816 13:48,498.0,498.0,498.0,498.0,150048,40.0,102806,-10.0,7495200000.0,1990000.0,461,422,2018-08-16 13:48:00
20180816 13:49,498.0,498.0,498.0,498.0,150050,2.0,102806,0.0,7495300000.0,100000.0,304,350,2018-08-16 13:49:00
20180816 13:50,498.0,498.0,498.0,498.0,150050,0.0,102806,0.0,7495300000.0,0.0,63,61,2018-08-16 13:50:00
20180816 13:51,498.0,498.0,498.0,498.0,150054,4.0,102806,0.0,7495500000.0,200000.0,504,538,2018-08-16 13:51:00
20180816 13:52,498.0,498.0,498.0,498.0,150164,110.0,102824,18.0,7500980000.0,5480000.0,954,1445,2018-08-16 13:52:00
20180816 13:53,498.0,498.0,498.0,498.0,150164,0.0,102824,0.0,7500980000.0,0.0,628,547,2018-08-16 13:53:00
20180816 13:54,498.0,498.0,498.0,498.0,150336,172.0,102908,84.0,7509540000.0,8560000.0,1334,1476,2018-08-16 13:54:00
20180816 13:55,498.0,498.0,498.0,498.0,150336,0.0,102908,0.0,7509540000.0,0.0,185,400,2018-08-16 13:55:00
20180816 13:56,498.0,498.0,497.5,497.5,150354,18.0,102914,6.0,7510440000.0,900000.0,718,578,2018-08-16 13:56:00
20180816 13:57,497.5,497.5,496.5,496.5,150666,312.0,102862,-52.0,7525940000.0,15500000.0,2139,3014,2018-08-16 13:57:00
20180816 13:58,496.5,496.5,496.0,496.5,150692,26.0,102836,-26.0,7527230000.0,1290000.0,1156,1658,2018-08-16 13:58:00
20180816 13:59,496.5,496.5,496.5,496.5,151440,748.0,102864,28.0,7564370000.0,37140000.0,3959,2278,2018-08-16 13:59:00
20180816 14:00,496.5,496.5,496.5,496.5,151648,208.0,103006,142.0,7574700000.0,10330000.0,1760,1508,2018-08-16 14:00:00
20180816 14:01,496.5,496.5,496.5,496.5,153450,1802.0,103186,180.0,7664160000.0,89460000.0,5346,2509,2018-08-16 14:01:00
20180816 14:02,496.5,496.5,496.5,496.5,154584,1134.0,102866,-320.0,7720470000.0,56310000.0,2591,2399,2018-08-16 14:02:00
20180816 14:03,496.5,497.5,496.5,497.5,154738,154.0,102912,46.0,7728120000.0,7650000.0,519,586,2018-08-16 14:03:00
20180816 14:04,497.5,497.5,497.5,497.5,154788,50.0,102940,28.0,7730610000.0,2490000.0,1145,751,2018-08-16 14:04:00
20180816 14:05,497.5,497.5,497.5,497.5,154892,104.0,102956,16.0,7735790000.0,5180000.0,1045,621,2018-08-16 14:05:00
20180816 14:06,497.5,497.5,497.0,497.5,156348,1456.0,103112,156.0,7808220000.0,72430000.0,2969,1533,2018-08-16 14:06:00
20180816 14:07,497.5,497.5,497.0,497.0,157322,974.0,103286,174.0,7856680000.0,48460000.0,3654,1990,2018-08-16 14:07:00
20180816 14:08,497.0,497.0,497.0,497.0,157354,32.0,103298,12.0,7858270000.0,1590000.0,922,601,2018-08-16 14:08:00
20180816 14:09,497.0,497.0,496.5,496.5,157778,424.0,103306,8.0,7879320000.0,21050000.0,2577,910,2018-08-16 14:09:00
20180816 14:10,496.5,496.5,496.5,496.5,158148,370.0,103138,-168.0,7897690000.0,18370000.0,1587,2683,2018-08-16 14:10:00
20180816 14:11,496.5,496.5,496.5,496.5,158148,0.0,103138,0.0,7897690000.0,0.0,2315,739,2018-08-16 14:11:00
20180816 14:12,496.5,496.5,496.5,496.5,158148,0.0,103138,0.0,7897690000.0,0.0,354,103,2018-08-16 14:12:00
20180816 14:13,496.5,496.5,496.5,496.5,158148,0.0,103138,0.0,7897690000.0,0.0,1384,430,2018-08-16 14:13:00
20180816 14:14,496.5,496.5,496.5,496.5,158148,0.0,103138,0.0,7897690000.0,0.0,1211,305,2018-08-16 14:14:00
20180816 14:15,496.5,496.5,496.0,496.0,158160,12.0,103148,10.0,7898280000.0,590000.0,1716,359,2018-08-16 14:15:00
20180816 14:16,496.0,496.0,496.0,496.0,158170,10.0,103150,2.0,7898780000.0,500000.0,1996,558,2018-08-16 14:16:00
20180816 14:17,496.0,496.0,496.0,496.0,158170,0.0,103150,0.0,7898780000.0,0.0,334,86,2018-08-16 14:17:00
20180816 14:18,496.0,496.0,496.0,496.0,158172,2.0,103150,0.0,7898880000.0,100000.0,501,100,2018-08-16 14:18:00
20180816 14:19,496.0,496.0,495.5,495.5,160106,1934.0,103174,24.0,7994710000.0,95830000.0,2625,1604,2018-08-16 14:19:00
20180816 14:20,495.5,495.5,495.5,495.5,160454,348.0,103294,120.0,8011960000.0,17250000.0,4228,3731,2018-08-16 14:20:00
20180816 14:21,495.5,495.5,495.0,495.0,160616,162.0,103362,68.0,8019980000.0,8020000.0,1074,2139,2018-08-16 14:21:00
20180816 14:22,495.0,495.5,495.0,495.5,160624,8.0,103356,-6.0,8020370000.0,390000.0,243,333,2018-08-16 14:22:00
20180816 14:23,495.5,496.0,495.5,495.5,161958,1334.0,103492,136.0,8086480000.0,66110000.0,5243,3443,2018-08-16 14:23:00
20180816 14:24,495.5,495.5,495.0,495.0,162270,312.0,103612,120.0,8101940000.0,15460000.0,1593,1575,2018-08-16 14:24:00
20180816 14:25,495.0,496.0,495.0,495.5,162666,396.0,103616,4.0,8121560000.0,19620000.0,1446,2490,2018-08-16 14:25:00
20180816 14:26,495.5,495.5,495.5,495.5,162666,0.0,103616,0.0,8121560000.0,0.0,1024,724,2018-08-16 14:26:00
20180816 14:27,495.5,495.5,495.5,495.5,162674,8.0,103624,8.0,8121960000.0,400000.0,1234,764,2018-08-16 14:27:00
20180816 14:28,495.5,495.5,495.0,495.0,162774,100.0,103552,-72.0,8126910000.0,4950000.0,737,911,2018-08-16 14:28:00
20180816 14:29,495.0,495.0,495.0,495.0,162774,0.0,103552,0.0,8126910000.0,0.0,41,134,2018-08-16 14:29:00
20180816 14:30,495.0,495.0,495.0,495.0,162774,0.0,103552,0.0,8126910000.0,0.0,201,684,2018-08-16 14:30:00
20180816 14:31,495.0,495.0,495.0,495.0,162856,82.0,103472,-80.0,8130960000.0,4050000.0,417,493,2018-08-16 14:31:00
20180816 14:32,495.0,495.5,495.0,495.5,162858,2.0,103470,-2.0,8131060000.0,100000.0,214,326,2018-08-16 14:32:00
20180816 14:33,495.5,495.5,495.5,495.5,163148,290.0,103334,-136.0,8145430000.0,14370000.0,814,1621,2018-08-16 14:33:00
20180816 14:34,495.5,495.5,495.5,495.5,163462,314.0,103488,154.0,8160990000.0,15560000.0,1244,1225,2018-08-16 14:34:00
20180816 14:35,495.5,495.5,495.5,495.5,163486,24.0,103504,16.0,8162180000.0,1190000.0,1167,1449,2018-08-16 14:35:00
20180816 14:36,495.5,496.5,495.5,496.0,163564,78.0,103482,-22.0,8166050000.0,3870000.0,1314,1474,2018-08-16 14:36:00
20180816 14:37,496.0,496.5,496.0,496.5,163754,190.0,103474,-8.0,8175480000.0,9430000.0,1392,731,2018-08-16 14:37:00
20180816 14:38,496.5,496.5,496.5,496.5,164566,812.0,103486,12.0,8215800000.0,40320000.0,890,782,2018-08-16 14:38:00
20180816 14:39,496.5,496.5,496.5,496.5,164710,144.0,103426,-60.0,8222950000.0,7150000.0,872,1140,2018-08-16 14:39:00
20180816 14:40,496.5,496.5,496.5,496.5,164710,0.0,103426,0.0,8222950000.0,0.0,63,34,2018-08-16 14:40:00
20180816 14:41,496.5,496.5,496.0,496.0,164720,10.0,103420,-6.0,8223450000.0,500000.0,252,64,2018-08-16 14:41:00
20180816 14:42,496.0,496.0,496.0,496.0,165146,426.0,103278,-142.0,8244570000.0,21120000.0,1347,2733,2018-08-16 14:42:00
20180816 14:43,496.0,496.0,496.0,496.0,165232,86.0,103266,-12.0,8248840000.0,4270000.0,1002,1388,2018-08-16 14:43:00
20180816 14:44,496.0,496.0,496.0,496.0,165232,0.0,103266,0.0,8248840000.0,0.0,681,337,2018-08-16 14:44:00
20180816 14:45,496.0,496.0,495.5,495.5,165256,24.0,103254,-12.0,8250030000.0,1190000.0,821,586,2018-08-16 14:45:00
20180816 14:46,495.5,496.5,495.5,496.5,165328,72.0,103290,36.0,8253600000.0,3570000.0,858,539,2018-08-16 14:46:00
20180816 14:47,496.5,496.5,496.5,496.5,165328,0.0,103290,0.0,8253600000.0,0.0,520,443,2018-08-16 14:47:00
20180816 14:48,496.5,496.5,496.0,496.0,166262,934.0,103424,134.0,8299930000.0,46330000.0,8003,2283,2018-08-16 14:48:00
20180816 14:49,496.0,496.0,496.0,496.0,166452,190.0,103438,14.0,8309350000.0,9420000.0,1730,1175,2018-08-16 14:49:00
20180816 14:50,496.0,496.0,496.0,496.0,166610,158.0,103284,-154.0,8317190000.0,7840000.0,1458,569,2018-08-16 14:50:00
20180816 14:51,496.0,496.0,496.0,496.0,166670,60.0,103274,-10.0,8320170000.0,2980000.0,3264,1939,2018-08-16 14:51:00
20180816 14:52,496.0,496.0,496.0,496.0,166826,156.0,103344,70.0,8327900000.0,7730000.0,1162,3267,2018-08-16 14:52:00
20180816 14:53,496.0,496.0,495.5,495.5,166998,172.0,103358,14.0,8336430000.0,8530000.0,977,4185,2018-08-16 14:53:00
20180816 14:54,496.0,496.0,495.5,496.0,167018,20.0,103350,-8.0,8337430000.0,1000000.0,453,597,2018-08-16 14:54:00
20180816 14:55,496.0,496.5,496.0,496.5,167122,104.0,103396,46.0,8342580000.0,5150000.0,1543,2274,2018-08-16 14:55:00
20180816 14:56,496.5,497.0,496.5,497.0,167146,24.0,103392,-4.0,8343780000.0,1200000.0,1377,1217,2018-08-16 14:56:00
20180816 14:57,497.0,497.0,497.0,497.0,167162,16.0,103392,0.0,8344570000.0,790000.0,640,221,2018-08-16 14:57:00
20180816 14:58,497.0,497.0,496.5,496.5,167206,44.0,103394,2.0,8346760000.0,2190000.0,458,710,2018-08-16 14:58:00
20180816 14:59,496.0,496.5,495.5,495.5,167698,492.0,103300,-94.0,8371170000.0,24410000.0,3699,1780,2018-08-16 14:59:00
20180816 15:00,495.5,495.5,495.5,495.5,167698,0.0,103300,0.0,8371170000.0,0.0,4,144,2018-08-16 15:00:00
20180816 21:24,508.0,508.0,508.0,508.0,14154,14154.0,104452,1152.0,719904000.0,719904000.0,2309,1154,2018-08-16 21:24:00
20180816 21:25,508.0,508.0,508.0,508.0,14154,0.0,104452,0.0,719904000.0,0.0,365,338,2018-08-16 21:25:00
20180816 21:26,508.0,508.5,508.0,508.5,15068,914.0,104604,152.0,766381000.0,46477000.0,3259,2689,2018-08-16 21:26:00
20180816 21:27,508.5,509.0,508.5,509.0,15724,656.0,104624,20.0,799772000.0,33391000.0,1970,1387,2018-08-16 21:27:00
20180816 21:28,509.0,509.0,509.0,509.0,15772,48.0,104662,38.0,802215000.0,2443000.0,1189,1903,2018-08-16 21:28:00
20180816 21:29,509.0,509.5,509.0,509.5,15782,10.0,104660,-2.0,802724000.0,509000.0,559,376,2018-08-16 21:29:00
20180816 21:30,509.5,509.5,509.0,509.0,16482,700.0,104604,-56.0,838354000.0,35630000.0,976,491,2018-08-16 21:30:00
20180816 23:30,489.0,489.0,489.0,489.0,106444,89962.0,105372,768.0,5331710000.0,4493356000.0,23,1,2018-08-16 23:30:00
20180817 09:00,497.5,498.5,497.5,498.5,55962,55962.0,104028,-1344.0,2787110000.0,2787110000.0,1989,6683,2018-08-17 09:00:00
20180817 09:01,498.5,498.5,497.5,498.0,56042,80.0,104048,20.0,2791090000.0,3980000.0,2825,7220,2018-08-17 09:01:00
20180817 09:02,498.0,498.0,497.5,498.0,56190,148.0,104086,38.0,2798460000.0,7370000.0,3048,4502,2018-08-17 09:02:00
20180817 09:03,498.0,498.0,498.0,498.0,58606,2416.0,104164,78.0,2918780000.0,120320000.0,4471,4789,2018-08-17 09:03:00
20180817 09:04,498.0,498.5,498.0,498.5,58654,48.0,104186,22.0,2921170000.0,2390000.0,687,1100,2018-08-17 09:04:00
20180817 09:05,498.5,498.5,498.5,498.5,60056,1402.0,104176,-10.0,2991060000.0,69890000.0,3603,5880,2018-08-17 09:05:00
20180817 09:06,498.5,498.5,498.5,498.5,60840,784.0,104782,606.0,3030150000.0,39090000.0,3134,4520,2018-08-17 09:06:00
20180817 09:07,498.5,498.5,498.5,498.5,61668,828.0,104142,-640.0,3071420000.0,41270000.0,3453,2218,2018-08-17 09:07:00
20180817 09:08,498.5,498.5,498.5,498.5,61728,60.0,104132,-10.0,3074410000.0,2990000.0,1954,786,2018-08-17 09:08:00
20180817 09:09,498.5,498.5,498.5,498.5,61728,0.0,104132,0.0,3074410000.0,0.0,1286,933,2018-08-17 09:09:00
20180817 09:10,498.5,498.5,498.5,498.5,61728,0.0,104132,0.0,3074410000.0,0.0,140,172,2018-08-17 09:10:00
20180817 09:11,498.5,498.5,498.5,498.5,61772,44.0,104102,-30.0,3076610000.0,2200000.0,1661,895,2018-08-17 09:11:00
20180817 09:12,498.5,498.5,498.5,498.5,61832,60.0,104074,-28.0,3079600000.0,2990000.0,2426,2726,2018-08-17 09:12:00
20180817 09:13,498.5,498.5,498.0,498.0,61892,60.0,104090,16.0,3082580000.0,2980000.0,1569,1129,2018-08-17 09:13:00
20180817 09:14,498.0,498.0,498.0,498.0,62472,580.0,104664,574.0,3111470000.0,28890000.0,2536,939,2018-08-17 09:14:00
20180817 09:15,498.0,498.0,498.0,498.0,63338,866.0,104158,-506.0,3154600000.0,43130000.0,2887,3101,2018-08-17 09:15:00
20180817 09:16,498.0,498.0,498.0,498.0,63396,58.0,104152,-6.0,3157480000.0,2880000.0,1824,1090,2018-08-17 09:16:00
20180817 09:17,498.0,498.5,498.0,498.5,64046,650.0,104706,554.0,3189890000.0,32410000.0,1643,1295,2018-08-17 09:17:00
20180817 09:18,498.5,498.5,498.5,498.5,64046,0.0,104706,0.0,3189890000.0,0.0,676,379,2018-08-17 09:18:00
20180817 09:19,498.5,498.5,498.5,498.5,64054,8.0,104706,0.0,3190280000.0,390000.0,351,169,2018-08-17 09:19:00
20180817 09:20,498.5,499.0,498.5,499.0,64056,2.0,104706,0.0,3190380000.0,100000.0,1747,717,2018-08-17 09:20:00
20180817 09:21,499.0,499.0,498.0,498.0,64136,80.0,104718,12.0,3194370000.0,3990000.0,2147,2362,2018-08-17 09:21:00
20180817 09:22,498.5,498.5,498.5,498.5,64256,120.0,104728,10.0,3200350000.0,5980000.0,856,2511,2018-08-17 09:22:00
20180817 09:23,498.5,498.5,498.5,498.5,64714,458.0,104732,4.0,3223190000.0,22840000.0,4367,8718,2018-08-17 09:23:00
20180817 09:24,498.5,498.5,498.5,498.5,64714,0.0,104732,0.0,3223190000.0,0.0,759,1951,2018-08-17 09:24:00
20180817 09:25,498.5,498.5,498.5,498.5,65164,450.0,104900,168.0,3245620000.0,22430000.0,2436,5315,2018-08-17 09:25:00
20180817 09:26,498.5,498.5,498.5,498.5,66234,1070.0,104506,-394.0,3298960000.0,53340000.0,2224,2215,2018-08-17 09:26:00
20180817 09:27,498.5,499.0,498.5,498.5,66450,216.0,104402,-104.0,3309730000.0,10770000.0,3412,3054,2018-08-17 09:27:00
20180817 09:28,498.5,498.5,498.5,498.5,67408,958.0,103954,-448.0,3357480000.0,47750000.0,2365,2442,2018-08-17 09:28:00
20180817 09:29,498.5,498.5,498.5,498.5,70796,3388.0,103410,-544.0,3526370000.0,168890000.0,6507,9221,2018-08-17 09:29:00
20180817 09:30,498.5,498.5,498.5,498.5,74098,3302.0,103892,482.0,3690980000.0,164610000.0,6133,11511,2018-08-17 09:30:00
20180817 09:31,498.5,498.5,498.5,498.5,79382,5284.0,103194,-698.0,3954390000.0,263410000.0,10804,18079,2018-08-17 09:31:00
20180817 09:32,498.5,498.5,498.5,498.5,82922,3540.0,103686,492.0,4130850000.0,176460000.0,9378,16723,2018-08-17 09:32:00
20180817 09:33,498.5,498.5,498.5,498.5,86966,4044.0,103844,158.0,4332450000.0,201600000.0,7605,15942,2018-08-17 09:33:00
20180817 09:34,498.5,498.5,498.5,498.5,88650,1684.0,103954,110.0,4416400000.0,83950000.0,3386,6297,2018-08-17 09:34:00
20180817 09:35,498.5,498.5,498.5,498.5,88664,14.0,103954,0.0,4417090000.0,690000.0,1625,2066,2018-08-17 09:35:00
20180817 09:36,498.5,498.5,498.5,498.5,88674,10.0,103952,-2.0,4417590000.0,500000.0,2024,1995,2018-08-17 09:36:00
20180817 09:37,498.5,499.0,498.5,498.5,88872,198.0,103972,20.0,4427460000.0,9870000.0,4459,3782,2018-08-17 09:37:00
20180817 09:38,498.5,498.5,498.5,498.5,88872,0.0,103972,0.0,4427460000.0,0.0,793,1718,2018-08-17 09:38:00
20180817 09:39,498.0,498.0,497.5,497.5,89348,476.0,104048,76.0,4451140000.0,23680000.0,2318,2288,2018-08-17 09:39:00
20180817 09:40,497.5,497.5,497.5,497.5,89450,102.0,104020,-28.0,4456220000.0,5080000.0,1713,2138,2018-08-17 09:40:00
20180817 09:41,497.5,497.5,497.5,497.5,89450,0.0,104020,0.0,4456220000.0,0.0,83,369,2018-08-17 09:41:00
20180817 09:42,497.5,497.5,496.5,497.0,89780,330.0,103984,-36.0,4472610000.0,16390000.0,1572,2573,2018-08-17 09:42:00
20180817 09:43,497.0,497.0,497.0,497.0,89780,0.0,103984,0.0,4472610000.0,0.0,140,334,2018-08-17 09:43:00
20180817 09:44,497.0,497.0,496.5,496.5,89968,188.0,103846,-138.0,4481950000.0,9340000.0,582,1105,2018-08-17 09:44:00
20180817 09:45,496.0,496.5,495.5,496.0,90704,736.0,103850,4.0,4518470000.0,36520000.0,3935,7754,2018-08-17 09:45:00
20180817 09:46,496.0,496.5,496.0,496.0,90714,10.0,103842,-8.0,4518960000.0,490000.0,845,1803,2018-08-17 09:46:00
20180817 09:47,496.0,496.5,496.0,496.5,90762,48.0,103814,-28.0,4521340000.0,2380000.0,623,1432,2018-08-17 09:47:00
20180817 09:48,496.0,497.0,496.0,496.5,91112,350.0,103664,-150.0,4538720000.0,17380000.0,5430,2846,2018-08-17 09:48:00
20180817 09:49,497.0,497.0,496.5,497.0,91396,284.0,103790,126.0,4552830000.0,14110000.0,9816,1677,2018-08-17 09:49:00
20180817 09:50,497.0,497.0,497.0,497.0,91402,6.0,103784,-6.0,4553120000.0,290000.0,4348,2568,2018-08-17 09:50:00
20180817 09:51,497.0,497.0,497.0,497.0,91488,86.0,103808,24.0,4557400000.0,4280000.0,4772,1042,2018-08-17 09:51:00
20180817 09:52,497.0,497.0,496.5,496.5,91550,62.0,103802,-6.0,4560480000.0,3080000.0,1356,1326,2018-08-17 09:52:00
20180817 09:53,496.5,497.0,496.5,497.0,91552,2.0,103800,-2.0,4560580000.0,100000.0,343,965,2018-08-17 09:53:00
20180817 09:54,497.0,497.0,496.0,496.5,92334,782.0,103738,-62.0,4599400000.0,38820000.0,4681,3437,2018-08-17 09:54:00
20180817 09:55,496.5,496.5,496.5,496.5,92554,220.0,103886,148.0,4610330000.0,10930000.0,2372,2062,2018-08-17 09:55:00
20180817 09:56,496.5,496.5,496.5,496.5,92840,286.0,103854,-32.0,4624530000.0,14200000.0,3056,640,2018-08-17 09:56:00
20180817 09:57,496.5,496.5,496.0,496.0,92842,2.0,103856,2.0,4624630000.0,100000.0,335,986,2018-08-17 09:57:00
20180817 09:58,496.0,496.0,496.0,496.0,92842,0.0,103856,0.0,4624630000.0,0.0,184,560,2018-08-17 09:58:00
20180817 09:59,496.0,496.5,496.0,496.5,93738,896.0,103722,-134.0,4669110000.0,44480000.0,5622,3001,2018-08-17 09:59:00
20180817 10:00,496.5,497.0,496.5,497.0,93748,10.0,103722,0.0,4669610000.0,500000.0,783,1336,2018-08-17 10:00:00
20180817 10:01,497.0,497.0,497.0,497.0,93748,0.0,103722,0.0,4669610000.0,0.0,205,324,2018-08-17 10:01:00
20180817 10:02,497.0,497.0,497.0,497.0,93748,0.0,103722,0.0,4669610000.0,0.0,216,673,2018-08-17 10:02:00
20180817 10:03,497.0,497.0,497.0,497.0,93748,0.0,103722,0.0,4669610000.0,0.0,695,1822,2018-08-17 10:03:00
20180817 10:04,497.0,497.0,497.0,497.0,93748,0.0,103722,0.0,4669610000.0,0.0,834,1190,2018-08-17 10:04:00
20180817 10:05,497.0,497.0,497.0,497.0,93750,2.0,103720,-2.0,4669710000.0,100000.0,308,394,2018-08-17 10:05:00
20180817 10:06,497.0,497.0,497.0,497.0,93886,136.0,103746,26.0,4676470000.0,6760000.0,1954,665,2018-08-17 10:06:00
20180817 10:07,497.0,497.0,497.0,497.0,94294,408.0,103862,116.0,4696750000.0,20280000.0,1580,1771,2018-08-17 10:07:00
20180817 10:08,497.0,497.0,497.0,497.0,94294,0.0,103862,0.0,4696750000.0,0.0,205,372,2018-08-17 10:08:00
20180817 10:09,497.0,497.0,497.0,497.0,94294,0.0,103862,0.0,4696750000.0,0.0,533,829,2018-08-17 10:09:00
20180817 10:10,497.0,497.0,496.5,496.5,94856,562.0,103914,52.0,4724650000.0,27900000.0,1831,4066,2018-08-17 10:10:00
20180817 10:11,496.5,497.0,495.5,496.0,97460,2604.0,104010,96.0,4853850000.0,129200000.0,5639,2145,2018-08-17 10:11:00
20180817 10:12,496.0,496.5,496.0,496.5,98290,830.0,103892,-118.0,4895060000.0,41210000.0,3829,3726,2018-08-17 10:12:00
20180817 10:13,496.5,496.5,496.5,496.5,98578,288.0,104044,152.0,4909360000.0,14300000.0,2730,1931,2018-08-17 10:13:00
20180817 10:14,496.5,497.0,496.5,497.0,98682,104.0,104000,-44.0,4914530000.0,5170000.0,5138,2629,2018-08-17 10:14:00
20180817 10:30,497.0,497.0,497.0,497.0,98682,0.0,104000,0.0,4914530000.0,0.0,2878,797,2018-08-17 10:30:00
20180817 10:31,497.0,497.0,497.0,497.0,98692,10.0,104000,0.0,4915030000.0,500000.0,3402,1147,2018-08-17 10:31:00
20180817 10:32,497.0,497.0,497.0,497.0,98694,2.0,104000,0.0,4915130000.0,100000.0,1561,578,2018-08-17 10:32:00
20180817 10:33,497.0,497.0,497.0,497.0,98694,0.0,104000,0.0,4915130000.0,0.0,1883,875,2018-08-17 10:33:00
20180817 10:34,497.0,497.0,497.0,497.0,100068,1374.0,104014,14.0,4983410000.0,68280000.0,6573,4542,2018-08-17 10:34:00
20180817 10:35,497.0,497.0,497.0,497.0,100572,504.0,104014,0.0,5008460000.0,25050000.0,2230,1371,2018-08-17 10:35:00
20180817 10:36,497.0,497.0,497.0,497.0,100908,336.0,103992,-22.0,5025160000.0,16700000.0,1578,934,2018-08-17 10:36:00
20180817 10:37,497.0,497.0,497.0,497.0,101764,856.0,103894,-98.0,5067710000.0,42550000.0,3989,2477,2018-08-17 10:37:00
20180817 10:38,497.0,497.0,497.0,497.0,102950,1186.0,103924,30.0,5126650000.0,58940000.0,7601,4663,2018-08-17 10:38:00
20180817 10:39,497.0,497.0,497.0,497.0,102954,4.0,103924,0.0,5126850000.0,200000.0,2571,946,2018-08-17 10:39:00
20180817 10:40,497.0,497.0,497.0,497.0,102954,0.0,103924,0.0,5126850000.0,0.0,231,76,2018-08-17 10:40:00
20180817 10:41,497.0,497.0,497.0,497.0,102966,12.0,103928,4.0,5127450000.0,600000.0,1786,608,2018-08-17 10:41:00
20180817 10:42,497.0,497.0,496.0,496.5,103096,130.0,103824,-104.0,5133900000.0,6450000.0,1972,883,2018-08-17 10:42:00
20180817 10:43,496.5,496.5,496.5,496.5,103112,16.0,103830,6.0,5134690000.0,790000.0,1724,1229,2018-08-17 10:43:00
20180817 10:44,496.5,496.5,495.5,495.5,104160,1048.0,103504,-326.0,5186630000.0,51940000.0,1153,2871,2018-08-17 10:44:00
20180817 10:45,495.5,496.0,495.5,496.0,104286,126.0,103550,46.0,5192880000.0,6250000.0,1494,1375,2018-08-17 10:45:00
20180817 10:46,496.0,496.5,496.0,496.5,104288,2.0,103550,0.0,5192980000.0,100000.0,161,121,2018-08-17 10:46:00
20180817 10:47,496.5,496.5,496.5,496.5,104290,2.0,103552,2.0,5193080000.0,100000.0,197,221,2018-08-17 10:47:00
20180817 10:48,496.5,496.5,496.5,496.5,104290,0.0,103552,0.0,5193080000.0,0.0,496,518,2018-08-17 10:48:00
20180817 10:49,496.5,497.0,496.5,497.0,104350,60.0,103556,4.0,5196060000.0,2980000.0,2267,1094,2018-08-17 10:49:00
20180817 10:50,497.0,497.0,497.0,497.0,104350,0.0,103556,0.0,5196060000.0,0.0,2093,896,2018-08-17 10:50:00
20180817 10:51,497.0,497.0,497.0,497.0,104352,2.0,103558,2.0,5196160000.0,100000.0,2224,704,2018-08-17 10:51:00
20180817 10:52,497.0,497.0,497.0,497.0,104356,4.0,103558,0.0,5196360000.0,200000.0,1609,728,2018-08-17 10:52:00
20180817 10:53,497.0,497.0,496.5,496.5,104360,4.0,103560,2.0,5196560000.0,200000.0,781,181,2018-08-17 10:53:00
20180817 10:54,496.5,497.0,496.5,497.0,104362,2.0,103562,2.0,5196660000.0,100000.0,389,116,2018-08-17 10:54:00
20180817 10:55,497.0,497.0,497.0,497.0,104364,2.0,103564,2.0,5196760000.0,100000.0,1352,399,2018-08-17 10:55:00
20180817 10:56,497.0,497.0,497.0,497.0,104366,2.0,103566,2.0,5196850000.0,90000.0,1244,624,2018-08-17 10:56:00
20180817 10:57,497.0,497.0,496.5,497.0,104650,284.0,103680,114.0,5210970000.0,14120000.0,3103,6700,2018-08-17 10:57:00
20180817 10:58,497.0,497.0,497.0,497.0,104708,58.0,103666,-14.0,5213850000.0,2880000.0,1391,723,2018-08-17 10:58:00
20180817 10:59,497.0,497.5,497.0,497.5,104724,16.0,103674,8.0,5214650000.0,800000.0,1068,957,2018-08-17 10:59:00
20180817 11:00,497.5,497.5,497.5,497.5,104724,0.0,103674,0.0,5214650000.0,0.0,849,912,2018-08-17 11:00:00
20180817 11:01,497.5,497.5,497.5,497.5,104724,0.0,103674,0.0,5214650000.0,0.0,554,546,2018-08-17 11:01:00
20180817 11:02,497.5,497.5,497.5,497.5,104860,136.0,103688,14.0,5221410000.0,6760000.0,2126,1349,2018-08-17 11:02:00
20180817 11:03,497.5,497.5,496.5,496.5,104952,92.0,103720,32.0,5225980000.0,4570000.0,1632,1166,2018-08-17 11:03:00
20180817 11:04,496.5,496.5,496.5,496.5,104952,0.0,103720,0.0,5225980000.0,0.0,146,145,2018-08-17 11:04:00
20180817 11:05,497.0,497.0,497.0,497.0,105194,242.0,103668,-52.0,5238010000.0,12030000.0,1821,5273,2018-08-17 11:05:00
20180817 11:06,497.0,497.0,496.0,497.0,105372,178.0,103746,78.0,5246850000.0,8840000.0,3185,2080,2018-08-17 11:06:00
20180817 11:07,497.0,497.0,497.0,497.0,105372,0.0,103746,0.0,5246850000.0,0.0,1559,660,2018-08-17 11:07:00
20180817 11:08,497.0,497.0,497.0,497.0,105952,580.0,103974,228.0,5275670000.0,28820000.0,2725,5731,2018-08-17 11:08:00
20180817 11:09,497.0,497.5,497.0,497.5,106298,346.0,103810,-164.0,5292870000.0,17200000.0,3929,5187,2018-08-17 11:09:00
20180817 11:10,497.5,498.5,497.5,498.0,106802,504.0,103798,-12.0,5317970000.0,25100000.0,2829,5113,2018-08-17 11:10:00
20180817 11:11,498.0,498.5,497.5,497.5,107314,512.0,104038,240.0,5343450000.0,25480000.0,3125,3952,2018-08-17 11:11:00
20180817 11:12,497.5,497.5,497.0,497.5,109610,2296.0,104216,178.0,5457680000.0,114230000.0,16599,6323,2018-08-17 11:12:00
20180817 11:13,497.5,497.5,497.0,497.5,110448,838.0,104026,-190.0,5499370000.0,41690000.0,15513,8751,2018-08-17 11:13:00
20180817 11:14,497.5,498.0,497.5,498.0,110504,56.0,104026,0.0,5502160000.0,2790000.0,2068,3438,2018-08-17 11:14:00
20180817 11:15,498.0,498.0,498.0,498.0,110628,124.0,103964,-62.0,5508330000.0,6170000.0,3747,2777,2018-08-17 11:15:00
20180817 11:16,498.0,498.0,497.0,497.0,110820,192.0,103890,-74.0,5517880000.0,9550000.0,1781,1741,2018-08-17 11:16:00
20180817 11:17,497.0,497.5,497.0,497.5,110968,148.0,103918,28.0,5525250000.0,7370000.0,1318,2649,2018-08-17 11:17:00
20180817 11:18,497.5,497.5,497.0,497.0,112008,1040.0,103908,-10.0,5576930000.0,51680000.0,3629,2686,2018-08-17 11:18:00
20180817 11:19,497.0,497.5,497.0,497.5,112310,302.0,104018,110.0,5591960000.0,15030000.0,2485,4364,2018-08-17 11:19:00
20180817 11:20,497.5,498.5,497.5,498.5,112388,78.0,104006,-12.0,5595840000.0,3880000.0,1038,2049,2018-08-17 11:20:00
20180817 11:21,498.5,499.0,498.5,499.0,112788,400.0,104086,80.0,5615790000.0,19950000.0,6026,3284,2018-08-17 11:21:00
20180817 11:22,499.0,499.0,498.5,498.5,112982,194.0,104112,26.0,5625460000.0,9670000.0,5035,2767,2018-08-17 11:22:00
20180817 11:23,498.5,499.5,498.5,499.5,113192,210.0,104162,50.0,5635940000.0,10480000.0,3537,3480,2018-08-17 11:23:00
20180817 11:24,499.5,499.5,499.0,499.0,113408,216.0,104114,-48.0,5646730000.0,10790000.0,2823,4299,2018-08-17 11:24:00
20180817 11:25,499.0,500.0,499.0,499.5,113556,148.0,104128,14.0,5654120000.0,7390000.0,2676,2157,2018-08-17 11:25:00
20180817 11:26,499.5,499.5,499.5,499.5,113588,32.0,104128,0.0,5655720000.0,1600000.0,914,1145,2018-08-17 11:26:00
20180817 11:27,499.5,499.5,498.5,498.5,113724,136.0,104136,8.0,5662500000.0,6780000.0,1156,1627,2018-08-17 11:27:00
20180817 11:28,498.5,499.0,498.5,499.0,113922,198.0,104224,88.0,5672380000.0,9880000.0,1548,1603,2018-08-17 11:28:00
20180817 11:29,499.0,500.0,499.0,500.0,114194,272.0,104202,-22.0,5685970000.0,13590000.0,1779,1448,2018-08-17 11:29:00
20180817 13:30,500.0,501.0,500.0,501.0,114830,636.0,104050,-152.0,5717790000.0,31820000.0,4094,3741,2018-08-17 13:30:00
20180817 13:31,501.0,501.0,500.5,501.0,114908,78.0,104050,0.0,5721700000.0,3910000.0,5485,2914,2018-08-17 13:31:00
20180817 13:32,501.0,502.0,500.5,501.0,115286,378.0,104112,62.0,5740640000.0,18940000.0,6153,5054,2018-08-17 13:32:00
20180817 13:33,501.0,502.0,501.0,502.0,115524,238.0,104196,84.0,5752570000.0,11930000.0,4153,4515,2018-08-17 13:33:00
20180817 13:34,502.0,503.0,502.0,503.0,116274,750.0,104402,206.0,5790280000.0,37710000.0,5458,8633,2018-08-17 13:34:00
20180817 13:35,503.0,503.5,503.0,503.5,116794,520.0,104428,26.0,5816460000.0,26180000.0,5504,5083,2018-08-17 13:35:00
20180817 13:36,504.0,504.0,502.0,502.0,118164,1370.0,104450,22.0,5885330000.0,68870000.0,4955,8392,2018-08-17 13:36:00
20180817 13:37,502.0,502.5,502.0,502.5,118448,284.0,104496,46.0,5899600000.0,14270000.0,2472,4864,2018-08-17 13:37:00
20180817 13:38,502.5,502.5,500.5,501.0,118964,516.0,104670,174.0,5925480000.0,25880000.0,4116,6476,2018-08-17 13:38:00
20180817 13:39,501.0,501.5,501.0,501.5,119230,266.0,104796,126.0,5938810000.0,13330000.0,6246,3003,2018-08-17 13:39:00
20180817 13:40,501.5,501.5,501.5,501.5,120194,964.0,104748,-48.0,5987150000.0,48340000.0,5700,2882,2018-08-17 13:40:00
20180817 13:41,501.5,501.5,501.5,501.5,120224,30.0,104750,2.0,5988660000.0,1510000.0,622,1602,2018-08-17 13:41:00
20180817 13:42,501.5,501.5,501.5,501.5,120252,28.0,104742,-8.0,5990060000.0,1400000.0,12160,532,2018-08-17 13:42:00
20180817 13:43,501.5,501.5,501.0,501.0,120400,148.0,104724,-18.0,5997480000.0,7420000.0,8888,3925,2018-08-17 13:43:00
20180817 13:44,501.0,501.0,501.0,501.0,120572,172.0,104830,106.0,6006100000.0,8620000.0,6086,2630,2018-08-17 13:44:00
20180817 13:45,501.0,501.0,500.5,501.0,120878,306.0,104946,116.0,6021430000.0,15330000.0,7772,4247,2018-08-17 13:45:00
20180817 13:46,501.0,501.5,501.0,501.5,120968,90.0,104974,28.0,6025940000.0,4510000.0,5770,3219,2018-08-17 13:46:00
20180817 13:47,501.5,502.5,501.5,502.5,121192,224.0,105064,90.0,6037190000.0,11250000.0,2841,3298,2018-08-17 13:47:00
20180817 13:48,502.5,504.5,502.5,504.0,121420,228.0,105030,-34.0,6048660000.0,11470000.0,3273,14634,2018-08-17 13:48:00
20180817 13:49,504.0,504.5,504.0,504.0,121524,104.0,105022,-8.0,6053910000.0,5250000.0,1733,6074,2018-08-17 13:49:00
20180817 13:50,504.0,504.0,504.0,504.0,121624,100.0,105006,-16.0,6058950000.0,5040000.0,973,1170,2018-08-17 13:50:00
20180817 13:51,503.5,504.0,503.5,504.0,121742,118.0,105086,80.0,6064890000.0,5940000.0,1178,1056,2018-08-17 13:51:00
20180817 13:52,504.0,505.5,504.0,505.5,121948,206.0,105084,-2.0,6075290000.0,10400000.0,3534,6676,2018-08-17 13:52:00
20180817 13:53,505.5,505.5,504.5,504.5,122162,214.0,105020,-64.0,6086090000.0,10800000.0,2873,2722,2018-08-17 13:53:00
20180817 13:54,504.5,505.5,504.5,505.5,122614,452.0,104898,-122.0,6108930000.0,22840000.0,3370,5833,2018-08-17 13:54:00
20180817 13:55,506.0,506.0,505.5,505.5,122738,124.0,104900,2.0,6115200000.0,6270000.0,2338,6011,2018-08-17 13:55:00
20180817 13:56,505.5,505.5,505.0,505.0,122796,58.0,104914,14.0,6118130000.0,2930000.0,4037,1628,2018-08-17 13:56:00
20180817 13:57,505.0,505.0,504.5,504.5,122968,172.0,104912,-2.0,6126810000.0,8680000.0,4408,5820,2018-08-17 13:57:00
20180817 13:58,504.5,505.0,504.5,505.0,123140,172.0,104922,10.0,6135490000.0,8680000.0,4588,6326,2018-08-17 13:58:00
20180817 13:59,505.0,505.5,505.0,505.5,123664,524.0,105182,260.0,6161960000.0,26470000.0,16900,9029,2018-08-17 13:59:00
20180817 14:00,505.5,505.5,504.5,505.0,123874,210.0,105148,-34.0,6172570000.0,10610000.0,11269,3904,2018-08-17 14:00:00
20180817 14:01,505.0,505.5,505.0,505.5,124090,216.0,105182,34.0,6183480000.0,10910000.0,11886,5711,2018-08-17 14:01:00
20180817 14:02,505.5,507.0,505.5,506.5,124916,826.0,105572,390.0,6225250000.0,41770000.0,3572,3955,2018-08-17 14:02:00
20180817 14:03,506.5,506.5,505.5,506.0,125004,88.0,105572,0.0,6229710000.0,4460000.0,1684,4218,2018-08-17 14:03:00
20180817 14:04,506.0,506.5,506.0,506.5,125040,36.0,105570,-2.0,6231530000.0,1820000.0,1240,1205,2018-08-17 14:04:00
20180817 14:05,506.5,507.0,506.5,507.0,125070,30.0,105580,10.0,6233050000.0,1520000.0,959,1349,2018-08-17 14:05:00
20180817 14:06,507.0,508.0,506.5,508.0,125360,290.0,105676,96.0,6247770000.0,14720000.0,6761,2534,2018-08-17 14:06:00
20180817 14:07,508.0,508.0,507.5,507.5,125412,52.0,105690,14.0,6250410000.0,2640000.0,4860,2442,2018-08-17 14:07:00
20180817 14:08,507.5,508.0,507.5,508.0,125500,88.0,105652,-38.0,6254880000.0,4470000.0,7627,2184,2018-08-17 14:08:00
20180817 14:09,508.0,508.0,507.5,507.5,125946,446.0,105654,2.0,6277520000.0,22640000.0,13278,7031,2018-08-17 14:09:00
20180817 14:10,507.5,508.5,507.5,508.0,126098,152.0,105670,16.0,6285240000.0,7720000.0,13200,4147,2018-08-17 14:10:00
20180817 14:11,508.0,508.0,505.5,506.0,126664,566.0,105884,214.0,6313920000.0,28680000.0,5857,6874,2018-08-17 14:11:00
20180817 14:12,506.0,506.5,506.0,506.0,126730,66.0,105906,22.0,6317260000.0,3340000.0,2487,1953,2018-08-17 14:12:00
20180817 14:13,506.0,506.0,505.0,505.0,127206,476.0,105776,-130.0,6341300000.0,24040000.0,1371,3477,2018-08-17 14:13:00
20180817 14:14,505.0,505.5,505.0,505.5,127338,132.0,105712,-64.0,6347970000.0,6670000.0,1047,2004,2018-08-17 14:14:00
20180817 14:15,505.5,505.5,504.0,504.0,127686,348.0,105826,114.0,6365540000.0,17570000.0,8851,4309,2018-08-17 14:15:00
20180817 14:16,504.0,504.0,502.5,503.5,129000,1314.0,105896,70.0,6431670000.0,66130000.0,7073,11287,2018-08-17 14:16:00
20180817 14:17,503.5,504.5,503.5,504.5,129198,198.0,105884,-12.0,6441640000.0,9970000.0,3240,3348,2018-08-17 14:17:00
20180817 14:18,504.5,505.0,504.5,505.0,129364,166.0,105822,-62.0,6450020000.0,8380000.0,2037,1840,2018-08-17 14:18:00
20180817 14:19,505.0,505.5,505.0,505.0,129480,116.0,105826,4.0,6455880000.0,5860000.0,1630,2154,2018-08-17 14:19:00
20180817 14:20,505.0,505.0,504.5,504.5,129482,2.0,105828,2.0,6455980000.0,100000.0,197,251,2018-08-17 14:20:00
20180817 14:21,504.5,504.5,504.0,504.5,129580,98.0,105808,-20.0,6460930000.0,4950000.0,1523,1450,2018-08-17 14:21:00
20180817 14:22,504.5,505.0,504.5,505.0,129814,234.0,105998,190.0,6472740000.0,11810000.0,1757,1173,2018-08-17 14:22:00
20180817 14:23,505.0,505.5,505.0,505.0,130038,224.0,105988,-10.0,6484050000.0,11310000.0,1487,519,2018-08-17 14:23:00
20180817 14:24,505.0,505.0,504.5,504.5,130080,42.0,105996,8.0,6486170000.0,2120000.0,1399,1933,2018-08-17 14:24:00
20180817 14:25,504.5,505.0,504.5,505.0,130212,132.0,106044,48.0,6492830000.0,6660000.0,967,840,2018-08-17 14:25:00
20180817 14:26,505.0,505.0,505.0,505.0,130212,0.0,106044,0.0,6492830000.0,0.0,41,141,2018-08-17 14:26:00
20180817 14:27,505.0,505.0,504.5,504.5,130530,318.0,105874,-170.0,6508870000.0,16040000.0,675,723,2018-08-17 14:27:00
20180817 14:28,505.0,505.5,505.0,505.5,130664,134.0,105940,66.0,6515640000.0,6770000.0,1171,1441,2018-08-17 14:28:00
20180817 14:29,505.5,506.0,505.5,506.0,130710,46.0,105928,-12.0,6517970000.0,2330000.0,647,1056,2018-08-17 14:29:00
20180817 14:30,506.0,507.0,506.0,507.0,130962,252.0,106004,76.0,6530740000.0,12770000.0,1721,2309,2018-08-17 14:30:00
20180817 14:31,507.0,507.0,506.0,506.0,131052,90.0,105990,-14.0,6535290000.0,4550000.0,797,1429,2018-08-17 14:31:00
20180817 14:32,506.0,506.0,505.5,505.5,131108,56.0,105990,0.0,6538130000.0,2840000.0,603,1229,2018-08-17 14:32:00
20180817 14:33,505.5,506.0,505.5,506.0,131512,404.0,106152,162.0,6558570000.0,20440000.0,904,1216,2018-08-17 14:33:00
20180817 14:34,506.0,506.0,505.5,505.5,131966,454.0,106170,18.0,6581530000.0,22960000.0,1142,3076,2018-08-17 14:34:00
20180817 14:35,505.5,506.0,505.5,505.5,132522,556.0,105986,-184.0,6609630000.0,28100000.0,1595,3296,2018-08-17 14:35:00
20180817 14:36,505.5,506.0,505.5,506.0,132530,8.0,105982,-4.0,6610040000.0,410000.0,325,1033,2018-08-17 14:36:00
20180817 14:37,506.0,507.0,506.0,507.0,132722,192.0,106036,54.0,6619770000.0,9730000.0,1502,1719,2018-08-17 14:37:00
20180817 14:38,507.0,507.0,506.5,506.5,132998,276.0,106038,2.0,6633750000.0,13980000.0,1610,2057,2018-08-17 14:38:00
20180817 14:39,506.5,506.5,506.5,506.5,133092,94.0,106054,16.0,6638510000.0,4760000.0,576,472,2018-08-17 14:39:00
20180817 14:40,506.5,506.5,506.0,506.5,133246,154.0,106078,24.0,6646310000.0,7800000.0,962,5431,2018-08-17 14:40:00
20180817 14:41,506.5,506.5,506.0,506.0,133694,448.0,106224,146.0,6668980000.0,22670000.0,1524,7778,2018-08-17 14:41:00
20180817 14:42,506.0,506.5,506.0,506.5,134006,312.0,106110,-114.0,6684780000.0,15800000.0,1413,7397,2018-08-17 14:42:00
20180817 14:43,506.5,506.5,506.5,506.5,134030,24.0,106112,2.0,6686000000.0,1220000.0,275,1771,2018-08-17 14:43:00
20180817 14:44,506.5,507.5,506.5,507.5,135266,1236.0,106146,34.0,6748710000.0,62710000.0,2521,6457,2018-08-17 14:44:00
20180817 14:45,507.5,508.5,507.5,507.5,136222,956.0,106124,-22.0,6797270000.0,48560000.0,1900,10503,2018-08-17 14:45:00
20180817 14:46,507.5,507.5,507.0,507.5,136528,306.0,106228,104.0,6812800000.0,15530000.0,2474,4385,2018-08-17 14:46:00
20180817 14:47,507.5,507.5,507.5,507.5,136718,190.0,106222,-6.0,6822440000.0,9640000.0,1721,3481,2018-08-17 14:47:00
20180817 14:48,507.5,507.5,507.5,507.5,136782,64.0,106222,0.0,6825690000.0,3250000.0,1242,202,2018-08-17 14:48:00
20180817 14:49,507.5,508.0,507.5,508.0,136908,126.0,106314,92.0,6832090000.0,6400000.0,3566,1994,2018-08-17 14:49:00
20180817 14:50,508.0,508.5,508.0,508.5,138086,1178.0,106402,88.0,6891940000.0,59850000.0,5680,1565,2018-08-17 14:50:00
20180817 14:51,508.5,508.5,508.0,508.5,138204,118.0,106386,-16.0,6897940000.0,6000000.0,3282,1584,2018-08-17 14:51:00
20180817 14:52,508.5,508.5,508.0,508.0,138372,168.0,106392,6.0,6906480000.0,8540000.0,1536,3563,2018-08-17 14:52:00
20180817 14:53,508.0,508.0,508.0,508.0,140114,1742.0,106418,26.0,6994970000.0,88490000.0,3437,1532,2018-08-17 14:53:00
20180817 14:54,508.0,508.5,508.0,508.0,140862,748.0,106438,20.0,7032970000.0,38000000.0,2292,5659,2018-08-17 14:54:00
20180817 14:55,508.0,508.5,508.0,508.0,140904,42.0,106428,-10.0,7035100000.0,2130000.0,2263,873,2018-08-17 14:55:00
20180817 14:56,508.5,508.5,508.0,508.0,140930,26.0,106436,8.0,7036420000.0,1320000.0,731,143,2018-08-17 14:56:00
20180817 14:57,508.0,508.5,508.0,508.5,140960,30.0,106430,-6.0,7037950000.0,1530000.0,1628,3371,2018-08-17 14:57:00
20180817 14:58,508.5,508.5,507.5,508.0,141178,218.0,106398,-32.0,7049030000.0,11080000.0,852,6447,2018-08-17 14:58:00
20180817 14:59,508.0,508.5,506.5,507.5,141332,154.0,106370,-28.0,7056850000.0,7820000.0,1182,3445,2018-08-17 14:59:00
20180817 15:00,507.5,507.5,507.5,507.5,141332,0.0,106370,0.0,7056850000.0,0.0,34,2,2018-08-17 15:00:00
20180817 20:59,497.5,497.5,497.5,497.5,3156,3156.0,104264,-2106.0,157011000.0,157011000.0,1,2,2018-08-17 20:59:00
20180817 21:00,497.5,497.5,496.5,497.0,3508,352.0,104102,-162.0,174506000.0,17495000.0,1340,3396,2018-08-17 21:00:00
20180817 21:01,497.0,497.5,497.0,497.5,3564,56.0,104074,-28.0,177291000.0,2785000.0,1495,1499,2018-08-17 21:01:00
20180817 21:02,497.5,497.5,497.5,497.5,3812,248.0,104040,-34.0,189629000.0,12338000.0,1844,1640,2018-08-17 21:02:00
20180817 21:03,497.5,497.5,497.0,497.5,3866,54.0,104034,-6.0,192313000.0,2684000.0,1824,2447,2018-08-17 21:03:00
20180817 21:04,497.5,497.5,497.5,497.5,3868,2.0,104036,2.0,192413000.0,100000.0,1452,952,2018-08-17 21:04:00
20180817 21:05,497.5,497.5,497.0,497.0,4060,192.0,104056,20.0,201955000.0,9542000.0,3645,7638,2018-08-17 21:05:00
20180817 21:06,497.0,497.0,497.0,497.0,4228,168.0,104040,-16.0,210305000.0,8350000.0,3362,5414,2018-08-17 21:06:00
20180817 21:07,497.0,497.5,497.0,497.5,4370,142.0,103978,-62.0,217370000.0,7065000.0,4087,2674,2018-08-17 21:07:00
20180817 21:08,497.5,497.5,497.0,497.5,4662,292.0,103868,-110.0,231896000.0,14526000.0,2084,1259,2018-08-17 21:08:00
20180817 21:09,497.5,497.5,496.0,496.5,4764,102.0,103840,-28.0,236963000.0,5067000.0,2217,3714,2018-08-17 21:09:00
20180817 21:10,496.5,496.5,496.0,496.5,5056,292.0,103798,-42.0,251456000.0,14493000.0,6119,6234,2018-08-17 21:10:00
20180817 21:11,495.5,496.0,495.0,495.5,6928,1872.0,103476,-322.0,344298000.0,92842000.0,8150,3634,2018-08-17 21:11:00
20180817 21:12,495.5,496.0,495.0,495.0,7080,152.0,103396,-80.0,351824000.0,7526000.0,2321,2258,2018-08-17 21:12:00
20180817 21:13,495.0,495.0,493.5,493.5,7806,726.0,103928,532.0,387718000.0,35894000.0,3974,4857,2018-08-17 21:13:00
20180817 21:14,493.5,493.5,492.5,493.0,8586,780.0,103666,-262.0,426163000.0,38445000.0,9798,6705,2018-08-17 21:14:00
20180817 21:15,493.0,494.0,493.0,494.0,8772,186.0,103602,-64.0,435344000.0,9181000.0,3364,3848,2018-08-17 21:15:00
20180817 21:16,494.0,495.0,494.0,495.0,9044,272.0,103568,-34.0,448799000.0,13455000.0,2273,1694,2018-08-17 21:16:00
20180817 21:17,495.0,495.0,495.0,495.0,9924,880.0,103032,-536.0,492359000.0,43560000.0,2236,2233,2018-08-17 21:17:00
20180817 21:18,495.0,496.5,495.0,496.5,10074,150.0,103078,46.0,499796000.0,7437000.0,2749,1850,2018-08-17 21:18:00
20180817 21:19,496.5,496.5,495.5,496.5,10242,168.0,103050,-28.0,508129000.0,8333000.0,2734,2667,2018-08-17 21:19:00
20180817 21:20,496.5,496.5,496.0,496.0,10402,160.0,103034,-16.0,516065000.0,7936000.0,2567,3323,2018-08-17 21:20:00
20180817 21:21,496.0,496.0,496.0,496.0,10460,58.0,103042,8.0,518942000.0,2877000.0,1379,2023,2018-08-17 21:21:00
20180817 21:22,496.0,496.5,496.0,496.5,10572,112.0,103024,-18.0,524498000.0,5556000.0,1297,2160,2018-08-17 21:22:00
20180817 21:23,496.5,496.5,496.5,496.5,11246,674.0,103584,560.0,557963000.0,33465000.0,2282,2095,2018-08-17 21:23:00
20180817 21:24,496.5,497.5,496.5,497.5,12736,1490.0,103528,-56.0,632044000.0,74081000.0,4282,2803,2018-08-17 21:24:00
20180817 21:25,497.5,497.5,496.5,496.5,13322,586.0,103670,142.0,661173000.0,29129000.0,2656,5679,2018-08-17 21:25:00
20180817 21:26,496.5,498.0,496.5,498.0,14288,966.0,103016,-654.0,709235000.0,48062000.0,1966,3605,2018-08-17 21:26:00
20180817 21:27,498.0,498.5,497.5,497.5,14434,146.0,102968,-48.0,716502000.0,7267000.0,1960,1849,2018-08-17 21:27:00
20180817 21:28,497.5,497.5,497.0,497.5,14478,44.0,102982,14.0,718691000.0,2189000.0,1199,1967,2018-08-17 21:28:00
20180817 21:29,498.0,498.5,498.0,498.5,14606,128.0,103036,54.0,725068000.0,6377000.0,1143,1131,2018-08-17 21:29:00
20180817 21:30,498.0,499.0,498.0,498.5,14712,106.0,103084,48.0,730352000.0,5284000.0,2328,1512,2018-08-17 21:30:00
20180817 21:31,498.5,498.5,498.0,498.0,14784,72.0,103052,-32.0,733938000.0,3586000.0,869,1244,2018-08-17 21:31:00
20180817 21:32,498.0,498.0,497.5,497.5,14888,104.0,103076,24.0,739112000.0,5174000.0,454,1049,2018-08-17 21:32:00
20180817 21:33,497.5,497.5,497.5,497.5,14940,52.0,103048,-28.0,741699000.0,2587000.0,370,1590,2018-08-17 21:33:00
20180817 21:34,497.5,498.5,497.5,498.0,15104,164.0,103042,-6.0,749864000.0,8165000.0,5635,1716,2018-08-17 21:34:00
20180817 21:35,498.0,498.0,498.0,498.0,15106,2.0,103042,0.0,749963000.0,99000.0,4510,2352,2018-08-17 21:35:00
20180817 21:36,498.0,498.0,498.0,498.0,15180,74.0,103004,-38.0,753649000.0,3686000.0,1878,286,2018-08-17 21:36:00
20180817 21:37,498.0,498.0,497.5,497.5,15958,778.0,103524,520.0,792357000.0,38708000.0,4885,4187,2018-08-17 21:37:00
20180817 21:38,497.5,497.5,497.5,497.5,15958,0.0,103524,0.0,792357000.0,0.0,1236,1414,2018-08-17 21:38:00
20180817 21:39,497.5,497.5,497.5,497.5,15960,2.0,103524,0.0,792457000.0,100000.0,517,992,2018-08-17 21:39:00
20180817 21:40,497.5,497.5,497.5,497.5,16024,64.0,103536,12.0,795641000.0,3184000.0,1331,1218,2018-08-17 21:40:00
20180817 21:41,497.5,497.5,497.0,497.0,16758,734.0,102990,-546.0,832120000.0,36479000.0,1230,2637,2018-08-17 21:41:00
20180817 21:42,497.0,497.5,497.0,497.5,16844,86.0,103052,62.0,836395000.0,4275000.0,1082,1733,2018-08-17 21:42:00
20180817 21:43,497.5,497.5,497.5,497.5,16858,14.0,103050,-2.0,837092000.0,697000.0,1295,637,2018-08-17 21:43:00
20180817 21:44,497.5,498.0,497.5,498.0,16864,6.0,103050,0.0,837391000.0,299000.0,1077,1730,2018-08-17 21:44:00
20180817 21:45,498.0,498.0,498.0,498.0,17460,596.0,103634,584.0,867071000.0,29680000.0,826,1624,2018-08-17 21:45:00
20180817 21:46,498.0,498.0,498.0,498.0,17460,0.0,103634,0.0,867071000.0,0.0,972,659,2018-08-17 21:46:00
20180817 21:47,498.0,498.0,498.0,498.0,18084,624.0,103090,-544.0,898147000.0,31076000.0,1523,1183,2018-08-17 21:47:00
20180817 21:48,498.0,498.0,498.0,498.0,18218,134.0,103054,-36.0,904820000.0,6673000.0,1892,2474,2018-08-17 21:48:00
20180817 21:49,498.0,498.5,498.0,498.0,18226,8.0,103046,-8.0,905218000.0,398000.0,1239,585,2018-08-17 21:49:00
20180817 21:51,498.0,500.5,498.0,500.0,20194,1968.0,103110,64.0,1003460000.0,98242000.0,3829,4204,2018-08-17 21:51:00
20180817 21:52,500.0,500.5,500.0,500.5,21612,1418.0,103168,58.0,1074430000.0,70970000.0,1789,2431,2018-08-17 21:52:00
20180817 21:53,500.5,500.5,500.0,500.0,22308,696.0,103732,564.0,1109240000.0,34810000.0,334,2363,2018-08-17 21:53:00
20180817 21:54,500.0,500.0,500.0,500.0,22318,10.0,103728,-4.0,1109740000.0,500000.0,820,2289,2018-08-17 21:54:00
20180817 21:55,500.0,500.0,500.0,500.0,22320,2.0,103726,-2.0,1109840000.0,100000.0,374,745,2018-08-17 21:55:00
20180817 21:56,500.0,501.0,500.0,501.0,23074,754.0,103252,-474.0,1147570000.0,37730000.0,2221,1622,2018-08-17 21:56:00
20180817 21:57,501.0,501.0,500.5,500.5,23192,118.0,103286,34.0,1153480000.0,5910000.0,1289,948,2018-08-17 21:57:00
20180817 21:58,500.5,500.5,500.5,500.5,23192,0.0,103286,0.0,1153480000.0,0.0,607,357,2018-08-17 21:58:00
20180817 21:59,500.5,500.5,500.0,500.0,23286,94.0,103216,-70.0,1158190000.0,4710000.0,1155,954,2018-08-17 21:59:00
20180817 22:00,500.0,500.5,500.0,500.5,23936,650.0,103780,564.0,1190720000.0,32530000.0,1614,1471,2018-08-17 22:00:00
20180817 22:01,500.5,500.5,500.5,500.5,24044,108.0,103794,14.0,1196120000.0,5400000.0,2480,2548,2018-08-17 22:01:00
20180817 22:02,500.5,500.5,500.5,500.5,24044,0.0,103794,0.0,1196120000.0,0.0,432,323,2018-08-17 22:02:00
20180817 22:03,500.5,500.5,499.5,499.5,24838,794.0,103286,-508.0,1235790000.0,39670000.0,2534,2770,2018-08-17 22:03:00
20180817 22:04,499.5,500.0,499.5,500.0,24878,40.0,103296,10.0,1237790000.0,2000000.0,1163,1485,2018-08-17 22:04:00
20180817 22:05,500.0,500.0,499.5,499.5,25668,790.0,103294,-2.0,1277290000.0,39500000.0,268,1124,2018-08-17 22:05:00
20180817 22:06,500.0,500.0,500.0,500.0,26272,604.0,103848,554.0,1307490000.0,30200000.0,698,796,2018-08-17 22:06:00
20180817 22:07,500.0,500.0,499.5,499.5,26356,84.0,103826,-22.0,1311680000.0,4190000.0,1228,910,2018-08-17 22:07:00
20180817 22:08,499.5,500.0,499.5,500.0,26360,4.0,103830,4.0,1311880000.0,200000.0,1306,2090,2018-08-17 22:08:00
20180817 22:09,499.5,499.5,499.5,499.5,27030,670.0,103480,-350.0,1345350000.0,33470000.0,1958,1262,2018-08-17 22:09:00
20180817 22:10,499.5,499.5,499.5,499.5,27030,0.0,103480,0.0,1345350000.0,0.0,777,608,2018-08-17 22:10:00
20180817 22:11,499.5,499.5,498.5,498.5,27790,760.0,103346,-134.0,1383270000.0,37920000.0,2824,2524,2018-08-17 22:11:00
20180817 22:12,498.5,499.0,498.5,499.0,28964,1174.0,102922,-424.0,1441820000.0,58550000.0,2911,5194,2018-08-17 22:12:00
20180817 22:13,499.0,499.0,498.5,499.0,29084,120.0,102902,-20.0,1447810000.0,5990000.0,1400,4713,2018-08-17 22:13:00
20180817 22:14,499.0,499.0,499.0,499.0,29272,188.0,102878,-24.0,1457190000.0,9380000.0,1882,3728,2018-08-17 22:14:00
20180817 22:15,498.5,499.0,498.5,499.0,29948,676.0,103424,546.0,1490890000.0,33700000.0,1232,1304,2018-08-17 22:15:00
20180817 22:16,498.5,498.5,498.0,498.5,30660,712.0,102742,-682.0,1526380000.0,35490000.0,1795,5629,2018-08-17 22:16:00
20180817 22:17,498.5,498.5,498.5,498.5,32730,2070.0,103668,926.0,1629570000.0,103190000.0,2596,6781,2018-08-17 22:17:00
20180817 22:18,498.5,499.0,498.5,498.5,32858,128.0,103668,0.0,1635950000.0,6380000.0,1092,1264,2018-08-17 22:18:00
20180817 22:19,498.5,498.5,498.0,498.0,36886,4028.0,103328,-340.0,1836540000.0,200590000.0,2272,1876,2018-08-17 22:19:00
20180817 22:20,498.0,498.0,498.0,498.0,37498,612.0,103342,14.0,1867020000.0,30480000.0,870,338,2018-08-17 22:20:00
20180817 22:21,498.0,498.5,498.0,498.0,37680,182.0,103418,76.0,1876090000.0,9070000.0,1144,1266,2018-08-17 22:21:00
20180817 22:22,498.0,498.0,498.0,498.0,37680,0.0,103418,0.0,1876090000.0,0.0,208,670,2018-08-17 22:22:00
20180817 22:23,498.0,498.5,498.0,498.5,37722,42.0,103394,-24.0,1878190000.0,2100000.0,1249,762,2018-08-17 22:23:00
20180817 22:24,498.5,498.5,498.5,498.5,37858,136.0,103382,-12.0,1884970000.0,6780000.0,2087,1074,2018-08-17 22:24:00
20180817 22:25,498.5,499.0,498.5,499.0,37860,2.0,103382,0.0,1885070000.0,100000.0,3271,1010,2018-08-17 22:25:00
20180817 22:26,499.0,499.0,498.5,498.5,38586,726.0,103996,614.0,1921260000.0,36190000.0,3841,1804,2018-08-17 22:26:00
20180817 22:27,498.5,498.5,498.5,498.5,39278,692.0,104014,18.0,1955750000.0,34490000.0,1040,98,2018-08-17 22:27:00
20180817 22:28,498.5,498.5,498.5,498.5,39284,6.0,104014,0.0,1956050000.0,300000.0,821,101,2018-08-17 22:28:00
20180817 22:29,498.5,498.5,498.5,498.5,39286,2.0,104014,0.0,1956150000.0,100000.0,1146,219,2018-08-17 22:29:00
20180817 22:30,498.5,498.5,498.0,498.0,39952,666.0,103460,-554.0,1989350000.0,33200000.0,647,225,2018-08-17 22:30:00
20180817 22:31,498.0,498.0,498.0,498.0,39952,0.0,103460,0.0,1989350000.0,0.0,1663,405,2018-08-17 22:31:00
20180817 22:32,498.0,498.0,498.0,498.0,39952,0.0,103460,0.0,1989350000.0,0.0,1237,172,2018-08-17 22:32:00
20180817 22:33,498.0,498.0,498.0,498.0,40032,80.0,103460,0.0,1993340000.0,3990000.0,1522,480,2018-08-17 22:33:00
20180817 22:34,498.0,498.0,498.0,498.0,40050,18.0,103450,-10.0,1994230000.0,890000.0,441,60,2018-08-17 22:34:00
20180817 22:35,498.0,498.0,498.0,498.0,40050,0.0,103450,0.0,1994230000.0,0.0,1391,432,2018-08-17 22:35:00
20180817 22:36,498.0,498.0,498.0,498.0,40050,0.0,103450,0.0,1994230000.0,0.0,1565,627,2018-08-17 22:36:00
20180817 22:37,498.0,498.0,498.0,498.0,40050,0.0,103450,0.0,1994230000.0,0.0,535,200,2018-08-17 22:37:00
20180817 22:38,498.0,498.0,497.5,497.5,41558,1508.0,103468,18.0,2069260000.0,75030000.0,1990,1265,2018-08-17 22:38:00
20180817 22:39,497.5,497.5,497.5,497.5,41558,0.0,103468,0.0,2069260000.0,0.0,824,460,2018-08-17 22:39:00
20180817 22:40,497.5,498.0,497.5,497.5,41604,46.0,103464,-4.0,2071550000.0,2290000.0,1355,1385,2018-08-17 22:40:00
20180817 22:41,497.5,497.5,497.5,497.5,41604,0.0,103464,0.0,2071550000.0,0.0,972,487,2018-08-17 22:41:00
20180817 22:42,497.5,497.5,497.5,497.5,41604,0.0,103464,0.0,2071550000.0,0.0,896,272,2018-08-17 22:42:00
20180817 22:43,497.5,498.0,497.5,498.0,41678,74.0,103466,2.0,2075230000.0,3680000.0,3036,1954,2018-08-17 22:43:00
20180817 22:44,498.0,498.0,498.0,498.0,41690,12.0,103468,2.0,2075830000.0,600000.0,942,217,2018-08-17 22:44:00
20180817 22:45,498.0,498.0,498.0,498.0,41690,0.0,103468,0.0,2075830000.0,0.0,1185,883,2018-08-17 22:45:00
20180817 22:46,498.0,498.5,498.0,498.5,41702,12.0,103456,-12.0,2076430000.0,600000.0,357,329,2018-08-17 22:46:00
20180817 22:47,498.5,498.5,498.5,498.5,41702,0.0,103456,0.0,2076430000.0,0.0,337,263,2018-08-17 22:47:00
20180817 22:48,498.5,498.5,498.5,498.5,41702,0.0,103456,0.0,2076430000.0,0.0,562,282,2018-08-17 22:48:00
20180817 22:49,498.5,498.5,498.0,498.0,41782,80.0,103522,66.0,2080410000.0,3980000.0,805,607,2018-08-17 22:49:00
20180817 22:50,498.0,498.0,498.0,498.0,41784,2.0,103524,2.0,2080510000.0,100000.0,733,295,2018-08-17 22:50:00
20180817 22:51,498.0,498.0,498.0,498.0,41784,0.0,103524,0.0,2080510000.0,0.0,383,180,2018-08-17 22:51:00
20180817 22:52,497.5,497.5,497.0,497.5,42750,966.0,103548,24.0,2128570000.0,48060000.0,596,1538,2018-08-17 22:52:00
20180817 22:53,497.5,497.5,497.5,497.5,42750,0.0,103548,0.0,2128570000.0,0.0,238,239,2018-08-17 22:53:00
20180817 22:54,498.0,498.0,498.0,498.0,42754,4.0,103552,4.0,2128770000.0,200000.0,293,279,2018-08-17 22:54:00
20180817 22:55,498.0,498.0,497.5,497.5,42766,12.0,103546,-6.0,2129370000.0,600000.0,591,409,2018-08-17 22:55:00
20180817 22:56,497.5,497.5,497.5,497.5,42766,0.0,103546,0.0,2129370000.0,0.0,505,532,2018-08-17 22:56:00
20180817 22:57,497.5,497.5,497.5,497.5,42766,0.0,103546,0.0,2129370000.0,0.0,133,211,2018-08-17 22:57:00
20180817 22:58,497.5,498.0,497.5,498.0,42788,22.0,103558,12.0,2130460000.0,1090000.0,245,641,2018-08-17 22:58:00
20180817 22:59,498.0,498.0,498.0,498.0,42834,46.0,103592,34.0,2132750000.0,2290000.0,1183,2778,2018-08-17 22:59:00
20180817 23:00,498.0,498.0,498.0,498.0,43000,166.0,103604,12.0,2141020000.0,8270000.0,1683,3625,2018-08-17 23:00:00
20180817 23:01,498.0,498.0,498.0,498.0,43094,94.0,103618,14.0,2145700000.0,4680000.0,446,771,2018-08-17 23:01:00
20180817 23:02,498.0,498.5,498.0,498.5,43134,40.0,103604,-14.0,2147700000.0,2000000.0,635,1110,2018-08-17 23:02:00
20180817 23:03,498.5,499.0,498.0,498.5,48008,4874.0,103558,-46.0,2390660000.0,242960000.0,2448,4986,2018-08-17 23:03:00
20180817 23:04,498.5,498.5,498.5,498.5,48008,0.0,103558,0.0,2390660000.0,0.0,578,373,2018-08-17 23:04:00
20180817 23:05,498.5,498.5,498.0,498.0,48868,860.0,104040,482.0,2433490000.0,42830000.0,1218,1834,2018-08-17 23:05:00
20180817 23:06,498.0,498.0,498.0,498.0,48868,0.0,104040,0.0,2433490000.0,0.0,95,560,2018-08-17 23:06:00
20180817 23:07,498.0,498.5,498.0,498.5,49704,836.0,104042,2.0,2475170000.0,41680000.0,150,1286,2018-08-17 23:07:00
20180817 23:08,498.5,498.5,498.5,498.5,51342,1638.0,104582,540.0,2556820000.0,81650000.0,3072,5233,2018-08-17 23:08:00
20180817 23:09,498.5,498.5,498.0,498.0,51344,2.0,104584,2.0,2556920000.0,100000.0,989,1252,2018-08-17 23:09:00
20180817 23:10,498.0,498.0,498.0,498.0,51344,0.0,104584,0.0,2556920000.0,0.0,136,272,2018-08-17 23:10:00
20180817 23:11,498.0,498.0,498.0,498.0,51344,0.0,104584,0.0,2556920000.0,0.0,514,952,2018-08-17 23:11:00
20180817 23:12,498.0,498.0,498.0,498.0,51344,0.0,104584,0.0,2556920000.0,0.0,132,272,2018-08-17 23:12:00
20180817 23:13,498.0,498.0,498.0,498.0,51344,0.0,104584,0.0,2556920000.0,0.0,840,4403,2018-08-17 23:13:00
20180817 23:14,498.0,498.0,498.0,498.0,51344,0.0,104584,0.0,2556920000.0,0.0,290,466,2018-08-17 23:14:00
20180817 23:15,498.0,498.5,498.0,498.5,51368,24.0,104572,-12.0,2558120000.0,1200000.0,253,816,2018-08-17 23:15:00
20180817 23:16,498.5,498.5,498.5,498.5,51368,0.0,104572,0.0,2558120000.0,0.0,215,680,2018-08-17 23:16:00
20180817 23:17,498.5,498.5,498.5,498.5,51368,0.0,104572,0.0,2558120000.0,0.0,263,952,2018-08-17 23:17:00
20180817 23:18,498.5,498.5,498.5,498.5,51368,0.0,104572,0.0,2558120000.0,0.0,790,2242,2018-08-17 23:18:00
20180817 23:19,498.5,498.5,498.0,498.5,51402,34.0,104548,-24.0,2559810000.0,1690000.0,572,1292,2018-08-17 23:19:00
20180817 23:20,498.5,498.5,498.5,498.5,51410,8.0,104546,-2.0,2560210000.0,400000.0,160,808,2018-08-17 23:20:00
20180817 23:21,498.5,498.5,498.5,498.5,51412,2.0,104548,2.0,2560310000.0,100000.0,96,689,2018-08-17 23:21:00
20180817 23:22,498.5,498.5,498.5,498.5,51412,0.0,104548,0.0,2560310000.0,0.0,290,1331,2018-08-17 23:22:00
20180817 23:23,498.5,498.5,498.5,498.5,52114,702.0,104548,0.0,2595310000.0,35000000.0,608,4343,2018-08-17 23:23:00
20180817 23:24,498.5,498.5,498.5,498.5,52136,22.0,104536,-12.0,2596400000.0,1090000.0,243,1432,2018-08-17 23:24:00
20180817 23:25,498.5,498.5,498.5,498.5,53466,1330.0,103954,-582.0,2662700000.0,66300000.0,997,6146,2018-08-17 23:25:00
20180817 23:26,498.5,498.5,498.0,498.0,55614,2148.0,103972,18.0,2769780000.0,107080000.0,5067,2166,2018-08-17 23:26:00
20180817 23:27,498.0,498.0,498.0,498.0,55730,116.0,103954,-18.0,2775560000.0,5780000.0,1338,418,2018-08-17 23:27:00
20180817 23:28,498.0,498.5,498.0,498.0,55810,80.0,103996,42.0,2779540000.0,3980000.0,922,124,2018-08-17 23:28:00
20180817 23:29,498.5,498.5,497.0,497.5,55880,70.0,103988,-8.0,2783030000.0,3490000.0,1025,1081,2018-08-17 23:29:00
20180820 09:00,505.0,507.0,505.0,505.0,55270,55270.0,100916,-3072.0,2802680000.0,19650000.0,2254,3053,2018-08-20 09:00:00
20180820 09:01,505.5,505.5,504.5,504.5,55746,476.0,100922,6.0,2826710000.0,24030000.0,3819,4044,2018-08-20 09:01:00
20180820 09:02,504.5,504.5,504.0,504.5,55884,138.0,100932,10.0,2833670000.0,6960000.0,1863,1914,2018-08-20 09:02:00
20180820 09:03,504.5,504.5,504.0,504.0,56056,172.0,100962,30.0,2842350000.0,8680000.0,2897,3256,2018-08-20 09:03:00
20180820 09:04,504.0,504.0,503.5,503.5,56212,156.0,100888,-74.0,2850200000.0,7850000.0,2654,3765,2018-08-20 09:04:00
20180820 09:05,504.0,504.0,503.5,503.5,56526,314.0,100874,-14.0,2866020000.0,15820000.0,2508,3715,2018-08-20 09:05:00
20180820 09:06,503.5,504.5,503.5,504.0,56994,468.0,100868,-6.0,2889600000.0,23580000.0,6554,4837,2018-08-20 09:06:00
20180820 09:07,504.0,504.5,504.0,504.0,57122,128.0,100888,20.0,2896060000.0,6460000.0,4744,2553,2018-08-20 09:07:00
20180820 09:08,504.0,504.0,504.0,504.0,58128,1006.0,101506,618.0,2946760000.0,50700000.0,4499,2797,2018-08-20 09:08:00
20180820 09:09,504.0,504.0,502.5,503.0,58480,352.0,101516,10.0,2964470000.0,17710000.0,2516,3486,2018-08-20 09:09:00
20180820 09:10,503.0,503.5,502.5,503.0,60564,2084.0,101768,252.0,3069210000.0,104740000.0,4880,6585,2018-08-20 09:10:00
20180820 09:11,503.0,503.0,503.0,503.0,61424,860.0,101236,-532.0,3112470000.0,43260000.0,2536,2891,2018-08-20 09:11:00
20180820 09:12,503.0,503.5,503.0,503.5,61486,62.0,101228,-8.0,3115590000.0,3120000.0,3790,3913,2018-08-20 09:12:00
20180820 09:13,503.5,504.0,503.5,504.0,61648,162.0,101262,34.0,3123760000.0,8170000.0,4305,2426,2018-08-20 09:13:00
20180820 09:14,504.0,504.5,504.0,504.5,61826,178.0,101346,84.0,3132740000.0,8980000.0,4493,3332,2018-08-20 09:14:00
20180820 09:15,504.5,506.0,504.0,505.5,61998,172.0,101360,14.0,3141420000.0,8680000.0,5500,4312,2018-08-20 09:15:00
20180820 09:16,505.5,506.0,505.5,506.0,62144,146.0,101346,-14.0,3148810000.0,7390000.0,4838,5641,2018-08-20 09:16:00
20180820 09:17,506.0,507.0,506.0,506.5,62410,266.0,101348,2.0,3162280000.0,13470000.0,4757,4916,2018-08-20 09:17:00
20180820 09:18,506.5,506.5,506.0,506.0,62482,72.0,101344,-4.0,3165920000.0,3640000.0,3473,2821,2018-08-20 09:18:00
20180820 09:19,506.0,506.5,506.0,506.5,62582,100.0,101316,-28.0,3170990000.0,5070000.0,2308,3069,2018-08-20 09:19:00
20180820 09:20,506.5,506.5,505.5,506.0,62840,258.0,101392,76.0,3184040000.0,13050000.0,2443,4273,2018-08-20 09:20:00
20180820 09:21,506.0,506.0,506.0,506.0,62866,26.0,101398,6.0,3185350000.0,1310000.0,890,666,2018-08-20 09:21:00
20180820 09:22,506.0,507.0,506.0,507.0,62992,126.0,101420,22.0,3191740000.0,6390000.0,1509,1442,2018-08-20 09:22:00
20180820 09:23,507.0,508.0,507.0,508.0,63102,110.0,101412,-8.0,3197330000.0,5590000.0,2288,2886,2018-08-20 09:23:00
20180820 09:24,508.0,509.0,508.0,508.0,63360,258.0,101524,112.0,3210440000.0,13110000.0,2834,4155,2018-08-20 09:24:00
20180820 09:25,508.0,508.5,508.0,508.5,63746,386.0,101736,212.0,3230060000.0,19620000.0,1873,3127,2018-08-20 09:25:00
20180820 09:26,508.5,508.5,508.0,508.0,64040,294.0,101700,-36.0,3244990000.0,14930000.0,3710,7337,2018-08-20 09:26:00
20180820 09:27,508.0,509.5,508.0,509.0,64950,910.0,102104,404.0,3291300000.0,46310000.0,2440,3552,2018-08-20 09:27:00
20180820 09:28,509.5,509.5,508.5,508.5,65170,220.0,102088,-16.0,3302500000.0,11200000.0,2265,4180,2018-08-20 09:28:00
20180820 09:29,508.5,508.5,507.5,508.5,65528,358.0,102150,62.0,3320690000.0,18190000.0,5792,4787,2018-08-20 09:29:00
20180820 09:30,508.5,508.5,507.5,508.0,65640,112.0,102196,46.0,3326380000.0,5690000.0,2348,2291,2018-08-20 09:30:00
20180820 09:31,508.0,508.0,508.0,508.0,65732,92.0,102180,-16.0,3331050000.0,4670000.0,2242,2767,2018-08-20 09:31:00
20180820 09:32,508.0,508.0,507.5,507.5,65892,160.0,102216,36.0,3339170000.0,8120000.0,3525,5706,2018-08-20 09:32:00
20180820 09:33,508.0,508.0,508.0,508.0,66068,176.0,102188,-28.0,3348110000.0,8940000.0,3005,3593,2018-08-20 09:33:00
20180820 09:34,508.0,508.0,508.0,508.0,66236,168.0,102164,-24.0,3356650000.0,8540000.0,3456,4064,2018-08-20 09:34:00
20180820 09:35,508.0,508.0,507.5,508.0,66612,376.0,102164,0.0,3375740000.0,19090000.0,2284,6463,2018-08-20 09:35:00
20180820 09:36,508.0,508.0,508.0,508.0,66612,0.0,102164,0.0,3375740000.0,0.0,1285,1575,2018-08-20 09:36:00
20180820 09:37,507.5,507.5,507.5,507.5,66700,88.0,102190,26.0,3380210000.0,4470000.0,3664,2546,2018-08-20 09:37:00
20180820 09:38,507.5,507.5,507.5,507.5,66766,66.0,102188,-2.0,3383560000.0,3350000.0,1061,2523,2018-08-20 09:38:00
20180820 09:39,507.5,507.5,507.0,507.0,66798,32.0,102174,-14.0,3385180000.0,1620000.0,1485,1513,2018-08-20 09:39:00
20180820 09:40,507.0,508.5,507.0,508.0,66932,134.0,102158,-16.0,3391980000.0,6800000.0,3053,1683,2018-08-20 09:40:00
20180820 09:41,508.0,508.0,507.5,508.0,66996,64.0,102168,10.0,3395240000.0,3260000.0,1935,1500,2018-08-20 09:41:00
20180820 09:42,508.0,508.0,508.0,508.0,67060,64.0,102202,34.0,3398490000.0,3250000.0,2993,1933,2018-08-20 09:42:00
20180820 09:43,508.0,508.0,507.5,507.5,67252,192.0,102206,4.0,3408230000.0,9740000.0,2860,2760,2018-08-20 09:43:00
20180820 09:44,507.5,508.0,507.5,508.0,67288,36.0,102190,-16.0,3410060000.0,1830000.0,1577,1858,2018-08-20 09:44:00
20180820 09:45,508.0,508.5,508.0,508.5,67466,178.0,102194,4.0,3419110000.0,9050000.0,3996,1014,2018-08-20 09:45:00
20180820 09:46,509.0,509.0,508.5,508.5,67690,224.0,102220,26.0,3430500000.0,11390000.0,4994,1949,2018-08-20 09:46:00
20180820 09:47,509.0,509.0,508.5,508.5,67860,170.0,102246,26.0,3439140000.0,8640000.0,4564,4267,2018-08-20 09:47:00
20180820 09:48,508.5,508.5,507.5,507.5,68146,286.0,102190,-56.0,3453670000.0,14530000.0,1188,3160,2018-08-20 09:48:00
20180820 09:49,507.5,509.0,507.5,508.5,68456,310.0,102196,6.0,3469430000.0,15760000.0,2809,2013,2018-08-20 09:49:00
20180820 09:50,508.5,508.5,508.5,508.5,68820,364.0,102228,32.0,3487940000.0,18510000.0,3040,3179,2018-08-20 09:50:00
20180820 09:51,508.5,509.0,508.5,509.0,68920,100.0,102262,34.0,3493030000.0,5090000.0,2480,1209,2018-08-20 09:51:00
20180820 09:52,509.0,509.0,509.0,509.0,68920,0.0,102262,0.0,3493030000.0,0.0,1014,411,2018-08-20 09:52:00
20180820 09:53,508.5,508.5,508.5,508.5,69120,200.0,102214,-48.0,3503200000.0,10170000.0,2468,880,2018-08-20 09:53:00
20180820 09:54,508.5,509.0,508.5,509.0,69408,288.0,102278,64.0,3517850000.0,14650000.0,2588,2482,2018-08-20 09:54:00
20180820 09:55,509.0,509.0,509.0,509.0,69668,260.0,102230,-48.0,3531090000.0,13240000.0,1490,2251,2018-08-20 09:55:00
20180820 09:56,509.0,509.0,508.0,508.5,71078,1410.0,101144,-1086.0,3602840000.0,71750000.0,1838,2923,2018-08-20 09:56:00
20180820 09:57,508.5,508.5,508.5,508.5,71330,252.0,101158,14.0,3615650000.0,12810000.0,2306,1710,2018-08-20 09:57:00
20180820 09:58,508.5,508.5,508.5,508.5,71758,428.0,101308,150.0,3637420000.0,21770000.0,2541,1883,2018-08-20 09:58:00
20180820 09:59,508.5,508.5,508.5,508.5,72420,662.0,101480,172.0,3671080000.0,33660000.0,2864,2310,2018-08-20 09:59:00
20180820 10:00,508.5,508.5,508.5,508.5,72654,234.0,101538,58.0,3682980000.0,11900000.0,1615,1465,2018-08-20 10:00:00
20180820 10:01,508.5,509.0,508.5,509.0,72666,12.0,101530,-8.0,3683590000.0,610000.0,704,795,2018-08-20 10:01:00
20180820 10:02,509.0,509.0,508.5,508.5,72676,10.0,101530,0.0,3684100000.0,510000.0,637,912,2018-08-20 10:02:00
20180820 10:03,509.0,509.5,509.0,509.5,72766,90.0,101532,2.0,3688680000.0,4580000.0,631,621,2018-08-20 10:03:00
20180820 10:04,509.5,509.5,509.0,509.0,72796,30.0,101520,-12.0,3690210000.0,1530000.0,670,548,2018-08-20 10:04:00
20180820 10:05,509.0,509.0,509.0,509.0,72816,20.0,101540,20.0,3691220000.0,1010000.0,161,139,2018-08-20 10:05:00
20180820 10:06,509.5,509.5,509.5,509.5,72818,2.0,101542,2.0,3691330000.0,110000.0,34,38,2018-08-20 10:06:00
20180820 10:07,509.5,509.5,509.5,509.5,72818,0.0,101542,0.0,3691330000.0,0.0,315,296,2018-08-20 10:07:00
20180820 10:08,509.5,509.5,508.5,508.5,72936,118.0,101562,20.0,3697330000.0,6000000.0,996,1294,2018-08-20 10:08:00
20180820 10:09,508.5,508.5,508.5,508.5,72938,2.0,101564,2.0,3697430000.0,100000.0,870,983,2018-08-20 10:09:00
20180820 10:10,508.5,508.5,508.5,508.5,73054,116.0,101576,12.0,3703330000.0,5900000.0,1525,810,2018-08-20 10:10:00
20180820 10:11,508.5,508.5,507.5,508.0,74238,1184.0,100536,-1040.0,3763470000.0,60140000.0,1993,1000,2018-08-20 10:11:00
20180820 10:12,508.0,508.0,508.0,508.0,74244,6.0,100536,0.0,3763780000.0,310000.0,373,531,2018-08-20 10:12:00
20180820 10:13,508.0,508.5,508.0,508.5,74980,736.0,100538,2.0,3801170000.0,37390000.0,311,394,2018-08-20 10:13:00
20180820 10:14,508.0,508.0,508.0,508.0,75172,192.0,100544,6.0,3810920000.0,9750000.0,223,706,2018-08-20 10:14:00
20180820 10:30,508.0,508.0,508.0,508.0,75320,148.0,100506,-38.0,3818440000.0,7520000.0,868,1033,2018-08-20 10:30:00
20180820 10:31,508.0,508.0,507.5,507.5,75452,132.0,100388,-118.0,3825140000.0,6700000.0,588,1135,2018-08-20 10:31:00
20180820 10:32,507.5,507.5,506.5,507.0,75600,148.0,100422,34.0,3832640000.0,7500000.0,930,1820,2018-08-20 10:32:00
20180820 10:33,507.0,507.0,506.5,506.5,75614,14.0,100432,10.0,3833350000.0,710000.0,683,1245,2018-08-20 10:33:00
20180820 10:34,506.5,506.5,506.0,506.5,75876,262.0,100456,24.0,3846620000.0,13270000.0,581,1207,2018-08-20 10:34:00
20180820 10:35,506.5,506.5,506.5,506.5,75878,2.0,100454,-2.0,3846720000.0,100000.0,315,646,2018-08-20 10:35:00
20180820 10:36,506.5,506.5,506.0,506.0,75882,4.0,100454,0.0,3846930000.0,210000.0,575,373,2018-08-20 10:36:00
20180820 10:37,506.0,506.0,505.0,505.0,76002,120.0,100452,-2.0,3852990000.0,6060000.0,1036,1549,2018-08-20 10:37:00
20180820 10:38,505.0,505.5,505.0,505.5,76288,286.0,100476,24.0,3867440000.0,14450000.0,1201,1540,2018-08-20 10:38:00
20180820 10:39,505.5,505.5,505.5,505.5,76588,300.0,100456,-20.0,3882600000.0,15160000.0,1753,2951,2018-08-20 10:39:00
20180820 10:40,505.5,505.5,505.0,505.5,76648,60.0,100462,6.0,3885640000.0,3040000.0,468,882,2018-08-20 10:40:00
20180820 10:41,505.5,505.5,505.0,505.5,76670,22.0,100460,-2.0,3886750000.0,1110000.0,52,376,2018-08-20 10:41:00
20180820 10:42,505.5,505.5,505.0,505.5,76986,316.0,100432,-28.0,3902720000.0,15970000.0,2055,2241,2018-08-20 10:42:00
20180820 10:43,505.5,505.5,505.5,505.5,77006,20.0,100450,18.0,3903730000.0,1010000.0,402,492,2018-08-20 10:43:00
20180820 10:44,505.5,505.5,505.5,505.5,77006,0.0,100450,0.0,3903730000.0,0.0,76,57,2018-08-20 10:44:00
20180820 10:45,505.5,505.5,505.5,505.5,77032,26.0,100440,-10.0,3905040000.0,1310000.0,420,291,2018-08-20 10:45:00
20180820 10:46,505.5,505.5,505.5,505.5,77032,0.0,100440,0.0,3905040000.0,0.0,120,199,2018-08-20 10:46:00
20180820 10:47,506.0,506.0,506.0,506.0,77070,38.0,100448,8.0,3906970000.0,1930000.0,304,359,2018-08-20 10:47:00
20180820 10:48,506.0,506.0,506.0,506.0,77070,0.0,100448,0.0,3906970000.0,0.0,38,37,2018-08-20 10:48:00
20180820 10:49,506.0,506.0,506.0,506.0,77300,230.0,100434,-14.0,3918600000.0,11630000.0,1055,787,2018-08-20 10:49:00
20180820 10:50,506.0,506.0,506.0,506.0,77398,98.0,100442,8.0,3923560000.0,4960000.0,474,848,2018-08-20 10:50:00
20180820 10:51,506.0,506.0,505.5,505.5,77452,54.0,100438,-4.0,3926290000.0,2730000.0,800,443,2018-08-20 10:51:00
20180820 10:52,505.5,505.5,505.5,505.5,78506,1054.0,100566,128.0,3979570000.0,53280000.0,2399,1914,2018-08-20 10:52:00
20180820 10:53,505.5,505.5,505.5,505.5,79300,794.0,100544,-22.0,4019710000.0,40140000.0,1757,1120,2018-08-20 10:53:00
20180820 10:54,505.5,505.5,505.0,505.0,79462,162.0,100558,14.0,4027890000.0,8180000.0,806,1514,2018-08-20 10:54:00
20180820 10:55,505.0,505.0,505.0,505.0,79526,64.0,100526,-32.0,4031120000.0,3230000.0,195,490,2018-08-20 10:55:00
20180820 10:56,505.0,505.0,505.0,505.0,79586,60.0,100504,-22.0,4034150000.0,3030000.0,940,202,2018-08-20 10:56:00
20180820 10:57,505.0,505.0,504.0,504.0,79988,402.0,100496,-8.0,4054420000.0,20270000.0,1905,1951,2018-08-20 10:57:00
20180820 10:58,504.0,504.0,504.0,504.0,80826,838.0,100502,6.0,4096660000.0,42240000.0,2348,1266,2018-08-20 10:58:00
20180820 10:59,504.0,504.0,504.0,504.0,81068,242.0,100532,30.0,4108850000.0,12190000.0,2423,1461,2018-08-20 10:59:00
20180820 11:00,504.0,505.0,504.0,504.0,81262,194.0,100464,-68.0,4118630000.0,9780000.0,2512,1009,2018-08-20 11:00:00
20180820 11:01,504.0,505.0,504.0,505.0,81276,14.0,100464,0.0,4119340000.0,710000.0,1750,311,2018-08-20 11:01:00
20180820 11:02,505.0,505.0,505.0,505.0,81302,26.0,100478,14.0,4120650000.0,1310000.0,615,403,2018-08-20 11:02:00
20180820 11:03,505.0,505.0,504.5,505.0,81368,66.0,100450,-28.0,4123980000.0,3330000.0,1088,445,2018-08-20 11:03:00
20180820 11:04,505.0,505.0,504.5,505.0,81492,124.0,100476,26.0,4130240000.0,6260000.0,2700,1138,2018-08-20 11:04:00
20180820 11:05,505.0,505.5,505.0,505.5,81540,48.0,100506,30.0,4132670000.0,2430000.0,1156,157,2018-08-20 11:05:00
20180820 11:06,505.5,505.5,505.0,505.0,81632,92.0,100516,10.0,4137320000.0,4650000.0,2050,833,2018-08-20 11:06:00
20180820 11:07,505.0,505.5,505.0,505.0,81730,98.0,100534,18.0,4142270000.0,4950000.0,1889,775,2018-08-20 11:07:00
20180820 11:08,505.0,505.0,505.0,505.0,81784,54.0,100542,8.0,4145000000.0,2730000.0,983,914,2018-08-20 11:08:00
20180820 11:09,505.0,505.0,505.0,505.0,81784,0.0,100542,0.0,4145000000.0,0.0,203,310,2018-08-20 11:09:00
20180820 11:10,505.0,505.0,505.0,505.0,81838,54.0,100548,6.0,4147730000.0,2730000.0,267,453,2018-08-20 11:10:00
20180820 11:11,505.0,505.5,505.0,505.5,81850,12.0,100544,-4.0,4148330000.0,600000.0,628,449,2018-08-20 11:11:00
20180820 11:12,505.5,505.5,505.0,505.0,81952,102.0,100528,-16.0,4153480000.0,5150000.0,1083,482,2018-08-20 11:12:00
20180820 11:13,505.0,505.0,505.0,505.0,81952,0.0,100528,0.0,4153480000.0,0.0,89,96,2018-08-20 11:13:00
20180820 11:14,505.0,505.0,505.0,505.0,81952,0.0,100528,0.0,4153480000.0,0.0,26,22,2018-08-20 11:14:00
20180820 11:15,505.0,505.0,504.5,504.5,82052,100.0,100532,4.0,4158530000.0,5050000.0,666,1759,2018-08-20 11:15:00
20180820 11:16,504.5,504.5,504.5,504.5,82052,0.0,100532,0.0,4158530000.0,0.0,42,181,2018-08-20 11:16:00
20180820 11:17,504.5,504.5,504.0,504.0,82254,202.0,100412,-120.0,4168710000.0,10180000.0,1463,1160,2018-08-20 11:17:00
20180820 11:18,504.0,504.0,503.5,503.5,82280,26.0,100404,-8.0,4170020000.0,1310000.0,301,512,2018-08-20 11:18:00
20180820 11:19,503.5,504.0,503.5,504.0,83648,1368.0,100504,100.0,4238930000.0,68910000.0,685,1493,2018-08-20 11:19:00
20180820 11:20,504.0,504.0,503.0,503.5,84358,710.0,100768,264.0,4274710000.0,35780000.0,966,1168,2018-08-20 11:20:00
20180820 11:21,503.5,503.5,502.0,502.5,85084,726.0,100754,-14.0,4311220000.0,36510000.0,1146,1919,2018-08-20 11:21:00
20180820 11:22,502.5,503.5,502.5,503.5,85300,216.0,100708,-46.0,4322080000.0,10860000.0,1104,1340,2018-08-20 11:22:00
20180820 11:23,503.5,503.5,503.5,503.5,85300,0.0,100708,0.0,4322080000.0,0.0,97,191,2018-08-20 11:23:00
20180820 11:24,503.5,504.0,503.5,504.0,85486,186.0,100816,108.0,4331460000.0,9380000.0,2654,1462,2018-08-20 11:24:00
20180820 11:25,504.0,504.0,504.0,504.0,86466,980.0,100808,-8.0,4380850000.0,49390000.0,3873,1633,2018-08-20 11:25:00
20180820 11:26,504.0,504.0,503.5,504.0,87506,1040.0,100836,28.0,4433260000.0,52410000.0,1534,1382,2018-08-20 11:26:00
20180820 11:27,504.0,504.0,504.0,504.0,87506,0.0,100836,0.0,4433260000.0,0.0,130,223,2018-08-20 11:27:00
20180820 11:28,504.0,504.0,503.5,503.5,87508,2.0,100834,-2.0,4433360000.0,100000.0,373,425,2018-08-20 11:28:00
20180820 11:29,503.5,504.0,503.5,504.0,87526,18.0,100840,6.0,4434270000.0,910000.0,319,527,2018-08-20 11:29:00
20180820 13:30,504.0,504.5,503.5,504.5,87724,198.0,100856,16.0,4444260000.0,9990000.0,1907,784,2018-08-20 13:30:00
20180820 13:31,504.5,504.5,504.0,504.0,87948,224.0,100760,-96.0,4455550000.0,11290000.0,1156,1477,2018-08-20 13:31:00
20180820 13:32,504.0,505.0,504.0,504.5,88146,198.0,100772,12.0,4465530000.0,9980000.0,1556,800,2018-08-20 13:32:00
20180820 13:33,504.5,505.5,504.5,505.5,88716,570.0,100456,-316.0,4494320000.0,28790000.0,3348,2111,2018-08-20 13:33:00
20180820 13:34,505.5,506.0,505.0,506.0,88916,200.0,100400,-56.0,4504420000.0,10100000.0,1128,1044,2018-08-20 13:34:00
20180820 13:35,506.0,506.0,504.5,505.0,89336,420.0,100484,84.0,4525640000.0,21220000.0,1021,1309,2018-08-20 13:35:00
20180820 13:36,505.0,505.0,504.5,504.5,89338,2.0,100482,-2.0,4525740000.0,100000.0,358,358,2018-08-20 13:36:00
20180820 13:37,504.5,505.0,504.5,505.0,89496,158.0,100516,34.0,4533710000.0,7970000.0,932,599,2018-08-20 13:37:00
20180820 13:38,505.0,505.0,504.5,504.5,89566,70.0,100542,26.0,4537240000.0,3530000.0,654,417,2018-08-20 13:38:00
20180820 13:39,504.5,504.5,504.5,504.5,90554,988.0,100922,380.0,4587090000.0,49850000.0,3295,3857,2018-08-20 13:39:00
20180820 13:40,504.5,504.5,504.0,504.5,91180,626.0,100828,-94.0,4618670000.0,31580000.0,2881,3201,2018-08-20 13:40:00
20180820 13:41,504.5,504.5,504.5,504.5,91960,780.0,101150,322.0,4658020000.0,39350000.0,2246,2499,2018-08-20 13:41:00
20180820 13:42,504.5,504.5,504.0,504.5,92990,1030.0,100952,-198.0,4709980000.0,51960000.0,4187,4149,2018-08-20 13:42:00
20180820 13:43,504.5,504.5,504.5,504.5,93908,918.0,101172,220.0,4756290000.0,46310000.0,2992,3283,2018-08-20 13:43:00
20180820 13:44,504.5,504.5,504.5,504.5,93954,46.0,101126,-46.0,4758610000.0,2320000.0,1546,1916,2018-08-20 13:44:00
20180820 13:45,504.5,504.5,504.5,504.5,93954,0.0,101126,0.0,4758610000.0,0.0,519,757,2018-08-20 13:45:00
20180820 13:46,504.5,505.5,504.5,505.5,94174,220.0,101034,-92.0,4769730000.0,11120000.0,1599,1482,2018-08-20 13:46:00
20180820 13:47,505.5,505.5,505.5,505.5,94728,554.0,100632,-402.0,4797730000.0,28000000.0,1908,819,2018-08-20 13:47:00
20180820 13:48,505.5,505.5,505.5,505.5,94796,68.0,100614,-18.0,4801170000.0,3440000.0,868,560,2018-08-20 13:48:00
20180820 13:49,505.5,505.5,505.5,505.5,94842,46.0,100604,-10.0,4803490000.0,2320000.0,895,1225,2018-08-20 13:49:00
20180820 13:50,505.5,505.5,505.0,505.0,95684,842.0,100590,-14.0,4846060000.0,42570000.0,524,1799,2018-08-20 13:50:00
20180820 13:51,505.0,505.5,505.0,505.5,95770,86.0,100590,0.0,4850400000.0,4340000.0,1188,1035,2018-08-20 13:51:00
20180820 13:52,505.5,505.5,505.5,505.5,95774,4.0,100586,-4.0,4850610000.0,210000.0,534,652,2018-08-20 13:52:00
20180820 13:53,505.5,507.0,505.5,507.0,96710,936.0,100968,382.0,4897990000.0,47380000.0,1276,1630,2018-08-20 13:53:00
20180820 13:54,507.0,507.0,506.5,507.0,98028,1318.0,100528,-440.0,4964810000.0,66820000.0,903,2256,2018-08-20 13:54:00
20180820 13:55,507.0,507.0,505.5,505.5,98436,408.0,100348,-180.0,4985460000.0,20650000.0,3138,2952,2018-08-20 13:55:00
20180820 13:56,505.5,506.0,505.5,506.0,98592,156.0,100386,38.0,4993350000.0,7890000.0,2523,2316,2018-08-20 13:56:00
20180820 13:57,506.0,506.0,505.5,505.5,98704,112.0,100358,-28.0,4999020000.0,5670000.0,961,2140,2018-08-20 13:57:00
20180820 13:58,505.5,506.0,505.5,506.0,98748,44.0,100350,-8.0,5001240000.0,2220000.0,243,388,2018-08-20 13:58:00
20180820 13:59,506.0,507.0,506.0,506.5,99028,280.0,100450,100.0,5015420000.0,14180000.0,4012,2896,2018-08-20 13:59:00
20180820 14:00,506.5,506.5,505.5,505.5,99726,698.0,100368,-82.0,5050770000.0,35350000.0,3222,5205,2018-08-20 14:00:00
20180820 14:01,505.5,506.0,505.5,506.0,100018,292.0,100224,-144.0,5065540000.0,14770000.0,1993,6205,2018-08-20 14:01:00
20180820 14:02,506.0,506.0,506.0,506.0,100048,30.0,100224,0.0,5067060000.0,1520000.0,1836,1616,2018-08-20 14:02:00
20180820 14:03,506.0,506.0,505.5,506.0,100092,44.0,100220,-4.0,5069290000.0,2230000.0,1018,1864,2018-08-20 14:03:00
20180820 14:04,506.0,506.0,506.0,506.0,100094,2.0,100220,0.0,5069390000.0,100000.0,183,280,2018-08-20 14:04:00
20180820 14:05,506.0,507.0,506.0,507.0,100312,218.0,100268,48.0,5080430000.0,11040000.0,1909,890,2018-08-20 14:05:00
20180820 14:06,506.5,507.0,506.5,507.0,100528,216.0,100364,96.0,5091370000.0,10940000.0,1454,950,2018-08-20 14:06:00
20180820 14:07,506.5,506.5,506.5,506.5,100544,16.0,100380,16.0,5092180000.0,810000.0,923,684,2018-08-20 14:07:00
20180820 14:08,506.5,506.5,506.5,506.5,100568,24.0,100378,-2.0,5093390000.0,1210000.0,923,936,2018-08-20 14:08:00
20180820 14:09,506.5,506.5,506.5,506.5,101376,808.0,100158,-220.0,5134320000.0,40930000.0,992,1632,2018-08-20 14:09:00
20180820 14:10,506.5,506.5,506.0,506.0,102234,858.0,100314,156.0,5177770000.0,43450000.0,1844,2693,2018-08-20 14:10:00
20180820 14:11,506.0,506.0,506.0,506.0,103278,1044.0,100118,-196.0,5230600000.0,52830000.0,1216,3397,2018-08-20 14:11:00
20180820 14:12,506.0,506.5,506.0,506.5,103350,72.0,100090,-28.0,5234240000.0,3640000.0,665,709,2018-08-20 14:12:00
20180820 14:13,506.0,506.5,506.0,506.5,103470,120.0,100090,0.0,5240320000.0,6080000.0,1647,947,2018-08-20 14:13:00
20180820 14:14,506.5,506.5,506.5,506.5,103470,0.0,100090,0.0,5240320000.0,0.0,369,189,2018-08-20 14:14:00
20180820 14:15,506.5,506.5,506.5,506.5,103564,94.0,100128,38.0,5245080000.0,4760000.0,1578,873,2018-08-20 14:15:00
20180820 14:16,506.5,507.0,506.5,507.0,104428,864.0,100162,34.0,5288890000.0,43810000.0,2244,1145,2018-08-20 14:16:00
20180820 14:17,507.0,507.0,506.5,506.5,104642,214.0,100312,150.0,5299730000.0,10840000.0,1146,1956,2018-08-20 14:17:00
20180820 14:18,506.5,506.5,506.5,506.5,108420,3778.0,100266,-46.0,5491080000.0,191350000.0,3410,2741,2018-08-20 14:18:00
20180820 14:19,506.5,506.5,506.5,506.5,109764,1344.0,100102,-164.0,5559150000.0,68070000.0,1371,1533,2018-08-20 14:19:00
20180820 14:20,506.5,506.5,506.5,506.5,109764,0.0,100102,0.0,5559150000.0,0.0,310,140,2018-08-20 14:20:00
20180820 14:21,506.5,506.5,506.5,506.5,109890,126.0,100058,-44.0,5565540000.0,6390000.0,411,177,2018-08-20 14:21:00
20180820 14:22,506.5,506.5,506.5,506.5,109890,0.0,100058,0.0,5565540000.0,0.0,341,236,2018-08-20 14:22:00
20180820 14:23,506.5,506.5,506.5,506.5,110590,700.0,100550,492.0,5600990000.0,35450000.0,886,1021,2018-08-20 14:23:00
20180820 14:24,506.5,506.5,506.5,506.5,110996,406.0,100484,-66.0,5621560000.0,20570000.0,1531,1298,2018-08-20 14:24:00
20180820 14:25,506.5,506.5,506.5,506.5,110996,0.0,100484,0.0,5621560000.0,0.0,251,160,2018-08-20 14:25:00
20180820 14:26,506.5,506.5,506.5,506.5,110996,0.0,100484,0.0,5621560000.0,0.0,213,77,2018-08-20 14:26:00
20180820 14:27,506.5,506.5,506.0,506.0,111504,508.0,100074,-410.0,5647260000.0,25700000.0,854,1028,2018-08-20 14:27:00
20180820 14:28,506.0,506.0,506.0,506.0,111504,0.0,100074,0.0,5647260000.0,0.0,292,657,2018-08-20 14:28:00
20180820 14:29,506.0,506.5,506.0,506.5,113670,2166.0,100200,126.0,5756970000.0,109710000.0,1673,3424,2018-08-20 14:29:00
20180820 14:30,506.5,506.5,506.5,506.5,114194,524.0,100234,34.0,5783510000.0,26540000.0,969,990,2018-08-20 14:30:00
20180820 14:31,506.5,506.5,506.5,506.5,114196,2.0,100234,0.0,5783610000.0,100000.0,153,95,2018-08-20 14:31:00
20180820 14:32,506.5,506.5,506.5,506.5,114198,2.0,100234,0.0,5783710000.0,100000.0,257,170,2018-08-20 14:32:00
20180820 14:33,506.5,508.5,506.5,508.5,114682,484.0,100072,-162.0,5808280000.0,24570000.0,467,763,2018-08-20 14:33:00
20180820 14:34,508.5,508.5,507.5,508.0,114888,206.0,99948,-124.0,5818750000.0,10470000.0,1271,1663,2018-08-20 14:34:00
20180820 14:35,508.0,508.0,507.5,507.5,115408,520.0,99902,-46.0,5845150000.0,26400000.0,3327,2122,2018-08-20 14:35:00
20180820 14:36,507.5,507.5,507.0,507.5,115704,296.0,99796,-106.0,5860170000.0,15020000.0,2770,3341,2018-08-20 14:36:00
20180820 14:37,507.5,507.5,507.0,507.0,116118,414.0,99894,98.0,5881180000.0,21010000.0,2553,4500,2018-08-20 14:37:00
20180820 14:38,507.0,507.0,506.5,506.5,116230,112.0,99848,-46.0,5886850000.0,5670000.0,2199,2421,2018-08-20 14:38:00
20180820 14:39,506.5,507.0,506.5,507.0,116236,6.0,99842,-6.0,5887160000.0,310000.0,441,388,2018-08-20 14:39:00
20180820 14:40,507.0,507.0,507.0,507.0,116274,38.0,99828,-14.0,5889080000.0,1920000.0,1577,656,2018-08-20 14:40:00
20180820 14:41,507.0,508.0,507.0,507.5,117068,794.0,99502,-326.0,5929380000.0,40300000.0,1956,3349,2018-08-20 14:41:00
20180820 14:42,507.5,507.5,507.0,507.0,117256,188.0,99456,-46.0,5938920000.0,9540000.0,1239,1897,2018-08-20 14:42:00
20180820 14:43,507.0,507.5,507.0,507.0,117532,276.0,99664,208.0,5952910000.0,13990000.0,1738,3369,2018-08-20 14:43:00
20180820 14:44,507.0,507.0,507.0,507.0,117788,256.0,99686,22.0,5965890000.0,12980000.0,994,1356,2018-08-20 14:44:00
20180820 14:45,507.0,507.0,507.0,507.0,117856,68.0,99702,16.0,5969340000.0,3450000.0,1832,1055,2018-08-20 14:45:00
20180820 14:46,507.0,507.0,507.0,507.0,117920,64.0,99692,-10.0,5972580000.0,3240000.0,969,712,2018-08-20 14:46:00
20180820 14:47,507.0,507.0,507.0,507.0,118824,904.0,99668,-24.0,6018420000.0,45840000.0,1084,1516,2018-08-20 14:47:00
20180820 14:48,507.0,507.5,507.0,507.5,118954,130.0,99634,-34.0,6025010000.0,6590000.0,2139,2328,2018-08-20 14:48:00
20180820 14:49,507.5,508.0,507.5,507.5,119176,222.0,99612,-22.0,6036280000.0,11270000.0,1215,1031,2018-08-20 14:49:00
20180820 14:50,507.5,508.0,507.5,508.0,119574,398.0,99620,8.0,6056480000.0,20200000.0,2667,1970,2018-08-20 14:50:00
20180820 14:51,508.0,508.0,508.0,508.0,119640,66.0,99616,-4.0,6059830000.0,3350000.0,537,307,2018-08-20 14:51:00
20180820 14:52,508.0,508.0,507.5,508.0,119698,58.0,99602,-14.0,6062780000.0,2950000.0,655,1503,2018-08-20 14:52:00
20180820 14:53,508.0,508.0,507.5,507.5,121130,1432.0,99554,-48.0,6135520000.0,72740000.0,2369,3853,2018-08-20 14:53:00
20180820 14:54,507.5,508.0,507.5,507.5,121162,32.0,99572,18.0,6137140000.0,1620000.0,57,608,2018-08-20 14:54:00
20180820 14:55,508.0,508.0,507.0,507.5,121248,86.0,99606,34.0,6141510000.0,4370000.0,844,904,2018-08-20 14:55:00
20180820 14:56,507.5,507.5,507.0,507.0,121444,196.0,99682,76.0,6151440000.0,9930000.0,2416,4699,2018-08-20 14:56:00
20180820 14:57,507.0,508.0,507.0,507.5,121564,120.0,99664,-18.0,6157540000.0,6100000.0,396,1190,2018-08-20 14:57:00
20180820 14:58,507.5,508.0,507.0,507.0,121672,108.0,99644,-20.0,6163020000.0,5480000.0,898,2207,2018-08-20 14:58:00
20180820 14:59,507.0,507.5,507.0,507.0,121714,42.0,99646,2.0,6165150000.0,2130000.0,158,1522,2018-08-20 14:59:00
20180820 15:00,507.0,507.0,507.0,507.0,121714,0.0,99646,0.0,6165150000.0,0.0,24,6,2018-08-20 15:00:00
20180820 20:59,508.5,508.5,508.5,508.5,2882,2882.0,105128,5482.0,146550000.0,146550000.0,2,1,2018-08-20 20:59:00
20180820 21:00,509.0,509.0,508.0,509.0,3308,426.0,104914,-214.0,168224000.0,21674000.0,1126,2602,2018-08-20 21:00:00
20180820 21:01,509.0,509.5,508.5,508.5,3406,98.0,104880,-34.0,173212000.0,4988000.0,725,1620,2018-08-20 21:01:00
20180820 21:02,508.5,509.0,508.5,509.0,3466,60.0,104874,-6.0,176266000.0,3054000.0,1823,1255,2018-08-20 21:02:00
20180820 21:03,509.0,512.0,509.0,512.0,4040,574.0,104862,-12.0,205558000.0,29292000.0,3864,7836,2018-08-20 21:03:00
20180820 21:04,512.5,515.0,511.5,514.5,4670,630.0,104706,-156.0,237909000.0,32351000.0,4837,11219,2018-08-20 21:04:00
20180820 21:05,514.5,515.5,514.5,514.5,5036,366.0,104630,-76.0,256755000.0,18846000.0,2129,6438,2018-08-20 21:05:00
20180820 21:06,514.5,514.5,513.5,513.5,5312,276.0,104468,-162.0,270939000.0,14184000.0,3570,3117,2018-08-20 21:06:00
20180820 21:07,513.0,513.0,512.5,512.5,5372,60.0,104440,-28.0,274017000.0,3078000.0,5257,2715,2018-08-20 21:07:00
20180820 21:08,512.5,513.0,512.5,513.0,5546,174.0,104448,8.0,282941000.0,8924000.0,1687,1584,2018-08-20 21:08:00
20180820 21:09,513.0,513.0,510.5,511.0,6966,1420.0,104436,-12.0,355696000.0,72755000.0,4623,2329,2018-08-20 21:09:00
20180820 21:10,511.0,511.5,511.0,511.5,7102,136.0,104366,-70.0,362648000.0,6952000.0,2275,1358,2018-08-20 21:10:00
20180820 21:11,511.5,511.5,511.5,511.5,7790,688.0,104916,550.0,397839000.0,35191000.0,1075,1713,2018-08-20 21:11:00
20180820 21:12,511.0,511.0,510.0,510.0,9030,1240.0,104908,-8.0,461111000.0,63272000.0,2572,1355,2018-08-20 21:12:00
20180820 21:13,510.0,510.0,507.5,508.0,11054,2024.0,104774,-134.0,563983000.0,102872000.0,5071,3401,2018-08-20 21:13:00
20180820 21:14,508.0,508.5,508.0,508.5,11650,596.0,104188,-586.0,594290000.0,30307000.0,1959,1328,2018-08-20 21:14:00
20180820 21:15,508.5,509.0,508.5,508.5,11666,16.0,104190,2.0,595103000.0,813000.0,3872,1735,2018-08-20 21:15:00
20180820 21:16,508.5,510.0,508.5,510.0,12430,764.0,104786,596.0,634000000.0,38897000.0,5024,2447,2018-08-20 21:16:00
20180820 21:17,510.0,510.0,509.0,509.0,13118,688.0,104128,-658.0,669023000.0,35023000.0,5347,2433,2018-08-20 21:17:00
20180820 21:18,509.0,509.5,509.0,509.0,13894,776.0,104532,404.0,708531000.0,39508000.0,3970,865,2018-08-20 21:18:00
20180820 21:19,509.0,509.0,509.0,509.0,13896,2.0,104532,0.0,708633000.0,102000.0,2854,583,2018-08-20 21:19:00
20180820 21:20,509.0,509.5,509.0,509.0,13988,92.0,104504,-28.0,713317000.0,4684000.0,4919,2461,2018-08-20 21:20:00
20180820 21:21,509.0,509.0,509.0,509.0,13988,0.0,104504,0.0,713317000.0,0.0,1841,80,2018-08-20 21:21:00
20180820 21:22,509.0,509.0,509.0,509.0,13992,4.0,104504,0.0,713520000.0,203000.0,1627,84,2018-08-20 21:22:00
20180820 21:23,509.0,509.5,509.0,509.5,14658,666.0,103938,-566.0,747453000.0,33933000.0,7186,981,2018-08-20 21:23:00
20180820 21:24,509.5,509.5,509.5,509.5,15876,1218.0,103926,-12.0,809510000.0,62057000.0,2160,1267,2018-08-20 21:24:00
20180820 21:25,509.5,509.5,509.5,509.5,16556,680.0,104484,558.0,844156000.0,34646000.0,1762,791,2018-08-20 21:25:00
20180820 21:26,509.5,509.5,508.0,508.0,16734,178.0,104462,-22.0,853207000.0,9051000.0,3337,1167,2018-08-20 21:26:00
20180820 21:27,508.0,508.5,508.0,508.5,16792,58.0,104406,-56.0,856156000.0,2949000.0,2263,602,2018-08-20 21:27:00
20180820 21:28,508.5,508.5,508.5,508.5,17376,584.0,103822,-584.0,885852000.0,29696000.0,1724,925,2018-08-20 21:28:00
20180820 21:29,508.5,509.0,508.5,509.0,17428,52.0,103830,8.0,888496000.0,2644000.0,756,276,2018-08-20 21:29:00
20180820 21:30,509.0,509.5,509.0,509.0,18110,682.0,104358,528.0,923241000.0,34745000.0,907,504,2018-08-20 21:30:00
20180820 21:31,508.5,508.5,508.0,508.0,18722,612.0,103796,-562.0,954361000.0,31120000.0,276,909,2018-08-20 21:31:00
20180820 21:32,507.5,508.5,507.5,508.5,18884,162.0,103814,18.0,962586000.0,8225000.0,730,1124,2018-08-20 21:32:00
20180820 21:33,508.5,508.5,508.5,508.5,18892,8.0,103810,-4.0,962993000.0,407000.0,712,981,2018-08-20 21:33:00
20180820 21:34,508.5,508.5,508.0,508.0,18918,26.0,103814,4.0,964314000.0,1321000.0,598,905,2018-08-20 21:34:00
20180820 21:35,508.0,508.5,508.0,508.5,19536,618.0,104392,578.0,995739000.0,31425000.0,1171,670,2018-08-20 21:35:00
20180820 21:36,508.5,508.5,508.5,508.5,19536,0.0,104392,0.0,995739000.0,0.0,583,411,2018-08-20 21:36:00
20180820 21:37,508.5,508.5,508.5,508.5,20702,1166.0,103326,-1066.0,1055030000.0,59291000.0,1513,1258,2018-08-20 21:37:00
20180820 21:38,508.5,509.0,508.5,508.5,21812,1110.0,103662,336.0,1111470000.0,56440000.0,6261,1780,2018-08-20 21:38:00
20180820 21:39,508.5,508.5,508.5,508.5,21812,0.0,103662,0.0,1111470000.0,0.0,153,234,2018-08-20 21:39:00
20180820 21:40,508.5,508.5,508.5,508.5,21814,2.0,103664,2.0,1111580000.0,110000.0,435,631,2018-08-20 21:40:00
20180820 21:41,508.5,508.5,508.0,508.0,21816,2.0,103664,0.0,1111680000.0,100000.0,159,91,2018-08-20 21:41:00
20180820 21:42,507.5,507.5,507.0,507.0,22168,352.0,103714,50.0,1129540000.0,17860000.0,1595,2995,2018-08-20 21:42:00
20180820 21:43,507.0,507.0,507.0,507.0,22378,210.0,103676,-38.0,1140190000.0,10650000.0,1280,1607,2018-08-20 21:43:00
20180820 21:44,507.0,507.0,507.0,507.0,22450,72.0,103632,-44.0,1143840000.0,3650000.0,1576,836,2018-08-20 21:44:00
20180820 21:45,507.0,507.5,507.0,507.5,22612,162.0,103544,-88.0,1152060000.0,8220000.0,928,415,2018-08-20 21:45:00
20180820 21:46,507.5,508.5,507.5,508.5,22828,216.0,103500,-44.0,1163040000.0,10980000.0,1074,2067,2018-08-20 21:46:00
20180820 21:47,508.5,508.5,508.5,508.5,23432,604.0,102932,-568.0,1193750000.0,30710000.0,886,1278,2018-08-20 21:47:00
20180820 21:48,508.5,509.0,508.5,509.0,24696,1264.0,102882,-50.0,1258090000.0,64340000.0,1414,1311,2018-08-20 21:48:00
20180820 21:49,509.0,509.0,508.0,508.0,24878,182.0,102980,98.0,1267340000.0,9250000.0,935,1017,2018-08-20 21:49:00
20180820 21:50,508.0,509.0,508.0,509.0,26336,1458.0,102896,-84.0,1341520000.0,74180000.0,2291,2036,2018-08-20 21:50:00
20180820 21:51,509.0,509.0,509.0,509.0,27636,1300.0,102838,-58.0,1407690000.0,66170000.0,2486,1862,2018-08-20 21:51:00
20180820 21:52,509.0,509.0,509.0,509.0,27656,20.0,102844,6.0,1408710000.0,1020000.0,655,1217,2018-08-20 21:52:00
20180820 21:53,509.0,509.0,508.0,508.0,28450,794.0,103410,566.0,1449080000.0,40370000.0,2864,1308,2018-08-20 21:53:00
20180820 21:54,508.0,508.0,508.0,508.0,28454,4.0,103412,2.0,1449280000.0,200000.0,752,88,2018-08-20 21:54:00
20180820 21:55,508.0,508.0,508.0,508.0,30528,2074.0,102716,-696.0,1554640000.0,105360000.0,3089,6185,2018-08-20 21:55:00
20180820 21:56,508.0,508.0,508.0,508.0,30528,0.0,102716,0.0,1554640000.0,0.0,524,5947,2018-08-20 21:56:00
20180820 21:57,508.0,508.5,508.0,508.5,31510,982.0,102982,266.0,1604540000.0,49900000.0,1893,7447,2018-08-20 21:57:00
20180820 21:58,508.5,508.5,508.0,508.0,32296,786.0,102384,-598.0,1644510000.0,39970000.0,1714,1145,2018-08-20 21:58:00
20180820 21:59,508.0,508.5,508.0,508.5,32316,20.0,102364,-20.0,1645530000.0,1020000.0,877,990,2018-08-20 21:59:00
20180820 22:00,508.5,508.5,508.0,508.0,32320,4.0,102366,2.0,1645730000.0,200000.0,994,785,2018-08-20 22:00:00
20180820 22:01,508.0,508.5,508.0,508.5,32324,4.0,102366,0.0,1645940000.0,210000.0,768,1020,2018-08-20 22:01:00
20180820 22:02,508.5,508.5,508.0,508.0,32990,666.0,102886,520.0,1679800000.0,33860000.0,791,991,2018-08-20 22:02:00
20180820 22:03,508.0,508.0,507.5,508.0,33026,36.0,102860,-26.0,1681630000.0,1830000.0,699,474,2018-08-20 22:03:00
20180820 22:04,508.0,508.5,508.0,508.0,33158,132.0,102830,-30.0,1688330000.0,6700000.0,2260,3539,2018-08-20 22:04:00
20180820 22:05,508.0,508.0,507.5,508.0,33218,60.0,102828,-2.0,1691380000.0,3050000.0,1382,2759,2018-08-20 22:05:00
20180820 22:06,508.0,508.0,508.0,508.0,33302,84.0,102814,-14.0,1695650000.0,4270000.0,1864,4593,2018-08-20 22:06:00
20180820 22:07,507.5,507.5,507.5,507.5,33362,60.0,102784,-30.0,1698690000.0,3040000.0,1216,558,2018-08-20 22:07:00
20180820 22:08,507.0,507.0,507.0,507.0,33474,112.0,102770,-14.0,1704370000.0,5680000.0,1334,3187,2018-08-20 22:08:00
20180820 22:09,507.0,507.0,507.0,507.0,33586,112.0,102768,-2.0,1710050000.0,5680000.0,1872,1348,2018-08-20 22:09:00
20180820 22:10,507.0,507.5,507.0,507.5,33756,170.0,102692,-76.0,1718680000.0,8630000.0,2171,1551,2018-08-20 22:10:00
20180820 22:11,507.5,507.5,507.0,507.0,33766,10.0,102690,-2.0,1719180000.0,500000.0,1071,736,2018-08-20 22:11:00
20180820 22:12,507.0,507.0,507.0,507.0,33766,0.0,102690,0.0,1719180000.0,0.0,788,1277,2018-08-20 22:12:00
20180820 22:13,507.0,507.0,505.0,505.5,34096,330.0,102646,-44.0,1735880000.0,16700000.0,3136,2852,2018-08-20 22:13:00
20180820 22:14,505.5,505.5,505.0,505.5,34214,118.0,102608,-38.0,1741840000.0,5960000.0,2932,2467,2018-08-20 22:14:00
20180820 22:15,505.5,505.5,503.0,503.5,34870,656.0,102794,186.0,1774900000.0,33060000.0,3201,3915,2018-08-20 22:15:00
20180820 22:16,503.5,503.5,502.5,503.0,35758,888.0,102198,-596.0,1819600000.0,44700000.0,4568,5074,2018-08-20 22:16:00
20180820 22:17,503.0,503.5,503.0,503.5,35842,84.0,102148,-50.0,1823820000.0,4220000.0,2695,2303,2018-08-20 22:17:00
20180820 22:18,503.5,504.5,503.0,504.5,36390,548.0,101824,-324.0,1851440000.0,27620000.0,1818,4845,2018-08-20 22:18:00
20180820 22:19,504.5,505.0,504.5,505.0,36436,46.0,101800,-24.0,1853760000.0,2320000.0,1610,1428,2018-08-20 22:19:00
20180820 22:20,505.0,505.0,503.0,504.0,36580,144.0,101806,6.0,1861010000.0,7250000.0,1561,1469,2018-08-20 22:20:00
20180820 22:21,504.0,504.0,504.0,504.0,36612,32.0,101804,-2.0,1862630000.0,1620000.0,1318,1160,2018-08-20 22:21:00
20180820 22:22,504.0,504.5,504.0,504.5,36648,36.0,101790,-14.0,1864440000.0,1810000.0,569,659,2018-08-20 22:22:00
20180820 22:23,504.5,504.5,504.5,504.5,36648,0.0,101790,0.0,1864440000.0,0.0,245,238,2018-08-20 22:23:00
20180820 22:24,504.5,505.0,504.5,505.0,36656,8.0,101788,-2.0,1864850000.0,410000.0,2440,1612,2018-08-20 22:24:00
20180820 22:25,505.0,505.0,504.5,504.5,36738,82.0,101706,-82.0,1868980000.0,4130000.0,1080,542,2018-08-20 22:25:00
20180820 22:26,504.5,504.5,504.5,504.5,36778,40.0,101702,-4.0,1871000000.0,2020000.0,1437,393,2018-08-20 22:26:00
20180820 22:27,504.5,504.5,504.5,504.5,37636,858.0,101920,218.0,1914290000.0,43290000.0,2752,1719,2018-08-20 22:27:00
20180820 22:28,504.5,504.5,504.5,504.5,37650,14.0,101920,0.0,1914990000.0,700000.0,1235,1696,2018-08-20 22:28:00
20180820 22:29,505.0,505.0,505.0,505.0,37714,64.0,101932,12.0,1918230000.0,3240000.0,1106,3068,2018-08-20 22:29:00
20180820 22:30,505.0,505.0,505.0,505.0,37740,26.0,101910,-22.0,1919540000.0,1310000.0,688,1228,2018-08-20 22:30:00
20180820 22:31,505.0,505.0,504.5,505.0,37780,40.0,101930,20.0,1921560000.0,2020000.0,360,1066,2018-08-20 22:31:00
20180820 22:32,505.0,505.0,505.0,505.0,37780,0.0,101930,0.0,1921560000.0,0.0,267,510,2018-08-20 22:32:00
20180820 22:33,505.0,505.0,504.5,505.0,37874,94.0,101912,-18.0,1926310000.0,4750000.0,1370,1440,2018-08-20 22:33:00
20180820 22:34,505.0,505.0,505.0,505.0,37900,26.0,101892,-20.0,1927620000.0,1310000.0,957,1473,2018-08-20 22:34:00
20180820 22:35,505.0,505.0,504.0,504.0,38010,110.0,101900,8.0,1933170000.0,5550000.0,3862,1471,2018-08-20 22:35:00
20180820 22:36,504.0,504.5,504.0,504.5,39462,1452.0,101994,94.0,2006350000.0,73180000.0,5331,1461,2018-08-20 22:36:00
20180820 22:37,504.5,504.5,504.0,504.5,39672,210.0,101870,-124.0,2016940000.0,10590000.0,1534,1797,2018-08-20 22:37:00
20180820 22:38,504.5,504.5,504.0,504.0,39788,116.0,101884,14.0,2022790000.0,5850000.0,3833,2984,2018-08-20 22:38:00
20180820 22:39,504.0,504.0,503.0,503.0,40676,888.0,101852,-32.0,2067500000.0,44710000.0,4283,4152,2018-08-20 22:39:00
20180820 22:40,503.0,503.0,501.0,501.5,42064,1388.0,101806,-46.0,2137240000.0,69740000.0,5686,2454,2018-08-20 22:40:00
20180820 22:41,501.5,502.5,501.5,502.5,42478,414.0,101656,-150.0,2158030000.0,20790000.0,7020,2678,2018-08-20 22:41:00
20180820 22:42,502.5,502.5,502.5,502.5,42552,74.0,101618,-38.0,2161750000.0,3720000.0,5553,5508,2018-08-20 22:42:00
20180820 22:43,502.5,502.5,502.0,502.0,42652,100.0,101664,46.0,2166770000.0,5020000.0,2126,1208,2018-08-20 22:43:00
20180820 22:44,502.0,502.5,502.0,502.5,42898,246.0,101654,-10.0,2179120000.0,12350000.0,2683,5339,2018-08-20 22:44:00
20180820 22:45,502.5,502.5,502.0,502.5,45264,2366.0,101714,60.0,2297940000.0,118820000.0,2047,3063,2018-08-20 22:45:00
20180820 22:46,502.5,502.5,502.0,502.0,45512,248.0,101694,-20.0,2310400000.0,12460000.0,3113,2070,2018-08-20 22:46:00
20180820 22:47,502.0,502.5,502.0,502.5,45578,66.0,101634,-60.0,2313710000.0,3310000.0,3397,1591,2018-08-20 22:47:00
20180820 22:48,502.5,502.5,501.5,501.5,45988,410.0,101642,8.0,2334280000.0,20570000.0,2250,1620,2018-08-20 22:48:00
20180820 22:49,501.5,502.0,501.5,502.0,45994,6.0,101644,2.0,2334580000.0,300000.0,1878,2563,2018-08-20 22:49:00
20180820 22:50,501.5,501.5,501.5,501.5,46114,120.0,101598,-46.0,2340600000.0,6020000.0,2047,3347,2018-08-20 22:50:00
20180820 22:51,501.5,502.0,501.5,502.0,46238,124.0,101544,-54.0,2346820000.0,6220000.0,1594,2312,2018-08-20 22:51:00
20180820 22:52,502.0,502.5,502.0,502.5,46588,350.0,101316,-228.0,2364400000.0,17580000.0,4585,3160,2018-08-20 22:52:00
20180820 22:53,502.5,503.0,502.5,503.0,46866,278.0,101266,-50.0,2378380000.0,13980000.0,2798,2211,2018-08-20 22:53:00
20180820 22:54,503.0,503.5,503.0,503.5,46988,122.0,101222,-44.0,2384520000.0,6140000.0,1686,3634,2018-08-20 22:54:00
20180820 22:55,503.5,504.0,503.5,504.0,47002,14.0,101224,2.0,2385230000.0,710000.0,1327,1047,2018-08-20 22:55:00
20180820 22:56,504.0,504.0,503.5,503.5,47078,76.0,101196,-28.0,2389050000.0,3820000.0,1375,832,2018-08-20 22:56:00
20180820 22:57,503.5,503.5,503.5,503.5,47090,12.0,101206,10.0,2389660000.0,610000.0,1365,3771,2018-08-20 22:57:00
20180820 22:58,503.5,504.5,503.5,504.5,48066,976.0,101254,48.0,2438890000.0,49230000.0,1121,2180,2018-08-20 22:58:00
20180820 22:59,504.5,504.5,504.0,504.0,48134,68.0,101248,-6.0,2442320000.0,3430000.0,1272,2394,2018-08-20 22:59:00
20180820 23:00,503.5,503.5,503.0,503.0,48244,110.0,101170,-78.0,2447860000.0,5540000.0,614,1079,2018-08-20 23:00:00
20180820 23:01,503.0,503.0,502.0,502.0,48634,390.0,101108,-62.0,2467450000.0,19590000.0,2925,2579,2018-08-20 23:01:00
20180820 23:02,502.0,502.5,502.0,502.5,48826,192.0,101128,20.0,2477090000.0,9640000.0,1704,2864,2018-08-20 23:02:00
20180820 23:03,502.5,503.0,502.5,503.0,48858,32.0,101120,-8.0,2478700000.0,1610000.0,1290,800,2018-08-20 23:03:00
20180820 23:04,503.0,503.5,503.0,503.5,48942,84.0,101146,26.0,2482930000.0,4230000.0,877,1002,2018-08-20 23:04:00
20180820 23:05,505.0,507.0,504.5,507.0,49734,792.0,101118,-28.0,2522930000.0,40000000.0,2695,1936,2018-08-20 23:05:00
20180820 23:06,507.0,507.0,505.5,505.5,49820,86.0,101090,-28.0,2527280000.0,4350000.0,1570,1550,2018-08-20 23:06:00
20180820 23:07,505.5,507.5,505.5,507.0,49888,68.0,101058,-32.0,2530730000.0,3450000.0,1580,1647,2018-08-20 23:07:00
20180820 23:08,507.0,508.0,507.0,507.5,49932,44.0,101050,-8.0,2532960000.0,2230000.0,1507,1812,2018-08-20 23:08:00
20180820 23:09,507.5,507.5,506.5,507.0,50900,968.0,101110,60.0,2581990000.0,49030000.0,1691,1207,2018-08-20 23:09:00
20180820 23:10,507.0,507.0,506.5,506.5,50908,8.0,101104,-6.0,2582400000.0,410000.0,299,554,2018-08-20 23:10:00
20180820 23:11,506.5,506.5,506.0,506.5,51682,774.0,101086,-18.0,2621560000.0,39160000.0,1206,1126,2018-08-20 23:11:00
20180820 23:12,506.5,506.5,506.5,506.5,51682,0.0,101086,0.0,2621560000.0,0.0,374,111,2018-08-20 23:12:00
20180820 23:13,506.5,506.5,506.5,506.5,51722,40.0,101066,-20.0,2623590000.0,2030000.0,1240,1085,2018-08-20 23:13:00
20180820 23:14,506.5,506.5,506.5,506.5,51732,10.0,101066,0.0,2624100000.0,510000.0,480,357,2018-08-20 23:14:00
20180820 23:15,506.0,506.0,506.0,506.0,51768,36.0,101040,-26.0,2625920000.0,1820000.0,401,1205,2018-08-20 23:15:00
20180820 23:16,506.0,506.0,506.0,506.0,51768,0.0,101040,0.0,2625920000.0,0.0,353,449,2018-08-20 23:16:00
20180820 23:17,506.0,506.0,504.5,504.5,51852,84.0,101008,-32.0,2630160000.0,4240000.0,2518,1502,2018-08-20 23:17:00
20180820 23:18,504.5,504.5,504.0,504.5,53590,1738.0,101006,-2.0,2717800000.0,87640000.0,4700,2625,2018-08-20 23:18:00
20180820 23:19,504.5,505.0,504.0,505.0,53648,58.0,100990,-16.0,2720730000.0,2930000.0,1259,2546,2018-08-20 23:19:00
20180820 23:20,505.0,505.0,505.0,505.0,54458,810.0,100990,0.0,2761630000.0,40900000.0,1522,2745,2018-08-20 23:20:00
20180820 23:21,505.0,505.5,505.0,505.5,54470,12.0,100986,-4.0,2762240000.0,610000.0,249,134,2018-08-20 23:21:00
20180820 23:22,505.5,505.5,505.5,505.5,54488,18.0,100990,4.0,2763150000.0,910000.0,1318,787,2018-08-20 23:22:00
20180820 23:23,505.5,505.5,505.5,505.5,54490,2.0,100990,0.0,2763250000.0,100000.0,658,1058,2018-08-20 23:23:00
20180820 23:24,505.5,505.5,505.0,505.0,54508,18.0,100974,-16.0,2764160000.0,910000.0,485,628,2018-08-20 23:24:00
20180820 23:25,505.0,505.0,505.0,505.0,54586,78.0,100952,-22.0,2768100000.0,3940000.0,770,1010,2018-08-20 23:25:00
20180820 23:26,505.0,505.0,505.0,505.0,54612,26.0,100934,-18.0,2769410000.0,1310000.0,2026,1645,2018-08-20 23:26:00
20180820 23:27,505.0,505.0,504.5,504.5,54700,88.0,100902,-32.0,2773850000.0,4440000.0,1125,229,2018-08-20 23:27:00
20180820 23:28,504.5,504.5,504.5,504.5,54702,2.0,100902,0.0,2773950000.0,100000.0,457,332,2018-08-20 23:28:00
20180820 23:29,504.5,505.5,504.5,505.0,54750,48.0,100874,-28.0,2776380000.0,2430000.0,1226,678,2018-08-20 23:29:00
20180821 09:00,501.0,503.0,501.0,502.5,73474,18724.0,100098,-776.0,3709200000.0,932820000.0,1572,3313,2018-08-21 09:00:00
20180821 09:01,502.5,502.5,501.0,501.0,73934,460.0,100046,-52.0,3732270000.0,23070000.0,2701,2213,2018-08-21 09:01:00
20180821 09:02,501.0,501.0,500.0,500.0,74214,280.0,100050,4.0,3746280000.0,14010000.0,2204,1688,2018-08-21 09:02:00
20180821 09:03,500.0,500.0,498.5,498.5,74544,330.0,100122,72.0,3762750000.0,16470000.0,3099,5097,2018-08-21 09:03:00
20180821 09:04,498.5,499.0,498.5,499.0,74666,122.0,100080,-42.0,3768840000.0,6090000.0,2600,3618,2018-08-21 09:04:00
20180821 09:05,499.0,499.5,499.0,499.0,74836,170.0,100054,-26.0,3777330000.0,8490000.0,5743,2296,2018-08-21 09:05:00
20180821 09:06,499.0,499.0,498.5,499.0,74904,68.0,100042,-12.0,3780720000.0,3390000.0,2642,1630,2018-08-21 09:06:00
20180821 09:07,499.0,499.0,498.5,499.0,75008,104.0,100042,0.0,3785900000.0,5180000.0,1080,2462,2018-08-21 09:07:00
20180821 09:08,499.0,499.0,499.0,499.0,75022,14.0,100040,-2.0,3786600000.0,700000.0,919,1254,2018-08-21 09:08:00
20180821 09:09,499.0,499.0,498.0,498.0,75140,118.0,100042,2.0,3792490000.0,5890000.0,972,1960,2018-08-21 09:09:00
20180821 09:10,498.0,498.5,497.5,498.5,75342,202.0,100052,10.0,3802540000.0,10050000.0,3473,2727,2018-08-21 09:10:00
20180821 09:11,498.5,499.0,498.0,498.5,75378,36.0,100048,-4.0,3804340000.0,1800000.0,2666,2543,2018-08-21 09:11:00
20180821 09:12,498.5,498.5,498.0,498.0,75444,66.0,100060,12.0,3807630000.0,3290000.0,1672,2661,2018-08-21 09:12:00
20180821 09:13,498.0,498.0,497.0,497.0,75514,70.0,100050,-10.0,3811110000.0,3480000.0,1672,8669,2018-08-21 09:13:00
20180821 09:14,497.0,497.0,495.0,495.0,76150,636.0,100234,184.0,3842670000.0,31560000.0,6196,8263,2018-08-21 09:14:00
20180821 09:15,495.0,496.5,495.0,496.0,76606,456.0,100154,-80.0,3865280000.0,22610000.0,3039,3995,2018-08-21 09:15:00
20180821 09:16,496.0,497.0,496.0,497.0,76710,104.0,100140,-14.0,3870440000.0,5160000.0,2577,1975,2018-08-21 09:16:00
20180821 09:17,497.0,497.0,496.5,497.0,76842,132.0,100102,-38.0,3877000000.0,6560000.0,5256,2556,2018-08-21 09:17:00
20180821 09:18,497.0,498.5,497.0,498.0,77012,170.0,100090,-12.0,3885460000.0,8460000.0,8183,1681,2018-08-21 09:18:00
20180821 09:19,498.0,498.0,497.0,497.0,77072,60.0,100076,-14.0,3888450000.0,2990000.0,2875,2774,2018-08-21 09:19:00
20180821 09:20,497.0,497.0,497.0,497.0,77124,52.0,100052,-24.0,3891040000.0,2590000.0,748,1150,2018-08-21 09:20:00
20180821 09:21,497.0,497.0,497.0,497.0,77144,20.0,100044,-8.0,3892030000.0,990000.0,923,1202,2018-08-21 09:21:00
20180821 09:22,497.0,497.0,496.5,496.5,77150,6.0,100040,-4.0,3892330000.0,300000.0,586,1286,2018-08-21 09:22:00
20180821 09:23,496.5,496.5,496.0,496.0,77914,764.0,100624,584.0,3930260000.0,37930000.0,2114,3409,2018-08-21 09:23:00
20180821 09:24,496.0,496.5,496.0,496.5,78082,168.0,100582,-42.0,3938590000.0,8330000.0,2736,1386,2018-08-21 09:24:00
20180821 09:25,496.5,496.5,496.5,496.5,79384,1302.0,100604,22.0,4003240000.0,64650000.0,2285,2708,2018-08-21 09:25:00
20180821 09:26,496.5,496.5,496.5,496.5,80000,616.0,100038,-566.0,4033820000.0,30580000.0,355,413,2018-08-21 09:26:00
20180821 09:27,496.5,497.0,496.5,497.0,80030,30.0,100056,18.0,4035310000.0,1490000.0,2678,1528,2018-08-21 09:27:00
20180821 09:28,497.0,497.0,496.5,496.5,80276,246.0,100040,-16.0,4047530000.0,12220000.0,3656,2725,2018-08-21 09:28:00
20180821 09:29,496.5,498.5,496.5,498.5,82748,2472.0,99904,-136.0,4170660000.0,123130000.0,4778,2787,2018-08-21 09:29:00
20180821 09:30,498.5,499.0,498.5,499.0,82812,64.0,99898,-6.0,4173850000.0,3190000.0,1397,3757,2018-08-21 09:30:00
20180821 09:31,499.0,500.0,499.0,500.0,82984,172.0,99792,-106.0,4182440000.0,8590000.0,1732,2247,2018-08-21 09:31:00
20180821 09:32,499.5,499.5,499.0,499.0,83130,146.0,99724,-68.0,4189730000.0,7290000.0,1059,1123,2018-08-21 09:32:00
20180821 09:33,499.0,499.0,499.0,499.0,83920,790.0,100124,400.0,4229150000.0,39420000.0,1437,2835,2018-08-21 09:33:00
20180821 09:34,499.0,499.0,499.0,499.0,84570,650.0,99566,-558.0,4261580000.0,32430000.0,1115,1486,2018-08-21 09:34:00
20180821 09:35,499.0,499.0,498.5,498.5,85432,862.0,100130,564.0,4304560000.0,42980000.0,1417,2874,2018-08-21 09:35:00
20180821 09:36,498.5,498.5,498.5,498.5,86232,800.0,99506,-624.0,4344440000.0,39880000.0,2166,3703,2018-08-21 09:36:00
20180821 09:37,498.5,498.5,498.5,498.5,86256,24.0,99506,0.0,4345630000.0,1190000.0,1949,784,2018-08-21 09:37:00
20180821 09:38,498.5,498.5,498.5,498.5,86256,0.0,99506,0.0,4345630000.0,0.0,2278,700,2018-08-21 09:38:00
20180821 09:39,498.5,498.5,498.0,498.0,87218,962.0,99572,66.0,4393540000.0,47910000.0,2363,2904,2018-08-21 09:39:00
20180821 09:40,498.0,498.0,498.0,498.0,88670,1452.0,100136,564.0,4465850000.0,72310000.0,580,1903,2018-08-21 09:40:00
20180821 09:41,498.0,498.0,497.5,497.5,88696,26.0,100124,-12.0,4467140000.0,1290000.0,1456,413,2018-08-21 09:41:00
20180821 09:42,497.5,498.0,497.5,498.0,89336,640.0,99546,-578.0,4499020000.0,31880000.0,1918,2193,2018-08-21 09:42:00
20180821 09:43,498.0,498.0,497.5,497.5,90150,814.0,100122,576.0,4539510000.0,40490000.0,3137,3668,2018-08-21 09:43:00
20180821 09:44,497.5,497.5,497.5,497.5,90878,728.0,99534,-588.0,4575730000.0,36220000.0,1509,3622,2018-08-21 09:44:00
20180821 09:45,497.5,497.5,497.5,497.5,90940,62.0,99562,28.0,4578810000.0,3080000.0,2753,797,2018-08-21 09:45:00
20180821 09:46,497.5,498.0,497.5,498.0,91052,112.0,99562,0.0,4584390000.0,5580000.0,950,810,2018-08-21 09:46:00
20180821 09:47,498.0,498.0,498.0,498.0,91718,666.0,100130,568.0,4617560000.0,33170000.0,1788,1748,2018-08-21 09:47:00
20180821 09:48,498.0,498.0,498.0,498.0,91720,2.0,100130,0.0,4617660000.0,100000.0,128,204,2018-08-21 09:48:00
20180821 09:49,498.0,498.0,498.0,498.0,92322,602.0,99552,-578.0,4647640000.0,29980000.0,1213,1337,2018-08-21 09:49:00
20180821 09:50,498.0,498.5,498.0,498.5,93028,706.0,100138,586.0,4682830000.0,35190000.0,1608,3184,2018-08-21 09:50:00
20180821 09:51,498.5,498.5,498.5,498.5,93166,138.0,100112,-26.0,4689710000.0,6880000.0,2159,847,2018-08-21 09:51:00
20180821 09:52,498.5,498.5,498.5,498.5,93796,630.0,99582,-530.0,4721120000.0,31410000.0,786,1143,2018-08-21 09:52:00
20180821 09:53,498.5,498.5,498.5,498.5,93796,0.0,99582,0.0,4721120000.0,0.0,624,859,2018-08-21 09:53:00
20180821 09:54,498.5,498.5,498.5,498.5,93852,56.0,99556,-26.0,4723910000.0,2790000.0,1082,3164,2018-08-21 09:54:00
20180821 09:55,498.5,498.5,498.5,498.5,93860,8.0,99564,8.0,4724310000.0,400000.0,2879,2446,2018-08-21 09:55:00
20180821 09:56,498.5,498.5,498.0,498.0,94576,716.0,100148,584.0,4759970000.0,35660000.0,1447,972,2018-08-21 09:56:00
20180821 09:57,498.0,498.5,498.0,498.5,94578,2.0,100150,2.0,4760070000.0,100000.0,556,424,2018-08-21 09:57:00
20180821 09:58,498.5,498.5,498.0,498.0,94590,12.0,100162,12.0,4760660000.0,590000.0,887,633,2018-08-21 09:58:00
20180821 09:59,498.0,498.0,497.5,497.5,95602,1012.0,99542,-620.0,4811010000.0,50350000.0,5777,6864,2018-08-21 09:59:00
20180821 10:00,497.5,497.5,497.5,497.5,96312,710.0,100146,604.0,4846330000.0,35320000.0,3479,4048,2018-08-21 10:00:00
20180821 10:01,498.0,498.0,498.0,498.0,97160,848.0,99646,-500.0,4888560000.0,42230000.0,1281,2864,2018-08-21 10:01:00
20180821 10:02,498.0,498.0,497.5,497.5,97222,62.0,99608,-38.0,4891650000.0,3090000.0,726,959,2018-08-21 10:02:00
20180821 10:03,497.5,497.5,497.5,497.5,97254,32.0,99608,0.0,4893240000.0,1590000.0,527,792,2018-08-21 10:03:00
20180821 10:04,497.5,497.5,497.5,497.5,97254,0.0,99608,0.0,4893240000.0,0.0,174,209,2018-08-21 10:04:00
20180821 10:05,497.0,497.0,497.0,497.0,97626,372.0,99678,70.0,4911730000.0,18490000.0,2194,4107,2018-08-21 10:05:00
20180821 10:06,497.0,497.0,497.0,497.0,97814,188.0,99602,-76.0,4921070000.0,9340000.0,1528,1061,2018-08-21 10:06:00
20180821 10:07,497.0,497.0,497.0,497.0,97854,40.0,99562,-40.0,4923060000.0,1990000.0,317,291,2018-08-21 10:07:00
20180821 10:08,497.0,497.5,497.0,497.0,97870,16.0,99556,-6.0,4923860000.0,800000.0,1212,936,2018-08-21 10:08:00
20180821 10:09,497.0,497.0,496.5,497.0,98120,250.0,99494,-62.0,4936270000.0,12410000.0,2198,5968,2018-08-21 10:09:00
20180821 10:10,497.0,497.0,497.0,497.0,98148,28.0,99492,-2.0,4937660000.0,1390000.0,677,2266,2018-08-21 10:10:00
20180821 10:11,497.0,497.0,496.5,496.5,98166,18.0,99484,-8.0,4938560000.0,900000.0,413,734,2018-08-21 10:11:00
20180821 10:12,496.5,496.5,496.0,496.5,98252,86.0,99470,-14.0,4942830000.0,4270000.0,1356,935,2018-08-21 10:12:00
20180821 10:13,496.5,496.5,496.5,496.5,98274,22.0,99462,-8.0,4943920000.0,1090000.0,1166,2527,2018-08-21 10:13:00
20180821 10:14,496.5,496.5,496.5,496.5,98934,660.0,99462,0.0,4976690000.0,32770000.0,426,2440,2018-08-21 10:14:00
20180821 10:30,496.5,496.5,496.0,496.5,99010,76.0,99474,12.0,4980460000.0,3770000.0,1147,2528,2018-08-21 10:30:00
20180821 10:31,496.5,496.5,496.5,496.5,99010,0.0,99474,0.0,4980460000.0,0.0,400,474,2018-08-21 10:31:00
20180821 10:32,496.5,497.0,496.5,497.0,99236,226.0,99396,-78.0,4991680000.0,11220000.0,1272,1308,2018-08-21 10:32:00
20180821 10:33,497.0,497.0,497.0,497.0,99236,0.0,99396,0.0,4991680000.0,0.0,533,1539,2018-08-21 10:33:00
20180821 10:34,497.0,497.0,496.5,496.5,99404,168.0,99366,-30.0,5000020000.0,8340000.0,623,1431,2018-08-21 10:34:00
20180821 10:35,496.5,496.5,496.5,496.5,99462,58.0,99402,36.0,5002900000.0,2880000.0,758,740,2018-08-21 10:35:00
20180821 10:36,496.5,496.5,496.5,496.5,99462,0.0,99402,0.0,5002900000.0,0.0,566,655,2018-08-21 10:36:00
20180821 10:37,496.5,497.0,496.5,497.0,99540,78.0,99440,38.0,5006780000.0,3880000.0,1093,1153,2018-08-21 10:37:00
20180821 10:38,497.0,497.0,496.5,496.5,100652,1112.0,99300,-140.0,5061990000.0,55210000.0,4251,2752,2018-08-21 10:38:00
20180821 10:39,496.5,496.5,496.5,496.5,101634,982.0,98610,-690.0,5110740000.0,48750000.0,1836,1943,2018-08-21 10:39:00
20180821 10:40,496.5,496.5,496.5,496.5,101634,0.0,98610,0.0,5110740000.0,0.0,257,162,2018-08-21 10:40:00
20180821 10:41,496.5,496.5,494.5,494.5,102028,394.0,98618,8.0,5130250000.0,19510000.0,2255,1588,2018-08-21 10:41:00
20180821 10:42,494.5,494.5,494.0,494.0,102288,260.0,98682,64.0,5143100000.0,12850000.0,2306,1382,2018-08-21 10:42:00
20180821 10:43,494.0,495.0,494.0,495.0,102424,136.0,98678,-4.0,5149830000.0,6730000.0,1366,1202,2018-08-21 10:43:00
20180821 10:44,495.0,495.0,494.5,494.5,102600,176.0,98718,40.0,5158530000.0,8700000.0,1081,1102,2018-08-21 10:44:00
20180821 10:45,494.5,495.0,494.5,495.0,102778,178.0,98778,60.0,5167340000.0,8810000.0,1051,1942,2018-08-21 10:45:00
20180821 10:46,495.0,495.5,495.0,495.5,103056,278.0,98682,-96.0,5181100000.0,13760000.0,2519,1422,2018-08-21 10:46:00
20180821 10:47,495.5,495.5,495.0,495.0,103116,60.0,98682,0.0,5184070000.0,2970000.0,2079,967,2018-08-21 10:47:00
20180821 10:48,495.0,495.5,495.0,495.5,103268,152.0,98694,12.0,5191600000.0,7530000.0,4554,1735,2018-08-21 10:48:00
20180821 10:49,495.5,496.0,495.5,496.0,103280,12.0,98682,-12.0,5192200000.0,600000.0,323,794,2018-08-21 10:49:00
20180821 10:50,496.0,496.0,496.0,496.0,103678,398.0,98886,204.0,5211940000.0,19740000.0,1173,1199,2018-08-21 10:50:00
20180821 10:52,496.0,496.0,495.5,495.5,103714,36.0,98916,30.0,5213720000.0,1780000.0,280,378,2018-08-21 10:52:00
20180821 10:53,495.5,495.5,495.5,495.5,104230,516.0,99078,162.0,5239290000.0,25570000.0,3343,1786,2018-08-21 10:53:00
20180821 10:54,495.5,496.5,495.5,495.5,104504,274.0,99046,-32.0,5252880000.0,13590000.0,3513,3120,2018-08-21 10:54:00
20180821 10:55,495.5,495.5,494.5,494.5,105814,1310.0,99172,126.0,5317780000.0,64900000.0,2799,2974,2018-08-21 10:55:00
20180821 10:56,495.0,495.0,495.0,495.0,106366,552.0,99404,232.0,5345100000.0,27320000.0,1338,4064,2018-08-21 10:56:00
20180821 10:57,495.0,495.5,495.0,495.5,107022,656.0,99600,196.0,5377570000.0,32470000.0,1288,4178,2018-08-21 10:57:00
20180821 10:58,495.5,495.5,495.5,495.5,108016,994.0,99650,50.0,5426830000.0,49260000.0,1561,2633,2018-08-21 10:58:00
20180821 10:59,495.5,496.0,495.5,495.5,111116,3100.0,99590,-60.0,5580460000.0,153630000.0,3568,5998,2018-08-21 10:59:00
20180821 11:00,495.5,495.5,495.5,495.5,111222,106.0,99584,-6.0,5585710000.0,5250000.0,716,1243,2018-08-21 11:00:00
20180821 11:01,495.5,495.5,495.5,495.5,111610,388.0,99432,-152.0,5604940000.0,19230000.0,10200,4213,2018-08-21 11:01:00
20180821 11:02,495.5,495.5,495.5,495.5,113910,2300.0,99744,312.0,5718900000.0,113960000.0,10628,6923,2018-08-21 11:02:00
20180821 11:03,495.5,495.5,495.5,495.5,113956,46.0,99778,34.0,5721180000.0,2280000.0,1047,1273,2018-08-21 11:03:00
20180821 11:04,495.5,495.5,495.5,495.5,115636,1680.0,99856,78.0,5804430000.0,83250000.0,5229,4406,2018-08-21 11:04:00
20180821 11:05,495.5,496.0,495.5,495.5,115832,196.0,99858,2.0,5814140000.0,9710000.0,1655,718,2018-08-21 11:05:00
20180821 11:06,495.5,496.0,495.5,495.5,116728,896.0,99858,0.0,5858540000.0,44400000.0,5007,3624,2018-08-21 11:06:00
20180821 11:07,495.5,496.0,495.5,496.0,117120,392.0,99890,32.0,5877970000.0,19430000.0,3127,4876,2018-08-21 11:07:00
20180821 11:08,496.0,496.0,495.5,495.5,117558,438.0,100034,144.0,5899680000.0,21710000.0,3806,3354,2018-08-21 11:08:00
20180821 11:09,495.5,495.5,495.5,495.5,118508,950.0,99922,-112.0,5946750000.0,47070000.0,1243,2327,2018-08-21 11:09:00
20180821 11:10,495.5,495.5,495.5,495.5,120138,1630.0,99908,-14.0,6027520000.0,80770000.0,1868,2385,2018-08-21 11:10:00
20180821 11:11,495.5,495.5,495.5,495.5,120308,170.0,100042,134.0,6035940000.0,8420000.0,1091,1783,2018-08-21 11:11:00
20180821 11:12,495.5,495.5,495.5,495.5,120364,56.0,100098,56.0,6038710000.0,2770000.0,4673,3717,2018-08-21 11:12:00
20180821 11:13,495.5,495.5,494.5,494.5,120604,240.0,100220,122.0,6050590000.0,11880000.0,2790,2207,2018-08-21 11:13:00
20180821 11:14,494.5,494.5,494.5,494.5,120606,2.0,100222,2.0,6050690000.0,100000.0,449,878,2018-08-21 11:14:00
20180821 11:15,494.5,495.5,494.0,495.5,120740,134.0,100216,-6.0,6057320000.0,6630000.0,3028,1448,2018-08-21 11:15:00
20180821 11:16,495.5,495.5,495.0,495.0,121448,708.0,100220,4.0,6092360000.0,35040000.0,3461,847,2018-08-21 11:16:00
20180821 11:17,495.0,495.5,495.0,495.5,122268,820.0,100192,-28.0,6132950000.0,40590000.0,2552,911,2018-08-21 11:17:00
20180821 11:18,495.5,495.5,495.0,495.0,122434,166.0,100206,14.0,6141170000.0,8220000.0,1110,428,2018-08-21 11:18:00
20180821 11:19,495.0,495.5,495.0,495.5,122628,194.0,100234,28.0,6150780000.0,9610000.0,2303,3264,2018-08-21 11:19:00
20180821 11:20,495.5,495.5,494.0,494.5,124726,2098.0,100516,282.0,6254540000.0,103760000.0,2423,3869,2018-08-21 11:20:00
20180821 11:21,494.5,494.5,493.5,493.5,124932,206.0,100624,108.0,6264710000.0,10170000.0,1200,3301,2018-08-21 11:21:00
20180821 11:22,493.5,494.0,493.5,494.0,125264,332.0,100674,50.0,6281110000.0,16400000.0,7198,4196,2018-08-21 11:22:00
20180821 11:23,494.0,494.0,492.0,492.5,126368,1104.0,100558,-116.0,6335560000.0,54450000.0,2412,3341,2018-08-21 11:23:00
20180821 11:24,492.5,492.5,492.0,492.0,128616,2248.0,100506,-52.0,6446270000.0,110710000.0,3190,4158,2018-08-21 11:24:00
20180821 11:25,492.0,492.5,492.0,492.5,128670,54.0,100508,2.0,6448930000.0,2660000.0,376,1091,2018-08-21 11:25:00
20180821 11:26,492.5,492.5,492.0,492.0,128836,166.0,100518,10.0,6457100000.0,8170000.0,1396,1148,2018-08-21 11:26:00
20180821 11:27,492.0,494.0,492.0,493.5,129850,1014.0,100444,-74.0,6507030000.0,49930000.0,2271,7144,2018-08-21 11:27:00
20180821 11:28,493.5,493.5,493.5,493.5,129876,26.0,100452,8.0,6508310000.0,1280000.0,2215,869,2018-08-21 11:28:00
20180821 11:29,493.5,494.0,493.5,494.0,130852,976.0,100510,58.0,6556480000.0,48170000.0,1403,5005,2018-08-21 11:29:00
20180821 13:30,494.0,494.0,493.5,494.0,131414,562.0,100718,208.0,6584230000.0,27750000.0,2241,3652,2018-08-21 13:30:00
20180821 13:31,494.0,494.0,492.5,493.0,133852,2438.0,100712,-6.0,6704500000.0,120270000.0,4388,5331,2018-08-21 13:31:00
20180821 13:32,493.0,493.0,492.5,492.5,134054,202.0,100784,72.0,6714450000.0,9950000.0,2089,5497,2018-08-21 13:32:00
20180821 13:33,492.5,492.5,492.5,492.5,135864,1810.0,100960,176.0,6803590000.0,89140000.0,3286,3062,2018-08-21 13:33:00
20180821 13:34,492.5,492.5,492.5,492.5,136024,160.0,101022,62.0,6811470000.0,7880000.0,1497,1161,2018-08-21 13:34:00
20180821 13:35,492.5,493.0,492.0,492.5,136304,280.0,101094,72.0,6825260000.0,13790000.0,2446,7363,2018-08-21 13:35:00
20180821 13:36,492.5,492.5,492.0,492.0,137196,892.0,101232,138.0,6869150000.0,43890000.0,3024,9758,2018-08-21 13:36:00
20180821 13:37,492.0,492.0,491.5,491.5,138914,1718.0,101222,-10.0,6953640000.0,84490000.0,3802,10342,2018-08-21 13:37:00
20180821 13:38,491.5,492.0,491.5,492.0,139140,226.0,101300,78.0,6964760000.0,11120000.0,2766,3458,2018-08-21 13:38:00
20180821 13:39,492.0,493.5,492.0,493.5,140190,1050.0,101232,-68.0,7016520000.0,51760000.0,3253,4722,2018-08-21 13:39:00
20180821 13:40,493.5,493.5,493.0,493.0,140192,2.0,101232,0.0,7016620000.0,100000.0,1534,3285,2018-08-21 13:40:00
20180821 13:41,493.0,493.5,493.0,493.5,140704,512.0,101192,-40.0,7041870000.0,25250000.0,3149,3946,2018-08-21 13:41:00
20180821 13:42,493.5,493.5,493.0,493.0,141136,432.0,101366,174.0,7063170000.0,21300000.0,2134,2884,2018-08-21 13:42:00
20180821 13:43,493.0,493.0,493.0,493.0,141924,788.0,101418,52.0,7102020000.0,38850000.0,2125,5552,2018-08-21 13:43:00
20180821 13:44,493.0,493.0,493.0,493.0,141924,0.0,101418,0.0,7102020000.0,0.0,1265,585,2018-08-21 13:44:00
20180821 13:45,493.0,495.0,493.0,495.0,142324,400.0,101314,-104.0,7121780000.0,19760000.0,2202,2311,2018-08-21 13:45:00
20180821 13:46,494.5,495.0,494.5,495.0,142460,136.0,101326,12.0,7128510000.0,6730000.0,1678,3281,2018-08-21 13:46:00
20180821 13:47,495.0,495.0,494.5,494.5,142532,72.0,101372,46.0,7132070000.0,3560000.0,642,819,2018-08-21 13:47:00
20180821 13:48,494.5,495.5,494.5,495.5,142640,108.0,101338,-34.0,7137410000.0,5340000.0,1276,2075,2018-08-21 13:48:00
20180821 13:49,495.0,496.0,495.0,496.0,147276,4636.0,101294,-44.0,7367290000.0,229880000.0,3352,5285,2018-08-21 13:49:00
20180821 13:50,496.0,496.0,495.5,495.5,147364,88.0,101294,0.0,7371650000.0,4360000.0,1549,2181,2018-08-21 13:50:00
20180821 13:51,495.5,495.5,494.5,494.5,147454,90.0,101348,54.0,7376110000.0,4460000.0,1000,1595,2018-08-21 13:51:00
20180821 13:52,494.5,495.0,494.5,494.5,147488,34.0,101364,16.0,7377790000.0,1680000.0,1259,1440,2018-08-21 13:52:00
20180821 13:53,494.5,495.0,494.5,495.0,147644,156.0,101428,64.0,7385510000.0,7720000.0,2530,2929,2018-08-21 13:53:00
20180821 13:54,495.0,495.0,495.0,495.0,148748,1104.0,101646,218.0,7440150000.0,54640000.0,3406,2907,2018-08-21 13:54:00
20180821 13:55,495.5,495.5,495.5,495.5,148908,160.0,101680,34.0,7448080000.0,7930000.0,2799,1727,2018-08-21 13:55:00
20180821 13:56,495.5,496.0,495.5,496.0,152126,3218.0,101346,-334.0,7607690000.0,159610000.0,4578,4041,2018-08-21 13:56:00
20180821 13:57,496.0,497.5,496.0,497.0,153150,1024.0,101554,208.0,7658570000.0,50880000.0,4144,8750,2018-08-21 13:57:00
20180821 13:58,497.0,497.5,497.0,497.5,153350,200.0,101532,-22.0,7668520000.0,9950000.0,7637,11454,2018-08-21 13:58:00
20180821 13:59,497.5,497.5,496.5,496.5,154088,738.0,101818,286.0,7705190000.0,36670000.0,6208,3346,2018-08-21 13:59:00
20180821 14:00,496.5,496.5,496.5,496.5,155074,986.0,101770,-48.0,7754150000.0,48960000.0,8207,3510,2018-08-21 14:00:00
20180821 14:01,496.5,496.5,496.0,496.0,155970,896.0,102126,356.0,7798640000.0,44490000.0,4617,2576,2018-08-21 14:01:00
20180821 14:02,496.0,496.0,496.0,496.0,156652,682.0,102180,54.0,7832460000.0,33820000.0,3049,1807,2018-08-21 14:02:00
20180821 14:03,496.0,496.0,496.0,496.0,157084,432.0,102088,-92.0,7853890000.0,21430000.0,2284,1947,2018-08-21 14:03:00
20180821 14:04,496.0,496.0,496.0,496.0,157084,0.0,102088,0.0,7853890000.0,0.0,363,313,2018-08-21 14:04:00
20180821 14:05,496.0,496.5,495.5,495.5,157358,274.0,102082,-6.0,7867480000.0,13590000.0,845,2071,2018-08-21 14:05:00
20180821 14:06,495.5,495.5,495.0,495.5,158340,982.0,102104,22.0,7916140000.0,48660000.0,2962,2555,2018-08-21 14:06:00
20180821 14:07,495.5,496.0,495.5,496.0,159162,822.0,102128,24.0,7956910000.0,40770000.0,1088,702,2018-08-21 14:07:00
20180821 14:08,496.0,496.0,496.0,496.0,159162,0.0,102128,0.0,7956910000.0,0.0,602,247,2018-08-21 14:08:00
20180821 14:09,496.0,496.0,495.5,495.5,159284,122.0,102246,118.0,7962950000.0,6040000.0,2932,914,2018-08-21 14:09:00
20180821 14:10,495.5,495.5,495.0,495.0,159450,166.0,102398,152.0,7971180000.0,8230000.0,2047,727,2018-08-21 14:10:00
20180821 14:11,495.0,495.0,495.0,495.0,159480,30.0,102390,-8.0,7972660000.0,1480000.0,882,468,2018-08-21 14:11:00
20180821 14:12,495.0,495.0,495.0,495.0,159844,364.0,102382,-8.0,7990680000.0,18020000.0,310,493,2018-08-21 14:12:00
20180821 14:13,495.0,495.0,495.0,495.0,160156,312.0,102418,36.0,8006120000.0,15440000.0,2399,3030,2018-08-21 14:13:00
20180821 14:14,495.0,495.0,494.5,494.5,160260,104.0,102452,34.0,8011270000.0,5150000.0,3994,1030,2018-08-21 14:14:00
20180821 14:15,495.0,495.0,494.0,494.5,161618,1358.0,101924,-528.0,8078480000.0,67210000.0,7530,2895,2018-08-21 14:15:00
20180821 14:16,494.5,495.0,494.5,495.0,162480,862.0,102092,168.0,8121110000.0,42630000.0,7332,2907,2018-08-21 14:16:00
20180821 14:17,495.0,495.5,495.0,495.5,163706,1226.0,102178,86.0,8181830000.0,60720000.0,7911,1806,2018-08-21 14:17:00
20180821 14:18,495.5,495.5,495.5,495.5,164294,588.0,102186,8.0,8210970000.0,29140000.0,19277,737,2018-08-21 14:18:00
20180821 14:19,495.5,495.5,495.5,495.5,165142,848.0,102174,-12.0,8252980000.0,42010000.0,8646,1897,2018-08-21 14:19:00
20180821 14:20,495.5,495.5,495.5,495.5,165148,6.0,102174,0.0,8253280000.0,300000.0,3586,859,2018-08-21 14:20:00
20180821 14:21,495.5,495.5,495.5,495.5,165158,10.0,102170,-4.0,8253780000.0,500000.0,278,56,2018-08-21 14:21:00
20180821 14:22,495.5,495.5,495.5,495.5,165336,178.0,102028,-142.0,8262600000.0,8820000.0,2608,1519,2018-08-21 14:22:00
20180821 14:23,495.5,495.5,495.5,495.5,165336,0.0,102028,0.0,8262600000.0,0.0,2732,1665,2018-08-21 14:23:00
20180821 14:24,495.5,495.5,495.5,495.5,165336,0.0,102028,0.0,8262600000.0,0.0,11114,6083,2018-08-21 14:24:00
20180821 14:25,495.5,495.5,495.5,495.5,165336,0.0,102028,0.0,8262600000.0,0.0,10748,5189,2018-08-21 14:25:00
20180821 14:26,495.5,496.0,495.5,496.0,165362,26.0,102030,2.0,8263890000.0,1290000.0,5974,4234,2018-08-21 14:26:00
20180821 14:27,496.0,496.0,496.0,496.0,165362,0.0,102030,0.0,8263890000.0,0.0,4208,3058,2018-08-21 14:27:00
20180821 14:28,496.0,496.0,496.0,496.0,165402,40.0,102070,40.0,8265870000.0,1980000.0,1458,1068,2018-08-21 14:28:00
20180821 14:29,496.0,496.0,495.5,495.5,165542,140.0,102128,58.0,8272810000.0,6940000.0,1169,3512,2018-08-21 14:29:00
20180821 14:30,495.5,495.5,495.0,495.5,165944,402.0,102336,208.0,8292710000.0,19900000.0,2780,1395,2018-08-21 14:30:00
20180821 14:31,495.5,495.5,495.5,495.5,165966,22.0,102326,-10.0,8293800000.0,1090000.0,1416,839,2018-08-21 14:31:00
20180821 14:32,495.5,495.5,495.5,495.5,166186,220.0,102320,-6.0,8304700000.0,10900000.0,3794,1719,2018-08-21 14:32:00
20180821 14:33,495.5,495.5,494.5,494.5,166998,812.0,102504,184.0,8344900000.0,40200000.0,4444,6024,2018-08-21 14:33:00
20180821 14:34,494.5,495.0,494.5,494.5,167088,90.0,102532,28.0,8349350000.0,4450000.0,1652,993,2018-08-21 14:34:00
20180821 14:35,494.5,495.0,494.5,495.0,167678,590.0,102668,136.0,8378560000.0,29210000.0,2289,1656,2018-08-21 14:35:00
20180821 14:36,495.0,495.0,494.5,494.5,167894,216.0,102504,-164.0,8389250000.0,10690000.0,548,349,2018-08-21 14:36:00
20180821 14:37,494.5,494.5,494.5,494.5,167898,4.0,102508,4.0,8389450000.0,200000.0,295,68,2018-08-21 14:37:00
20180821 14:38,494.5,495.5,494.5,495.5,169092,1194.0,102694,186.0,8448550000.0,59100000.0,3052,4964,2018-08-21 14:38:00
20180821 14:39,495.5,496.5,495.5,496.5,172048,2956.0,102808,114.0,8595060000.0,146510000.0,4620,4903,2018-08-21 14:39:00
20180821 14:40,496.5,496.5,496.5,496.5,172146,98.0,102818,10.0,8599930000.0,4870000.0,1268,5761,2018-08-21 14:40:00
20180821 14:41,496.5,497.0,496.5,497.0,174564,2418.0,102878,60.0,8719980000.0,120050000.0,2736,5436,2018-08-21 14:41:00
20180821 14:42,497.0,497.0,496.5,496.5,175086,522.0,102666,-212.0,8745920000.0,25940000.0,364,1783,2018-08-21 14:42:00
20180821 14:43,496.5,496.5,496.5,496.5,176074,988.0,102662,-4.0,8794980000.0,49060000.0,656,5188,2018-08-21 14:43:00
20180821 14:44,496.5,496.5,496.5,496.5,176074,0.0,102662,0.0,8794980000.0,0.0,471,947,2018-08-21 14:44:00
20180821 14:45,496.5,496.5,495.5,495.5,176430,356.0,102662,0.0,8812620000.0,17640000.0,2875,1322,2018-08-21 14:45:00
20180821 14:46,495.5,496.0,495.0,495.0,176552,122.0,102734,72.0,8818670000.0,6050000.0,2109,683,2018-08-21 14:46:00
20180821 14:47,495.0,496.0,495.0,496.0,177240,688.0,102864,130.0,8852760000.0,34090000.0,2368,1865,2018-08-21 14:47:00
20180821 14:48,496.0,496.0,496.0,496.0,178320,1080.0,103078,214.0,8906330000.0,53570000.0,1975,2382,2018-08-21 14:48:00
20180821 14:49,496.0,496.0,496.0,496.0,178320,0.0,103078,0.0,8906330000.0,0.0,304,255,2018-08-21 14:49:00
20180821 14:50,496.0,496.0,496.0,496.0,178352,32.0,103092,14.0,8907920000.0,1590000.0,705,1935,2018-08-21 14:50:00
20180821 14:51,496.0,496.0,495.5,495.5,178362,10.0,103090,-2.0,8908410000.0,490000.0,830,570,2018-08-21 14:51:00
20180821 14:52,495.5,495.5,495.5,495.5,179288,926.0,102992,-98.0,8954300000.0,45890000.0,5233,1339,2018-08-21 14:52:00
20180821 14:53,495.5,495.5,495.0,495.0,179516,228.0,103076,84.0,8965590000.0,11290000.0,2978,773,2018-08-21 14:53:00
20180821 14:54,495.0,496.0,495.0,496.0,181310,1794.0,103064,-12.0,9054530000.0,88940000.0,4298,2264,2018-08-21 14:54:00
20180821 14:55,496.0,496.0,495.5,495.5,181382,72.0,103064,0.0,9058100000.0,3570000.0,7310,1479,2018-08-21 14:55:00
20180821 14:56,495.5,495.5,495.5,495.5,181874,492.0,102924,-140.0,9082480000.0,24380000.0,907,599,2018-08-21 14:56:00
20180821 14:57,495.5,495.5,494.5,494.5,181992,118.0,102980,56.0,9088320000.0,5840000.0,1623,1346,2018-08-21 14:57:00
20180821 14:58,494.5,495.5,494.5,495.5,182028,36.0,102946,-34.0,9090100000.0,1780000.0,2171,1891,2018-08-21 14:58:00
20180821 14:59,495.5,495.5,494.5,495.0,182136,108.0,102920,-26.0,9095450000.0,5350000.0,926,2727,2018-08-21 14:59:00
20180821 15:00,495.0,495.0,495.0,495.0,182136,0.0,102920,0.0,9095450000.0,0.0,18,188,2018-08-21 15:00:00
20180821 20:59,507.5,507.5,507.5,507.5,2224,2224.0,101870,-1050.0,112868000.0,112868000.0,1,2,2018-08-21 20:59:00
20180821 21:00,507.5,510.0,507.5,508.5,2524,300.0,101730,-140.0,128146000.0,15278000.0,2205,1580,2018-08-21 21:00:00
20180821 21:01,508.5,508.5,507.5,507.5,2682,158.0,101740,10.0,136174000.0,8028000.0,1672,2165,2018-08-21 21:01:00
20180821 21:02,507.5,507.5,507.0,507.0,3478,796.0,101758,18.0,176560000.0,40386000.0,6045,3275,2018-08-21 21:02:00
20180821 21:03,507.0,507.0,506.0,506.0,4642,1164.0,101636,-122.0,235541000.0,58981000.0,5511,3533,2018-08-21 21:03:00
20180821 21:04,506.5,506.5,505.0,505.5,6256,1614.0,101262,-374.0,317105000.0,81564000.0,8264,3496,2018-08-21 21:04:00
20180821 21:05,505.5,506.0,505.5,505.5,7228,972.0,101558,296.0,366239000.0,49134000.0,3631,3935,2018-08-21 21:05:00
20180821 21:06,505.5,506.0,505.5,506.0,7296,68.0,101550,-8.0,369680000.0,3441000.0,2022,1244,2018-08-21 21:06:00
20180821 21:07,506.0,506.5,506.0,506.0,8546,1250.0,101444,-106.0,432965000.0,63285000.0,5459,3971,2018-08-21 21:07:00
20180821 21:08,506.0,506.0,506.0,506.0,8702,156.0,101496,52.0,440859000.0,7894000.0,5662,4051,2018-08-21 21:08:00
20180821 21:09,506.0,506.0,505.5,505.5,8704,2.0,101494,-2.0,440960000.0,101000.0,737,1836,2018-08-21 21:09:00
20180821 21:10,505.5,506.0,505.5,505.5,8782,78.0,101496,2.0,444907000.0,3947000.0,2403,3291,2018-08-21 21:10:00
20180821 21:11,506.0,506.0,505.5,505.5,9346,564.0,101960,464.0,473445000.0,28538000.0,2674,2184,2018-08-21 21:11:00
20180821 21:12,505.5,506.0,505.5,506.0,10534,1188.0,101936,-24.0,533558000.0,60113000.0,1818,3099,2018-08-21 21:12:00
20180821 21:13,506.0,506.0,506.0,506.0,11016,482.0,101468,-468.0,557947000.0,24389000.0,7187,3334,2018-08-21 21:13:00
20180821 21:14,506.0,506.5,506.0,506.5,11020,4.0,101466,-2.0,558149000.0,202000.0,2064,720,2018-08-21 21:14:00
20180821 21:15,506.0,506.0,505.5,505.5,11250,230.0,101472,6.0,569781000.0,11632000.0,2925,4126,2018-08-21 21:15:00
20180821 21:16,505.5,506.0,505.5,506.0,11398,148.0,101460,-12.0,577270000.0,7489000.0,3066,2998,2018-08-21 21:16:00
20180821 21:17,506.0,506.0,505.0,505.0,11486,88.0,101440,-20.0,581718000.0,4448000.0,2815,1665,2018-08-21 21:17:00
20180821 21:18,505.0,505.0,505.0,505.0,11486,0.0,101440,0.0,581718000.0,0.0,3153,1395,2018-08-21 21:18:00
20180821 21:19,505.0,505.5,505.0,505.5,11518,32.0,101428,-12.0,583335000.0,1617000.0,2833,2712,2018-08-21 21:19:00
20180821 21:20,505.5,505.5,505.5,505.5,11520,2.0,101428,0.0,583436000.0,101000.0,646,3043,2018-08-21 21:20:00
20180821 21:21,505.5,505.5,505.5,505.5,11616,96.0,101368,-60.0,588289000.0,4853000.0,4070,1632,2018-08-21 21:21:00
20180821 21:22,505.5,505.5,505.5,505.5,11616,0.0,101368,0.0,588289000.0,0.0,1576,2293,2018-08-21 21:22:00
20180821 21:23,505.0,505.0,503.5,504.0,12566,950.0,100972,-396.0,636211000.0,47922000.0,3590,2637,2018-08-21 21:23:00
20180821 21:24,504.0,504.5,504.0,504.5,12628,62.0,100950,-22.0,639337000.0,3126000.0,1489,1306,2018-08-21 21:24:00
20180821 21:25,504.5,504.5,504.5,504.5,12628,0.0,100950,0.0,639337000.0,0.0,757,824,2018-08-21 21:25:00
20180821 21:26,504.5,504.5,504.0,504.0,12632,4.0,100948,-2.0,639538000.0,201000.0,1209,1299,2018-08-21 21:26:00
20180821 21:27,504.0,504.5,504.0,504.5,12840,208.0,100860,-88.0,650032000.0,10494000.0,1258,1232,2018-08-21 21:27:00
20180821 21:28,504.5,504.5,504.5,504.5,12902,62.0,100860,0.0,653160000.0,3128000.0,1049,3874,2018-08-21 21:28:00
20180821 21:29,504.5,504.5,504.5,504.5,12918,16.0,100856,-4.0,653967000.0,807000.0,1418,4216,2018-08-21 21:29:00
20180821 21:30,504.5,504.5,504.0,504.5,13598,680.0,101206,350.0,688272000.0,34305000.0,2766,4585,2018-08-21 21:30:00
20180821 21:31,504.5,504.5,504.5,504.5,14272,674.0,100878,-328.0,722276000.0,34004000.0,1676,1703,2018-08-21 21:31:00
20180821 21:32,504.5,504.5,504.5,504.5,14326,54.0,100864,-14.0,725000000.0,2724000.0,1521,1419,2018-08-21 21:32:00
20180821 21:33,504.5,504.5,504.5,504.5,14406,80.0,100854,-10.0,729036000.0,4036000.0,2435,4057,2018-08-21 21:33:00
20180821 21:34,504.5,505.0,504.5,505.0,14414,8.0,100854,0.0,729440000.0,404000.0,814,560,2018-08-21 21:34:00
20180821 21:35,505.0,505.0,504.0,504.5,15402,988.0,100882,28.0,779284000.0,49844000.0,1911,6705,2018-08-21 21:35:00
20180821 21:36,504.5,505.0,504.5,505.0,15432,30.0,100870,-12.0,780798000.0,1514000.0,1495,482,2018-08-21 21:36:00
20180821 21:37,505.0,505.0,504.5,504.5,16032,600.0,101178,308.0,811068000.0,30270000.0,2836,4899,2018-08-21 21:37:00
20180821 21:38,504.5,504.5,504.5,504.5,16180,148.0,101130,-48.0,818534000.0,7466000.0,1777,2235,2018-08-21 21:38:00
20180821 21:39,504.5,505.5,504.5,505.5,16280,100.0,101098,-32.0,823584000.0,5050000.0,1495,1408,2018-08-21 21:39:00
20180821 21:40,505.5,505.5,505.5,505.5,16280,0.0,101098,0.0,823584000.0,0.0,402,109,2018-08-21 21:40:00
20180821 21:41,505.5,505.5,505.5,505.5,16280,0.0,101098,0.0,823584000.0,0.0,476,237,2018-08-21 21:41:00
20180821 21:42,505.5,505.5,505.0,505.0,16284,4.0,101094,-4.0,823786000.0,202000.0,393,123,2018-08-21 21:42:00
20180821 21:43,505.0,505.0,505.0,505.0,16816,532.0,100732,-362.0,850652000.0,26866000.0,379,310,2018-08-21 21:43:00
20180821 21:44,505.0,505.0,505.0,505.0,18974,2158.0,101296,564.0,959631000.0,108979000.0,2239,2795,2018-08-21 21:44:00
20180821 21:45,505.0,505.0,504.5,505.0,19012,38.0,101286,-10.0,961550000.0,1919000.0,992,1262,2018-08-21 21:45:00
20180821 21:46,505.0,505.0,505.0,505.0,19642,630.0,100724,-562.0,993365000.0,31815000.0,769,936,2018-08-21 21:46:00
20180821 21:47,505.0,505.0,505.0,505.0,20240,598.0,101294,570.0,1023560000.0,30195000.0,2887,903,2018-08-21 21:47:00
20180821 21:48,505.0,505.0,505.0,505.0,20240,0.0,101294,0.0,1023560000.0,0.0,1757,466,2018-08-21 21:48:00
20180821 21:49,505.0,505.0,505.0,505.0,22302,2062.0,101294,0.0,1127700000.0,104140000.0,1926,603,2018-08-21 21:49:00
20180821 21:50,505.0,505.0,505.0,505.0,23152,850.0,101284,-10.0,1170620000.0,42920000.0,815,1299,2018-08-21 21:50:00
20180821 21:51,505.0,505.0,505.0,505.0,23158,6.0,101290,6.0,1170920000.0,300000.0,301,609,2018-08-21 21:51:00
20180821 21:52,505.0,505.0,505.0,505.0,23772,614.0,101674,384.0,1201930000.0,31010000.0,1459,2054,2018-08-21 21:52:00
20180821 21:53,505.0,505.0,505.0,505.0,23772,0.0,101674,0.0,1201930000.0,0.0,2172,1263,2018-08-21 21:53:00
20180821 21:54,505.0,505.0,504.5,505.0,24476,704.0,101058,-616.0,1237450000.0,35520000.0,3283,1772,2018-08-21 21:54:00
20180821 21:55,505.0,505.0,504.0,504.0,24542,66.0,101058,0.0,1240780000.0,3330000.0,841,3008,2018-08-21 21:55:00
20180821 21:56,504.0,504.0,504.0,504.0,24554,12.0,101062,4.0,1241380000.0,600000.0,1187,544,2018-08-21 21:56:00
20180821 21:57,504.5,505.0,504.5,504.5,25232,678.0,101578,516.0,1275590000.0,34210000.0,1477,1181,2018-08-21 21:57:00
20180821 21:58,504.5,504.5,504.5,504.5,26616,1384.0,100986,-592.0,1345410000.0,69820000.0,2454,7077,2018-08-21 21:58:00
20180821 21:59,504.5,504.5,504.5,504.5,26616,0.0,100986,0.0,1345410000.0,0.0,2056,546,2018-08-21 21:59:00
20180821 22:00,504.5,504.5,504.5,504.5,30440,3824.0,100890,-96.0,1538330000.0,192920000.0,4093,5523,2018-08-21 22:00:00
20180821 22:01,504.5,505.0,504.5,505.0,30442,2.0,100892,2.0,1538430000.0,100000.0,1173,479,2018-08-21 22:01:00
20180821 22:02,505.0,505.0,505.0,505.0,30442,0.0,100892,0.0,1538430000.0,0.0,708,575,2018-08-21 22:02:00
20180821 22:03,505.0,505.0,505.0,505.0,30442,0.0,100892,0.0,1538430000.0,0.0,1111,2143,2018-08-21 22:03:00
20180821 22:04,505.0,505.0,505.0,505.0,30442,0.0,100892,0.0,1538430000.0,0.0,2907,4798,2018-08-21 22:04:00
20180821 22:05,505.0,505.0,505.0,505.0,30442,0.0,100892,0.0,1538430000.0,0.0,570,548,2018-08-21 22:05:00
20180821 22:06,505.0,505.0,504.5,504.5,30444,2.0,100890,-2.0,1538530000.0,100000.0,480,389,2018-08-21 22:06:00
20180821 22:07,504.5,505.0,504.5,505.0,30446,2.0,100892,2.0,1538630000.0,100000.0,899,1573,2018-08-21 22:07:00
20180821 22:08,505.0,505.0,505.0,505.0,30446,0.0,100892,0.0,1538630000.0,0.0,1547,3050,2018-08-21 22:08:00
20180821 22:09,505.0,505.0,505.0,505.0,30446,0.0,100892,0.0,1538630000.0,0.0,2717,5467,2018-08-21 22:09:00
20180821 22:10,505.0,505.0,504.5,504.5,31410,964.0,101300,408.0,1587270000.0,48640000.0,1781,4340,2018-08-21 22:10:00
20180821 22:11,504.5,504.5,504.5,504.5,31410,0.0,101300,0.0,1587270000.0,0.0,558,438,2018-08-21 22:11:00
20180821 22:12,504.5,504.5,504.5,504.5,31410,0.0,101300,0.0,1587270000.0,0.0,1419,2043,2018-08-21 22:12:00
20180821 22:13,504.5,505.0,504.5,505.0,31416,6.0,101306,6.0,1587570000.0,300000.0,1068,798,2018-08-21 22:13:00
20180821 22:14,505.0,505.0,505.0,505.0,31416,0.0,101306,0.0,1587570000.0,0.0,192,134,2018-08-21 22:14:00
20180821 22:15,505.0,505.0,504.5,504.5,31454,38.0,101320,14.0,1589490000.0,1920000.0,620,1012,2018-08-21 22:15:00
20180821 22:16,504.5,504.5,504.0,504.0,31488,34.0,101302,-18.0,1591200000.0,1710000.0,347,1187,2018-08-21 22:16:00
20180821 22:17,504.0,504.0,503.5,503.5,32166,678.0,100744,-558.0,1625340000.0,34140000.0,1040,1170,2018-08-21 22:17:00
20180821 22:18,503.5,503.5,503.0,503.0,33582,1416.0,101278,534.0,1696560000.0,71220000.0,2614,5505,2018-08-21 22:18:00
20180821 22:19,503.0,503.0,502.5,503.0,35924,2342.0,101270,-8.0,1814360000.0,117800000.0,2416,2286,2018-08-21 22:19:00
20180821 22:20,503.0,503.0,503.0,503.0,35966,42.0,101282,12.0,1816470000.0,2110000.0,389,1427,2018-08-21 22:20:00
20180821 22:21,503.0,503.0,503.0,503.0,35968,2.0,101280,-2.0,1816570000.0,100000.0,129,784,2018-08-21 22:21:00
20180821 22:22,503.0,503.5,503.0,503.5,36766,798.0,100632,-648.0,1856750000.0,40180000.0,729,3254,2018-08-21 22:22:00
20180821 22:23,503.5,504.5,503.5,504.0,36844,78.0,100662,30.0,1860680000.0,3930000.0,2191,978,2018-08-21 22:23:00
20180821 22:24,504.0,504.5,504.0,504.5,36848,4.0,100664,2.0,1860880000.0,200000.0,744,231,2018-08-21 22:24:00
20180821 22:25,504.5,504.5,504.5,504.5,37524,676.0,101232,568.0,1894990000.0,34110000.0,2348,1787,2018-08-21 22:25:00
20180821 22:26,504.5,504.5,504.5,504.5,37524,0.0,101232,0.0,1894990000.0,0.0,355,26,2018-08-21 22:26:00
20180821 22:27,505.0,505.0,505.0,505.0,37718,194.0,101364,132.0,1904780000.0,9790000.0,275,385,2018-08-21 22:27:00
20180821 22:28,505.0,507.0,505.0,507.0,38670,952.0,100798,-566.0,1952930000.0,48150000.0,2656,2747,2018-08-21 22:28:00
20180821 22:29,507.0,507.5,506.5,506.5,39278,608.0,101370,572.0,1983760000.0,30830000.0,2050,2979,2018-08-21 22:29:00
20180821 22:30,507.0,507.0,506.0,507.0,40606,1328.0,100578,-792.0,2051050000.0,67290000.0,3664,2686,2018-08-21 22:30:00
20180821 22:31,507.0,507.0,506.5,506.5,40632,26.0,100576,-2.0,2052360000.0,1310000.0,1108,347,2018-08-21 22:31:00
20180821 22:32,506.5,506.5,506.5,506.5,40632,0.0,100576,0.0,2052360000.0,0.0,351,403,2018-08-21 22:32:00
20180821 22:33,506.5,507.0,506.5,507.0,40634,2.0,100578,2.0,2052470000.0,110000.0,459,192,2018-08-21 22:33:00
20180821 22:34,507.0,507.0,506.0,506.0,40700,66.0,100540,-38.0,2055810000.0,3340000.0,561,457,2018-08-21 22:34:00
20180821 22:35,506.0,506.5,506.0,506.5,40750,50.0,100562,22.0,2058340000.0,2530000.0,2606,1079,2018-08-21 22:35:00
20180821 22:36,506.5,506.5,506.5,506.5,40750,0.0,100562,0.0,2058340000.0,0.0,287,202,2018-08-21 22:36:00
20180821 22:37,506.5,506.5,506.5,506.5,40750,0.0,100562,0.0,2058340000.0,0.0,182,230,2018-08-21 22:37:00
20180821 22:38,506.5,506.5,506.5,506.5,40750,0.0,100562,0.0,2058340000.0,0.0,427,645,2018-08-21 22:38:00
20180821 22:40,506.0,506.0,505.0,505.0,41490,740.0,100446,-116.0,2095770000.0,37430000.0,3818,1678,2018-08-21 22:40:00
20180821 22:41,505.0,505.5,505.0,505.0,42918,1428.0,100366,-80.0,2167920000.0,72150000.0,8124,2195,2018-08-21 22:41:00
20180821 22:42,505.0,505.0,505.0,505.0,43544,626.0,100954,588.0,2199530000.0,31610000.0,1305,1578,2018-08-21 22:42:00
20180821 22:43,505.0,505.5,505.0,505.5,44304,760.0,100372,-582.0,2237950000.0,38420000.0,3530,1761,2018-08-21 22:43:00
20180821 22:44,505.5,505.5,505.0,505.0,45620,1316.0,100924,552.0,2304470000.0,66520000.0,2902,2800,2018-08-21 22:44:00
20180821 22:45,505.5,506.0,505.5,505.5,46344,724.0,100866,-58.0,2341070000.0,36600000.0,3454,1534,2018-08-21 22:45:00
20180821 22:46,505.5,505.5,505.5,505.5,46344,0.0,100866,0.0,2341070000.0,0.0,708,65,2018-08-21 22:46:00
20180821 22:47,505.5,506.0,505.5,506.0,47030,686.0,100280,-586.0,2375750000.0,34680000.0,4847,3505,2018-08-21 22:47:00
20180821 22:48,506.0,506.0,506.0,506.0,47030,0.0,100280,0.0,2375750000.0,0.0,1548,628,2018-08-21 22:48:00
20180821 22:49,506.0,506.0,506.0,506.0,47030,0.0,100280,0.0,2375750000.0,0.0,1198,289,2018-08-21 22:49:00
20180821 22:50,506.0,506.0,505.0,505.0,47272,242.0,100270,-10.0,2387980000.0,12230000.0,1096,475,2018-08-21 22:50:00
20180821 22:51,505.0,505.5,505.0,505.0,47924,652.0,100826,556.0,2420900000.0,32920000.0,685,1360,2018-08-21 22:51:00
20180821 22:52,505.0,505.0,505.0,505.0,47990,66.0,100884,58.0,2424230000.0,3330000.0,510,1200,2018-08-21 22:52:00
20180821 22:53,505.0,505.5,505.0,505.5,50148,2158.0,100298,-586.0,2533210000.0,108980000.0,3224,2361,2018-08-21 22:53:00
20180821 22:54,505.5,505.5,505.5,505.5,50256,108.0,100262,-36.0,2538670000.0,5460000.0,1412,1818,2018-08-21 22:54:00
20180821 22:55,505.5,505.5,504.5,504.5,50910,654.0,100858,596.0,2571700000.0,33030000.0,3098,1811,2018-08-21 22:55:00
20180821 22:56,504.5,505.5,504.5,505.0,52556,1646.0,100918,60.0,2654820000.0,83120000.0,5204,1914,2018-08-21 22:56:00
20180821 22:57,505.0,505.5,505.0,505.5,53176,620.0,100310,-608.0,2686160000.0,31340000.0,1627,1246,2018-08-21 22:57:00
20180821 22:58,505.5,505.5,505.5,505.5,53932,756.0,100302,-8.0,2724380000.0,38220000.0,801,1070,2018-08-21 22:58:00
20180821 22:59,505.0,505.5,505.0,505.5,55958,2026.0,100310,8.0,2826790000.0,102410000.0,2160,2246,2018-08-21 22:59:00
20180821 23:00,505.5,505.5,505.5,505.5,55960,2.0,100308,-2.0,2826890000.0,100000.0,100,458,2018-08-21 23:00:00
20180821 23:01,505.5,505.5,505.5,505.5,56706,746.0,100300,-8.0,2864600000.0,37710000.0,55,834,2018-08-21 23:01:00
20180821 23:02,505.5,505.5,505.5,505.5,59584,2878.0,100298,-2.0,3010090000.0,145490000.0,3452,1742,2018-08-21 23:02:00
20180821 23:03,505.5,505.5,505.5,505.5,60280,696.0,100882,584.0,3045270000.0,35180000.0,6403,1914,2018-08-21 23:03:00
20180821 23:04,505.5,505.5,505.5,505.5,60280,0.0,100882,0.0,3045270000.0,0.0,320,430,2018-08-21 23:04:00
20180821 23:05,505.5,505.5,505.5,505.5,60280,0.0,100882,0.0,3045270000.0,0.0,95,80,2018-08-21 23:05:00
20180821 23:06,505.5,505.5,505.0,505.0,60292,12.0,100872,-10.0,3045880000.0,610000.0,2022,262,2018-08-21 23:06:00
20180821 23:07,505.0,505.0,505.0,505.0,60312,20.0,100892,20.0,3046890000.0,1010000.0,607,1062,2018-08-21 23:07:00
20180821 23:08,505.0,505.0,504.5,504.5,60324,12.0,100888,-4.0,3047490000.0,600000.0,8098,2194,2018-08-21 23:08:00
20180821 23:09,504.5,504.5,504.5,504.5,60326,2.0,100888,0.0,3047590000.0,100000.0,946,136,2018-08-21 23:09:00
20180821 23:10,504.5,504.5,504.0,504.0,61254,928.0,100256,-632.0,3094400000.0,46810000.0,2758,1887,2018-08-21 23:10:00
20180821 23:11,504.0,504.0,504.0,504.0,62014,760.0,100742,486.0,3132710000.0,38310000.0,560,768,2018-08-21 23:11:00
20180821 23:12,504.0,504.0,504.0,504.0,62156,142.0,100750,8.0,3139860000.0,7150000.0,1476,1832,2018-08-21 23:12:00
20180821 23:13,504.0,504.0,504.0,504.0,62156,0.0,100750,0.0,3139860000.0,0.0,585,567,2018-08-21 23:13:00
20180821 23:14,504.0,504.5,503.5,504.5,63020,864.0,100166,-584.0,3183410000.0,43550000.0,960,2108,2018-08-21 23:14:00
20180821 23:15,504.5,504.5,504.5,504.5,63874,854.0,100158,-8.0,3226500000.0,43090000.0,1145,2104,2018-08-21 23:15:00
20180821 23:16,504.5,504.5,504.5,504.5,64544,670.0,100152,-6.0,3260300000.0,33800000.0,243,566,2018-08-21 23:16:00
20180821 23:17,504.5,504.5,504.5,504.5,64544,0.0,100152,0.0,3260300000.0,0.0,38,197,2018-08-21 23:17:00
20180821 23:18,504.5,504.5,504.5,504.5,64554,10.0,100148,-4.0,3260800000.0,500000.0,14,96,2018-08-21 23:18:00
20180821 23:19,504.5,504.5,504.5,504.5,64918,364.0,99962,-186.0,3279170000.0,18370000.0,14,96,2018-08-21 23:19:00
20180821 23:20,504.0,504.5,502.0,502.0,66010,1092.0,100082,120.0,3334180000.0,55010000.0,3336,3957,2018-08-21 23:20:00
20180821 23:21,502.0,502.5,501.5,502.5,66136,126.0,100032,-50.0,3340510000.0,6330000.0,2532,1335,2018-08-21 23:21:00
20180821 23:22,502.5,503.0,502.5,502.5,66618,482.0,100202,170.0,3364730000.0,24220000.0,2799,948,2018-08-21 23:22:00
20180821 23:23,502.5,503.5,502.5,503.0,67866,1248.0,100034,-168.0,3427520000.0,62790000.0,1170,1592,2018-08-21 23:23:00
20180821 23:24,503.5,503.5,503.5,503.5,68296,430.0,100262,228.0,3449180000.0,21660000.0,1604,966,2018-08-21 23:24:00
20180821 23:25,503.5,504.0,503.0,503.5,69332,1036.0,100054,-208.0,3501340000.0,52160000.0,1966,629,2018-08-21 23:25:00
20180821 23:26,503.5,503.5,502.5,503.0,69414,82.0,100054,0.0,3505460000.0,4120000.0,2310,1754,2018-08-21 23:26:00
20180821 23:27,503.0,503.0,502.5,503.0,69484,70.0,100056,2.0,3508980000.0,3520000.0,2318,741,2018-08-21 23:27:00
20180821 23:28,503.0,503.0,502.5,503.0,69920,436.0,100240,184.0,3530910000.0,21930000.0,316,527,2018-08-21 23:28:00
20180821 23:29,503.0,503.0,501.0,501.0,72998,3078.0,100304,64.0,3685310000.0,154400000.0,2397,1015,2018-08-21 23:29:00
20180822 09:00,496.0,496.5,496.0,496.5,55536,55536.0,102618,2314.0,2747960000.0,2747960000.0,1805,690,2018-08-22 09:00:00
20180822 09:01,496.5,496.5,496.5,496.5,55572,36.0,102624,6.0,2749750000.0,1790000.0,1385,1685,2018-08-22 09:01:00
20180822 09:02,496.5,497.0,496.0,496.0,55820,248.0,102552,-72.0,2762060000.0,12310000.0,1942,1767,2018-08-22 09:02:00
20180822 09:03,496.0,496.0,495.5,495.5,55864,44.0,102546,-6.0,2764240000.0,2180000.0,2280,2856,2018-08-22 09:03:00
20180822 09:04,495.5,496.5,495.5,496.5,56046,182.0,102494,-52.0,2773270000.0,9030000.0,1980,1855,2018-08-22 09:04:00
20180822 09:05,496.5,496.5,496.5,496.5,56368,322.0,102306,-188.0,2789260000.0,15990000.0,1470,2202,2018-08-22 09:05:00
20180822 09:06,496.5,496.5,496.0,496.0,56670,302.0,102396,90.0,2804250000.0,14990000.0,2144,1260,2018-08-22 09:06:00
20180822 09:07,496.0,496.0,495.5,495.5,57018,348.0,102424,28.0,2821510000.0,17260000.0,2190,3292,2018-08-22 09:07:00
20180822 09:08,495.5,496.0,495.5,496.0,57124,106.0,102394,-30.0,2826770000.0,5260000.0,3587,2512,2018-08-22 09:08:00
20180822 09:09,496.0,496.0,496.0,496.0,57422,298.0,102430,36.0,2841550000.0,14780000.0,5179,3696,2018-08-22 09:09:00
20180822 09:10,496.0,496.0,496.0,496.0,57578,156.0,102422,-8.0,2849280000.0,7730000.0,3114,4012,2018-08-22 09:10:00
20180822 09:11,496.0,496.0,496.0,496.0,57652,74.0,102422,0.0,2852950000.0,3670000.0,1643,2144,2018-08-22 09:11:00
20180822 09:12,496.0,496.0,496.0,496.0,57806,154.0,102458,36.0,2860590000.0,7640000.0,2803,2125,2018-08-22 09:12:00
20180822 09:13,496.0,496.0,496.0,496.0,57912,106.0,102488,30.0,2865850000.0,5260000.0,2372,2250,2018-08-22 09:13:00
20180822 09:14,496.0,496.0,496.0,496.0,58120,208.0,102386,-102.0,2876170000.0,10320000.0,1187,2559,2018-08-22 09:14:00
20180822 09:15,496.0,496.0,496.0,496.0,58268,148.0,102378,-8.0,2883510000.0,7340000.0,1844,2021,2018-08-22 09:15:00
20180822 09:16,496.0,496.0,496.0,496.0,58336,68.0,102374,-4.0,2886880000.0,3370000.0,1370,2221,2018-08-22 09:16:00
20180822 09:17,496.0,496.0,496.0,496.0,58336,0.0,102374,0.0,2886880000.0,0.0,487,478,2018-08-22 09:17:00
20180822 09:18,495.5,496.0,495.5,496.0,58380,44.0,102382,8.0,2889060000.0,2180000.0,857,1529,2018-08-22 09:18:00
20180822 09:19,496.0,496.0,496.0,496.0,58380,0.0,102382,0.0,2889060000.0,0.0,635,355,2018-08-22 09:19:00
20180822 09:20,496.0,496.0,496.0,496.0,58380,0.0,102382,0.0,2889060000.0,0.0,205,111,2018-08-22 09:20:00
20180822 09:21,496.0,496.0,495.0,495.5,58732,352.0,102322,-60.0,2906500000.0,17440000.0,1610,7072,2018-08-22 09:21:00
20180822 09:22,495.5,495.5,495.5,495.5,59250,518.0,102298,-24.0,2932170000.0,25670000.0,2106,873,2018-08-22 09:22:00
20180822 09:23,495.5,495.5,495.0,495.0,59342,92.0,102384,86.0,2936730000.0,4560000.0,821,600,2018-08-22 09:23:00
20180822 09:24,495.0,495.5,495.0,495.5,60168,826.0,102666,282.0,2977660000.0,40930000.0,1661,1578,2018-08-22 09:24:00
20180822 09:25,495.5,496.0,495.5,496.0,60178,10.0,102672,6.0,2978150000.0,490000.0,447,229,2018-08-22 09:25:00
20180822 09:26,495.5,495.5,495.5,495.5,60306,128.0,102774,102.0,2984490000.0,6340000.0,840,813,2018-08-22 09:26:00
20180822 09:27,495.5,495.5,495.0,495.0,60400,94.0,102802,28.0,2989150000.0,4660000.0,1577,1649,2018-08-22 09:27:00
20180822 09:28,495.0,495.0,494.5,494.5,60420,20.0,102802,0.0,2990140000.0,990000.0,1049,688,2018-08-22 09:28:00
20180822 09:29,494.5,495.0,494.0,494.5,61388,968.0,102442,-360.0,3038000000.0,47860000.0,2395,4556,2018-08-22 09:29:00
20180822 09:30,494.5,495.0,494.5,494.5,61986,598.0,102458,16.0,3067570000.0,29570000.0,2475,2957,2018-08-22 09:30:00
20180822 09:31,494.5,495.0,494.5,495.0,62110,124.0,102496,38.0,3073710000.0,6140000.0,613,789,2018-08-22 09:31:00
20180822 09:32,495.0,495.0,495.0,495.0,62194,84.0,102562,66.0,3077870000.0,4160000.0,670,491,2018-08-22 09:32:00
20180822 09:33,495.0,495.0,495.0,495.0,62258,64.0,102520,-42.0,3081040000.0,3170000.0,907,519,2018-08-22 09:33:00
20180822 09:34,495.0,495.0,495.0,495.0,62324,66.0,102506,-14.0,3084310000.0,3270000.0,1436,819,2018-08-22 09:34:00
20180822 09:35,495.0,495.0,494.5,494.5,63128,804.0,102724,218.0,3124100000.0,39790000.0,3320,3037,2018-08-22 09:35:00
20180822 09:36,494.5,494.5,494.5,494.5,63986,858.0,102672,-52.0,3166520000.0,42420000.0,3289,6714,2018-08-22 09:36:00
20180822 09:37,494.5,495.0,494.5,495.0,64158,172.0,102666,-6.0,3175030000.0,8510000.0,746,2005,2018-08-22 09:37:00
20180822 09:38,495.0,495.0,495.0,495.0,64158,0.0,102666,0.0,3175030000.0,0.0,308,932,2018-08-22 09:38:00
20180822 09:39,495.0,495.0,495.0,495.0,64158,0.0,102666,0.0,3175030000.0,0.0,573,1056,2018-08-22 09:39:00
20180822 09:40,495.0,495.0,495.0,495.0,64978,820.0,102350,-316.0,3215620000.0,40590000.0,3854,3956,2018-08-22 09:40:00
20180822 09:41,495.0,495.0,495.0,495.0,65102,124.0,102308,-42.0,3221760000.0,6140000.0,1810,1046,2018-08-22 09:41:00
20180822 09:42,495.0,495.0,495.0,495.0,65104,2.0,102308,0.0,3221860000.0,100000.0,813,564,2018-08-22 09:42:00
20180822 09:43,495.0,495.5,495.0,495.5,65176,72.0,102268,-40.0,3225420000.0,3560000.0,472,227,2018-08-22 09:43:00
20180822 09:44,495.5,495.5,495.5,495.5,65414,238.0,102276,8.0,3237220000.0,11800000.0,5309,2783,2018-08-22 09:44:00
20180822 09:45,495.5,495.5,495.5,495.5,65482,68.0,102258,-18.0,3240590000.0,3370000.0,5313,1142,2018-08-22 09:45:00
20180822 09:46,495.5,495.5,495.5,495.5,65754,272.0,102242,-16.0,3254060000.0,13470000.0,3422,3151,2018-08-22 09:46:00
20180822 09:47,495.5,495.5,495.0,495.0,66040,286.0,102224,-18.0,3268220000.0,14160000.0,3941,5461,2018-08-22 09:47:00
20180822 09:48,495.0,495.5,495.0,495.5,66264,224.0,102012,-212.0,3279310000.0,11090000.0,3181,4746,2018-08-22 09:48:00
20180822 09:49,495.5,495.5,495.5,495.5,66270,6.0,102006,-6.0,3279610000.0,300000.0,4540,8430,2018-08-22 09:49:00
20180822 09:50,495.5,495.5,495.5,495.5,66700,430.0,101786,-220.0,3300910000.0,21300000.0,4505,2862,2018-08-22 09:50:00
20180822 09:51,495.5,496.0,495.5,496.0,66786,86.0,101776,-10.0,3305180000.0,4270000.0,2451,1784,2018-08-22 09:51:00
20180822 09:52,496.0,496.0,496.0,496.0,67000,214.0,101796,20.0,3315790000.0,10610000.0,2399,2461,2018-08-22 09:52:00
20180822 09:53,496.0,496.5,496.0,496.5,67086,86.0,101780,-16.0,3320060000.0,4270000.0,2035,2195,2018-08-22 09:53:00
20180822 09:54,496.5,496.5,496.5,496.5,67132,46.0,101792,12.0,3322340000.0,2280000.0,515,2176,2018-08-22 09:54:00
20180822 09:55,496.5,497.0,496.5,497.0,67882,750.0,101998,206.0,3359590000.0,37250000.0,1337,1497,2018-08-22 09:55:00
20180822 09:56,497.0,498.0,497.0,498.0,68034,152.0,101986,-12.0,3367150000.0,7560000.0,1872,2336,2018-08-22 09:56:00
20180822 09:57,498.0,498.0,497.5,497.5,68216,182.0,102004,18.0,3376210000.0,9060000.0,1516,2570,2018-08-22 09:57:00
20180822 09:58,497.5,498.0,497.5,498.0,68228,12.0,102004,0.0,3376810000.0,600000.0,2643,1599,2018-08-22 09:58:00
20180822 09:59,498.0,498.0,497.0,497.0,68284,56.0,101984,-20.0,3379590000.0,2780000.0,1494,1084,2018-08-22 09:59:00
20180822 10:00,497.0,497.5,497.0,497.5,68340,56.0,102018,34.0,3382380000.0,2790000.0,1788,781,2018-08-22 10:00:00
20180822 10:01,497.5,497.5,497.0,497.0,68342,2.0,102018,0.0,3382470000.0,90000.0,955,359,2018-08-22 10:01:00
20180822 10:02,497.0,497.0,497.0,497.0,68454,112.0,102076,58.0,3388040000.0,5570000.0,1123,730,2018-08-22 10:02:00
20180822 10:03,497.0,497.0,496.5,496.5,68458,4.0,102076,0.0,3388240000.0,200000.0,1866,1327,2018-08-22 10:03:00
20180822 10:04,496.5,497.0,496.5,497.0,68478,20.0,102076,0.0,3389230000.0,990000.0,827,737,2018-08-22 10:04:00
20180822 10:05,497.0,497.5,497.0,497.5,68598,120.0,102136,60.0,3395200000.0,5970000.0,1454,1095,2018-08-22 10:05:00
20180822 10:06,497.5,499.0,497.5,498.5,68906,308.0,102044,-92.0,3410540000.0,15340000.0,3133,1891,2018-08-22 10:06:00
20180822 10:07,498.5,498.5,498.5,498.5,69160,254.0,101998,-46.0,3423210000.0,12670000.0,7825,2997,2018-08-22 10:07:00
20180822 10:08,498.5,498.5,498.0,498.0,69162,2.0,101998,0.0,3423310000.0,100000.0,2294,737,2018-08-22 10:08:00
20180822 10:09,498.0,498.5,498.0,498.5,69200,38.0,102030,32.0,3425200000.0,1890000.0,1988,782,2018-08-22 10:09:00
20180822 10:10,498.5,499.0,498.5,499.0,70862,1662.0,102018,-12.0,3508130000.0,82930000.0,6608,3112,2018-08-22 10:10:00
20180822 10:11,499.0,499.0,498.5,498.5,71858,996.0,102070,52.0,3557820000.0,49690000.0,3561,3406,2018-08-22 10:11:00
20180822 10:12,498.5,498.5,497.5,497.5,72076,218.0,102092,22.0,3568670000.0,10850000.0,3464,3636,2018-08-22 10:12:00
20180822 10:13,497.5,497.5,497.5,497.5,73014,938.0,102052,-40.0,3615330000.0,46660000.0,1791,1903,2018-08-22 10:13:00
20180822 10:14,497.5,497.5,497.0,497.0,73100,86.0,102018,-34.0,3619610000.0,4280000.0,2919,998,2018-08-22 10:14:00
20180822 10:30,497.0,497.0,497.0,497.0,73312,212.0,101980,-38.0,3630150000.0,10540000.0,5635,2264,2018-08-22 10:30:00
20180822 10:31,497.0,497.5,497.0,497.5,73388,76.0,101962,-18.0,3633930000.0,3780000.0,2524,1154,2018-08-22 10:31:00
20180822 10:32,497.5,497.5,497.5,497.5,73388,0.0,101962,0.0,3633930000.0,0.0,1204,988,2018-08-22 10:32:00
20180822 10:33,497.5,497.5,497.0,497.0,73514,126.0,102020,58.0,3640190000.0,6260000.0,1520,1172,2018-08-22 10:33:00
20180822 10:34,497.0,497.0,497.0,497.0,73642,128.0,101910,-110.0,3646550000.0,6360000.0,1332,1031,2018-08-22 10:34:00
20180822 10:35,496.5,497.0,496.5,497.0,73930,288.0,101990,80.0,3660860000.0,14310000.0,2748,2557,2018-08-22 10:35:00
20180822 10:36,497.0,497.0,497.0,497.0,74420,490.0,101912,-78.0,3685210000.0,24350000.0,2230,8870,2018-08-22 10:36:00
20180822 10:37,497.0,497.0,497.0,497.0,74766,346.0,101754,-158.0,3702410000.0,17200000.0,2902,2395,2018-08-22 10:37:00
20180822 10:38,497.0,497.0,497.0,497.0,74848,82.0,101754,0.0,3706480000.0,4070000.0,1830,5008,2018-08-22 10:38:00
20180822 10:39,497.0,497.0,497.0,497.0,74938,90.0,101808,54.0,3710960000.0,4480000.0,1358,2942,2018-08-22 10:39:00
20180822 10:40,497.0,497.0,497.0,497.0,74938,0.0,101808,0.0,3710960000.0,0.0,387,608,2018-08-22 10:40:00
20180822 10:41,497.0,497.0,497.0,497.0,74938,0.0,101808,0.0,3710960000.0,0.0,1316,1169,2018-08-22 10:41:00
20180822 10:42,497.0,497.0,497.0,497.0,74938,0.0,101808,0.0,3710960000.0,0.0,1131,968,2018-08-22 10:42:00
20180822 10:43,497.0,497.0,497.0,497.0,75114,176.0,101710,-98.0,3719700000.0,8740000.0,1027,785,2018-08-22 10:43:00
20180822 10:44,497.0,497.0,497.0,497.0,75448,334.0,101844,134.0,3736300000.0,16600000.0,2213,3210,2018-08-22 10:44:00
20180822 10:45,497.0,497.0,497.0,497.0,75600,152.0,101724,-120.0,3743860000.0,7560000.0,1335,1604,2018-08-22 10:45:00
20180822 10:46,497.0,497.0,497.0,497.0,75600,0.0,101724,0.0,3743860000.0,0.0,247,104,2018-08-22 10:46:00
20180822 10:47,497.0,497.0,497.0,497.0,75862,262.0,101596,-128.0,3756880000.0,13020000.0,919,4584,2018-08-22 10:47:00
20180822 10:48,497.0,497.0,496.5,496.5,76112,250.0,101636,40.0,3769290000.0,12410000.0,1799,2764,2018-08-22 10:48:00
20180822 10:49,497.0,497.0,497.0,497.0,76116,4.0,101636,0.0,3769490000.0,200000.0,1306,1083,2018-08-22 10:49:00
20180822 10:50,497.0,497.0,496.5,496.5,76296,180.0,101612,-24.0,3778430000.0,8940000.0,619,282,2018-08-22 10:50:00
20180822 10:51,496.5,496.5,496.5,496.5,76300,4.0,101608,-4.0,3778630000.0,200000.0,1081,892,2018-08-22 10:51:00
20180822 10:52,496.5,497.0,496.5,497.0,76440,140.0,101626,18.0,3785590000.0,6960000.0,1427,869,2018-08-22 10:52:00
20180822 10:53,497.0,497.0,497.0,497.0,76526,86.0,101600,-26.0,3789860000.0,4270000.0,805,778,2018-08-22 10:53:00
20180822 10:54,497.0,497.0,497.0,497.0,76526,0.0,101600,0.0,3789860000.0,0.0,759,1231,2018-08-22 10:54:00
20180822 10:55,497.0,497.0,496.5,496.5,76644,118.0,101530,-70.0,3795720000.0,5860000.0,1593,1803,2018-08-22 10:55:00
20180822 10:56,496.5,496.5,496.0,496.5,76822,178.0,101562,32.0,3804550000.0,8830000.0,3683,2625,2018-08-22 10:56:00
20180822 10:57,496.5,496.5,495.0,495.0,78116,1294.0,101460,-102.0,3868720000.0,64170000.0,6660,6031,2018-08-22 10:57:00
20180822 10:58,495.0,495.5,494.5,495.0,79472,1356.0,101904,444.0,3935790000.0,67070000.0,4888,2829,2018-08-22 10:58:00
20180822 10:59,494.5,494.5,494.0,494.5,79898,426.0,101846,-58.0,3956850000.0,21060000.0,3693,4119,2018-08-22 10:59:00
20180822 11:00,494.5,494.5,494.5,494.5,80194,296.0,101858,12.0,3971480000.0,14630000.0,2958,2641,2018-08-22 11:00:00
20180822 11:01,494.5,494.5,494.5,494.5,80540,346.0,101894,36.0,3988590000.0,17110000.0,3073,2028,2018-08-22 11:01:00
20180822 11:02,494.5,495.0,494.5,495.0,80598,58.0,101912,18.0,3991460000.0,2870000.0,2135,1445,2018-08-22 11:02:00
20180822 11:03,495.0,495.0,494.5,494.5,80716,118.0,101904,-8.0,3997300000.0,5840000.0,769,464,2018-08-22 11:03:00
20180822 11:04,494.5,494.5,494.5,494.5,81040,324.0,101970,66.0,4013320000.0,16020000.0,2920,3313,2018-08-22 11:04:00
20180822 11:05,494.5,494.5,494.0,494.5,81056,16.0,101974,4.0,4014110000.0,790000.0,3626,1002,2018-08-22 11:05:00
20180822 11:06,494.0,494.0,493.0,493.5,81926,870.0,102080,106.0,4057080000.0,42970000.0,2377,2457,2018-08-22 11:06:00
20180822 11:07,493.5,493.5,493.0,493.0,82412,486.0,102090,10.0,4081040000.0,23960000.0,4293,5954,2018-08-22 11:07:00
20180822 11:08,493.0,493.0,493.0,493.0,82412,0.0,102090,0.0,4081040000.0,0.0,1521,477,2018-08-22 11:08:00
20180822 11:09,493.5,494.0,493.5,494.0,83434,1022.0,102164,74.0,4131530000.0,50490000.0,3428,2982,2018-08-22 11:09:00
20180822 11:10,494.0,494.0,494.0,494.0,84998,1564.0,102198,34.0,4208790000.0,77260000.0,1608,4629,2018-08-22 11:10:00
20180822 11:11,494.0,494.5,494.0,494.0,85020,22.0,102182,-16.0,4209880000.0,1090000.0,5473,1875,2018-08-22 11:11:00
20180822 11:12,494.0,494.5,494.0,494.5,85022,2.0,102180,-2.0,4209970000.0,90000.0,1213,734,2018-08-22 11:12:00
20180822 11:13,494.0,494.5,494.0,494.5,87502,2480.0,102178,-2.0,4332500000.0,122530000.0,5973,3590,2018-08-22 11:13:00
20180822 11:14,494.5,494.5,494.5,494.5,87664,162.0,102224,46.0,4340510000.0,8010000.0,832,1198,2018-08-22 11:14:00
20180822 11:15,494.5,494.5,494.5,494.5,87666,2.0,102224,0.0,4340610000.0,100000.0,575,479,2018-08-22 11:15:00
20180822 11:16,494.5,494.5,494.0,494.0,87742,76.0,102200,-24.0,4344360000.0,3750000.0,1389,694,2018-08-22 11:16:00
20180822 11:17,494.0,494.0,494.0,494.0,87742,0.0,102200,0.0,4344360000.0,0.0,684,352,2018-08-22 11:17:00
20180822 11:18,494.0,494.0,494.0,494.0,87766,24.0,102176,-24.0,4345550000.0,1190000.0,1052,412,2018-08-22 11:18:00
20180822 11:19,494.0,494.0,494.0,494.0,87768,2.0,102174,-2.0,4345650000.0,100000.0,935,332,2018-08-22 11:19:00
20180822 11:20,494.0,494.5,494.0,494.5,87808,40.0,102150,-24.0,4347620000.0,1970000.0,1481,2732,2018-08-22 11:20:00
20180822 11:21,494.5,494.5,494.5,494.5,87808,0.0,102150,0.0,4347620000.0,0.0,551,2188,2018-08-22 11:21:00
20180822 11:22,494.5,494.5,494.5,494.5,88138,330.0,102082,-68.0,4363940000.0,16320000.0,2282,2381,2018-08-22 11:22:00
20180822 11:23,494.5,494.5,494.0,494.5,90496,2358.0,102034,-48.0,4480540000.0,116600000.0,2702,3770,2018-08-22 11:23:00
20180822 11:24,494.5,494.5,494.0,494.0,90702,206.0,102008,-26.0,4490730000.0,10190000.0,3046,4904,2018-08-22 11:24:00
20180822 11:25,494.0,494.0,494.0,494.0,90942,240.0,101950,-58.0,4502580000.0,11850000.0,2158,2173,2018-08-22 11:25:00
20180822 11:26,494.0,494.5,494.0,494.5,91242,300.0,101938,-12.0,4517420000.0,14840000.0,2810,4234,2018-08-22 11:26:00
20180822 11:27,494.5,495.0,494.0,495.0,91712,470.0,101842,-96.0,4540660000.0,23240000.0,2601,2425,2018-08-22 11:27:00
20180822 11:28,495.5,495.5,495.0,495.5,92590,878.0,101768,-74.0,4584160000.0,43500000.0,937,1904,2018-08-22 11:28:00
20180822 11:29,495.5,495.5,495.0,495.0,92654,64.0,101708,-60.0,4587330000.0,3170000.0,786,2306,2018-08-22 11:29:00
20180822 13:30,495.0,495.5,495.0,495.5,92842,188.0,101692,-16.0,4596650000.0,9320000.0,3385,3149,2018-08-22 13:30:00
20180822 13:31,495.5,495.5,495.5,495.5,93128,286.0,101642,-50.0,4610820000.0,14170000.0,1860,4709,2018-08-22 13:31:00
20180822 13:32,495.5,495.5,495.5,495.5,93216,88.0,101586,-56.0,4615180000.0,4360000.0,2575,1159,2018-08-22 13:32:00
20180822 13:33,495.5,495.5,495.5,495.5,93246,30.0,101564,-22.0,4616670000.0,1490000.0,3062,1302,2018-08-22 13:33:00
20180822 13:34,495.5,495.5,495.5,495.5,93752,506.0,101566,2.0,4641740000.0,25070000.0,5315,3850,2018-08-22 13:34:00
20180822 13:35,496.0,496.5,496.0,496.0,94254,502.0,101482,-84.0,4666640000.0,24900000.0,3624,2898,2018-08-22 13:35:00
20180822 13:36,496.0,496.5,495.5,496.0,94916,662.0,101510,28.0,4699470000.0,32830000.0,3125,4025,2018-08-22 13:36:00
20180822 13:37,496.0,496.0,495.5,495.5,95012,96.0,101552,42.0,4704220000.0,4750000.0,1759,1918,2018-08-22 13:37:00
20180822 13:38,495.5,495.5,495.5,495.5,95180,168.0,101532,-20.0,4712550000.0,8330000.0,3145,1928,2018-08-22 13:38:00
20180822 13:39,495.5,496.0,495.5,495.5,95226,46.0,101534,2.0,4714830000.0,2280000.0,1691,2001,2018-08-22 13:39:00
20180822 13:40,495.5,495.5,495.0,495.0,95732,506.0,101620,86.0,4739890000.0,25060000.0,2806,4422,2018-08-22 13:40:00
20180822 13:41,495.0,495.0,495.0,495.0,95936,204.0,101548,-72.0,4749990000.0,10100000.0,3136,1846,2018-08-22 13:41:00
20180822 13:42,495.0,495.0,495.0,495.0,96154,218.0,101534,-14.0,4760780000.0,10790000.0,2740,1277,2018-08-22 13:42:00
20180822 13:43,495.0,495.0,495.0,495.0,96518,364.0,101552,18.0,4778800000.0,18020000.0,3969,3644,2018-08-22 13:43:00
20180822 13:44,495.0,495.5,495.0,495.5,96816,298.0,101590,38.0,4793550000.0,14750000.0,2782,3196,2018-08-22 13:44:00
20180822 13:45,495.5,495.5,495.0,495.0,97074,258.0,101726,136.0,4806320000.0,12770000.0,1579,4066,2018-08-22 13:45:00
20180822 13:46,495.0,495.0,494.5,494.5,97126,52.0,101742,16.0,4808890000.0,2570000.0,1630,3259,2018-08-22 13:46:00
20180822 13:47,494.5,494.5,494.5,494.5,97642,516.0,101682,-60.0,4834410000.0,25520000.0,2710,2526,2018-08-22 13:47:00
20180822 13:48,494.5,495.0,494.5,494.5,97738,96.0,101694,12.0,4839160000.0,4750000.0,1546,819,2018-08-22 13:48:00
20180822 13:49,494.5,494.5,493.5,493.5,98214,476.0,101786,92.0,4862650000.0,23490000.0,3252,5790,2018-08-22 13:49:00
20180822 13:50,493.5,493.5,492.5,492.5,99316,1102.0,101880,94.0,4916940000.0,54290000.0,4802,2252,2018-08-22 13:50:00
20180822 13:51,492.5,493.0,492.5,493.0,99444,128.0,101812,-68.0,4923250000.0,6310000.0,3294,1914,2018-08-22 13:51:00
20180822 13:52,493.0,493.0,493.0,493.0,99464,20.0,101796,-16.0,4924230000.0,980000.0,326,1957,2018-08-22 13:52:00
20180822 13:53,493.0,493.0,491.5,492.0,101350,1886.0,101800,4.0,5017030000.0,92800000.0,5173,2546,2018-08-22 13:53:00
20180822 13:54,492.0,492.5,492.0,492.0,101842,492.0,101662,-138.0,5041230000.0,24200000.0,4731,2910,2018-08-22 13:54:00
20180822 13:55,492.0,492.0,492.0,492.0,101864,22.0,101660,-2.0,5042320000.0,1090000.0,2152,1010,2018-08-22 13:55:00
20180822 13:56,492.0,493.0,492.0,493.0,102160,296.0,101730,70.0,5056890000.0,14570000.0,2187,4321,2018-08-22 13:56:00
20180822 13:57,493.0,493.5,493.0,493.0,102610,450.0,101558,-172.0,5079070000.0,22180000.0,3955,1681,2018-08-22 13:57:00
20180822 13:58,493.0,493.0,493.0,493.0,102610,0.0,101558,0.0,5079070000.0,0.0,1632,1792,2018-08-22 13:58:00
20180822 13:59,493.0,493.5,493.0,493.5,103154,544.0,101652,94.0,5105920000.0,26850000.0,3957,4011,2018-08-22 13:59:00
20180822 14:00,493.5,493.5,493.0,493.0,104800,1646.0,101786,134.0,5187100000.0,81180000.0,2884,3783,2018-08-22 14:00:00
20180822 14:01,493.0,493.5,493.0,493.5,106620,1820.0,101892,106.0,5276920000.0,89820000.0,3373,3842,2018-08-22 14:01:00
20180822 14:02,493.5,494.0,493.5,493.5,107030,410.0,102162,270.0,5297150000.0,20230000.0,4258,2694,2018-08-22 14:02:00
20180822 14:03,493.5,493.5,493.5,493.5,107746,716.0,102008,-154.0,5332490000.0,35340000.0,6583,15395,2018-08-22 14:03:00
20180822 14:04,493.5,493.5,493.0,493.0,108026,280.0,102176,168.0,5346290000.0,13800000.0,4040,4420,2018-08-22 14:04:00
20180822 14:05,493.0,493.0,493.0,493.0,108044,18.0,102176,0.0,5347180000.0,890000.0,2409,533,2018-08-22 14:05:00
20180822 14:06,493.0,493.0,493.0,493.0,108044,0.0,102176,0.0,5347180000.0,0.0,3943,2045,2018-08-22 14:06:00
20180822 14:07,493.0,493.0,493.0,493.0,108750,706.0,102474,298.0,5381980000.0,34800000.0,3841,7827,2018-08-22 14:07:00
20180822 14:08,493.0,493.0,492.5,492.5,109384,634.0,103028,554.0,5413210000.0,31230000.0,3055,5570,2018-08-22 14:08:00
20180822 14:09,492.5,492.5,492.0,492.0,109820,436.0,103100,72.0,5434670000.0,21460000.0,3529,6433,2018-08-22 14:09:00
20180822 14:10,492.0,492.0,491.5,492.0,109862,42.0,103120,20.0,5436740000.0,2070000.0,3259,2079,2018-08-22 14:10:00
20180822 14:11,491.5,491.5,491.5,491.5,110098,236.0,103272,152.0,5448340000.0,11600000.0,3475,3141,2018-08-22 14:11:00
20180822 14:12,491.5,492.0,491.5,492.0,110138,40.0,103312,40.0,5450300000.0,1960000.0,3653,3918,2018-08-22 14:12:00
20180822 14:13,492.0,492.0,492.0,492.0,110142,4.0,103316,4.0,5450500000.0,200000.0,1269,1515,2018-08-22 14:13:00
20180822 14:14,491.5,492.0,491.5,492.0,110474,332.0,103540,224.0,5466820000.0,16320000.0,6186,4689,2018-08-22 14:14:00
20180822 14:15,492.0,492.0,491.0,491.0,110652,178.0,103648,108.0,5475570000.0,8750000.0,4985,3881,2018-08-22 14:15:00
20180822 14:16,491.0,491.5,491.0,491.0,110682,30.0,103676,28.0,5477040000.0,1470000.0,1254,1380,2018-08-22 14:16:00
20180822 14:17,491.0,491.5,491.0,491.0,110704,22.0,103696,20.0,5478120000.0,1080000.0,1483,1357,2018-08-22 14:17:00
20180822 14:18,491.0,491.5,491.0,491.5,110706,2.0,103698,2.0,5478220000.0,100000.0,1253,1181,2018-08-22 14:18:00
20180822 14:19,491.5,491.5,491.0,491.0,110710,4.0,103700,2.0,5478420000.0,200000.0,2519,3392,2018-08-22 14:19:00
20180822 14:20,491.0,491.0,491.0,491.0,110712,2.0,103702,2.0,5478520000.0,100000.0,1533,2095,2018-08-22 14:20:00
20180822 14:21,491.0,491.5,491.0,491.5,110730,18.0,103700,-2.0,5479400000.0,880000.0,1697,2299,2018-08-22 14:21:00
20180822 14:22,491.5,492.0,491.5,492.0,110864,134.0,103814,114.0,5485990000.0,6590000.0,1687,2747,2018-08-22 14:22:00
20180822 14:23,492.0,492.0,491.5,491.5,111102,238.0,103870,56.0,5497690000.0,11700000.0,1398,2585,2018-08-22 14:23:00
20180822 14:24,491.5,491.5,491.5,491.5,111134,32.0,103892,22.0,5499260000.0,1570000.0,698,426,2018-08-22 14:24:00
20180822 14:25,491.5,492.0,491.5,491.5,111408,274.0,103910,18.0,5512730000.0,13470000.0,3326,1784,2018-08-22 14:25:00
20180822 14:26,491.5,491.5,489.0,489.5,112270,862.0,103984,74.0,5554950000.0,42220000.0,2378,4520,2018-08-22 14:26:00
20180822 14:27,489.5,490.0,487.5,488.0,112614,344.0,104154,170.0,5571750000.0,16800000.0,4155,2042,2018-08-22 14:27:00
20180822 14:28,488.0,488.5,486.5,487.0,112916,302.0,104242,88.0,5586470000.0,14720000.0,2656,2062,2018-08-22 14:28:00
20180822 14:29,487.5,488.0,487.0,487.5,113042,126.0,104200,-42.0,5592610000.0,6140000.0,4022,5806,2018-08-22 14:29:00
20180822 14:30,487.5,488.0,487.0,488.0,113484,442.0,104352,152.0,5614170000.0,21560000.0,2630,8688,2018-08-22 14:30:00
20180822 14:31,488.0,488.5,488.0,488.5,113520,36.0,104356,4.0,5615930000.0,1760000.0,938,695,2018-08-22 14:31:00
20180822 14:32,488.5,489.0,488.5,488.5,113614,94.0,104348,-8.0,5620520000.0,4590000.0,1850,3441,2018-08-22 14:32:00
20180822 14:33,488.5,488.5,488.5,488.5,113642,28.0,104346,-2.0,5621890000.0,1370000.0,674,666,2018-08-22 14:33:00
20180822 14:34,488.5,488.5,488.5,488.5,113642,0.0,104346,0.0,5621890000.0,0.0,392,411,2018-08-22 14:34:00
20180822 14:35,488.5,488.5,488.0,488.0,113648,6.0,104346,0.0,5622180000.0,290000.0,359,427,2018-08-22 14:35:00
20180822 14:36,488.0,488.0,487.0,487.5,114040,392.0,104600,254.0,5641290000.0,19110000.0,1577,1272,2018-08-22 14:36:00
20180822 14:37,487.5,488.5,487.0,488.5,114114,74.0,104636,36.0,5644900000.0,3610000.0,1913,6130,2018-08-22 14:37:00
20180822 14:38,488.5,489.0,488.5,488.5,114624,510.0,104940,304.0,5669820000.0,24920000.0,2118,5678,2018-08-22 14:38:00
20180822 14:39,488.5,489.0,488.5,489.0,114774,150.0,104992,52.0,5677150000.0,7330000.0,2516,2681,2018-08-22 14:39:00
20180822 14:40,489.0,489.5,489.0,489.5,114904,130.0,104994,2.0,5683510000.0,6360000.0,1574,1597,2018-08-22 14:40:00
20180822 14:41,489.5,489.5,489.5,489.5,115044,140.0,105060,66.0,5690370000.0,6860000.0,1394,1743,2018-08-22 14:41:00
20180822 14:42,489.5,489.5,489.0,489.0,115066,22.0,105048,-12.0,5691440000.0,1070000.0,1084,333,2018-08-22 14:42:00
20180822 14:43,489.0,489.0,488.0,488.0,115264,198.0,105080,32.0,5701110000.0,9670000.0,2754,6063,2018-08-22 14:43:00
20180822 14:44,488.0,488.0,487.0,487.5,115638,374.0,105306,226.0,5719340000.0,18230000.0,8954,3464,2018-08-22 14:44:00
20180822 14:45,487.5,488.5,487.0,488.0,115846,208.0,105294,-12.0,5729490000.0,10150000.0,7410,5420,2018-08-22 14:45:00
20180822 14:46,488.0,488.0,488.0,488.0,115898,52.0,105286,-8.0,5732030000.0,2540000.0,1124,2956,2018-08-22 14:46:00
20180822 14:47,488.0,488.5,488.0,488.5,116150,252.0,105130,-156.0,5744340000.0,12310000.0,2894,3281,2018-08-22 14:47:00
20180822 14:48,488.5,489.5,488.5,489.5,116340,190.0,105154,24.0,5753630000.0,9290000.0,5571,1877,2018-08-22 14:48:00
20180822 14:49,489.5,489.5,489.0,489.0,116364,24.0,105138,-16.0,5754800000.0,1170000.0,1328,1436,2018-08-22 14:49:00
20180822 14:50,489.0,489.0,488.5,489.0,116602,238.0,105160,22.0,5766430000.0,11630000.0,5145,4331,2018-08-22 14:50:00
20180822 14:51,489.0,489.0,489.0,489.0,117316,714.0,105070,-90.0,5801340000.0,34910000.0,1958,2849,2018-08-22 14:51:00
20180822 14:52,489.0,489.0,488.0,488.0,117394,78.0,105108,38.0,5805150000.0,3810000.0,1886,2802,2018-08-22 14:52:00
20180822 14:53,488.0,488.0,488.0,488.0,117508,114.0,105126,18.0,5810720000.0,5570000.0,1269,3231,2018-08-22 14:53:00
20180822 14:54,488.0,488.0,487.5,487.5,117572,64.0,105152,26.0,5813840000.0,3120000.0,5400,2684,2018-08-22 14:54:00
20180822 14:55,487.5,487.5,486.0,486.0,117810,238.0,105216,64.0,5825420000.0,11580000.0,6050,1865,2018-08-22 14:55:00
20180822 14:56,486.0,486.5,486.0,486.0,117842,32.0,105216,0.0,5826980000.0,1560000.0,4774,855,2018-08-22 14:56:00
20180822 14:57,486.0,486.0,485.5,486.0,118194,352.0,105262,46.0,5844090000.0,17110000.0,4741,2335,2018-08-22 14:57:00
20180822 14:58,486.0,486.0,484.0,484.5,118840,646.0,105748,486.0,5875420000.0,31330000.0,7972,6999,2018-08-22 14:58:00
20180822 14:59,484.5,485.5,483.0,484.0,119766,926.0,106208,460.0,5920270000.0,44850000.0,1294,4112,2018-08-22 14:59:00
20180822 15:00,484.0,484.0,484.0,484.0,119766,0.0,106208,0.0,5920270000.0,0.0,2,414,2018-08-22 15:00:00
20180822 20:59,496.0,496.0,496.0,496.0,1694,1694.0,104612,-1596.0,84022400.0,84022400.0,26,85,2018-08-22 20:59:00
20180822 21:00,496.0,496.0,494.0,495.0,1884,190.0,104578,-34.0,93428100.0,9405700.0,17178,1934,2018-08-22 21:00:00
20180822 21:01,495.0,496.0,494.0,496.0,2190,306.0,104370,-208.0,108565000.0,15136900.0,16059,2983,2018-08-22 21:01:00
20180822 21:02,496.0,496.0,495.0,495.0,2430,240.0,104288,-82.0,120456000.0,11891000.0,16704,3836,2018-08-22 21:02:00
20180822 21:03,495.5,495.5,495.5,495.5,2580,150.0,104294,6.0,127888000.0,7432000.0,7185,2505,2018-08-22 21:03:00
20180822 21:04,495.5,495.5,495.5,495.5,3238,658.0,103878,-416.0,160492000.0,32604000.0,4645,2199,2018-08-22 21:04:00
20180822 21:05,495.5,495.5,495.5,495.5,3576,338.0,103812,-66.0,177240000.0,16748000.0,2715,4269,2018-08-22 21:05:00
20180822 21:06,495.5,495.5,494.5,495.0,4450,874.0,103448,-364.0,220501000.0,43261000.0,3734,4848,2018-08-22 21:06:00
20180822 21:07,495.0,495.5,495.0,495.0,4470,20.0,103456,8.0,221491000.0,990000.0,2111,1318,2018-08-22 21:07:00
20180822 21:08,495.0,495.5,495.0,495.5,5268,798.0,103654,198.0,261032000.0,39541000.0,2631,2465,2018-08-22 21:08:00
20180822 21:09,495.5,495.5,495.0,495.0,5364,96.0,103624,-30.0,265784000.0,4752000.0,1803,3699,2018-08-22 21:09:00
20180822 21:10,495.0,495.0,494.5,494.5,5402,38.0,103612,-12.0,267664000.0,1880000.0,1364,4346,2018-08-22 21:10:00
20180822 21:11,494.5,495.0,494.5,495.0,5444,42.0,103622,10.0,269743000.0,2079000.0,905,3142,2018-08-22 21:11:00
20180822 21:12,495.0,495.0,495.0,495.0,5550,106.0,103642,20.0,274990000.0,5247000.0,679,2451,2018-08-22 21:12:00
20180822 21:13,495.0,495.0,495.0,495.0,5746,196.0,103546,-96.0,284692000.0,9702000.0,3180,3649,2018-08-22 21:13:00
20180822 21:14,495.0,495.0,495.0,495.0,5844,98.0,103518,-28.0,289543000.0,4851000.0,2409,4281,2018-08-22 21:14:00
20180822 21:15,494.5,495.0,494.5,495.0,6580,736.0,103112,-406.0,325971000.0,36428000.0,3827,3305,2018-08-22 21:15:00
20180822 21:16,495.0,495.0,495.0,495.0,6620,40.0,103100,-12.0,327951000.0,1980000.0,1690,817,2018-08-22 21:16:00
20180822 21:17,495.0,495.0,495.0,495.0,6728,108.0,103102,2.0,333297000.0,5346000.0,2034,3703,2018-08-22 21:17:00
20180822 21:18,495.0,495.0,495.0,495.0,6820,92.0,103096,-6.0,337851000.0,4554000.0,1855,3337,2018-08-22 21:18:00
20180822 21:19,495.0,495.0,495.0,495.0,6882,62.0,103094,-2.0,340920000.0,3069000.0,3201,2937,2018-08-22 21:19:00
20180822 21:20,495.0,495.0,494.0,494.0,7720,838.0,103566,472.0,382356000.0,41436000.0,9125,3273,2018-08-22 21:20:00
20180822 21:21,494.0,494.5,494.0,494.5,8686,966.0,102984,-582.0,430118000.0,47762000.0,11629,5169,2018-08-22 21:21:00
20180822 21:22,494.5,494.5,494.5,494.5,8734,48.0,102994,10.0,432492000.0,2374000.0,13255,760,2018-08-22 21:22:00
20180822 21:23,494.5,494.5,494.5,494.5,8734,0.0,102994,0.0,432492000.0,0.0,9678,600,2018-08-22 21:23:00
20180822 21:24,494.5,495.0,494.5,495.0,8774,40.0,102992,-2.0,434472000.0,1980000.0,8702,1169,2018-08-22 21:24:00
20180822 21:25,495.0,495.0,495.0,495.0,8844,70.0,102950,-42.0,437937000.0,3465000.0,7885,1732,2018-08-22 21:25:00
20180822 21:26,495.0,495.0,494.5,494.5,8948,104.0,102908,-42.0,443079000.0,5142000.0,4552,1539,2018-08-22 21:26:00
20180822 21:27,494.5,494.5,494.5,494.5,8980,32.0,102924,16.0,444662000.0,1583000.0,13192,990,2018-08-22 21:27:00
20180822 21:28,494.5,495.0,494.5,495.0,9692,712.0,103482,558.0,479870000.0,35208000.0,16167,1434,2018-08-22 21:28:00
20180822 21:29,495.0,495.0,495.0,495.0,9692,0.0,103482,0.0,479870000.0,0.0,4723,458,2018-08-22 21:29:00
20180822 21:30,495.0,495.0,495.0,495.0,9696,4.0,103486,4.0,480068000.0,198000.0,6697,958,2018-08-22 21:30:00
20180822 21:31,495.0,495.0,495.0,495.0,9696,0.0,103486,0.0,480068000.0,0.0,5204,942,2018-08-22 21:31:00
20180822 21:32,495.0,495.0,495.0,495.0,9716,20.0,103506,20.0,481058000.0,990000.0,7693,1785,2018-08-22 21:32:00
20180822 21:33,495.0,495.0,495.0,495.0,9746,30.0,103536,30.0,482543000.0,1485000.0,7354,2733,2018-08-22 21:33:00
20180822 21:34,495.0,495.0,494.5,495.0,9878,132.0,103518,-18.0,489077000.0,6534000.0,3961,1104,2018-08-22 21:34:00
20180822 21:35,495.0,495.0,494.5,494.5,11054,1176.0,103344,-174.0,547230000.0,58153000.0,16666,6084,2018-08-22 21:35:00
20180822 21:36,494.5,494.5,494.0,494.0,11810,756.0,102714,-630.0,584607000.0,37377000.0,1918,4190,2018-08-22 21:36:00
20180822 21:37,494.0,494.0,494.0,494.0,14548,2738.0,102748,34.0,719864000.0,135257000.0,2082,3903,2018-08-22 21:37:00
20180822 21:38,494.0,494.5,494.0,494.5,15830,1282.0,102766,18.0,783227000.0,63363000.0,2171,4686,2018-08-22 21:38:00
20180822 21:39,494.5,494.5,494.5,494.5,15842,12.0,102768,2.0,783820000.0,593000.0,1781,964,2018-08-22 21:39:00
20180822 21:40,494.5,494.5,494.0,494.0,15862,20.0,102766,-2.0,784808000.0,988000.0,1871,484,2018-08-22 21:40:00
20180822 21:41,494.0,494.5,494.0,494.5,16610,748.0,103354,588.0,821797000.0,36989000.0,10773,1225,2018-08-22 21:41:00
20180822 21:42,494.5,494.5,494.5,494.5,17268,658.0,102742,-612.0,854335000.0,32538000.0,6218,1615,2018-08-22 21:42:00
20180822 21:43,494.5,494.5,494.5,494.5,18632,1364.0,102666,-76.0,921785000.0,67450000.0,8224,3337,2018-08-22 21:43:00
20180822 21:44,494.5,494.5,494.5,494.5,18684,52.0,102700,34.0,924356000.0,2571000.0,8708,1216,2018-08-22 21:44:00
20180822 21:45,494.5,494.5,494.5,494.5,19386,702.0,103296,596.0,959070000.0,34714000.0,5851,1388,2018-08-22 21:45:00
20180822 21:46,494.5,495.0,494.5,495.0,20056,670.0,102754,-542.0,992202000.0,33132000.0,9604,2076,2018-08-22 21:46:00
20180822 21:47,495.0,495.0,494.5,494.5,20090,34.0,102736,-18.0,993883000.0,1681000.0,4840,1010,2018-08-22 21:47:00
20180822 21:48,494.5,494.5,494.5,494.5,21496,1406.0,102772,36.0,1063410000.0,69527000.0,9924,3650,2018-08-22 21:48:00
20180822 21:49,494.5,494.5,494.0,494.5,22164,668.0,103284,512.0,1096440000.0,33030000.0,4351,1604,2018-08-22 21:49:00
20180822 21:50,494.5,494.5,494.5,494.5,22196,32.0,103266,-18.0,1098020000.0,1580000.0,535,398,2018-08-22 21:50:00
20180822 21:51,494.5,494.5,494.5,494.5,23564,1368.0,103244,-22.0,1165670000.0,67650000.0,13239,4317,2018-08-22 21:51:00
20180822 21:52,494.5,494.5,494.5,494.5,24960,1396.0,103284,40.0,1234700000.0,69030000.0,10769,4667,2018-08-22 21:52:00
20180822 21:53,494.5,494.5,494.5,494.5,24996,36.0,103278,-6.0,1236480000.0,1780000.0,575,1245,2018-08-22 21:53:00
20180822 21:54,494.5,494.5,494.5,494.5,26968,1972.0,103682,404.0,1334000000.0,97520000.0,10536,1972,2018-08-22 21:54:00
20180822 21:55,494.5,495.0,494.5,494.5,28150,1182.0,103298,-384.0,1392460000.0,58460000.0,6292,2404,2018-08-22 21:55:00
20180822 21:56,495.0,495.0,494.5,495.0,28292,142.0,103420,122.0,1399490000.0,7030000.0,8420,2328,2018-08-22 21:56:00
20180822 21:57,495.0,495.0,494.5,494.5,28298,6.0,103420,0.0,1399790000.0,300000.0,4121,1061,2018-08-22 21:57:00
20180822 21:58,494.5,495.0,494.5,495.0,28304,6.0,103422,2.0,1400090000.0,300000.0,2780,819,2018-08-22 21:58:00
20180822 21:59,495.0,495.0,495.0,495.0,28316,12.0,103434,12.0,1400680000.0,590000.0,3248,1522,2018-08-22 21:59:00
20180822 22:00,495.0,495.0,495.0,495.0,28352,36.0,103440,6.0,1402460000.0,1780000.0,4405,2450,2018-08-22 22:00:00
20180822 22:01,495.0,495.0,495.0,495.0,28368,16.0,103456,16.0,1403250000.0,790000.0,2583,1343,2018-08-22 22:01:00
20180822 22:02,495.0,495.0,494.5,494.5,28386,18.0,103472,16.0,1404140000.0,890000.0,2467,1299,2018-08-22 22:02:00
20180822 22:03,494.5,495.0,494.5,495.0,28388,2.0,103474,2.0,1404240000.0,100000.0,2719,1350,2018-08-22 22:03:00
20180822 22:04,495.0,495.0,495.0,495.0,28390,2.0,103476,2.0,1404340000.0,100000.0,1774,927,2018-08-22 22:04:00
20180822 22:05,495.0,495.0,494.5,494.5,28394,4.0,103476,0.0,1404540000.0,200000.0,2823,1498,2018-08-22 22:05:00
20180822 22:06,494.5,495.0,494.5,494.5,28468,74.0,103476,0.0,1408200000.0,3660000.0,2234,1478,2018-08-22 22:06:00
20180822 22:07,495.0,495.0,494.5,494.5,28558,90.0,103534,58.0,1412650000.0,4450000.0,1671,1476,2018-08-22 22:07:00
20180822 22:08,494.5,494.5,494.5,494.5,29312,754.0,104136,602.0,1449940000.0,37290000.0,1491,2837,2018-08-22 22:08:00
20180822 22:09,494.5,494.5,494.5,494.5,30040,728.0,103558,-578.0,1485940000.0,36000000.0,3117,3554,2018-08-22 22:09:00
20180822 22:10,494.5,496.0,494.5,496.0,31106,1066.0,104182,624.0,1538740000.0,52800000.0,2911,4266,2018-08-22 22:10:00
20180822 22:11,496.0,496.5,495.5,496.0,31346,240.0,104002,-180.0,1550650000.0,11910000.0,1509,984,2018-08-22 22:11:00
20180822 22:12,496.0,496.0,495.5,495.5,32092,746.0,103408,-594.0,1587650000.0,37000000.0,1704,875,2018-08-22 22:12:00
20180822 22:13,495.5,495.5,495.5,495.5,32112,20.0,103400,-8.0,1588640000.0,990000.0,434,508,2018-08-22 22:13:00
20180822 22:14,495.5,495.5,495.5,495.5,32112,0.0,103400,0.0,1588640000.0,0.0,877,502,2018-08-22 22:14:00
20180822 22:15,495.5,495.5,495.5,495.5,32114,2.0,103402,2.0,1588740000.0,100000.0,1320,363,2018-08-22 22:15:00
20180822 22:16,495.5,495.5,495.5,495.5,33300,1186.0,104252,850.0,1647510000.0,58770000.0,1176,815,2018-08-22 22:16:00
20180822 22:17,495.5,495.5,495.5,495.5,33344,44.0,104256,4.0,1649690000.0,2180000.0,1395,682,2018-08-22 22:17:00
20180822 22:18,495.5,495.5,494.5,494.5,35358,2014.0,103780,-476.0,1749310000.0,99620000.0,3091,3497,2018-08-22 22:18:00
20180822 22:19,494.5,494.5,494.5,494.5,35358,0.0,103780,0.0,1749310000.0,0.0,310,620,2018-08-22 22:19:00
20180822 22:20,494.5,494.5,494.5,494.5,35358,0.0,103780,0.0,1749310000.0,0.0,756,1286,2018-08-22 22:20:00
20180822 22:21,494.5,494.5,494.5,494.5,35396,38.0,103788,8.0,1751190000.0,1880000.0,1175,428,2018-08-22 22:21:00
20180822 22:22,494.5,494.5,494.5,494.5,36036,640.0,103188,-600.0,1782840000.0,31650000.0,538,346,2018-08-22 22:22:00
20180822 22:23,494.5,494.5,494.5,494.5,36036,0.0,103188,0.0,1782840000.0,0.0,269,236,2018-08-22 22:23:00
20180822 22:24,494.5,494.5,494.5,494.5,36082,46.0,103200,12.0,1785110000.0,2270000.0,593,434,2018-08-22 22:24:00
20180822 22:25,494.5,494.5,493.0,493.5,36354,272.0,103030,-170.0,1798540000.0,13430000.0,2469,3054,2018-08-22 22:25:00
20180822 22:26,493.5,493.5,493.0,493.0,36470,116.0,102994,-36.0,1804260000.0,5720000.0,1368,1397,2018-08-22 22:26:00
20180822 22:27,493.0,493.0,493.0,493.0,37190,720.0,103558,564.0,1839750000.0,35490000.0,2616,1302,2018-08-22 22:27:00
20180822 22:28,493.0,494.0,493.0,494.0,37908,718.0,103574,16.0,1875160000.0,35410000.0,1500,2145,2018-08-22 22:28:00
20180822 22:29,494.0,494.0,493.0,493.5,38198,290.0,103618,44.0,1889470000.0,14310000.0,1737,1968,2018-08-22 22:29:00
20180822 22:30,493.5,493.5,493.5,493.5,38860,662.0,103066,-552.0,1922140000.0,32670000.0,887,3723,2018-08-22 22:30:00
20180822 22:31,493.5,493.5,493.5,493.5,39504,644.0,103618,552.0,1953920000.0,31780000.0,2841,646,2018-08-22 22:31:00
20180822 22:32,493.5,493.5,493.5,493.5,39504,0.0,103618,0.0,1953920000.0,0.0,1179,192,2018-08-22 22:32:00
20180822 22:33,493.5,494.0,493.5,494.0,40514,1010.0,103034,-584.0,2003810000.0,49890000.0,2739,1960,2018-08-22 22:33:00
20180822 22:34,494.0,495.0,494.0,495.0,40990,476.0,103166,132.0,2027330000.0,23520000.0,1948,4186,2018-08-22 22:34:00
20180822 22:35,495.0,495.5,495.0,495.0,42382,1392.0,103056,-110.0,2096240000.0,68910000.0,6756,4647,2018-08-22 22:35:00
20180822 22:36,495.0,495.5,495.0,495.0,42742,360.0,103050,-6.0,2114060000.0,17820000.0,1157,4247,2018-08-22 22:36:00
20180822 22:37,495.0,495.5,495.0,495.5,43448,706.0,103600,550.0,2149040000.0,34980000.0,1632,2541,2018-08-22 22:37:00
20180822 22:38,495.5,495.5,495.5,495.5,44470,1022.0,103034,-566.0,2199680000.0,50640000.0,4164,1899,2018-08-22 22:38:00
20180822 22:39,495.5,495.5,495.5,495.5,45164,694.0,102732,-302.0,2234070000.0,34390000.0,2867,824,2018-08-22 22:39:00
20180822 22:40,495.5,496.0,495.0,495.0,45976,812.0,103342,610.0,2274280000.0,40210000.0,1227,1210,2018-08-22 22:40:00
20180822 22:41,495.0,495.0,495.0,495.0,47200,1224.0,103144,-198.0,2334870000.0,60590000.0,954,2620,2018-08-22 22:41:00
20180822 22:42,495.5,495.5,495.5,495.5,47998,798.0,103800,656.0,2374400000.0,39530000.0,1159,1717,2018-08-22 22:42:00
20180822 22:43,495.5,495.5,495.5,495.5,48700,702.0,103180,-620.0,2409190000.0,34790000.0,1928,1386,2018-08-22 22:43:00
20180822 22:44,495.5,495.5,495.5,495.5,48748,48.0,103186,6.0,2411570000.0,2380000.0,1805,1669,2018-08-22 22:44:00
20180822 22:45,495.5,496.5,495.5,496.0,49540,792.0,103730,544.0,2450890000.0,39320000.0,2076,2225,2018-08-22 22:45:00
20180822 22:46,496.0,496.0,496.0,496.0,49540,0.0,103730,0.0,2450890000.0,0.0,764,1283,2018-08-22 22:46:00
20180822 22:47,496.0,496.0,496.0,496.0,49540,0.0,103730,0.0,2450890000.0,0.0,268,233,2018-08-22 22:47:00
20180822 22:48,496.0,496.0,496.0,496.0,49540,0.0,103730,0.0,2450890000.0,0.0,318,664,2018-08-22 22:48:00
20180822 22:49,496.0,496.0,496.0,496.0,49540,0.0,103730,0.0,2450890000.0,0.0,191,605,2018-08-22 22:49:00
20180822 22:50,496.0,496.0,496.0,496.0,49540,0.0,103730,0.0,2450890000.0,0.0,532,998,2018-08-22 22:50:00
20180822 22:51,496.0,496.0,496.0,496.0,49540,0.0,103730,0.0,2450890000.0,0.0,277,614,2018-08-22 22:51:00
20180822 22:52,496.0,496.0,496.0,496.0,49540,0.0,103730,0.0,2450890000.0,0.0,362,436,2018-08-22 22:52:00
20180822 22:54,496.0,496.0,496.0,496.0,49540,0.0,103730,0.0,2450890000.0,0.0,534,1094,2018-08-22 22:54:00
20180822 22:55,496.0,496.0,496.0,496.0,49540,0.0,103730,0.0,2450890000.0,0.0,198,853,2018-08-22 22:55:00
20180822 22:56,496.0,496.0,496.0,496.0,49540,0.0,103730,0.0,2450890000.0,0.0,317,349,2018-08-22 22:56:00
20180822 22:57,495.5,495.5,495.5,495.5,49542,2.0,103728,-2.0,2450990000.0,100000.0,80,50,2018-08-22 22:57:00
20180822 22:58,495.5,495.5,495.5,495.5,49548,6.0,103726,-2.0,2451290000.0,300000.0,594,349,2018-08-22 22:58:00
20180822 22:59,495.5,495.5,495.5,495.5,49578,30.0,103714,-12.0,2452770000.0,1480000.0,244,542,2018-08-22 22:59:00
20180822 23:00,495.5,495.5,495.5,495.5,49578,0.0,103714,0.0,2452770000.0,0.0,322,974,2018-08-22 23:00:00
20180822 23:01,495.5,495.5,495.5,495.5,49582,4.0,103718,4.0,2452970000.0,200000.0,400,639,2018-08-22 23:01:00
20180822 23:02,495.5,495.5,495.5,495.5,50230,648.0,103172,-546.0,2485080000.0,32110000.0,350,912,2018-08-22 23:02:00
20180822 23:03,495.5,495.5,495.0,495.0,51604,1374.0,103754,582.0,2553090000.0,68010000.0,1166,2046,2018-08-22 23:03:00
20180822 23:04,495.0,495.0,494.5,494.5,51608,4.0,103754,0.0,2553290000.0,200000.0,263,1411,2018-08-22 23:04:00
20180822 23:05,494.5,495.0,494.5,495.0,52958,1350.0,102750,-1004.0,2620120000.0,66830000.0,2206,1974,2018-08-22 23:05:00
20180822 23:06,495.0,495.0,495.0,495.0,53004,46.0,102788,38.0,2622390000.0,2270000.0,478,894,2018-08-22 23:06:00
20180822 23:07,495.0,495.0,495.0,495.0,53004,0.0,102788,0.0,2622390000.0,0.0,412,737,2018-08-22 23:07:00
20180822 23:08,495.0,495.5,495.0,495.5,53720,716.0,102774,-14.0,2657870000.0,35480000.0,1732,920,2018-08-22 23:08:00
20180822 23:09,495.5,496.0,495.5,496.0,53744,24.0,102784,10.0,2659060000.0,1190000.0,156,880,2018-08-22 23:09:00
20180822 23:10,495.5,495.5,495.5,495.5,53812,68.0,102794,10.0,2662430000.0,3370000.0,585,800,2018-08-22 23:10:00
20180822 23:11,495.5,496.0,495.5,496.0,53878,66.0,102790,-4.0,2665700000.0,3270000.0,597,440,2018-08-22 23:11:00
20180822 23:12,496.0,496.0,496.0,496.0,53878,0.0,102790,0.0,2665700000.0,0.0,228,395,2018-08-22 23:12:00
20180822 23:13,496.0,496.0,496.0,496.0,53884,6.0,102796,6.0,2666000000.0,300000.0,199,634,2018-08-22 23:13:00
20180822 23:14,496.0,496.0,496.0,496.0,53884,0.0,102796,0.0,2666000000.0,0.0,134,320,2018-08-22 23:14:00
20180822 23:15,496.0,496.0,496.0,496.0,53884,0.0,102796,0.0,2666000000.0,0.0,333,311,2018-08-22 23:15:00
20180822 23:16,496.0,496.0,495.5,495.5,53954,70.0,102780,-16.0,2669470000.0,3470000.0,1370,1607,2018-08-22 23:16:00
20180822 23:17,495.5,495.5,495.5,495.5,53954,0.0,102780,0.0,2669470000.0,0.0,120,73,2018-08-22 23:17:00
20180822 23:18,495.5,495.5,495.5,495.5,53954,0.0,102780,0.0,2669470000.0,0.0,344,332,2018-08-22 23:18:00
20180822 23:19,495.5,495.5,495.5,495.5,53986,32.0,102766,-14.0,2671050000.0,1580000.0,308,110,2018-08-22 23:19:00
20180822 23:20,496.0,496.0,495.5,495.5,54046,60.0,102738,-28.0,2674030000.0,2980000.0,797,1368,2018-08-22 23:20:00
20180822 23:21,495.5,495.5,495.5,495.5,54062,16.0,102734,-4.0,2674820000.0,790000.0,537,496,2018-08-22 23:21:00
20180822 23:22,495.5,495.5,495.5,495.5,54062,0.0,102734,0.0,2674820000.0,0.0,65,48,2018-08-22 23:22:00
20180822 23:23,495.5,495.5,495.5,495.5,54112,50.0,102724,-10.0,2677300000.0,2480000.0,178,130,2018-08-22 23:23:00
20180822 23:24,495.5,495.5,495.5,495.5,54112,0.0,102724,0.0,2677300000.0,0.0,219,135,2018-08-22 23:24:00
20180822 23:25,495.5,496.5,495.5,496.5,54740,628.0,103100,376.0,2708450000.0,31150000.0,963,610,2018-08-22 23:25:00
20180822 23:26,496.5,496.5,496.5,496.5,54740,0.0,103100,0.0,2708450000.0,0.0,208,228,2018-08-22 23:26:00
20180822 23:27,496.5,496.5,496.0,496.5,54768,28.0,103102,2.0,2709830000.0,1380000.0,322,312,2018-08-22 23:27:00
20180822 23:28,496.0,496.5,496.0,496.0,54806,38.0,103108,6.0,2711720000.0,1890000.0,123,103,2018-08-22 23:28:00
20180822 23:29,496.0,497.0,496.0,496.0,55428,622.0,102658,-450.0,2742600000.0,30880000.0,1405,224,2018-08-22 23:29:00
20180823 09:00,487.5,488.0,487.5,487.5,67868,12440.0,108648,5990.0,3301250000.0,558650000.0,15238,2412,2018-08-23 09:00:00
20180823 09:01,487.5,487.5,487.5,487.5,68070,202.0,108664,16.0,3311100000.0,9850000.0,457,1378,2018-08-23 09:01:00
20180823 09:02,487.5,487.5,487.0,487.0,68074,4.0,108660,-4.0,3311300000.0,200000.0,1928,687,2018-08-23 09:02:00
20180823 09:03,487.0,487.5,487.0,487.5,68182,108.0,108720,60.0,3316560000.0,5260000.0,2370,711,2018-08-23 09:03:00
20180823 09:04,487.5,488.5,487.5,488.0,68320,138.0,108728,8.0,3323300000.0,6740000.0,6953,3200,2018-08-23 09:04:00
20180823 09:05,488.0,488.5,488.0,488.5,68364,44.0,108724,-4.0,3325440000.0,2140000.0,4365,2629,2018-08-23 09:05:00
20180823 09:06,488.5,488.5,488.0,488.0,68592,228.0,108634,-90.0,3336570000.0,11130000.0,2361,3849,2018-08-23 09:06:00
20180823 09:07,488.0,488.0,487.5,487.5,68598,6.0,108630,-4.0,3336860000.0,290000.0,2171,2872,2018-08-23 09:07:00
20180823 09:08,488.0,488.5,488.0,488.5,68976,378.0,108682,52.0,3355310000.0,18450000.0,14305,3639,2018-08-23 09:08:00
20180823 09:09,488.5,488.5,488.0,488.0,69218,242.0,108726,44.0,3367120000.0,11810000.0,7346,2952,2018-08-23 09:09:00
20180823 09:10,488.0,488.5,488.0,488.5,69274,56.0,108706,-20.0,3369860000.0,2740000.0,1409,4886,2018-08-23 09:10:00
20180823 09:11,488.5,488.5,488.0,488.0,69290,16.0,108720,14.0,3370640000.0,780000.0,7678,2808,2018-08-23 09:11:00
20180823 09:12,488.0,488.0,488.0,488.0,69304,14.0,108722,2.0,3371320000.0,680000.0,6325,2677,2018-08-23 09:12:00
20180823 09:13,488.0,488.0,487.5,488.0,69566,262.0,108692,-30.0,3384110000.0,12790000.0,3583,3888,2018-08-23 09:13:00
20180823 09:14,488.0,488.0,488.0,488.0,69630,64.0,108682,-10.0,3387230000.0,3120000.0,5035,1246,2018-08-23 09:14:00
20180823 09:15,488.0,488.0,487.5,488.0,69726,96.0,108680,-2.0,3391920000.0,4690000.0,2720,3952,2018-08-23 09:15:00
20180823 09:16,488.0,488.0,487.5,487.5,69728,2.0,108682,2.0,3392010000.0,90000.0,1612,3416,2018-08-23 09:16:00
20180823 09:17,487.5,487.5,487.5,487.5,69828,100.0,108670,-12.0,3396890000.0,4880000.0,2197,3785,2018-08-23 09:17:00
20180823 09:18,487.5,488.0,487.5,488.0,70152,324.0,108690,20.0,3412700000.0,15810000.0,2599,5671,2018-08-23 09:18:00
20180823 09:19,488.0,488.0,488.0,488.0,70178,26.0,108690,0.0,3413970000.0,1270000.0,1737,983,2018-08-23 09:19:00
20180823 09:20,488.0,488.0,488.0,488.0,70190,12.0,108684,-6.0,3414550000.0,580000.0,1677,1709,2018-08-23 09:20:00
20180823 09:21,488.0,488.0,488.0,488.0,70208,18.0,108668,-16.0,3415430000.0,880000.0,1703,680,2018-08-23 09:21:00
20180823 09:22,488.0,488.0,488.0,488.0,70240,32.0,108694,26.0,3416990000.0,1560000.0,1388,679,2018-08-23 09:22:00
20180823 09:23,488.0,488.0,488.0,488.0,70240,0.0,108694,0.0,3416990000.0,0.0,945,453,2018-08-23 09:23:00
20180823 09:24,488.0,488.0,488.0,488.0,70242,2.0,108694,0.0,3417090000.0,100000.0,901,162,2018-08-23 09:24:00
20180823 09:25,488.0,488.0,488.0,488.0,70242,0.0,108694,0.0,3417090000.0,0.0,1370,1194,2018-08-23 09:25:00
20180823 09:26,488.0,488.0,488.0,488.0,70242,0.0,108694,0.0,3417090000.0,0.0,1528,545,2018-08-23 09:26:00
20180823 09:27,488.0,488.0,488.0,488.0,70494,252.0,108818,124.0,3429390000.0,12300000.0,1630,3548,2018-08-23 09:27:00
20180823 09:28,488.0,488.0,487.5,487.5,70712,218.0,108754,-64.0,3440030000.0,10640000.0,1192,3064,2018-08-23 09:28:00
20180823 09:29,487.5,487.5,487.5,487.5,70714,2.0,108756,2.0,3440130000.0,100000.0,957,1720,2018-08-23 09:29:00
20180823 09:30,487.5,488.0,487.5,488.0,70716,2.0,108756,0.0,3440220000.0,90000.0,1970,2588,2018-08-23 09:30:00
20180823 09:31,488.0,488.0,487.5,487.5,70718,2.0,108756,0.0,3440320000.0,100000.0,489,1013,2018-08-23 09:31:00
20180823 09:32,487.5,487.5,487.5,487.5,70720,2.0,108756,0.0,3440420000.0,100000.0,1260,1939,2018-08-23 09:32:00
20180823 09:33,487.5,488.0,487.5,488.0,70722,2.0,108758,2.0,3440520000.0,100000.0,1014,1548,2018-08-23 09:33:00
20180823 09:34,488.0,488.0,487.5,487.5,70726,4.0,108758,0.0,3440710000.0,190000.0,1120,1351,2018-08-23 09:34:00
20180823 09:35,487.5,488.0,487.5,488.0,70742,16.0,108758,0.0,3441490000.0,780000.0,1039,1360,2018-08-23 09:35:00
20180823 09:36,488.0,488.0,488.0,488.0,70742,0.0,108758,0.0,3441490000.0,0.0,1124,2018,2018-08-23 09:36:00
20180823 09:37,488.0,488.0,488.0,488.0,70764,22.0,108758,0.0,3442570000.0,1080000.0,722,928,2018-08-23 09:37:00
20180823 09:38,488.0,488.5,488.0,488.5,71172,408.0,108710,-48.0,3462480000.0,19910000.0,2000,1572,2018-08-23 09:38:00
20180823 09:39,488.5,488.5,488.5,488.5,71172,0.0,108710,0.0,3462480000.0,0.0,1693,1455,2018-08-23 09:39:00
20180823 09:40,489.0,489.0,488.5,489.0,71298,126.0,108692,-18.0,3468640000.0,6160000.0,5592,2740,2018-08-23 09:40:00
20180823 09:41,489.0,489.0,488.0,488.5,71760,462.0,108654,-38.0,3491220000.0,22580000.0,4095,2431,2018-08-23 09:41:00
20180823 09:42,488.5,488.5,488.0,488.0,72230,470.0,108720,66.0,3514150000.0,22930000.0,4246,4043,2018-08-23 09:42:00
20180823 09:43,488.0,488.0,488.0,488.0,72404,174.0,108648,-72.0,3522640000.0,8490000.0,1592,982,2018-08-23 09:43:00
20180823 09:44,488.0,488.0,487.5,488.0,72532,128.0,108602,-46.0,3528890000.0,6250000.0,1578,1111,2018-08-23 09:44:00
20180823 09:45,488.0,488.0,486.5,486.5,73646,1114.0,108540,-62.0,3583170000.0,54280000.0,2929,5826,2018-08-23 09:45:00
20180823 09:46,486.5,486.5,486.5,486.5,73654,8.0,108532,-8.0,3583560000.0,390000.0,1133,2224,2018-08-23 09:46:00
20180823 09:47,486.5,487.5,486.5,487.5,74500,846.0,108812,280.0,3624800000.0,41240000.0,4063,4717,2018-08-23 09:47:00
20180823 09:48,487.5,487.5,487.0,487.0,74702,202.0,108800,-12.0,3634640000.0,9840000.0,3210,3247,2018-08-23 09:48:00
20180823 09:49,487.5,487.5,487.0,487.5,74734,32.0,108800,0.0,3636200000.0,1560000.0,2153,2743,2018-08-23 09:49:00
20180823 09:50,487.5,487.5,487.0,487.0,75394,660.0,108574,-226.0,3668340000.0,32140000.0,3957,4417,2018-08-23 09:50:00
20180823 09:51,487.0,487.0,487.0,487.0,76318,924.0,108698,124.0,3713340000.0,45000000.0,2106,2701,2018-08-23 09:51:00
20180823 09:52,487.0,487.5,487.0,487.5,78050,1732.0,108586,-112.0,3797700000.0,84360000.0,5248,6565,2018-08-23 09:52:00
20180823 09:53,487.5,487.5,487.5,487.5,78432,382.0,108602,16.0,3816320000.0,18620000.0,2832,1960,2018-08-23 09:53:00
20180823 09:54,487.5,487.5,487.5,487.5,78462,30.0,108602,0.0,3817780000.0,1460000.0,1552,1701,2018-08-23 09:54:00
20180823 09:55,487.5,487.5,487.0,487.5,78648,186.0,108576,-26.0,3826850000.0,9070000.0,3266,2922,2018-08-23 09:55:00
20180823 09:56,487.5,487.5,487.5,487.5,78844,196.0,108490,-86.0,3836410000.0,9560000.0,3137,5433,2018-08-23 09:56:00
20180823 09:57,487.5,488.0,487.5,488.0,78912,68.0,108480,-10.0,3839720000.0,3310000.0,2111,2538,2018-08-23 09:57:00
20180823 09:58,488.0,488.0,488.0,488.0,78924,12.0,108480,0.0,3840310000.0,590000.0,1078,1816,2018-08-23 09:58:00
20180823 09:59,488.0,488.5,488.0,488.5,79200,276.0,108472,-8.0,3853780000.0,13470000.0,2818,2628,2018-08-23 09:59:00
20180823 10:00,488.5,489.0,488.0,489.0,79578,378.0,108494,22.0,3872260000.0,18480000.0,5717,8536,2018-08-23 10:00:00
20180823 10:01,489.0,491.0,489.0,490.5,80414,836.0,108348,-146.0,3913260000.0,41000000.0,5302,8730,2018-08-23 10:01:00
20180823 10:02,490.5,491.5,490.5,490.5,80780,366.0,108228,-120.0,3931240000.0,17980000.0,3559,6217,2018-08-23 10:02:00
20180823 10:03,491.0,491.0,490.5,490.5,80970,190.0,108246,18.0,3940560000.0,9320000.0,2967,5494,2018-08-23 10:03:00
20180823 10:04,490.5,490.5,490.0,490.0,80980,10.0,108252,6.0,3941050000.0,490000.0,763,1951,2018-08-23 10:04:00
20180823 10:05,490.0,490.0,489.0,489.5,81462,482.0,108156,-96.0,3964650000.0,23600000.0,2676,3972,2018-08-23 10:05:00
20180823 10:06,489.5,489.5,487.5,488.0,81918,456.0,108192,36.0,3986930000.0,22280000.0,4716,7609,2018-08-23 10:06:00
20180823 10:07,488.0,489.5,488.0,489.5,82402,484.0,108110,-82.0,4010590000.0,23660000.0,5126,5673,2018-08-23 10:07:00
20180823 10:08,489.5,489.5,488.5,488.5,82768,366.0,107982,-128.0,4028480000.0,17890000.0,4615,7428,2018-08-23 10:08:00
20180823 10:09,488.5,489.0,488.5,489.0,82972,204.0,107976,-6.0,4038450000.0,9970000.0,1932,2463,2018-08-23 10:09:00
20180823 10:10,489.0,489.0,489.0,489.0,83124,152.0,107970,-6.0,4045880000.0,7430000.0,3403,2755,2018-08-23 10:10:00
20180823 10:11,489.0,489.0,489.0,489.0,83236,112.0,107996,26.0,4051360000.0,5480000.0,3434,3775,2018-08-23 10:11:00
20180823 10:12,489.0,489.0,487.5,487.5,83396,160.0,107952,-44.0,4059170000.0,7810000.0,4146,4219,2018-08-23 10:12:00
20180823 10:13,487.5,487.5,487.5,487.5,83696,300.0,107884,-68.0,4073790000.0,14620000.0,2231,1961,2018-08-23 10:13:00
20180823 10:14,487.5,487.5,487.5,487.5,83856,160.0,107894,10.0,4081590000.0,7800000.0,2044,887,2018-08-23 10:14:00
20180823 10:30,487.5,487.5,486.5,487.5,84002,146.0,107860,-34.0,4088700000.0,7110000.0,1620,1568,2018-08-23 10:30:00
20180823 10:31,487.5,487.5,487.0,487.0,84062,60.0,107858,-2.0,4091630000.0,2930000.0,2263,6669,2018-08-23 10:31:00
20180823 10:32,487.0,487.5,487.0,487.5,84468,406.0,107792,-66.0,4111400000.0,19770000.0,4284,7005,2018-08-23 10:32:00
20180823 10:33,487.5,488.5,487.5,488.5,84776,308.0,107736,-56.0,4126450000.0,15050000.0,2919,2873,2018-08-23 10:33:00
20180823 10:34,488.5,489.0,488.5,489.0,85554,778.0,107696,-40.0,4164490000.0,38040000.0,5375,2156,2018-08-23 10:34:00
20180823 10:35,489.0,490.5,489.0,490.5,85682,128.0,107662,-34.0,4170770000.0,6280000.0,2747,1265,2018-08-23 10:35:00
20180823 10:36,490.5,490.5,490.0,490.0,85902,220.0,107586,-76.0,4181550000.0,10780000.0,1343,2357,2018-08-23 10:36:00
20180823 10:37,490.0,490.5,490.0,490.5,87548,1646.0,107448,-138.0,4262270000.0,80720000.0,5653,2657,2018-08-23 10:37:00
20180823 10:38,490.0,490.5,490.0,490.5,87732,184.0,107518,70.0,4271300000.0,9030000.0,4757,2867,2018-08-23 10:38:00
20180823 10:39,490.5,490.5,490.0,490.5,88418,686.0,107384,-134.0,4304940000.0,33640000.0,7958,5980,2018-08-23 10:39:00
20180823 10:40,490.5,490.5,490.0,490.0,88428,10.0,107384,0.0,4305430000.0,490000.0,1856,1710,2018-08-23 10:40:00
20180823 10:41,490.0,490.0,489.5,490.0,89164,736.0,107286,-98.0,4341500000.0,36070000.0,4698,4471,2018-08-23 10:41:00
20180823 10:42,490.0,490.0,489.0,489.0,89740,576.0,107212,-74.0,4369710000.0,28210000.0,7530,3191,2018-08-23 10:42:00
20180823 10:43,489.0,489.5,489.0,489.5,90606,866.0,107176,-36.0,4412100000.0,42390000.0,3822,3313,2018-08-23 10:43:00
20180823 10:44,489.5,490.0,489.5,490.0,91108,502.0,107218,42.0,4436680000.0,24580000.0,1889,2214,2018-08-23 10:44:00
20180823 10:45,489.5,490.0,489.5,489.5,91878,770.0,107226,8.0,4474380000.0,37700000.0,5478,3279,2018-08-23 10:45:00
20180823 10:46,489.5,489.5,489.0,489.0,92160,282.0,107126,-100.0,4488170000.0,13790000.0,1953,6355,2018-08-23 10:46:00
20180823 10:47,489.0,489.0,488.5,488.5,92264,104.0,107094,-32.0,4493260000.0,5090000.0,2630,5880,2018-08-23 10:47:00
20180823 10:48,488.5,488.5,487.5,488.0,92512,248.0,107238,144.0,4505360000.0,12100000.0,3175,5160,2018-08-23 10:48:00
20180823 10:49,488.0,488.0,488.0,488.0,92642,130.0,107226,-12.0,4511710000.0,6350000.0,2293,3217,2018-08-23 10:49:00
20180823 10:50,488.0,488.5,488.0,488.5,93188,546.0,107256,30.0,4538380000.0,26670000.0,4231,2581,2018-08-23 10:50:00
20180823 10:51,488.5,489.5,488.5,489.5,93962,774.0,106916,-340.0,4576210000.0,37830000.0,3092,8027,2018-08-23 10:51:00
20180823 10:52,489.5,489.5,489.0,489.0,93966,4.0,106918,2.0,4576400000.0,190000.0,672,529,2018-08-23 10:52:00
20180823 10:53,489.0,489.0,489.0,489.0,93966,0.0,106918,0.0,4576400000.0,0.0,827,853,2018-08-23 10:53:00
20180823 10:54,489.0,489.0,489.0,489.0,94016,50.0,106920,2.0,4578850000.0,2450000.0,5169,741,2018-08-23 10:54:00
20180823 10:55,489.0,489.0,488.5,488.5,94118,102.0,106866,-54.0,4583830000.0,4980000.0,1766,1352,2018-08-23 10:55:00
20180823 10:56,488.5,488.5,488.0,488.0,94350,232.0,106692,-174.0,4595170000.0,11340000.0,2461,2230,2018-08-23 10:56:00
20180823 10:57,488.0,488.0,488.0,488.0,94350,0.0,106692,0.0,4595170000.0,0.0,378,443,2018-08-23 10:57:00
20180823 10:58,488.0,488.0,488.0,488.0,94414,64.0,106688,-4.0,4598290000.0,3120000.0,1104,1728,2018-08-23 10:58:00
20180823 10:59,488.0,488.5,488.0,488.5,94470,56.0,106682,-6.0,4601020000.0,2730000.0,961,902,2018-08-23 10:59:00
20180823 11:00,488.5,488.5,488.5,488.5,95152,682.0,106648,-34.0,4634340000.0,33320000.0,2889,1775,2018-08-23 11:00:00
20180823 11:01,488.5,489.0,488.5,489.0,95364,212.0,106658,10.0,4644700000.0,10360000.0,1209,1028,2018-08-23 11:01:00
20180823 11:02,489.0,489.5,489.0,489.0,95782,418.0,106768,110.0,4665150000.0,20450000.0,5280,1885,2018-08-23 11:02:00
20180823 11:03,489.0,489.0,488.5,489.0,96416,634.0,106812,44.0,4696150000.0,31000000.0,1446,1475,2018-08-23 11:03:00
20180823 11:04,489.0,489.0,489.0,489.0,97068,652.0,106816,4.0,4728030000.0,31880000.0,962,1241,2018-08-23 11:04:00
20180823 11:05,489.0,489.0,489.0,489.0,97068,0.0,106816,0.0,4728030000.0,0.0,197,345,2018-08-23 11:05:00
20180823 11:06,489.0,489.0,489.0,489.0,97194,126.0,106764,-52.0,4734190000.0,6160000.0,1003,863,2018-08-23 11:06:00
20180823 11:07,489.0,489.0,489.0,489.0,97294,100.0,106766,2.0,4739080000.0,4890000.0,507,720,2018-08-23 11:07:00
20180823 11:08,489.0,489.5,488.5,489.5,97496,202.0,106762,-4.0,4748960000.0,9880000.0,1992,2235,2018-08-23 11:08:00
20180823 11:09,489.5,489.5,489.0,489.5,98916,1420.0,106818,56.0,4818460000.0,69500000.0,10485,2364,2018-08-23 11:09:00
20180823 11:10,489.5,489.5,489.5,489.5,98916,0.0,106818,0.0,4818460000.0,0.0,1210,1265,2018-08-23 11:10:00
20180823 11:11,489.5,489.5,489.0,489.0,98920,4.0,106818,0.0,4818650000.0,190000.0,1200,713,2018-08-23 11:11:00
20180823 11:12,489.0,489.0,489.0,489.0,98920,0.0,106818,0.0,4818650000.0,0.0,1586,1544,2018-08-23 11:12:00
20180823 11:13,489.0,489.0,489.0,489.0,98942,22.0,106802,-16.0,4819730000.0,1080000.0,1522,1417,2018-08-23 11:13:00
20180823 11:14,489.0,489.0,489.0,489.0,98944,2.0,106802,0.0,4819830000.0,100000.0,388,333,2018-08-23 11:14:00
20180823 11:15,489.0,489.0,489.0,489.0,98944,0.0,106802,0.0,4819830000.0,0.0,638,584,2018-08-23 11:15:00
20180823 11:16,489.0,489.5,489.0,489.5,99054,110.0,106790,-12.0,4825210000.0,5380000.0,1552,1322,2018-08-23 11:16:00
20180823 11:17,489.5,489.5,489.5,489.5,99160,106.0,106688,-102.0,4830400000.0,5190000.0,1161,1238,2018-08-23 11:17:00
20180823 11:18,489.5,489.5,489.5,489.5,99168,8.0,106680,-8.0,4830790000.0,390000.0,412,900,2018-08-23 11:18:00
20180823 11:19,489.5,489.5,489.0,489.0,100430,1262.0,106724,44.0,4892500000.0,61710000.0,4234,938,2018-08-23 11:19:00
20180823 11:20,489.0,489.0,489.0,489.0,100448,18.0,106738,14.0,4893380000.0,880000.0,215,807,2018-08-23 11:20:00
20180823 11:21,489.5,489.5,489.5,489.5,101746,1298.0,106692,-46.0,4956920000.0,63540000.0,2026,1053,2018-08-23 11:21:00
20180823 11:22,489.5,489.5,489.5,489.5,101746,0.0,106692,0.0,4956920000.0,0.0,823,1488,2018-08-23 11:22:00
20180823 11:23,489.5,489.5,489.5,489.5,101950,204.0,106708,16.0,4966910000.0,9990000.0,2100,869,2018-08-23 11:23:00
20180823 11:24,489.5,490.0,489.5,490.0,101998,48.0,106702,-6.0,4969260000.0,2350000.0,827,335,2018-08-23 11:24:00
20180823 11:25,490.0,490.5,490.0,490.0,102942,944.0,106700,-2.0,5015520000.0,46260000.0,4692,1081,2018-08-23 11:25:00
20180823 11:26,490.0,490.0,490.0,490.0,102942,0.0,106700,0.0,5015520000.0,0.0,338,263,2018-08-23 11:26:00
20180823 11:27,490.0,490.0,489.5,489.5,103080,138.0,106664,-36.0,5022270000.0,6750000.0,1648,5609,2018-08-23 11:27:00
20180823 11:28,489.5,489.5,489.5,489.5,103248,168.0,106788,124.0,5030490000.0,8220000.0,889,3062,2018-08-23 11:28:00
20180823 11:29,489.5,489.5,489.5,489.5,103280,32.0,106772,-16.0,5032060000.0,1570000.0,1060,1494,2018-08-23 11:29:00
20180823 13:30,490.0,490.0,489.5,490.0,103380,100.0,106758,-14.0,5036960000.0,4900000.0,1574,1490,2018-08-23 13:30:00
20180823 13:31,490.0,490.5,490.0,490.5,103458,78.0,106772,14.0,5040780000.0,3820000.0,1424,1105,2018-08-23 13:31:00
20180823 13:32,490.5,490.5,490.0,490.5,103696,238.0,106790,18.0,5052450000.0,11670000.0,603,588,2018-08-23 13:32:00
20180823 13:33,490.5,490.5,490.5,490.5,104256,560.0,106908,118.0,5079920000.0,27470000.0,681,619,2018-08-23 13:33:00
20180823 13:34,490.5,490.5,490.5,490.5,104258,2.0,106908,0.0,5080020000.0,100000.0,91,158,2018-08-23 13:34:00
20180823 13:35,490.0,490.0,490.0,490.0,104312,54.0,106912,4.0,5082660000.0,2640000.0,1203,1031,2018-08-23 13:35:00
20180823 13:36,490.0,490.0,490.0,490.0,104544,232.0,106828,-84.0,5094030000.0,11370000.0,1007,1036,2018-08-23 13:36:00
20180823 13:37,490.0,490.0,490.0,490.0,105380,836.0,106352,-476.0,5135000000.0,40970000.0,716,240,2018-08-23 13:37:00
20180823 13:38,490.0,490.0,489.5,489.5,105448,68.0,106354,2.0,5138330000.0,3330000.0,1258,2158,2018-08-23 13:38:00
20180823 13:39,489.5,489.5,489.5,489.5,106962,1514.0,106528,174.0,5212440000.0,74110000.0,2911,5601,2018-08-23 13:39:00
20180823 13:40,489.5,489.5,489.5,489.5,108538,1576.0,106508,-20.0,5289580000.0,77140000.0,2113,4199,2018-08-23 13:40:00
20180823 13:41,489.5,489.5,489.5,489.5,110064,1526.0,106490,-18.0,5364280000.0,74700000.0,1895,5974,2018-08-23 13:41:00
20180823 13:42,489.5,489.5,489.5,489.5,110682,618.0,106502,12.0,5394530000.0,30250000.0,544,7384,2018-08-23 13:42:00
20180823 13:43,489.5,489.5,489.5,489.5,110684,2.0,106504,2.0,5394630000.0,100000.0,183,265,2018-08-23 13:43:00
20180823 13:44,489.5,489.5,489.5,489.5,110736,52.0,106516,12.0,5397170000.0,2540000.0,759,885,2018-08-23 13:44:00
20180823 13:45,489.5,489.5,489.5,489.5,110752,16.0,106510,-6.0,5397960000.0,790000.0,928,1977,2018-08-23 13:45:00
20180823 13:46,489.5,489.5,489.0,489.0,110760,8.0,106504,-6.0,5398350000.0,390000.0,458,363,2018-08-23 13:46:00
20180823 13:47,489.0,489.0,489.0,489.0,110770,10.0,106500,-4.0,5398840000.0,490000.0,393,273,2018-08-23 13:47:00
20180823 13:48,489.0,489.0,489.0,489.0,110796,26.0,106476,-24.0,5400110000.0,1270000.0,514,188,2018-08-23 13:48:00
20180823 13:49,489.0,489.5,489.0,489.5,111746,950.0,106334,-142.0,5446570000.0,46460000.0,933,2902,2018-08-23 13:49:00
20180823 13:50,489.5,489.5,489.0,489.0,111818,72.0,106334,0.0,5450090000.0,3520000.0,1061,2342,2018-08-23 13:50:00
20180823 13:51,489.0,489.0,489.0,489.0,111826,8.0,106328,-6.0,5450480000.0,390000.0,345,338,2018-08-23 13:51:00
20180823 13:52,489.0,489.0,489.0,489.0,111832,6.0,106330,2.0,5450780000.0,300000.0,341,981,2018-08-23 13:52:00
20180823 13:53,489.0,489.0,489.0,489.0,111840,8.0,106324,-6.0,5451170000.0,390000.0,395,2903,2018-08-23 13:53:00
20180823 13:54,489.0,489.0,488.5,488.5,111850,10.0,106324,0.0,5451660000.0,490000.0,432,2114,2018-08-23 13:54:00
20180823 13:55,488.5,489.0,488.5,489.0,111852,2.0,106324,0.0,5451760000.0,100000.0,309,1098,2018-08-23 13:55:00
20180823 13:56,488.5,488.5,488.5,488.5,112374,522.0,106482,158.0,5477250000.0,25490000.0,1746,4209,2018-08-23 13:56:00
20180823 13:57,488.5,489.0,488.5,488.5,112646,272.0,106378,-104.0,5490550000.0,13300000.0,491,1720,2018-08-23 13:57:00
20180823 13:58,488.5,488.5,488.5,488.5,112658,12.0,106376,-2.0,5491130000.0,580000.0,480,1731,2018-08-23 13:58:00
20180823 13:59,489.0,489.0,489.0,489.0,112660,2.0,106378,2.0,5491230000.0,100000.0,47,240,2018-08-23 13:59:00
20180823 14:00,489.0,489.0,488.5,489.0,114944,2284.0,106716,338.0,5602920000.0,111690000.0,4309,3473,2018-08-23 14:00:00
20180823 14:01,489.0,489.0,488.5,489.0,115098,154.0,106718,2.0,5610450000.0,7530000.0,4859,4150,2018-08-23 14:01:00
20180823 14:02,489.0,489.0,488.5,488.5,116054,956.0,106898,180.0,5657190000.0,46740000.0,5627,4903,2018-08-23 14:02:00
20180823 14:03,489.0,489.0,488.5,488.5,116166,112.0,106800,-98.0,5662660000.0,5470000.0,3342,2347,2018-08-23 14:03:00
20180823 14:04,488.5,488.5,488.5,488.5,116258,92.0,106762,-38.0,5667160000.0,4500000.0,1098,1703,2018-08-23 14:04:00
20180823 14:05,488.0,488.5,488.0,488.5,116264,6.0,106758,-4.0,5667450000.0,290000.0,223,774,2018-08-23 14:05:00
20180823 14:06,488.5,488.5,488.0,488.0,116554,290.0,106850,92.0,5681600000.0,14150000.0,2104,2051,2018-08-23 14:06:00
20180823 14:07,488.0,488.0,488.0,488.0,116906,352.0,106852,2.0,5698780000.0,17180000.0,1802,2839,2018-08-23 14:07:00
20180823 14:08,488.0,488.0,487.0,487.0,117060,154.0,106948,96.0,5706280000.0,7500000.0,3078,3519,2018-08-23 14:08:00
20180823 14:09,487.5,488.0,487.5,487.5,117196,136.0,106832,-116.0,5712910000.0,6630000.0,2692,1976,2018-08-23 14:09:00
20180823 14:10,487.0,487.0,487.0,487.0,117206,10.0,106838,6.0,5713400000.0,490000.0,1176,2436,2018-08-23 14:10:00
20180823 14:11,487.0,487.5,487.0,487.5,117872,666.0,106830,-8.0,5745860000.0,32460000.0,918,1249,2018-08-23 14:11:00
20180823 14:12,487.5,488.0,487.5,488.0,118004,132.0,106896,66.0,5752300000.0,6440000.0,1343,662,2018-08-23 14:12:00
20180823 14:13,488.0,488.0,487.5,487.5,118872,868.0,106840,-56.0,5794620000.0,42320000.0,2822,2080,2018-08-23 14:13:00
20180823 14:14,487.5,487.5,487.5,487.5,119604,732.0,106822,-18.0,5830300000.0,35680000.0,3080,3266,2018-08-23 14:14:00
20180823 14:15,487.5,487.5,487.5,487.5,119604,0.0,106822,0.0,5830300000.0,0.0,2516,2838,2018-08-23 14:15:00
20180823 14:16,487.5,487.5,487.0,487.0,119636,32.0,106822,0.0,5831860000.0,1560000.0,2434,1835,2018-08-23 14:16:00
20180823 14:17,487.0,487.0,487.0,487.0,119642,6.0,106822,0.0,5832150000.0,290000.0,2173,921,2018-08-23 14:17:00
20180823 14:18,487.0,487.0,486.0,486.0,120716,1074.0,106872,50.0,5884400000.0,52250000.0,4063,3752,2018-08-23 14:18:00
20180823 14:19,485.5,486.0,485.5,486.0,121602,886.0,106904,32.0,5927460000.0,43060000.0,2624,2028,2018-08-23 14:19:00
20180823 14:20,486.0,486.5,486.0,486.0,122376,774.0,106916,12.0,5965070000.0,37610000.0,2159,4240,2018-08-23 14:20:00
20180823 14:21,486.0,486.0,486.0,486.0,122422,46.0,106910,-6.0,5967310000.0,2240000.0,1690,790,2018-08-23 14:21:00
20180823 14:22,486.0,486.0,485.5,486.0,123196,774.0,106640,-270.0,6004930000.0,37620000.0,566,1032,2018-08-23 14:22:00
20180823 14:23,486.0,487.0,486.0,486.5,123490,294.0,106644,4.0,6019230000.0,14300000.0,9163,2227,2018-08-23 14:23:00
20180823 14:24,486.5,487.0,486.0,487.0,125802,2312.0,106972,328.0,6131710000.0,112480000.0,6709,2765,2018-08-23 14:24:00
20180823 14:25,487.0,487.0,486.0,486.0,125910,108.0,106992,20.0,6136960000.0,5250000.0,4540,2532,2018-08-23 14:25:00
20180823 14:26,486.0,486.0,486.0,486.0,125916,6.0,106990,-2.0,6137260000.0,300000.0,1694,251,2018-08-23 14:26:00
20180823 14:27,486.0,486.0,485.5,485.5,126036,120.0,106988,-2.0,6143090000.0,5830000.0,3642,1428,2018-08-23 14:27:00
20180823 14:28,485.5,485.5,485.5,485.5,126104,68.0,106996,8.0,6146390000.0,3300000.0,3944,3287,2018-08-23 14:28:00
20180823 14:29,485.5,485.5,485.0,485.0,127210,1106.0,106974,-22.0,6200030000.0,53640000.0,3130,2182,2018-08-23 14:29:00
20180823 14:30,485.0,485.0,484.5,484.5,127972,762.0,107026,52.0,6236950000.0,36920000.0,3059,2776,2018-08-23 14:30:00
20180823 14:31,484.5,484.5,484.0,484.0,128098,126.0,107044,18.0,6243060000.0,6110000.0,2375,1876,2018-08-23 14:31:00
20180823 14:32,484.0,484.0,483.5,483.5,128266,168.0,107060,16.0,6251190000.0,8130000.0,2953,2573,2018-08-23 14:32:00
20180823 14:33,483.5,484.0,483.5,484.0,128948,682.0,107044,-16.0,6284200000.0,33010000.0,1675,2312,2018-08-23 14:33:00
20180823 14:34,483.5,484.0,483.5,484.0,129020,72.0,107016,-28.0,6287680000.0,3480000.0,1739,1994,2018-08-23 14:34:00
20180823 14:35,484.0,484.5,484.0,484.5,129112,92.0,107008,-8.0,6292130000.0,4450000.0,1956,2670,2018-08-23 14:35:00
20180823 14:36,485.0,485.0,484.5,484.5,129124,12.0,107018,10.0,6292720000.0,590000.0,611,1342,2018-08-23 14:36:00
20180823 14:37,484.5,485.0,484.5,485.0,129192,68.0,107006,-12.0,6296010000.0,3290000.0,1725,1315,2018-08-23 14:37:00
20180823 14:38,485.0,485.0,485.0,485.0,129334,142.0,107026,20.0,6302900000.0,6890000.0,2866,2755,2018-08-23 14:38:00
20180823 14:39,485.0,485.0,485.0,485.0,131106,1772.0,106560,-466.0,6388840000.0,85940000.0,1138,2142,2018-08-23 14:39:00
20180823 14:40,485.0,485.0,484.5,484.5,131136,30.0,106558,-2.0,6390300000.0,1460000.0,1475,686,2018-08-23 14:40:00
20180823 14:41,484.5,485.0,484.0,484.5,131170,34.0,106570,12.0,6391940000.0,1640000.0,2334,659,2018-08-23 14:41:00
20180823 14:42,484.5,484.5,484.5,484.5,131170,0.0,106570,0.0,6391940000.0,0.0,2420,392,2018-08-23 14:42:00
20180823 14:43,484.5,484.5,484.5,484.5,131278,108.0,106566,-4.0,6397180000.0,5240000.0,4754,3531,2018-08-23 14:43:00
20180823 14:44,484.5,485.0,484.0,484.5,132582,1304.0,106584,18.0,6460360000.0,63180000.0,5697,3073,2018-08-23 14:44:00
20180823 14:45,484.5,485.0,484.5,485.0,132750,168.0,106588,4.0,6468500000.0,8140000.0,959,2127,2018-08-23 14:45:00
20180823 14:46,485.0,485.0,485.0,485.0,132760,10.0,106588,0.0,6468990000.0,490000.0,224,340,2018-08-23 14:46:00
20180823 14:47,485.0,485.0,484.5,485.0,132860,100.0,106564,-24.0,6473840000.0,4850000.0,925,1863,2018-08-23 14:47:00
20180823 14:48,485.0,485.0,485.0,485.0,133440,580.0,107010,446.0,6501970000.0,28130000.0,501,520,2018-08-23 14:48:00
20180823 14:49,485.0,485.0,485.0,485.0,133442,2.0,107012,2.0,6502060000.0,90000.0,422,744,2018-08-23 14:49:00
20180823 14:50,485.0,485.0,485.0,485.0,133454,12.0,107012,0.0,6502650000.0,590000.0,207,201,2018-08-23 14:50:00
20180823 14:51,485.0,485.0,485.0,485.0,133522,68.0,107026,14.0,6505940000.0,3290000.0,404,472,2018-08-23 14:51:00
20180823 14:52,485.0,485.5,485.0,485.5,133592,70.0,107034,8.0,6509340000.0,3400000.0,812,609,2018-08-23 14:52:00
20180823 14:53,485.5,485.5,485.5,485.5,133594,2.0,107032,-2.0,6509440000.0,100000.0,230,259,2018-08-23 14:53:00
20180823 14:54,485.5,485.5,485.5,485.5,133620,26.0,107038,6.0,6510700000.0,1260000.0,998,520,2018-08-23 14:54:00
20180823 14:55,485.5,485.5,485.0,485.0,133682,62.0,107028,-10.0,6513710000.0,3010000.0,850,566,2018-08-23 14:55:00
20180823 14:56,485.0,485.0,485.0,485.0,133686,4.0,107028,0.0,6513900000.0,190000.0,183,19,2018-08-23 14:56:00
20180823 14:57,485.0,485.5,485.0,485.0,133844,158.0,107042,14.0,6521570000.0,7670000.0,3262,1130,2018-08-23 14:57:00
20180823 14:58,485.0,485.0,484.5,485.0,133946,102.0,107024,-18.0,6526510000.0,4940000.0,1041,396,2018-08-23 14:58:00
20180823 14:59,485.0,485.5,484.5,484.5,134580,634.0,106544,-480.0,6557260000.0,30750000.0,371,2364,2018-08-23 14:59:00
20180823 15:00,484.5,484.5,484.5,484.5,134580,0.0,106544,0.0,6557260000.0,0.0,8,14,2018-08-23 15:00:00
20180823 20:59,482.5,482.5,482.5,482.5,1292,1292.0,107296,752.0,62339000.0,62339000.0,1,2,2018-08-23 20:59:00
20180823 21:00,482.5,484.0,482.5,484.0,1542,250.0,107290,-6.0,74430400.0,12091400.0,1667,2664,2018-08-23 21:00:00
20180823 21:01,484.0,484.0,484.0,484.0,1724,182.0,107278,-12.0,83239200.0,8808800.0,1545,2154,2018-08-23 21:01:00
20180823 21:02,484.5,485.0,484.5,484.5,2044,320.0,107296,18.0,98756900.0,15517700.0,3339,2538,2018-08-23 21:02:00
20180823 21:03,484.5,484.5,484.5,484.5,2080,36.0,107312,16.0,100501000.0,1744100.0,1018,1055,2018-08-23 21:03:00
20180823 21:04,484.5,484.5,484.0,484.0,2084,4.0,107314,2.0,100695000.0,194000.0,1899,2266,2018-08-23 21:04:00
20180823 21:05,484.5,484.5,484.0,484.0,2230,146.0,107350,36.0,107762000.0,7067000.0,2806,1764,2018-08-23 21:05:00
20180823 21:06,484.0,484.5,484.0,484.5,2328,98.0,107348,-2.0,112510000.0,4748000.0,1758,1987,2018-08-23 21:06:00
20180823 21:07,484.5,485.0,484.0,484.5,4106,1778.0,107484,136.0,198653000.0,86143000.0,3850,4141,2018-08-23 21:07:00
20180823 21:08,484.5,485.0,484.5,484.5,4142,36.0,107490,6.0,200398000.0,1745000.0,3669,1820,2018-08-23 21:08:00
20180823 21:09,484.5,485.5,484.0,485.5,5064,922.0,106966,-524.0,245082000.0,44684000.0,3933,6487,2018-08-23 21:09:00
20180823 21:10,485.5,486.0,485.5,486.0,5990,926.0,107456,490.0,290051000.0,44969000.0,1944,10340,2018-08-23 21:10:00
20180823 21:11,486.0,486.5,485.5,486.5,7922,1932.0,106938,-518.0,383940000.0,93889000.0,2884,8357,2018-08-23 21:11:00
20180823 21:12,486.5,488.0,486.0,487.5,8372,450.0,106932,-6.0,405872000.0,21932000.0,2129,5141,2018-08-23 21:12:00
20180823 21:13,487.0,487.0,486.5,487.0,9116,744.0,107502,570.0,442102000.0,36230000.0,2131,9124,2018-08-23 21:13:00
20180823 21:14,487.0,487.0,486.5,486.5,9892,776.0,106856,-646.0,479855000.0,37753000.0,1746,6288,2018-08-23 21:14:00
20180823 21:15,486.5,486.5,485.5,485.5,10268,376.0,106860,4.0,498129000.0,18274000.0,4228,4811,2018-08-23 21:15:00
20180823 21:16,485.5,485.5,485.5,485.5,10856,588.0,107438,578.0,526676000.0,28547000.0,2413,7528,2018-08-23 21:16:00
20180823 21:17,485.5,486.0,485.5,486.0,11000,144.0,107386,-52.0,533669000.0,6993000.0,1275,3325,2018-08-23 21:17:00
20180823 21:18,486.0,486.5,486.0,486.5,11892,892.0,106768,-618.0,577030000.0,43361000.0,3377,4204,2018-08-23 21:18:00
20180823 21:19,486.5,487.0,486.5,487.0,12004,112.0,106788,20.0,582479000.0,5449000.0,2100,4280,2018-08-23 21:19:00
20180823 21:20,487.0,487.0,486.5,486.5,12288,284.0,106920,132.0,596296000.0,13817000.0,4932,6715,2018-08-23 21:20:00
20180823 21:21,486.5,486.5,486.5,486.5,12390,102.0,106948,28.0,601258000.0,4962000.0,2281,5354,2018-08-23 21:21:00
20180823 21:22,486.5,486.5,486.5,486.5,12620,230.0,106894,-54.0,612448000.0,11190000.0,4209,2583,2018-08-23 21:22:00
20180823 21:23,486.5,486.5,486.5,486.5,14748,2128.0,106818,-76.0,715975000.0,103527000.0,4176,6078,2018-08-23 21:23:00
20180823 21:24,486.5,486.5,486.5,486.5,14764,16.0,106824,6.0,716753000.0,778000.0,1515,1544,2018-08-23 21:24:00
20180823 21:25,486.5,486.5,486.5,486.5,14764,0.0,106824,0.0,716753000.0,0.0,698,457,2018-08-23 21:25:00
20180823 21:26,486.5,487.0,486.5,487.0,14924,160.0,106914,90.0,724538000.0,7785000.0,3335,1611,2018-08-23 21:26:00
20180823 21:27,487.0,487.0,486.5,487.0,15096,172.0,107002,88.0,732906000.0,8368000.0,4400,2028,2018-08-23 21:27:00
20180823 21:28,487.0,487.0,486.5,486.5,15192,96.0,107022,20.0,737577000.0,4671000.0,2771,3089,2018-08-23 21:28:00
20180823 21:29,486.5,487.0,486.5,486.5,15206,14.0,107022,0.0,738258000.0,681000.0,3450,1587,2018-08-23 21:29:00
20180823 21:30,486.5,486.5,486.5,486.5,16048,842.0,107064,42.0,779222000.0,40964000.0,2473,4508,2018-08-23 21:30:00
20180823 21:31,486.5,486.5,486.5,486.5,16122,74.0,107066,2.0,782822000.0,3600000.0,2431,1585,2018-08-23 21:31:00
20180823 21:32,486.5,486.5,486.0,486.0,16314,192.0,107174,108.0,792155000.0,9333000.0,1717,1242,2018-08-23 21:32:00
20180823 21:33,486.0,486.0,486.0,486.0,17630,1316.0,107202,28.0,856113000.0,63958000.0,1219,4451,2018-08-23 21:33:00
20180823 21:34,486.0,486.0,485.5,486.0,17672,42.0,107196,-6.0,858153000.0,2040000.0,854,5050,2018-08-23 21:34:00
20180823 21:35,486.0,486.5,486.0,486.0,17828,156.0,107198,2.0,865738000.0,7585000.0,2240,3845,2018-08-23 21:35:00
20180823 21:36,486.0,486.0,486.0,486.0,17844,16.0,107202,4.0,866516000.0,778000.0,1625,353,2018-08-23 21:36:00
20180823 21:37,486.0,486.0,486.0,486.0,17884,40.0,107236,34.0,868460000.0,1944000.0,877,5349,2018-08-23 21:37:00
20180823 21:38,486.0,486.0,486.0,486.0,17898,14.0,107224,-12.0,869140000.0,680000.0,462,3578,2018-08-23 21:38:00
20180823 21:39,486.0,486.0,486.0,486.0,17898,0.0,107224,0.0,869140000.0,0.0,251,3439,2018-08-23 21:39:00
20180823 21:40,486.0,486.0,486.0,486.0,18670,772.0,107220,-4.0,906659000.0,37519000.0,1192,4843,2018-08-23 21:40:00
20180823 21:41,486.0,486.0,486.0,486.0,18764,94.0,107226,6.0,911228000.0,4569000.0,1349,4661,2018-08-23 21:41:00
20180823 21:42,486.0,486.0,485.0,485.5,19128,364.0,107266,40.0,928906000.0,17678000.0,3080,5321,2018-08-23 21:42:00
20180823 21:43,485.5,485.5,485.0,485.0,19486,358.0,107254,-12.0,946274000.0,17368000.0,2198,4649,2018-08-23 21:43:00
20180823 21:44,485.0,485.0,485.0,485.0,19514,28.0,107262,8.0,947632000.0,1358000.0,2005,1985,2018-08-23 21:44:00
20180823 21:45,485.0,485.5,485.0,485.5,20692,1178.0,108074,812.0,1004810000.0,57178000.0,3424,3635,2018-08-23 21:45:00
20180823 21:46,485.5,485.5,485.0,485.0,20700,8.0,108074,0.0,1005200000.0,390000.0,964,1018,2018-08-23 21:46:00
20180823 21:47,485.0,485.5,485.0,485.5,20756,56.0,108064,-10.0,1007920000.0,2720000.0,1164,1325,2018-08-23 21:47:00
20180823 21:48,485.5,486.0,485.5,486.0,20758,2.0,108066,2.0,1008010000.0,90000.0,492,196,2018-08-23 21:48:00
20180823 21:49,485.5,485.5,484.0,484.5,21640,882.0,107628,-438.0,1050790000.0,42780000.0,2182,1677,2018-08-23 21:49:00
20180823 21:50,484.5,484.5,484.5,484.5,21712,72.0,107628,0.0,1054280000.0,3490000.0,903,1702,2018-08-23 21:50:00
20180823 21:51,484.5,484.5,484.0,484.0,23134,1422.0,107648,20.0,1123170000.0,68890000.0,2188,1867,2018-08-23 21:51:00
20180823 21:52,484.0,484.5,484.0,484.5,23200,66.0,107642,-6.0,1126360000.0,3190000.0,5070,2083,2018-08-23 21:52:00
20180823 21:53,484.5,484.5,484.5,484.5,23202,2.0,107644,2.0,1126460000.0,100000.0,861,999,2018-08-23 21:53:00
20180823 21:54,484.5,485.0,484.5,484.5,23932,730.0,108232,588.0,1161830000.0,35370000.0,6672,1763,2018-08-23 21:54:00
20180823 21:55,484.5,485.0,484.5,485.0,23938,6.0,108234,2.0,1162120000.0,290000.0,2246,1312,2018-08-23 21:55:00
20180823 21:56,485.0,485.0,485.0,485.0,24568,630.0,107672,-562.0,1192670000.0,30550000.0,4658,1571,2018-08-23 21:56:00
20180823 21:57,485.0,486.5,485.0,486.5,25316,748.0,108170,498.0,1228990000.0,36320000.0,1631,1413,2018-08-23 21:57:00
20180823 21:58,486.5,486.5,486.5,486.5,26210,894.0,107602,-568.0,1272490000.0,43500000.0,5830,3884,2018-08-23 21:58:00
20180823 21:59,486.5,487.0,486.0,486.0,27098,888.0,107538,-64.0,1315690000.0,43200000.0,3892,2821,2018-08-23 21:59:00
20180823 22:00,486.0,486.0,486.0,486.0,27222,124.0,107532,-6.0,1321720000.0,6030000.0,3462,3527,2018-08-23 22:00:00
20180823 22:01,486.5,486.5,486.5,486.5,27564,342.0,107508,-24.0,1338350000.0,16630000.0,2299,2442,2018-08-23 22:01:00
20180823 22:02,486.5,486.5,486.0,486.0,28178,614.0,108094,586.0,1368190000.0,29840000.0,1511,412,2018-08-23 22:02:00
20180823 22:03,486.0,486.0,486.0,486.0,28214,36.0,108078,-16.0,1369940000.0,1750000.0,1124,1096,2018-08-23 22:03:00
20180823 22:04,486.0,488.0,486.0,488.0,29174,960.0,107582,-496.0,1416660000.0,46720000.0,3369,5383,2018-08-23 22:04:00
20180823 22:05,488.0,488.0,487.0,487.0,29398,224.0,107520,-62.0,1427580000.0,10920000.0,1844,1868,2018-08-23 22:05:00
20180823 22:06,487.0,487.0,487.0,487.0,29548,150.0,107566,46.0,1434880000.0,7300000.0,1244,1827,2018-08-23 22:06:00
20180823 22:07,487.0,487.5,487.0,487.5,29734,186.0,107510,-56.0,1443950000.0,9070000.0,773,716,2018-08-23 22:07:00
20180823 22:08,487.5,488.0,487.0,487.0,31884,2150.0,107946,436.0,1548730000.0,104780000.0,3368,2695,2018-08-23 22:08:00
20180823 22:09,487.0,487.0,486.5,486.5,32862,978.0,107614,-332.0,1596310000.0,47580000.0,2119,1471,2018-08-23 22:09:00
20180823 22:10,486.5,486.5,486.0,486.5,32992,130.0,107562,-52.0,1602630000.0,6320000.0,1230,1197,2018-08-23 22:10:00
20180823 22:11,486.5,486.5,486.5,486.5,33958,966.0,107878,316.0,1649630000.0,47000000.0,2200,3390,2018-08-23 22:11:00
20180823 22:12,486.5,486.5,486.5,486.5,33998,40.0,107890,12.0,1651570000.0,1940000.0,926,783,2018-08-23 22:12:00
20180823 22:13,486.5,486.5,486.0,486.0,34770,772.0,107728,-162.0,1689090000.0,37520000.0,1677,2043,2018-08-23 22:13:00
20180823 22:14,486.0,486.0,486.0,486.0,34782,12.0,107728,0.0,1689680000.0,590000.0,963,1440,2018-08-23 22:14:00
20180823 22:15,486.0,486.5,486.0,486.5,34812,30.0,107728,0.0,1691130000.0,1450000.0,533,926,2018-08-23 22:15:00
20180823 22:16,486.5,486.5,486.5,486.5,34812,0.0,107728,0.0,1691130000.0,0.0,612,307,2018-08-23 22:16:00
20180823 22:17,487.0,487.0,487.0,487.0,34826,14.0,107722,-6.0,1691820000.0,690000.0,854,1291,2018-08-23 22:17:00
20180823 22:18,487.0,487.0,487.0,487.0,34836,10.0,107722,0.0,1692300000.0,480000.0,445,456,2018-08-23 22:18:00
20180823 22:19,487.0,487.0,487.0,487.0,34836,0.0,107722,0.0,1692300000.0,0.0,264,1433,2018-08-23 22:19:00
20180823 22:20,486.5,486.5,486.5,486.5,34856,20.0,107730,8.0,1693280000.0,980000.0,185,1015,2018-08-23 22:20:00
20180823 22:21,486.5,487.0,486.5,487.0,34952,96.0,107790,60.0,1697950000.0,4670000.0,1009,665,2018-08-23 22:21:00
20180823 22:22,487.0,487.0,486.5,486.5,35020,68.0,107802,12.0,1701260000.0,3310000.0,1568,3518,2018-08-23 22:22:00
20180823 22:23,486.5,486.5,486.5,486.5,35206,186.0,107806,4.0,1710310000.0,9050000.0,2260,1519,2018-08-23 22:23:00
20180823 22:24,486.5,487.0,486.5,487.0,35306,100.0,107808,2.0,1715180000.0,4870000.0,4054,2669,2018-08-23 22:24:00
20180823 22:25,487.0,487.0,487.0,487.0,35390,84.0,107812,4.0,1719270000.0,4090000.0,1402,2868,2018-08-23 22:25:00
20180823 22:26,487.0,487.0,486.5,486.5,35444,54.0,107802,-10.0,1721900000.0,2630000.0,1708,1429,2018-08-23 22:26:00
20180823 22:27,486.5,486.5,486.5,486.5,35546,102.0,107782,-20.0,1726860000.0,4960000.0,2242,5609,2018-08-23 22:27:00
20180823 22:28,486.5,486.5,486.5,486.5,35590,44.0,107802,20.0,1729000000.0,2140000.0,1987,5286,2018-08-23 22:28:00
20180823 22:29,486.5,487.0,486.5,486.5,35624,34.0,107816,14.0,1730660000.0,1660000.0,1216,1738,2018-08-23 22:29:00
20180823 22:30,486.5,486.5,486.5,486.5,36532,908.0,108392,576.0,1774830000.0,44170000.0,1738,8204,2018-08-23 22:30:00
20180823 22:31,486.5,487.0,486.5,486.5,37334,802.0,107950,-442.0,1813850000.0,39020000.0,2068,4144,2018-08-23 22:31:00
20180823 22:32,486.5,487.0,486.0,486.5,38330,996.0,108580,630.0,1862300000.0,48450000.0,3526,6292,2018-08-23 22:32:00
20180823 22:33,486.5,487.0,486.5,486.5,39230,900.0,108616,36.0,1906090000.0,43790000.0,5712,4806,2018-08-23 22:33:00
20180823 22:34,486.5,486.5,485.0,486.0,40798,1568.0,108132,-484.0,1982230000.0,76140000.0,2252,4471,2018-08-23 22:34:00
20180823 22:35,486.0,486.5,485.5,486.5,41480,682.0,108706,574.0,2015380000.0,33150000.0,843,1281,2018-08-23 22:35:00
20180823 22:36,486.5,486.5,486.0,486.5,42314,834.0,108118,-588.0,2055910000.0,40530000.0,3056,1993,2018-08-23 22:36:00
20180823 22:37,486.5,487.0,486.5,487.0,42940,626.0,108686,568.0,2086370000.0,30460000.0,4613,1217,2018-08-23 22:37:00
20180823 22:38,487.0,487.0,486.5,486.5,43570,630.0,108116,-570.0,2117020000.0,30650000.0,1198,1320,2018-08-23 22:38:00
20180823 22:39,487.0,487.0,487.0,487.0,43582,12.0,108110,-6.0,2117600000.0,580000.0,509,900,2018-08-23 22:39:00
20180823 22:40,487.0,487.0,486.5,487.0,44300,718.0,108728,618.0,2152530000.0,34930000.0,1231,1720,2018-08-23 22:40:00
20180823 22:41,487.0,487.0,487.0,487.0,44936,636.0,108946,218.0,2183510000.0,30980000.0,1724,1068,2018-08-23 22:41:00
20180823 22:42,487.0,487.0,487.0,487.0,46326,1390.0,108160,-786.0,2251200000.0,67690000.0,1924,1656,2018-08-23 22:42:00
20180823 22:43,487.0,488.0,487.0,488.0,47278,952.0,108790,630.0,2297610000.0,46410000.0,2055,1175,2018-08-23 22:43:00
20180823 22:44,488.0,488.0,487.5,487.5,47978,700.0,108178,-612.0,2331740000.0,34130000.0,1658,2761,2018-08-23 22:44:00
20180823 22:45,487.5,488.0,487.5,488.0,48580,602.0,108178,0.0,2361090000.0,29350000.0,1879,2562,2018-08-23 22:45:00
20180823 22:46,487.5,487.5,487.0,487.5,49926,1346.0,108436,258.0,2426670000.0,65580000.0,2762,2640,2018-08-23 22:46:00
20180823 22:47,487.5,487.5,487.5,487.5,50578,652.0,109076,640.0,2458460000.0,31790000.0,1046,1084,2018-08-23 22:47:00
20180823 22:48,487.5,489.5,487.5,489.0,51342,764.0,109216,140.0,2495790000.0,37330000.0,5253,3089,2018-08-23 22:48:00
20180823 22:49,489.0,489.0,488.5,488.5,51486,144.0,109240,24.0,2502830000.0,7040000.0,2341,1151,2018-08-23 22:49:00
20180823 22:50,488.5,488.5,488.5,488.5,51546,60.0,109210,-30.0,2505760000.0,2930000.0,1450,723,2018-08-23 22:50:00
20180823 22:51,488.5,488.5,487.5,488.0,51722,176.0,109236,26.0,2514350000.0,8590000.0,1571,1996,2018-08-23 22:51:00
20180823 22:52,488.0,488.0,488.0,488.0,51764,42.0,109228,-8.0,2516400000.0,2050000.0,495,1107,2018-08-23 22:52:00
20180823 22:53,488.0,488.0,488.0,488.0,51764,0.0,109228,0.0,2516400000.0,0.0,43,50,2018-08-23 22:53:00
20180823 22:54,488.0,488.0,487.5,487.5,52502,738.0,108632,-596.0,2552380000.0,35980000.0,2145,1581,2018-08-23 22:54:00
20180823 22:55,487.5,487.5,487.5,487.5,53300,798.0,108692,60.0,2591290000.0,38910000.0,4093,1951,2018-08-23 22:55:00
20180823 22:56,487.5,487.5,487.0,487.0,53942,642.0,109240,548.0,2622550000.0,31260000.0,566,1669,2018-08-23 22:56:00
20180823 22:57,487.0,487.5,487.0,487.0,54792,850.0,108784,-456.0,2663950000.0,41400000.0,4750,2620,2018-08-23 22:57:00
20180823 22:58,487.0,487.5,486.5,487.0,55566,774.0,109332,548.0,2701610000.0,37660000.0,1744,1297,2018-08-23 22:58:00
20180823 22:59,487.0,487.0,486.5,486.5,56242,676.0,108770,-562.0,2734500000.0,32890000.0,1195,1180,2018-08-23 22:59:00
20180823 23:00,486.5,486.5,486.5,486.5,56264,22.0,108784,14.0,2735570000.0,1070000.0,522,1523,2018-08-23 23:00:00
20180823 23:01,486.5,487.0,486.5,487.0,56276,12.0,108780,-4.0,2736150000.0,580000.0,297,738,2018-08-23 23:01:00
20180823 23:02,487.0,487.0,487.0,487.0,56276,0.0,108780,0.0,2736150000.0,0.0,450,457,2018-08-23 23:02:00
20180823 23:03,487.0,487.5,486.5,487.0,58252,1976.0,108774,-6.0,2832350000.0,96200000.0,2888,979,2018-08-23 23:03:00
20180823 23:04,487.0,487.5,487.0,487.5,58920,668.0,109332,558.0,2864910000.0,32560000.0,2426,792,2018-08-23 23:04:00
20180823 23:05,487.5,488.0,487.5,488.0,59024,104.0,109252,-80.0,2869990000.0,5080000.0,359,1060,2018-08-23 23:05:00
20180823 23:06,488.0,488.0,488.0,488.0,59024,0.0,109252,0.0,2869990000.0,0.0,159,594,2018-08-23 23:06:00
20180823 23:07,488.0,488.0,488.0,488.0,60364,1340.0,108892,-360.0,2935380000.0,65390000.0,1197,1088,2018-08-23 23:07:00
20180823 23:08,488.0,488.0,488.0,488.0,60364,0.0,108892,0.0,2935380000.0,0.0,415,476,2018-08-23 23:08:00
20180823 23:09,488.0,488.0,488.0,488.0,61050,686.0,108328,-564.0,2968850000.0,33470000.0,308,604,2018-08-23 23:09:00
20180823 23:10,488.0,488.0,487.5,487.5,61760,710.0,108948,620.0,3003470000.0,34620000.0,738,1169,2018-08-23 23:10:00
20180823 23:11,487.5,487.5,487.5,487.5,62488,728.0,108354,-594.0,3038960000.0,35490000.0,886,2375,2018-08-23 23:11:00
20180823 23:12,487.5,487.5,487.5,487.5,62488,0.0,108354,0.0,3038960000.0,0.0,510,499,2018-08-23 23:12:00
20180823 23:13,487.5,487.5,487.5,487.5,62488,0.0,108354,0.0,3038960000.0,0.0,154,250,2018-08-23 23:13:00
20180823 23:14,487.5,487.5,487.5,487.5,63134,646.0,108926,572.0,3070450000.0,31490000.0,573,740,2018-08-23 23:14:00
20180823 23:15,487.5,487.5,487.5,487.5,63134,0.0,108926,0.0,3070450000.0,0.0,1361,227,2018-08-23 23:15:00
20180823 23:16,487.5,487.5,487.5,487.5,63792,658.0,108346,-580.0,3102530000.0,32080000.0,7989,428,2018-08-23 23:16:00
20180823 23:17,487.5,487.5,487.5,487.5,63816,24.0,108340,-6.0,3103700000.0,1170000.0,243,792,2018-08-23 23:17:00
20180823 23:20,487.5,487.5,487.0,487.5,63910,94.0,108378,38.0,3108280000.0,4580000.0,4978,713,2018-08-23 23:20:00
20180823 23:21,487.5,487.5,487.5,487.5,64654,744.0,108412,34.0,3144550000.0,36270000.0,1503,1055,2018-08-23 23:21:00
20180823 23:22,487.5,488.0,487.5,488.0,65976,1322.0,108414,2.0,3209000000.0,64450000.0,11045,943,2018-08-23 23:22:00
20180823 23:23,488.0,488.0,488.0,488.0,65976,0.0,108414,0.0,3209000000.0,0.0,7498,238,2018-08-23 23:23:00
20180823 23:24,488.0,488.0,488.0,488.0,65982,6.0,108420,6.0,3209290000.0,290000.0,13179,700,2018-08-23 23:24:00
20180823 23:25,488.0,488.0,488.0,488.0,66000,18.0,108422,2.0,3210170000.0,880000.0,7019,382,2018-08-23 23:25:00
20180823 23:26,488.0,488.5,487.5,487.5,67094,1094.0,108662,240.0,3263520000.0,53350000.0,5745,1691,2018-08-23 23:26:00
20180823 23:27,487.5,487.5,487.5,487.5,67798,704.0,108666,4.0,3297840000.0,34320000.0,5104,390,2018-08-23 23:27:00
20180823 23:28,488.0,488.0,488.0,488.0,67800,2.0,108664,-2.0,3297940000.0,100000.0,1225,83,2018-08-23 23:28:00
20180823 23:29,488.0,488.0,487.5,487.5,67838,38.0,108634,-30.0,3299790000.0,1850000.0,8534,943,2018-08-23 23:29:00
20180824 09:00,485.0,485.5,485.0,485.5,65118,65118.0,106896,-1738.0,3154280000.0,3154280000.0,5234,1805,2018-08-24 09:00:00
20180824 09:01,485.5,485.5,485.5,485.5,65158,40.0,106902,6.0,3156220000.0,1940000.0,1595,2817,2018-08-24 09:01:00
20180824 09:02,485.5,485.5,485.5,485.5,65188,30.0,106900,-2.0,3157680000.0,1460000.0,673,3517,2018-08-24 09:02:00
20180824 09:03,485.5,485.5,485.5,485.5,65212,24.0,106884,-16.0,3158840000.0,1160000.0,1589,7007,2018-08-24 09:03:00
20180824 09:04,485.5,485.5,485.5,485.5,65214,2.0,106884,0.0,3158940000.0,100000.0,2352,1695,2018-08-24 09:04:00
20180824 09:05,485.5,485.5,485.5,485.5,65214,0.0,106884,0.0,3158940000.0,0.0,2174,1478,2018-08-24 09:05:00
20180824 09:06,485.5,487.0,485.5,487.0,65686,472.0,106972,88.0,3181900000.0,22960000.0,5543,1842,2018-08-24 09:06:00
20180824 09:07,487.0,487.0,487.0,487.0,65762,76.0,106934,-38.0,3185600000.0,3700000.0,6819,5442,2018-08-24 09:07:00
20180824 09:08,487.0,487.0,486.5,487.0,66532,770.0,106932,-2.0,3223100000.0,37500000.0,5690,7550,2018-08-24 09:08:00
20180824 09:09,487.0,487.5,487.0,487.5,67084,552.0,106930,-2.0,3250010000.0,26910000.0,4008,8430,2018-08-24 09:09:00
20180824 09:10,487.5,487.5,487.0,487.5,67264,180.0,106922,-8.0,3258780000.0,8770000.0,7300,4015,2018-08-24 09:10:00
20180824 09:11,487.5,488.0,487.5,488.0,67302,38.0,106936,14.0,3260630000.0,1850000.0,10221,2172,2018-08-24 09:11:00
20180824 09:12,488.0,488.0,487.5,487.5,67388,86.0,106958,22.0,3264830000.0,4200000.0,5257,2499,2018-08-24 09:12:00
20180824 09:13,487.5,488.5,487.5,488.0,68210,822.0,106578,-380.0,3304940000.0,40110000.0,3299,2737,2018-08-24 09:13:00
20180824 09:14,488.0,488.5,488.0,488.5,68216,6.0,106572,-6.0,3305240000.0,300000.0,1637,2674,2018-08-24 09:14:00
20180824 09:15,488.5,488.5,488.5,488.5,68216,0.0,106572,0.0,3305240000.0,0.0,361,1001,2018-08-24 09:15:00
20180824 09:16,488.5,488.5,488.0,488.5,68250,34.0,106566,-6.0,3306900000.0,1660000.0,3201,2816,2018-08-24 09:16:00
20180824 09:17,488.5,488.5,488.0,488.5,68338,88.0,106592,26.0,3311190000.0,4290000.0,2069,1680,2018-08-24 09:17:00
20180824 09:18,488.5,489.0,488.5,488.5,68736,398.0,106640,48.0,3330650000.0,19460000.0,3172,2546,2018-08-24 09:18:00
20180824 09:19,488.5,488.5,488.0,488.5,68862,126.0,106674,34.0,3336810000.0,6160000.0,1664,1278,2018-08-24 09:19:00
20180824 09:20,488.5,489.0,488.5,488.5,68876,14.0,106682,8.0,3337490000.0,680000.0,2402,2139,2018-08-24 09:20:00
20180824 09:21,488.5,489.0,488.5,488.5,68918,42.0,106708,26.0,3339540000.0,2050000.0,680,387,2018-08-24 09:21:00
20180824 09:22,488.5,488.5,488.5,488.5,68960,42.0,106704,-4.0,3341600000.0,2060000.0,1048,727,2018-08-24 09:22:00
20180824 09:23,488.5,489.0,488.5,488.5,68986,26.0,106702,-2.0,3342870000.0,1270000.0,959,1179,2018-08-24 09:23:00
20180824 09:24,488.5,488.5,488.5,488.5,69008,22.0,106720,18.0,3343940000.0,1070000.0,1581,2871,2018-08-24 09:24:00
20180824 09:25,488.5,488.5,488.0,488.0,69012,4.0,106722,2.0,3344140000.0,200000.0,1173,3388,2018-08-24 09:25:00
20180824 09:26,488.0,488.5,488.0,488.5,69094,82.0,106774,52.0,3348140000.0,4000000.0,2453,2313,2018-08-24 09:26:00
20180824 09:27,488.5,488.5,488.5,488.5,69122,28.0,106770,-4.0,3349510000.0,1370000.0,1405,1706,2018-08-24 09:27:00
20180824 09:28,488.5,488.5,488.5,488.5,69122,0.0,106770,0.0,3349510000.0,0.0,941,2073,2018-08-24 09:28:00
20180824 09:29,488.5,489.0,488.5,489.0,69228,106.0,106752,-18.0,3354690000.0,5180000.0,1760,913,2018-08-24 09:29:00
20180824 09:30,489.0,489.0,488.5,488.5,69262,34.0,106736,-16.0,3356350000.0,1660000.0,1497,1452,2018-08-24 09:30:00
20180824 09:31,488.5,488.5,488.5,488.5,69306,44.0,106752,16.0,3358500000.0,2150000.0,3324,1803,2018-08-24 09:31:00
20180824 09:32,488.5,489.0,488.5,488.5,70098,792.0,106666,-86.0,3397190000.0,38690000.0,3540,4604,2018-08-24 09:32:00
20180824 09:33,488.5,488.5,488.0,488.0,70120,22.0,106666,0.0,3398260000.0,1070000.0,1958,1786,2018-08-24 09:33:00
20180824 09:34,488.0,488.0,488.0,488.0,70174,54.0,106612,-54.0,3400900000.0,2640000.0,4726,3141,2018-08-24 09:34:00
20180824 09:35,488.0,488.0,488.0,488.0,70454,280.0,106524,-88.0,3414560000.0,13660000.0,2074,438,2018-08-24 09:35:00
20180824 09:36,488.0,488.0,488.0,488.0,70490,36.0,106530,6.0,3416320000.0,1760000.0,3151,1378,2018-08-24 09:36:00
20180824 09:37,488.0,488.0,488.0,488.0,70490,0.0,106530,0.0,3416320000.0,0.0,834,224,2018-08-24 09:37:00
20180824 09:38,488.0,488.0,488.0,488.0,70552,62.0,106554,24.0,3419350000.0,3030000.0,1454,1712,2018-08-24 09:38:00
20180824 09:39,488.0,488.0,488.0,488.0,70708,156.0,106576,22.0,3426960000.0,7610000.0,3207,4960,2018-08-24 09:39:00
20180824 09:40,488.0,488.0,488.0,488.0,70998,290.0,106624,48.0,3441110000.0,14150000.0,4849,2111,2018-08-24 09:40:00
20180824 09:41,488.0,488.5,488.0,488.5,71070,72.0,106624,0.0,3444630000.0,3520000.0,2850,4059,2018-08-24 09:41:00
20180824 09:42,488.5,488.5,488.5,488.5,71070,0.0,106624,0.0,3444630000.0,0.0,80,182,2018-08-24 09:42:00
20180824 09:43,488.5,488.5,488.5,488.5,71070,0.0,106624,0.0,3444630000.0,0.0,1626,2542,2018-08-24 09:43:00
20180824 09:44,488.5,488.5,488.5,488.5,71368,298.0,106678,54.0,3459180000.0,14550000.0,4442,3543,2018-08-24 09:44:00
20180824 09:45,488.5,489.0,488.5,489.0,72030,662.0,106776,98.0,3491520000.0,32340000.0,3134,7917,2018-08-24 09:45:00
20180824 09:46,489.0,489.0,489.0,489.0,72030,0.0,106776,0.0,3491520000.0,0.0,120,89,2018-08-24 09:46:00
20180824 09:47,488.5,488.5,488.5,488.5,72094,64.0,106794,18.0,3494650000.0,3130000.0,860,2833,2018-08-24 09:47:00
20180824 09:48,488.5,488.5,488.5,488.5,72140,46.0,106820,26.0,3496900000.0,2250000.0,1885,5462,2018-08-24 09:48:00
20180824 09:49,488.5,488.5,488.5,488.5,72154,14.0,106834,14.0,3497580000.0,680000.0,814,378,2018-08-24 09:49:00
20180824 09:50,488.5,488.5,488.5,488.5,72156,2.0,106836,2.0,3497680000.0,100000.0,681,908,2018-08-24 09:50:00
20180824 09:51,488.5,488.5,488.5,488.5,72156,0.0,106836,0.0,3497680000.0,0.0,587,610,2018-08-24 09:51:00
20180824 09:52,488.5,489.5,488.5,489.5,72396,240.0,106774,-62.0,3509420000.0,11740000.0,1951,2576,2018-08-24 09:52:00
20180824 09:53,489.5,489.5,489.5,489.5,72418,22.0,106780,6.0,3510500000.0,1080000.0,1769,1432,2018-08-24 09:53:00
20180824 09:54,489.5,489.5,489.5,489.5,72418,0.0,106780,0.0,3510500000.0,0.0,440,424,2018-08-24 09:54:00
20180824 09:55,489.5,490.5,489.5,490.0,72568,150.0,106810,30.0,3517850000.0,7350000.0,2393,2104,2018-08-24 09:55:00
20180824 09:56,490.0,490.0,489.0,489.0,72720,152.0,106858,48.0,3525290000.0,7440000.0,1381,2490,2018-08-24 09:56:00
20180824 09:57,489.0,489.0,489.0,489.0,72726,6.0,106864,6.0,3525590000.0,300000.0,1153,525,2018-08-24 09:57:00
20180824 09:58,489.0,489.0,489.0,489.0,72746,20.0,106874,10.0,3526560000.0,970000.0,1236,1134,2018-08-24 09:58:00
20180824 09:59,489.0,489.0,489.0,489.0,73510,764.0,106868,-6.0,3563920000.0,37360000.0,1639,7546,2018-08-24 09:59:00
20180824 10:00,489.0,489.0,488.5,488.5,73632,122.0,106902,34.0,3569890000.0,5970000.0,2239,3413,2018-08-24 10:00:00
20180824 10:01,488.5,488.5,488.0,488.5,73692,60.0,106896,-6.0,3572820000.0,2930000.0,2672,10539,2018-08-24 10:01:00
20180824 10:02,488.5,488.5,488.5,488.5,73708,16.0,106882,-14.0,3573600000.0,780000.0,3017,8757,2018-08-24 10:02:00
20180824 10:03,488.5,488.5,488.5,488.5,73710,2.0,106884,2.0,3573700000.0,100000.0,1378,1200,2018-08-24 10:03:00
20180824 10:04,488.5,488.5,487.5,487.5,74466,756.0,106910,26.0,3610560000.0,36860000.0,3272,6663,2018-08-24 10:04:00
20180824 10:05,487.5,488.0,487.5,488.0,74796,330.0,107064,154.0,3626660000.0,16100000.0,2997,7205,2018-08-24 10:05:00
20180824 10:06,488.0,488.0,488.0,488.0,74796,0.0,107064,0.0,3626660000.0,0.0,353,291,2018-08-24 10:06:00
20180824 10:07,488.0,488.0,488.0,488.0,75002,206.0,107118,54.0,3636710000.0,10050000.0,776,2438,2018-08-24 10:07:00
20180824 10:08,488.0,488.0,488.0,488.0,75002,0.0,107118,0.0,3636710000.0,0.0,573,1424,2018-08-24 10:08:00
20180824 10:09,488.0,488.0,488.0,488.0,75098,96.0,107082,-36.0,3641400000.0,4690000.0,1169,1959,2018-08-24 10:09:00
20180824 10:10,488.0,488.0,488.0,488.0,75098,0.0,107082,0.0,3641400000.0,0.0,1061,1282,2018-08-24 10:10:00
20180824 10:11,488.0,488.0,488.0,488.0,75512,414.0,106950,-132.0,3661600000.0,20200000.0,4735,7507,2018-08-24 10:11:00
20180824 10:12,488.0,488.0,488.0,488.0,75886,374.0,107142,192.0,3679850000.0,18250000.0,5211,5051,2018-08-24 10:12:00
20180824 10:13,488.0,488.0,488.0,488.0,76036,150.0,107004,-138.0,3687170000.0,7320000.0,1381,129,2018-08-24 10:13:00
20180824 10:14,488.0,488.5,488.0,488.0,76254,218.0,107152,148.0,3697820000.0,10650000.0,3862,1307,2018-08-24 10:14:00
20180824 10:30,488.0,488.5,488.0,488.0,76482,228.0,107204,52.0,3708940000.0,11120000.0,4922,8685,2018-08-24 10:30:00
20180824 10:31,488.0,488.0,488.0,488.0,76680,198.0,107198,-6.0,3718610000.0,9670000.0,5378,8545,2018-08-24 10:31:00
20180824 10:32,488.0,488.5,488.0,488.5,76812,132.0,107248,50.0,3725060000.0,6450000.0,3429,1490,2018-08-24 10:32:00
20180824 10:33,488.5,488.5,488.0,488.5,77084,272.0,107222,-26.0,3738340000.0,13280000.0,4690,3459,2018-08-24 10:33:00
20180824 10:34,488.5,488.5,488.5,488.5,77124,40.0,107222,0.0,3740300000.0,1960000.0,1205,854,2018-08-24 10:34:00
20180824 10:35,488.5,488.5,488.5,488.5,77142,18.0,107216,-6.0,3741180000.0,880000.0,1053,1414,2018-08-24 10:35:00
20180824 10:36,488.5,488.5,488.5,488.5,77142,0.0,107216,0.0,3741180000.0,0.0,2351,1484,2018-08-24 10:36:00
20180824 10:37,488.5,488.5,488.0,488.0,77312,170.0,107082,-134.0,3749470000.0,8290000.0,3011,12520,2018-08-24 10:37:00
20180824 10:38,488.0,488.0,487.5,487.5,77318,6.0,107088,6.0,3749760000.0,290000.0,3706,6657,2018-08-24 10:38:00
20180824 10:39,487.5,487.5,487.5,487.5,77518,200.0,107086,-2.0,3759510000.0,9750000.0,4813,4289,2018-08-24 10:39:00
20180824 10:40,487.5,487.5,487.5,487.5,78014,496.0,107352,266.0,3783690000.0,24180000.0,9604,6516,2018-08-24 10:40:00
20180824 10:41,487.5,487.5,487.5,487.5,78186,172.0,107482,130.0,3792080000.0,8390000.0,9004,8715,2018-08-24 10:41:00
20180824 10:42,487.5,487.5,487.5,487.5,78348,162.0,107540,58.0,3799980000.0,7900000.0,8133,15377,2018-08-24 10:42:00
20180824 10:43,487.5,487.5,487.5,487.5,78370,22.0,107560,20.0,3801050000.0,1070000.0,5113,8991,2018-08-24 10:43:00
20180824 10:44,487.5,487.5,487.5,487.5,78574,204.0,107708,148.0,3810990000.0,9940000.0,4182,14850,2018-08-24 10:44:00
20180824 10:45,487.5,487.5,487.5,487.5,78596,22.0,107730,22.0,3812070000.0,1080000.0,1624,8100,2018-08-24 10:45:00
20180824 10:46,487.5,487.5,487.5,487.5,78596,0.0,107730,0.0,3812070000.0,0.0,829,4045,2018-08-24 10:46:00
20180824 10:47,487.5,487.5,487.0,487.5,78604,8.0,107736,6.0,3812460000.0,390000.0,3122,13990,2018-08-24 10:47:00
20180824 10:48,487.5,487.5,487.5,487.5,78634,30.0,107736,0.0,3813920000.0,1460000.0,1746,10095,2018-08-24 10:48:00
20180824 10:49,487.5,487.5,487.5,487.5,78962,328.0,107806,70.0,3829910000.0,15990000.0,4101,22732,2018-08-24 10:49:00
20180824 10:50,487.5,488.0,487.5,487.5,79260,298.0,107822,16.0,3844440000.0,14530000.0,2414,8438,2018-08-24 10:50:00
20180824 10:51,487.5,488.0,487.5,488.0,79386,126.0,107854,32.0,3850590000.0,6150000.0,2216,6796,2018-08-24 10:51:00
20180824 10:52,488.0,488.5,488.0,488.5,79432,46.0,107844,-10.0,3852830000.0,2240000.0,4149,15752,2018-08-24 10:52:00
20180824 10:53,488.5,488.5,488.5,488.5,79432,0.0,107844,0.0,3852830000.0,0.0,3270,12392,2018-08-24 10:53:00
20180824 10:54,488.5,488.5,488.5,488.5,79432,0.0,107844,0.0,3852830000.0,0.0,1040,4948,2018-08-24 10:54:00
20180824 10:55,488.5,488.5,488.5,488.5,79432,0.0,107844,0.0,3852830000.0,0.0,1496,7108,2018-08-24 10:55:00
20180824 10:56,488.5,488.5,488.0,488.0,79700,268.0,107822,-22.0,3865910000.0,13080000.0,1437,9099,2018-08-24 10:56:00
20180824 10:57,488.0,488.0,488.0,488.0,79724,24.0,107826,4.0,3867080000.0,1170000.0,4281,11106,2018-08-24 10:57:00
20180824 10:58,488.0,488.0,488.0,488.0,79724,0.0,107826,0.0,3867080000.0,0.0,499,2142,2018-08-24 10:58:00
20180824 10:59,488.0,488.0,487.5,487.5,79784,60.0,107874,48.0,3870010000.0,2930000.0,5804,8170,2018-08-24 10:59:00
20180824 11:00,487.5,487.5,487.5,487.5,79872,88.0,107920,46.0,3874300000.0,4290000.0,1648,5186,2018-08-24 11:00:00
20180824 11:01,487.5,488.0,487.5,488.0,80238,366.0,107908,-12.0,3892160000.0,17860000.0,2623,5264,2018-08-24 11:01:00
20180824 11:02,488.0,488.0,488.0,488.0,80238,0.0,107908,0.0,3892160000.0,0.0,600,1216,2018-08-24 11:02:00
20180824 11:03,488.0,488.0,488.0,488.0,80304,66.0,107956,48.0,3895380000.0,3220000.0,1635,4381,2018-08-24 11:03:00
20180824 11:04,488.0,488.0,488.0,488.0,81054,750.0,108160,204.0,3931980000.0,36600000.0,2756,4451,2018-08-24 11:04:00
20180824 11:05,488.0,488.5,488.0,488.5,81152,98.0,108104,-56.0,3936770000.0,4790000.0,4872,2203,2018-08-24 11:05:00
20180824 11:06,488.5,488.5,488.5,488.5,81654,502.0,108324,220.0,3961290000.0,24520000.0,4169,3406,2018-08-24 11:06:00
20180824 11:07,488.5,488.5,488.5,488.5,81738,84.0,108258,-66.0,3965390000.0,4100000.0,1322,870,2018-08-24 11:07:00
20180824 11:08,488.5,488.5,488.0,488.0,81908,170.0,108240,-18.0,3973690000.0,8300000.0,2796,1338,2018-08-24 11:08:00
20180824 11:09,488.0,488.0,488.0,488.0,81908,0.0,108240,0.0,3973690000.0,0.0,630,382,2018-08-24 11:09:00
20180824 11:10,488.0,488.0,488.0,488.0,83592,1684.0,108224,-16.0,4055870000.0,82180000.0,2574,4110,2018-08-24 11:10:00
20180824 11:11,488.0,488.0,487.5,487.5,83638,46.0,108242,18.0,4058110000.0,2240000.0,3589,2298,2018-08-24 11:11:00
20180824 11:12,487.5,487.5,487.5,487.5,83638,0.0,108242,0.0,4058110000.0,0.0,777,932,2018-08-24 11:12:00
20180824 11:13,487.5,488.0,487.5,488.0,83746,108.0,108236,-6.0,4063380000.0,5270000.0,1696,1862,2018-08-24 11:13:00
20180824 11:14,488.0,488.0,487.5,487.5,84668,922.0,108258,22.0,4108360000.0,44980000.0,2371,2323,2018-08-24 11:14:00
20180824 11:15,487.5,487.5,487.0,487.5,86070,1402.0,108560,302.0,4176710000.0,68350000.0,4020,4452,2018-08-24 11:15:00
20180824 11:16,487.5,487.5,487.5,487.5,86114,44.0,108552,-8.0,4178850000.0,2140000.0,1505,1825,2018-08-24 11:16:00
20180824 11:17,487.5,488.0,487.5,487.5,87394,1280.0,108406,-146.0,4241290000.0,62440000.0,3895,2607,2018-08-24 11:17:00
20180824 11:18,487.5,487.5,487.5,487.5,87604,210.0,108610,204.0,4251530000.0,10240000.0,4158,580,2018-08-24 11:18:00
20180824 11:19,487.5,487.5,487.5,487.5,89216,1612.0,108856,246.0,4330110000.0,78580000.0,6071,4225,2018-08-24 11:19:00
20180824 11:20,487.5,487.5,487.5,487.5,89218,2.0,108856,0.0,4330210000.0,100000.0,591,1398,2018-08-24 11:20:00
20180824 11:21,487.5,487.5,487.5,487.5,89218,0.0,108856,0.0,4330210000.0,0.0,852,2102,2018-08-24 11:21:00
20180824 11:22,487.5,487.5,487.5,487.5,89328,110.0,108888,32.0,4335570000.0,5360000.0,3119,1536,2018-08-24 11:22:00
20180824 11:23,487.5,487.5,487.5,487.5,89328,0.0,108888,0.0,4335570000.0,0.0,1934,389,2018-08-24 11:23:00
20180824 11:24,487.5,488.0,487.5,487.5,90038,710.0,108858,-30.0,4370220000.0,34650000.0,1489,1944,2018-08-24 11:24:00
20180824 11:25,487.5,487.5,487.5,487.5,91270,1232.0,108694,-164.0,4430280000.0,60060000.0,5823,4447,2018-08-24 11:25:00
20180824 11:26,487.5,487.5,487.5,487.5,92714,1444.0,108862,168.0,4500670000.0,70390000.0,4850,4562,2018-08-24 11:26:00
20180824 11:27,487.5,488.0,487.5,487.5,93780,1066.0,108842,-20.0,4552640000.0,51970000.0,4181,3539,2018-08-24 11:27:00
20180824 11:28,487.5,487.5,487.5,487.5,93780,0.0,108842,0.0,4552640000.0,0.0,412,925,2018-08-24 11:28:00
20180824 11:29,487.5,487.5,487.0,487.5,93834,54.0,108840,-2.0,4555270000.0,2630000.0,698,1571,2018-08-24 11:29:00
20180824 13:30,487.5,488.0,487.5,488.0,94632,798.0,109004,164.0,4594180000.0,38910000.0,4424,3265,2018-08-24 13:30:00
20180824 13:31,488.0,488.5,488.0,488.0,94768,136.0,109084,80.0,4600820000.0,6640000.0,2777,1259,2018-08-24 13:31:00
20180824 13:32,488.0,488.0,488.0,488.0,95528,760.0,108986,-98.0,4637900000.0,37080000.0,4208,1258,2018-08-24 13:32:00
20180824 13:33,488.0,488.0,488.0,488.0,95528,0.0,108986,0.0,4637900000.0,0.0,1570,493,2018-08-24 13:33:00
20180824 13:34,488.5,488.5,488.5,488.5,95582,54.0,109026,40.0,4640540000.0,2640000.0,4644,1768,2018-08-24 13:34:00
20180824 13:35,488.5,488.5,487.5,487.5,96504,922.0,109198,172.0,4685580000.0,45040000.0,3220,2627,2018-08-24 13:35:00
20180824 13:36,488.0,488.0,488.0,488.0,97392,888.0,109226,28.0,4728910000.0,43330000.0,6166,2429,2018-08-24 13:36:00
20180824 13:37,488.0,488.5,488.0,488.5,98982,1590.0,109458,232.0,4806530000.0,77620000.0,7801,3877,2018-08-24 13:37:00
20180824 13:38,488.5,488.5,488.5,488.5,98984,2.0,109460,2.0,4806630000.0,100000.0,5520,3487,2018-08-24 13:38:00
20180824 13:39,488.5,488.5,488.5,488.5,99782,798.0,109348,-112.0,4845610000.0,38980000.0,3987,1837,2018-08-24 13:39:00
20180824 13:40,488.5,488.5,488.0,488.0,100794,1012.0,109286,-62.0,4895050000.0,49440000.0,5850,2399,2018-08-24 13:40:00
20180824 13:41,488.0,488.0,488.0,488.0,100794,0.0,109286,0.0,4895050000.0,0.0,869,158,2018-08-24 13:41:00
20180824 13:42,488.0,488.0,487.5,488.0,101592,798.0,109156,-130.0,4933990000.0,38940000.0,4824,1792,2018-08-24 13:42:00
20180824 13:43,488.0,488.0,488.0,488.0,103180,1588.0,109176,20.0,5011480000.0,77490000.0,6036,2982,2018-08-24 13:43:00
20180824 13:44,488.0,488.0,487.5,487.5,104596,1416.0,109166,-10.0,5080520000.0,69040000.0,3695,1119,2018-08-24 13:44:00
20180824 13:45,487.5,488.0,487.5,488.0,104842,246.0,109108,-58.0,5092520000.0,12000000.0,2398,2407,2018-08-24 13:45:00
20180824 13:46,488.0,488.0,487.5,487.5,108876,4034.0,109364,256.0,5289180000.0,196660000.0,6045,6416,2018-08-24 13:46:00
20180824 13:47,487.5,487.5,486.5,486.5,110220,1344.0,109206,-158.0,5354600000.0,65420000.0,2239,2583,2018-08-24 13:47:00
20180824 13:48,486.5,487.0,486.5,487.0,110298,78.0,109222,16.0,5358400000.0,3800000.0,1072,1091,2018-08-24 13:48:00
20180824 13:49,487.0,487.0,486.5,486.5,110452,154.0,109204,-18.0,5365890000.0,7490000.0,1588,1614,2018-08-24 13:49:00
20180824 13:50,486.5,487.5,486.5,487.0,115410,4958.0,109044,-160.0,5607340000.0,241450000.0,7941,1896,2018-08-24 13:50:00
20180824 13:51,487.0,487.0,487.0,487.0,115666,256.0,108872,-172.0,5619810000.0,12470000.0,4659,2062,2018-08-24 13:51:00
20180824 13:52,487.0,487.0,487.0,487.0,115666,0.0,108872,0.0,5619810000.0,0.0,2898,1494,2018-08-24 13:52:00
20180824 13:53,487.0,487.0,487.0,487.0,115768,102.0,108816,-56.0,5624780000.0,4970000.0,2892,857,2018-08-24 13:53:00
20180824 13:54,487.0,487.0,487.0,487.0,115768,0.0,108816,0.0,5624780000.0,0.0,3444,700,2018-08-24 13:54:00
20180824 13:55,486.5,486.5,486.0,486.0,117290,1522.0,109002,186.0,5698780000.0,74000000.0,8128,3823,2018-08-24 13:55:00
20180824 13:56,486.0,486.0,486.0,486.0,117436,146.0,109068,66.0,5705880000.0,7100000.0,6802,1972,2018-08-24 13:56:00
20180824 13:57,486.0,486.5,486.0,486.5,117668,232.0,109258,190.0,5717160000.0,11280000.0,5824,5364,2018-08-24 13:57:00
20180824 13:58,486.5,486.5,486.0,486.0,117670,2.0,109260,2.0,5717260000.0,100000.0,1884,3191,2018-08-24 13:58:00
20180824 13:59,486.0,486.0,486.0,486.0,117718,48.0,109300,40.0,5719590000.0,2330000.0,3504,2643,2018-08-24 13:59:00
20180824 14:00,486.0,486.0,486.0,486.0,117718,0.0,109300,0.0,5719590000.0,0.0,1536,1803,2018-08-24 14:00:00
20180824 14:01,486.0,486.5,486.0,486.5,118102,384.0,109530,230.0,5738280000.0,18690000.0,1856,2143,2018-08-24 14:01:00
20180824 14:02,486.5,486.5,486.0,486.5,119444,1342.0,109616,86.0,5803560000.0,65280000.0,13014,5412,2018-08-24 14:02:00
20180824 14:03,486.5,486.5,486.5,486.5,119814,370.0,109646,30.0,5821560000.0,18000000.0,10784,4037,2018-08-24 14:03:00
20180824 14:04,486.5,486.5,486.5,486.5,121962,2148.0,109662,16.0,5926060000.0,104500000.0,11296,4112,2018-08-24 14:04:00
20180824 14:05,486.5,486.5,486.5,486.5,123714,1752.0,109516,-146.0,6011300000.0,85240000.0,13000,3551,2018-08-24 14:05:00
20180824 14:06,486.5,486.5,486.5,486.5,125400,1686.0,109692,176.0,6093320000.0,82020000.0,5200,5335,2018-08-24 14:06:00
20180824 14:07,486.5,486.5,486.5,486.5,126708,1308.0,109764,72.0,6156960000.0,63640000.0,3226,4313,2018-08-24 14:07:00
20180824 14:08,486.5,486.5,486.5,486.5,127636,928.0,109746,-18.0,6202100000.0,45140000.0,22489,4526,2018-08-24 14:08:00
20180824 14:09,486.5,486.5,486.5,486.5,128202,566.0,109752,6.0,6229640000.0,27540000.0,5796,4867,2018-08-24 14:09:00
20180824 14:10,486.5,486.5,486.5,486.5,128274,72.0,109788,36.0,6233140000.0,3500000.0,2647,1524,2018-08-24 14:10:00
20180824 14:11,486.5,486.5,486.5,486.5,128274,0.0,109788,0.0,6233140000.0,0.0,1371,199,2018-08-24 14:11:00
20180824 14:12,486.5,486.5,486.5,486.5,128302,28.0,109788,0.0,6234510000.0,1370000.0,5597,1015,2018-08-24 14:12:00
20180824 14:13,486.5,487.0,486.5,487.0,129028,726.0,109822,34.0,6269860000.0,35350000.0,9800,3129,2018-08-24 14:13:00
20180824 14:14,487.0,487.0,487.0,487.0,129248,220.0,109704,-118.0,6280580000.0,10720000.0,5452,456,2018-08-24 14:14:00
20180824 14:15,487.0,487.0,487.0,487.0,129520,272.0,109868,164.0,6293820000.0,13240000.0,2365,3718,2018-08-24 14:15:00
20180824 14:16,487.0,487.0,487.0,487.0,129520,0.0,109868,0.0,6293820000.0,0.0,100,375,2018-08-24 14:16:00
20180824 14:17,487.0,487.0,487.0,487.0,129520,0.0,109868,0.0,6293820000.0,0.0,283,935,2018-08-24 14:17:00
20180824 14:18,487.0,487.0,486.5,486.5,130728,1208.0,109922,54.0,6352590000.0,58770000.0,4899,3618,2018-08-24 14:18:00
20180824 14:19,486.5,486.5,486.5,486.5,130728,0.0,109922,0.0,6352590000.0,0.0,103,366,2018-08-24 14:19:00
20180824 14:20,486.5,486.5,486.5,486.5,131324,596.0,109820,-102.0,6381590000.0,29000000.0,1875,1741,2018-08-24 14:20:00
20180824 14:21,486.5,486.5,486.5,486.5,132864,1540.0,109646,-174.0,6456510000.0,74920000.0,3269,1791,2018-08-24 14:21:00
20180824 14:22,486.5,486.5,486.5,486.5,134040,1176.0,109782,136.0,6513720000.0,57210000.0,9978,6630,2018-08-24 14:22:00
20180824 14:23,486.5,486.5,486.5,486.5,134082,42.0,109772,-10.0,6515760000.0,2040000.0,18310,4004,2018-08-24 14:23:00
20180824 14:24,486.5,486.5,486.5,486.5,134088,6.0,109766,-6.0,6516060000.0,300000.0,1674,209,2018-08-24 14:24:00
20180824 14:25,486.5,487.0,486.5,487.0,134192,104.0,109802,36.0,6521120000.0,5060000.0,13698,6482,2018-08-24 14:25:00
20180824 14:26,487.0,487.0,487.0,487.0,134192,0.0,109802,0.0,6521120000.0,0.0,606,1839,2018-08-24 14:26:00
20180824 14:27,487.0,488.0,487.0,488.0,134812,620.0,109746,-56.0,6551370000.0,30250000.0,4589,2389,2018-08-24 14:27:00
20180824 14:28,488.0,489.0,488.0,488.5,135166,354.0,109856,110.0,6568660000.0,17290000.0,11052,4298,2018-08-24 14:28:00
20180824 14:29,488.5,489.5,488.5,489.5,137188,2022.0,110120,264.0,6667440000.0,98780000.0,2001,3723,2018-08-24 14:29:00
20180824 14:30,489.5,489.5,489.0,489.0,137472,284.0,110174,54.0,6681340000.0,13900000.0,2264,1449,2018-08-24 14:30:00
20180824 14:31,489.0,489.0,488.5,489.0,138118,646.0,110226,52.0,6712930000.0,31590000.0,1307,2049,2018-08-24 14:31:00
20180824 14:32,489.0,489.0,488.5,488.5,138808,690.0,110312,86.0,6746660000.0,33730000.0,1270,1613,2018-08-24 14:32:00
20180824 14:33,488.5,488.5,488.5,488.5,138848,40.0,110310,-2.0,6748610000.0,1950000.0,1191,1036,2018-08-24 14:33:00
20180824 14:34,488.5,489.0,488.5,489.0,138870,22.0,110310,0.0,6749690000.0,1080000.0,1378,2096,2018-08-24 14:34:00
20180824 14:35,489.0,489.0,488.5,488.5,138932,62.0,110296,-14.0,6752720000.0,3030000.0,656,1155,2018-08-24 14:35:00
20180824 14:36,488.5,488.5,488.5,488.5,139174,242.0,110160,-136.0,6764540000.0,11820000.0,1486,1037,2018-08-24 14:36:00
20180824 14:37,488.5,488.5,487.0,487.0,139460,286.0,110286,126.0,6778490000.0,13950000.0,1896,2858,2018-08-24 14:37:00
20180824 14:38,487.5,488.0,487.5,487.5,139558,98.0,110300,14.0,6783270000.0,4780000.0,1762,1790,2018-08-24 14:38:00
20180824 14:39,487.5,487.5,487.5,487.5,139608,50.0,110304,4.0,6785710000.0,2440000.0,2075,898,2018-08-24 14:39:00
20180824 14:40,487.5,487.5,487.5,487.5,139616,8.0,110304,0.0,6786100000.0,390000.0,1311,604,2018-08-24 14:40:00
20180824 14:41,487.5,487.5,487.5,487.5,140284,668.0,110300,-4.0,6818660000.0,32560000.0,1900,2445,2018-08-24 14:41:00
20180824 14:42,487.5,487.5,487.5,487.5,140284,0.0,110300,0.0,6818660000.0,0.0,666,520,2018-08-24 14:42:00
20180824 14:43,487.5,487.5,487.5,487.5,140288,4.0,110296,-4.0,6818860000.0,200000.0,804,492,2018-08-24 14:43:00
20180824 14:44,487.5,488.5,487.5,488.0,140456,168.0,110280,-16.0,6827060000.0,8200000.0,2152,958,2018-08-24 14:44:00
20180824 14:45,488.0,488.0,488.0,488.0,140498,42.0,110280,0.0,6829110000.0,2050000.0,1146,438,2018-08-24 14:45:00
20180824 14:46,488.0,488.5,488.0,488.0,140652,154.0,110412,132.0,6836620000.0,7510000.0,920,788,2018-08-24 14:46:00
20180824 14:47,488.0,488.0,488.0,488.0,140654,2.0,110412,0.0,6836720000.0,100000.0,165,312,2018-08-24 14:47:00
20180824 14:48,488.0,488.0,488.0,488.0,140654,0.0,110412,0.0,6836720000.0,0.0,69,234,2018-08-24 14:48:00
20180824 14:49,488.0,488.5,488.0,488.5,140660,6.0,110412,0.0,6837010000.0,290000.0,304,1163,2018-08-24 14:49:00
20180824 14:50,488.5,488.5,488.0,488.5,141288,628.0,110414,2.0,6867690000.0,30680000.0,684,3096,2018-08-24 14:50:00
20180824 14:51,488.5,488.5,488.5,488.5,141566,278.0,110418,4.0,6881270000.0,13580000.0,1530,2688,2018-08-24 14:51:00
20180824 14:52,488.5,488.5,488.5,488.5,141616,50.0,110404,-14.0,6883710000.0,2440000.0,878,739,2018-08-24 14:52:00
20180824 14:53,488.5,488.5,488.5,488.5,141794,178.0,110276,-128.0,6892410000.0,8700000.0,1144,1335,2018-08-24 14:53:00
20180824 14:54,489.0,489.0,489.0,489.0,142570,776.0,110228,-48.0,6930350000.0,37940000.0,2902,2475,2018-08-24 14:54:00
20180824 14:55,489.0,489.0,489.0,489.0,142596,26.0,110234,6.0,6931620000.0,1270000.0,1005,1981,2018-08-24 14:55:00
20180824 14:56,489.0,489.0,488.5,488.5,142610,14.0,110236,2.0,6932310000.0,690000.0,1695,3863,2018-08-24 14:56:00
20180824 14:57,488.5,489.0,488.5,488.5,142626,16.0,110228,-8.0,6933090000.0,780000.0,2423,2551,2018-08-24 14:57:00
20180824 14:58,488.5,489.0,488.0,488.0,142970,344.0,110258,30.0,6949890000.0,16800000.0,3424,3132,2018-08-24 14:58:00
20180824 14:59,488.0,488.5,487.5,487.5,142996,26.0,110260,2.0,6951160000.0,1270000.0,716,4334,2018-08-24 14:59:00
20180824 15:00,487.5,487.5,487.5,487.5,142996,0.0,110260,0.0,6951160000.0,0.0,10,258,2018-08-24 15:00:00
20180824 20:59,482.5,482.5,482.5,482.5,1438,1438.0,107760,-2500.0,69383500.0,69383500.0,15,1,2018-08-24 20:59:00
20180824 21:00,482.5,485.5,482.5,485.5,2020,582.0,107596,-164.0,97612400.0,28228900.0,897,2527,2018-08-24 21:00:00
20180824 21:01,485.0,485.0,484.5,484.5,2240,220.0,107564,-32.0,108276000.0,10663600.0,5355,5227,2018-08-24 21:01:00
20180824 21:02,484.5,484.5,484.5,484.5,2240,0.0,107564,0.0,108276000.0,0.0,6672,1126,2018-08-24 21:02:00
20180824 21:03,484.5,485.0,484.0,484.5,2388,148.0,107548,-16.0,115446000.0,7170000.0,7185,3602,2018-08-24 21:03:00
20180824 21:04,484.5,484.5,484.5,484.5,2546,158.0,107516,-32.0,123101000.0,7655000.0,8061,4710,2018-08-24 21:04:00
20180824 21:05,484.5,484.5,484.0,484.5,2740,194.0,107542,26.0,132495000.0,9394000.0,9010,2560,2018-08-24 21:05:00
20180824 21:06,484.5,485.0,484.5,485.0,2768,28.0,107566,24.0,133853000.0,1358000.0,3700,1036,2018-08-24 21:06:00
20180824 21:07,485.0,485.0,484.5,484.5,2850,82.0,107580,14.0,137827000.0,3974000.0,3152,1653,2018-08-24 21:07:00
20180824 21:08,484.5,484.5,484.5,484.5,2910,60.0,107578,-2.0,140734000.0,2907000.0,2412,2854,2018-08-24 21:08:00
20180824 21:09,484.5,484.5,484.0,484.0,2936,26.0,107562,-16.0,141993000.0,1259000.0,2302,3497,2018-08-24 21:09:00
20180824 21:10,484.0,484.5,484.0,484.5,2946,10.0,107554,-8.0,142477000.0,484000.0,664,2013,2018-08-24 21:10:00
20180824 21:11,484.5,485.0,484.5,485.0,2962,16.0,107564,10.0,143253000.0,776000.0,7283,1035,2018-08-24 21:11:00
20180824 21:12,485.0,485.0,484.5,485.0,2988,26.0,107554,-10.0,144512000.0,1259000.0,5427,677,2018-08-24 21:12:00
20180824 21:13,485.0,485.0,485.0,485.0,3030,42.0,107556,2.0,146549000.0,2037000.0,5324,1828,2018-08-24 21:13:00
20180824 21:14,485.0,485.0,485.0,485.0,3030,0.0,107556,0.0,146549000.0,0.0,3978,554,2018-08-24 21:14:00
20180824 21:15,485.0,485.0,484.0,484.0,3802,772.0,108184,628.0,183916000.0,37367000.0,5627,3315,2018-08-24 21:15:00
20180824 21:16,484.0,484.0,484.0,484.0,4592,790.0,107450,-734.0,222152000.0,38236000.0,3952,2415,2018-08-24 21:16:00
20180824 21:17,484.0,484.5,484.0,484.0,4646,54.0,107422,-28.0,224766000.0,2614000.0,1803,1615,2018-08-24 21:17:00
20180824 21:18,484.0,484.0,484.0,484.0,4784,138.0,107446,24.0,231445000.0,6679000.0,1527,1904,2018-08-24 21:18:00
20180824 21:19,484.0,484.5,484.0,484.0,4906,122.0,107520,74.0,237355000.0,5910000.0,4949,3150,2018-08-24 21:19:00
20180824 21:20,484.0,484.0,484.0,484.0,5498,592.0,107978,458.0,266008000.0,28653000.0,3569,3474,2018-08-24 21:20:00
20180824 21:21,484.0,484.0,484.0,484.0,5702,204.0,108182,204.0,275881000.0,9873000.0,937,4424,2018-08-24 21:21:00
20180824 21:22,483.5,484.0,483.5,484.0,6296,594.0,107600,-582.0,304631000.0,28750000.0,1475,3041,2018-08-24 21:22:00
20180824 21:23,484.0,484.5,484.0,484.5,6368,72.0,107614,14.0,308116000.0,3485000.0,2605,528,2018-08-24 21:23:00
20180824 21:24,484.5,484.5,484.0,484.0,8162,1794.0,108156,542.0,394945000.0,86829000.0,3134,2032,2018-08-24 21:24:00
20180824 21:25,484.0,484.5,484.0,484.5,8226,64.0,108134,-22.0,398046000.0,3101000.0,1507,1127,2018-08-24 21:25:00
20180824 21:26,484.5,485.0,484.5,485.0,8228,2.0,108134,0.0,398143000.0,97000.0,869,612,2018-08-24 21:26:00
20180824 21:27,485.0,485.0,485.0,485.0,8228,0.0,108134,0.0,398143000.0,0.0,466,459,2018-08-24 21:27:00
20180824 21:28,485.0,485.0,485.0,485.0,8228,0.0,108134,0.0,398143000.0,0.0,628,494,2018-08-24 21:28:00
20180824 21:29,485.0,485.0,485.0,485.0,8230,2.0,108132,-2.0,398240000.0,97000.0,446,844,2018-08-24 21:29:00
20180824 21:30,485.0,485.0,484.5,484.5,8240,10.0,108132,0.0,398725000.0,485000.0,973,880,2018-08-24 21:30:00
20180824 21:31,484.5,484.5,484.0,484.0,9308,1068.0,107336,-796.0,450419000.0,51694000.0,951,2347,2018-08-24 21:31:00
20180824 21:32,484.0,484.0,484.0,484.0,11642,2334.0,107012,-324.0,563384000.0,112965000.0,3591,5378,2018-08-24 21:32:00
20180824 21:33,484.5,484.5,484.5,484.5,11644,2.0,107012,0.0,563481000.0,97000.0,414,449,2018-08-24 21:33:00
20180824 21:34,484.5,484.5,484.0,484.0,11660,16.0,107018,6.0,564256000.0,775000.0,953,5492,2018-08-24 21:34:00
20180824 21:35,484.0,484.0,483.5,483.5,11672,12.0,107018,0.0,564836000.0,580000.0,2243,2518,2018-08-24 21:35:00
20180824 21:36,483.0,483.5,483.0,483.5,13174,1502.0,107054,36.0,637451000.0,72615000.0,4442,2193,2018-08-24 21:36:00
20180824 21:37,483.5,484.0,483.5,484.0,13790,616.0,107120,66.0,667266000.0,29815000.0,1351,3281,2018-08-24 21:37:00
20180824 21:38,484.0,484.0,484.0,484.0,13790,0.0,107120,0.0,667266000.0,0.0,853,4520,2018-08-24 21:38:00
20180824 21:39,484.0,484.0,484.0,484.0,13852,62.0,107104,-16.0,670266000.0,3000000.0,1769,1685,2018-08-24 21:39:00
20180824 21:40,484.0,484.0,483.5,484.0,17210,3358.0,106984,-120.0,832686000.0,162420000.0,5430,7393,2018-08-24 21:40:00
20180824 21:41,484.0,484.0,483.5,483.5,21228,4018.0,107546,562.0,1026960000.0,194274000.0,5011,8785,2018-08-24 21:41:00
20180824 21:42,483.5,483.5,483.5,483.5,25464,4236.0,107388,-158.0,1231770000.0,204810000.0,5171,8076,2018-08-24 21:42:00
20180824 21:43,483.5,483.5,483.0,483.0,25544,80.0,107366,-22.0,1235630000.0,3860000.0,3025,6965,2018-08-24 21:43:00
20180824 21:44,483.0,483.0,483.0,483.0,26304,760.0,107918,552.0,1272340000.0,36710000.0,6120,2953,2018-08-24 21:44:00
20180824 21:45,483.0,483.0,483.0,483.0,27550,1246.0,107926,8.0,1332520000.0,60180000.0,1350,8884,2018-08-24 21:45:00
20180824 21:46,483.0,483.0,482.5,483.0,29386,1836.0,107342,-584.0,1421200000.0,88680000.0,5392,4874,2018-08-24 21:46:00
20180824 21:47,483.0,484.0,483.0,484.0,29530,144.0,107252,-90.0,1428170000.0,6970000.0,4079,2242,2018-08-24 21:47:00
20180824 21:48,484.0,484.0,484.0,484.0,29530,0.0,107252,0.0,1428170000.0,0.0,484,697,2018-08-24 21:48:00
20180824 21:49,484.0,484.0,483.5,483.5,31226,1696.0,107664,412.0,1510170000.0,82000000.0,2621,3481,2018-08-24 21:49:00
20180824 21:50,483.5,483.5,483.5,483.5,32604,1378.0,107202,-462.0,1576800000.0,66630000.0,3272,10878,2018-08-24 21:50:00
20180824 21:51,483.5,483.5,483.0,483.0,33306,702.0,107158,-44.0,1610740000.0,33940000.0,2699,6942,2018-08-24 21:51:00
20180824 21:52,483.0,483.0,483.0,483.0,33306,0.0,107158,0.0,1610740000.0,0.0,2001,1778,2018-08-24 21:52:00
20180824 21:53,483.0,483.5,483.0,483.5,33334,28.0,107160,2.0,1612090000.0,1350000.0,2820,1658,2018-08-24 21:53:00
20180824 21:54,483.5,483.5,483.5,483.5,34472,1138.0,107320,160.0,1667110000.0,55020000.0,3099,3241,2018-08-24 21:54:00
20180824 21:55,483.5,483.5,483.5,483.5,34492,20.0,107318,-2.0,1668080000.0,970000.0,385,682,2018-08-24 21:55:00
20180824 21:56,483.5,483.5,483.5,483.5,35782,1290.0,107080,-238.0,1730450000.0,62370000.0,3845,2611,2018-08-24 21:56:00
20180824 21:57,483.5,484.5,483.5,484.0,36464,682.0,107622,542.0,1763460000.0,33010000.0,3027,1599,2018-08-24 21:57:00
20180824 21:58,484.0,484.0,484.0,484.0,37758,1294.0,107030,-592.0,1826090000.0,62630000.0,1109,2234,2018-08-24 21:58:00
20180824 21:59,484.0,484.0,484.0,484.0,38436,678.0,107614,584.0,1858910000.0,32820000.0,1234,2458,2018-08-24 21:59:00
20180824 22:00,484.0,485.0,484.0,485.0,39664,1228.0,106602,-1012.0,1918380000.0,59470000.0,2249,2004,2018-08-24 22:00:00
20180824 22:01,485.0,485.0,484.5,484.5,40334,670.0,107134,532.0,1950870000.0,32490000.0,1271,1993,2018-08-24 22:01:00
20180824 22:02,484.5,485.0,484.5,485.0,40372,38.0,107166,32.0,1952720000.0,1850000.0,723,1039,2018-08-24 22:02:00
20180824 22:03,485.0,485.5,485.0,485.5,41010,638.0,106570,-596.0,1983690000.0,30970000.0,794,254,2018-08-24 22:03:00
20180824 22:04,485.5,485.5,485.0,485.0,41112,102.0,106570,0.0,1988640000.0,4950000.0,1596,3197,2018-08-24 22:04:00
20180824 22:05,485.0,485.0,485.0,485.0,41118,6.0,106572,2.0,1988930000.0,290000.0,1346,663,2018-08-24 22:05:00
20180824 22:06,485.0,485.5,485.0,485.5,41824,706.0,107108,536.0,2023210000.0,34280000.0,2131,2957,2018-08-24 22:06:00
20180824 22:07,485.5,485.5,485.5,485.5,41824,0.0,107108,0.0,2023210000.0,0.0,681,72,2018-08-24 22:07:00
20180824 22:08,485.5,485.5,485.5,485.5,41824,0.0,107108,0.0,2023210000.0,0.0,895,270,2018-08-24 22:08:00
20180824 22:09,485.5,485.5,485.5,485.5,41824,0.0,107108,0.0,2023210000.0,0.0,1069,1001,2018-08-24 22:09:00
20180824 22:10,485.5,486.0,485.5,486.0,41916,92.0,107124,16.0,2027680000.0,4470000.0,1109,659,2018-08-24 22:10:00
20180824 22:11,486.0,486.5,486.0,486.5,42530,614.0,106558,-566.0,2057550000.0,29870000.0,1483,1979,2018-08-24 22:11:00
20180824 22:12,486.5,486.5,486.0,486.0,43182,652.0,107130,572.0,2089240000.0,31690000.0,3159,1388,2018-08-24 22:12:00
20180824 22:13,486.0,486.0,485.5,485.5,44898,1716.0,106966,-164.0,2172550000.0,83310000.0,1384,4930,2018-08-24 22:13:00
20180824 22:14,485.5,485.5,485.5,485.5,44918,20.0,106986,20.0,2173520000.0,970000.0,1849,5793,2018-08-24 22:14:00
20180824 22:15,485.5,485.5,485.5,485.5,45000,82.0,107010,24.0,2177500000.0,3980000.0,2339,2117,2018-08-24 22:15:00
20180824 22:16,485.5,485.5,485.5,485.5,45658,658.0,107572,562.0,2209450000.0,31950000.0,1161,2892,2018-08-24 22:16:00
20180824 22:17,485.5,485.5,485.5,485.5,45658,0.0,107572,0.0,2209450000.0,0.0,463,154,2018-08-24 22:17:00
20180824 22:18,485.5,485.5,485.5,485.5,45658,0.0,107572,0.0,2209450000.0,0.0,222,74,2018-08-24 22:18:00
20180824 22:19,485.5,486.0,485.5,485.5,45694,36.0,107548,-24.0,2211200000.0,1750000.0,884,685,2018-08-24 22:19:00
20180824 22:20,485.5,485.5,485.5,485.5,45694,0.0,107548,0.0,2211200000.0,0.0,1425,1248,2018-08-24 22:20:00
20180824 22:21,485.5,485.5,485.5,485.5,46340,646.0,106952,-596.0,2242560000.0,31360000.0,966,1985,2018-08-24 22:21:00
20180824 22:22,485.5,485.5,485.0,485.5,47008,668.0,106912,-40.0,2274980000.0,32420000.0,3104,4164,2018-08-24 22:22:00
20180824 22:23,485.5,485.5,485.5,485.5,47190,182.0,107016,104.0,2283810000.0,8830000.0,1494,1202,2018-08-24 22:23:00
20180824 22:24,485.5,485.5,485.5,485.5,47430,240.0,106880,-136.0,2295460000.0,11650000.0,1353,2767,2018-08-24 22:24:00
20180824 22:25,485.5,485.5,485.5,485.5,47430,0.0,106880,0.0,2295460000.0,0.0,344,54,2018-08-24 22:25:00
20180824 22:26,485.5,485.5,485.5,485.5,47434,4.0,106880,0.0,2295660000.0,200000.0,750,68,2018-08-24 22:26:00
20180824 22:27,485.5,485.5,485.5,485.5,47734,300.0,107066,186.0,2310220000.0,14560000.0,396,327,2018-08-24 22:27:00
20180824 22:28,485.5,485.5,485.0,485.0,47798,64.0,107044,-22.0,2313330000.0,3110000.0,641,800,2018-08-24 22:28:00
20180824 22:29,485.0,485.0,485.0,485.0,47798,0.0,107044,0.0,2313330000.0,0.0,433,184,2018-08-24 22:29:00
20180824 22:30,485.0,485.0,485.0,485.0,47798,0.0,107044,0.0,2313330000.0,0.0,87,37,2018-08-24 22:30:00
20180824 22:31,485.0,485.5,485.0,485.5,48156,358.0,106820,-224.0,2330710000.0,17380000.0,1841,2529,2018-08-24 22:31:00
20180824 22:32,485.5,485.5,485.5,485.5,48156,0.0,106820,0.0,2330710000.0,0.0,426,74,2018-08-24 22:32:00
20180824 22:33,485.5,485.5,485.5,485.5,48156,0.0,106820,0.0,2330710000.0,0.0,255,61,2018-08-24 22:33:00
20180824 22:34,485.5,485.5,485.5,485.5,48156,0.0,106820,0.0,2330710000.0,0.0,502,129,2018-08-24 22:34:00
20180824 22:35,485.5,485.5,485.5,485.5,48156,0.0,106820,0.0,2330710000.0,0.0,436,92,2018-08-24 22:35:00
20180824 22:36,485.5,485.5,485.5,485.5,48156,0.0,106820,0.0,2330710000.0,0.0,700,246,2018-08-24 22:36:00
20180824 22:37,485.5,486.0,485.5,486.0,48436,280.0,106886,66.0,2344320000.0,13610000.0,1513,2703,2018-08-24 22:37:00
20180824 22:38,486.0,486.0,486.0,486.0,48442,6.0,106888,2.0,2344610000.0,290000.0,320,2681,2018-08-24 22:38:00
20180824 22:39,486.0,486.0,486.0,486.0,48442,0.0,106888,0.0,2344610000.0,0.0,162,880,2018-08-24 22:39:00
20180824 22:41,486.0,486.0,486.0,486.0,48444,2.0,106890,2.0,2344710000.0,100000.0,126,659,2018-08-24 22:41:00
20180824 22:42,486.0,486.0,486.0,486.0,48454,10.0,106890,0.0,2345190000.0,480000.0,239,1316,2018-08-24 22:42:00
20180824 22:43,486.0,486.0,486.0,486.0,48454,0.0,106890,0.0,2345190000.0,0.0,338,1716,2018-08-24 22:43:00
20180824 22:44,486.0,486.0,486.0,486.0,48454,0.0,106890,0.0,2345190000.0,0.0,227,1049,2018-08-24 22:44:00
20180824 22:45,486.0,486.0,485.5,485.5,48572,118.0,106778,-112.0,2350920000.0,5730000.0,590,475,2018-08-24 22:45:00
20180824 22:46,485.5,485.5,485.5,485.5,48836,264.0,106776,-2.0,2363740000.0,12820000.0,1672,5344,2018-08-24 22:46:00
20180824 22:47,485.5,485.5,485.5,485.5,48872,36.0,106800,24.0,2365490000.0,1750000.0,369,2061,2018-08-24 22:47:00
20180824 22:48,485.5,486.5,485.5,486.5,50082,1210.0,106400,-400.0,2424330000.0,58840000.0,3032,3690,2018-08-24 22:48:00
20180824 22:49,486.5,486.5,486.0,486.0,50320,238.0,106510,110.0,2435900000.0,11570000.0,2428,2593,2018-08-24 22:49:00
20180824 22:50,486.0,486.5,486.0,486.5,50324,4.0,106510,0.0,2436090000.0,190000.0,1129,4550,2018-08-24 22:50:00
20180824 22:51,486.5,486.5,486.5,486.5,50494,170.0,106416,-94.0,2444360000.0,8270000.0,1443,2812,2018-08-24 22:51:00
20180824 22:52,486.5,486.5,486.5,486.5,50718,224.0,106518,102.0,2455260000.0,10900000.0,2246,4316,2018-08-24 22:52:00
20180824 22:53,486.5,486.5,486.0,486.0,51264,546.0,106638,120.0,2481800000.0,26540000.0,2281,4086,2018-08-24 22:53:00
20180824 22:54,486.0,486.0,485.5,485.5,51326,62.0,106680,42.0,2484810000.0,3010000.0,1124,3200,2018-08-24 22:54:00
20180824 22:55,485.5,485.5,485.5,485.5,51510,184.0,106540,-140.0,2493750000.0,8940000.0,1896,1963,2018-08-24 22:55:00
20180824 22:56,485.5,485.5,485.5,485.5,51510,0.0,106540,0.0,2493750000.0,0.0,416,937,2018-08-24 22:56:00
20180824 22:57,485.5,485.5,485.5,485.5,51534,24.0,106556,16.0,2494910000.0,1160000.0,1270,1464,2018-08-24 22:57:00
20180824 22:58,485.5,486.0,485.5,486.0,51536,2.0,106556,0.0,2495010000.0,100000.0,656,1098,2018-08-24 22:58:00
20180824 22:59,486.0,486.0,485.5,485.5,51552,16.0,106572,16.0,2495780000.0,770000.0,901,879,2018-08-24 22:59:00
20180824 23:00,485.5,485.5,485.5,485.5,51558,6.0,106566,-6.0,2496080000.0,300000.0,522,444,2018-08-24 23:00:00
20180824 23:01,485.5,485.5,485.5,485.5,51558,0.0,106566,0.0,2496080000.0,0.0,418,360,2018-08-24 23:01:00
20180824 23:02,485.5,485.5,485.5,485.5,51558,0.0,106566,0.0,2496080000.0,0.0,148,266,2018-08-24 23:02:00
20180824 23:03,485.5,485.5,485.5,485.5,54834,3276.0,106562,-4.0,2655130000.0,159050000.0,6776,7290,2018-08-24 23:03:00
20180824 23:04,485.5,485.5,485.5,485.5,57354,2520.0,106966,404.0,2777470000.0,122340000.0,2440,3814,2018-08-24 23:04:00
20180824 23:05,485.5,485.5,485.5,485.5,62422,5068.0,106940,-26.0,3023520000.0,246050000.0,3021,6256,2018-08-24 23:05:00
20180824 23:06,485.5,485.5,485.5,485.5,62456,34.0,106942,2.0,3025170000.0,1650000.0,190,1542,2018-08-24 23:06:00
20180824 23:07,485.5,485.5,485.5,485.5,62456,0.0,106942,0.0,3025170000.0,0.0,161,913,2018-08-24 23:07:00
20180824 23:08,485.5,485.5,485.5,485.5,62456,0.0,106942,0.0,3025170000.0,0.0,316,861,2018-08-24 23:08:00
20180824 23:09,485.5,485.5,485.0,485.0,63104,648.0,106938,-4.0,3056600000.0,31430000.0,2836,2206,2018-08-24 23:09:00
20180824 23:10,485.0,485.0,485.0,485.0,63104,0.0,106938,0.0,3056600000.0,0.0,310,678,2018-08-24 23:10:00
20180824 23:11,485.0,485.5,485.0,485.5,63128,24.0,106944,6.0,3057770000.0,1170000.0,104,556,2018-08-24 23:11:00
20180824 23:12,485.5,485.5,485.5,485.5,63130,2.0,106942,-2.0,3057860000.0,90000.0,113,965,2018-08-24 23:12:00
20180824 23:13,485.5,485.5,485.5,485.5,63614,484.0,106566,-376.0,3081360000.0,23500000.0,294,1575,2018-08-24 23:13:00
20180824 23:14,485.5,485.5,485.5,485.5,63614,0.0,106566,0.0,3081360000.0,0.0,59,440,2018-08-24 23:14:00
20180824 23:15,485.5,485.5,485.5,485.5,63614,0.0,106566,0.0,3081360000.0,0.0,60,450,2018-08-24 23:15:00
20180824 23:16,485.5,485.5,485.0,485.0,63620,6.0,106562,-4.0,3081650000.0,290000.0,666,1049,2018-08-24 23:16:00
20180824 23:17,485.0,485.0,485.0,485.0,63620,0.0,106562,0.0,3081650000.0,0.0,104,83,2018-08-24 23:17:00
20180824 23:18,485.0,485.0,485.0,485.0,63620,0.0,106562,0.0,3081650000.0,0.0,147,250,2018-08-24 23:18:00
20180824 23:19,485.0,485.0,485.0,485.0,63620,0.0,106562,0.0,3081650000.0,0.0,74,137,2018-08-24 23:19:00
20180824 23:20,485.0,485.0,485.0,485.0,63620,0.0,106562,0.0,3081650000.0,0.0,87,274,2018-08-24 23:20:00
20180824 23:21,485.0,485.0,485.0,485.0,63620,0.0,106562,0.0,3081650000.0,0.0,34,137,2018-08-24 23:21:00
20180824 23:22,485.0,485.0,485.0,485.0,63620,0.0,106562,0.0,3081650000.0,0.0,357,487,2018-08-24 23:22:00
20180824 23:23,485.0,485.0,485.0,485.0,63660,40.0,106550,-12.0,3083590000.0,1940000.0,377,406,2018-08-24 23:23:00
20180824 23:24,485.0,485.0,485.0,485.0,63660,0.0,106550,0.0,3083590000.0,0.0,147,140,2018-08-24 23:24:00
20180824 23:25,485.0,485.0,485.0,485.0,63702,42.0,106572,22.0,3085630000.0,2040000.0,623,588,2018-08-24 23:25:00
20180824 23:26,485.0,485.5,485.0,485.5,63704,2.0,106570,-2.0,3085730000.0,100000.0,402,765,2018-08-24 23:26:00
20180824 23:27,485.0,485.0,484.5,484.5,63874,170.0,106494,-76.0,3093970000.0,8240000.0,273,1755,2018-08-24 23:27:00
20180824 23:28,484.5,484.5,484.5,484.5,63894,20.0,106474,-20.0,3094940000.0,970000.0,31,224,2018-08-24 23:28:00
20180824 23:29,484.5,485.0,484.0,484.5,65050,1156.0,106846,372.0,3150980000.0,56040000.0,714,3064,2018-08-24 23:29:00
20180827 09:00,490.0,491.0,490.0,491.0,31118,31118.0,106716,-130.0,1524630000.0,1524630000.0,8112,3100,2018-08-27 09:00:00
20180827 09:01,491.0,491.0,490.0,490.5,31286,168.0,106700,-16.0,1532870000.0,8240000.0,5903,4008,2018-08-27 09:01:00
20180827 09:02,490.5,490.5,490.0,490.0,31496,210.0,106722,22.0,1543160000.0,10290000.0,2473,2879,2018-08-27 09:02:00
20180827 09:03,490.0,490.0,488.5,488.5,31734,238.0,106690,-32.0,1554800000.0,11640000.0,3651,4054,2018-08-27 09:03:00
20180827 09:04,488.5,488.5,488.0,488.0,31886,152.0,106698,8.0,1562230000.0,7430000.0,5501,5021,2018-08-27 09:04:00
20180827 09:05,488.0,488.5,488.0,488.5,31928,42.0,106726,28.0,1564280000.0,2050000.0,2348,1233,2018-08-27 09:05:00
20180827 09:06,488.5,488.5,488.0,488.5,33332,1404.0,106654,-72.0,1632860000.0,68580000.0,3008,5520,2018-08-27 09:06:00
20180827 09:07,488.5,488.5,488.5,488.5,33344,12.0,106644,-10.0,1633450000.0,590000.0,1672,1297,2018-08-27 09:07:00
20180827 09:08,488.5,489.0,488.5,489.0,34434,1090.0,107210,566.0,1686700000.0,53250000.0,7709,3963,2018-08-27 09:08:00
20180827 09:09,489.0,489.0,488.5,489.0,34542,108.0,107198,-12.0,1691980000.0,5280000.0,3611,2420,2018-08-27 09:09:00
20180827 09:10,488.5,488.5,488.5,488.5,34554,12.0,107198,0.0,1692570000.0,590000.0,1756,2764,2018-08-27 09:10:00
20180827 09:11,488.5,489.5,488.5,489.0,34680,126.0,107190,-8.0,1698730000.0,6160000.0,5420,2216,2018-08-27 09:11:00
20180827 09:12,489.5,490.0,489.5,489.5,35664,984.0,106650,-540.0,1746900000.0,48170000.0,22169,3408,2018-08-27 09:12:00
20180827 09:13,490.0,490.0,490.0,490.0,36322,658.0,107240,590.0,1779140000.0,32240000.0,359,2134,2018-08-27 09:13:00
20180827 09:14,490.0,490.0,489.5,489.5,37020,698.0,106644,-596.0,1813310000.0,34170000.0,7702,2732,2018-08-27 09:14:00
20180827 09:15,489.5,490.0,489.5,490.0,37046,26.0,106660,16.0,1814580000.0,1270000.0,20953,1902,2018-08-27 09:15:00
20180827 09:16,490.0,490.0,490.0,490.0,37046,0.0,106660,0.0,1814580000.0,0.0,240,631,2018-08-27 09:16:00
20180827 09:17,490.0,490.0,489.0,489.0,37102,56.0,106652,-8.0,1817320000.0,2740000.0,692,1385,2018-08-27 09:17:00
20180827 09:18,489.0,489.0,489.0,489.0,37158,56.0,106644,-8.0,1820060000.0,2740000.0,841,1492,2018-08-27 09:18:00
20180827 09:19,489.0,489.0,489.0,489.0,38140,982.0,107202,558.0,1868080000.0,48020000.0,3584,4335,2018-08-27 09:19:00
20180827 09:20,489.0,489.0,489.0,489.0,38146,6.0,107196,-6.0,1868370000.0,290000.0,860,1838,2018-08-27 09:20:00
20180827 09:21,488.5,488.5,488.5,488.5,39420,1274.0,106740,-456.0,1930610000.0,62240000.0,15123,4815,2018-08-27 09:21:00
20180827 09:22,488.5,488.5,488.0,488.0,40156,736.0,107336,596.0,1966560000.0,35950000.0,16877,2797,2018-08-27 09:22:00
20180827 09:23,488.0,489.0,488.0,488.5,41082,926.0,106802,-534.0,2011790000.0,45230000.0,18386,6751,2018-08-27 09:23:00
20180827 09:24,488.5,488.5,488.0,488.5,43330,2248.0,107462,660.0,2121600000.0,109810000.0,6964,15084,2018-08-27 09:24:00
20180827 09:25,488.5,488.5,488.5,488.5,44594,1264.0,106942,-520.0,2183350000.0,61750000.0,2808,22835,2018-08-27 09:25:00
20180827 09:26,488.0,489.0,488.0,488.5,44794,200.0,106836,-106.0,2193120000.0,9770000.0,10294,8884,2018-08-27 09:26:00
20180827 09:27,488.5,489.0,488.5,488.5,46498,1704.0,106878,42.0,2276440000.0,83320000.0,19634,9577,2018-08-27 09:27:00
20180827 09:28,488.5,489.0,488.5,489.0,47346,848.0,107476,598.0,2317910000.0,41470000.0,19638,9335,2018-08-27 09:28:00
20180827 09:29,489.0,489.5,488.5,489.5,49002,1656.0,106944,-532.0,2398880000.0,80970000.0,20870,7053,2018-08-27 09:29:00
20180827 09:30,489.5,489.5,489.0,489.0,49086,84.0,106908,-36.0,2402990000.0,4110000.0,6338,3761,2018-08-27 09:30:00
20180827 09:31,489.0,489.0,488.5,488.5,50040,954.0,107480,572.0,2449640000.0,46650000.0,11202,5652,2018-08-27 09:31:00
20180827 09:32,488.5,488.5,488.5,488.5,50154,114.0,107452,-28.0,2455210000.0,5570000.0,26503,2100,2018-08-27 09:32:00
20180827 09:33,488.5,489.0,488.5,488.5,50162,8.0,107460,8.0,2455600000.0,390000.0,22697,5226,2018-08-27 09:33:00
20180827 09:34,488.5,488.5,488.0,488.0,50442,280.0,107592,132.0,2469270000.0,13670000.0,17053,6932,2018-08-27 09:34:00
20180827 09:35,488.0,488.0,487.5,487.5,50888,446.0,107736,144.0,2491020000.0,21750000.0,15493,8891,2018-08-27 09:35:00
20180827 09:36,487.5,487.5,486.5,487.0,51278,390.0,107680,-56.0,2510010000.0,18990000.0,8165,9149,2018-08-27 09:36:00
20180827 09:37,487.0,487.0,486.5,487.0,52782,1504.0,107784,104.0,2583250000.0,73240000.0,16636,15720,2018-08-27 09:37:00
20180827 09:38,487.0,487.0,487.0,487.0,53392,610.0,108026,242.0,2612960000.0,29710000.0,22486,11343,2018-08-27 09:38:00
20180827 09:39,487.0,487.0,486.5,486.5,53958,566.0,108040,14.0,2640500000.0,27540000.0,11361,9187,2018-08-27 09:39:00
20180827 09:40,486.5,486.5,485.0,485.5,54282,324.0,108144,104.0,2656250000.0,15750000.0,25092,4064,2018-08-27 09:40:00
20180827 09:41,485.5,486.0,485.5,486.0,54650,368.0,107976,-168.0,2674130000.0,17880000.0,12944,3381,2018-08-27 09:41:00
20180827 09:42,486.0,486.0,484.5,485.0,55478,828.0,108020,44.0,2714320000.0,40190000.0,7287,10053,2018-08-27 09:42:00
20180827 09:43,485.0,485.0,484.5,485.0,57664,2186.0,107354,-666.0,2820340000.0,106020000.0,19371,5228,2018-08-27 09:43:00
20180827 09:44,485.0,485.0,483.5,485.0,58622,958.0,107572,218.0,2866770000.0,46430000.0,11114,9228,2018-08-27 09:44:00
20180827 09:45,485.0,485.0,484.5,485.0,59438,816.0,107622,50.0,2906330000.0,39560000.0,11908,6647,2018-08-27 09:45:00
20180827 09:46,485.0,485.0,484.5,485.0,60748,1310.0,108092,470.0,2969800000.0,63470000.0,7757,5952,2018-08-27 09:46:00
20180827 09:47,485.0,485.5,485.0,485.5,61290,542.0,108240,148.0,2996110000.0,26310000.0,9118,3662,2018-08-27 09:47:00
20180827 09:48,485.5,485.5,485.0,485.0,61478,188.0,108152,-88.0,3005240000.0,9130000.0,1288,6467,2018-08-27 09:48:00
20180827 09:49,485.0,485.0,484.5,485.0,62090,612.0,108216,64.0,3034920000.0,29680000.0,15869,4928,2018-08-27 09:49:00
20180827 09:50,485.0,485.0,484.0,484.0,63418,1328.0,107604,-612.0,3099200000.0,64280000.0,6759,4547,2018-08-27 09:50:00
20180827 09:51,484.0,484.0,484.0,484.0,63426,8.0,107596,-8.0,3099590000.0,390000.0,32536,2925,2018-08-27 09:51:00
20180827 09:52,484.0,485.0,484.0,484.5,64112,686.0,107632,36.0,3132820000.0,33230000.0,13007,2355,2018-08-27 09:52:00
20180827 09:53,484.5,484.5,484.5,484.5,64238,126.0,107550,-82.0,3138930000.0,6110000.0,9022,1953,2018-08-27 09:53:00
20180827 09:54,484.5,484.5,484.5,484.5,66490,2252.0,108116,566.0,3248040000.0,109110000.0,17432,4320,2018-08-27 09:54:00
20180827 09:55,484.5,485.0,484.5,485.0,67692,1202.0,107556,-560.0,3306330000.0,58290000.0,9511,5677,2018-08-27 09:55:00
20180827 09:56,485.0,486.0,485.0,485.0,68654,962.0,108048,492.0,3353040000.0,46710000.0,16898,2417,2018-08-27 09:56:00
20180827 09:57,485.0,485.0,484.5,484.5,68656,2.0,108050,2.0,3353140000.0,100000.0,17768,3423,2018-08-27 09:57:00
20180827 09:58,484.5,484.5,481.5,482.0,70886,2230.0,107640,-410.0,3461000000.0,107860000.0,10252,3194,2018-08-27 09:58:00
20180827 09:59,482.0,482.5,477.5,478.5,72826,1940.0,107560,-80.0,3554340000.0,93340000.0,11711,5356,2018-08-27 09:59:00
20180827 10:00,478.0,479.5,477.5,478.5,73208,382.0,107516,-44.0,3572620000.0,18280000.0,13461,2005,2018-08-27 10:00:00
20180827 10:01,478.5,478.5,475.5,477.0,73798,590.0,107470,-46.0,3600740000.0,28120000.0,11823,3872,2018-08-27 10:01:00
20180827 10:02,477.0,477.0,476.5,477.0,74940,1142.0,107478,8.0,3655210000.0,54470000.0,6622,4920,2018-08-27 10:02:00
20180827 10:03,477.0,478.0,477.0,477.5,75662,722.0,107518,40.0,3689680000.0,34470000.0,18901,2990,2018-08-27 10:03:00
20180827 10:04,477.5,477.5,476.5,477.0,78016,2354.0,107552,34.0,3801970000.0,112290000.0,22573,3318,2018-08-27 10:04:00
20180827 10:05,477.0,477.5,477.0,477.5,78218,202.0,107566,14.0,3811610000.0,9640000.0,1787,1078,2018-08-27 10:05:00
20180827 10:06,477.5,477.5,477.5,477.5,78410,192.0,107612,46.0,3820780000.0,9170000.0,1657,1666,2018-08-27 10:06:00
20180827 10:07,478.0,478.0,478.0,478.0,78456,46.0,107600,-12.0,3822970000.0,2190000.0,624,534,2018-08-27 10:07:00
20180827 10:08,477.5,477.5,477.5,477.5,79384,928.0,107658,58.0,3867290000.0,44320000.0,1405,4091,2018-08-27 10:08:00
20180827 10:09,477.5,478.0,477.5,477.5,80052,668.0,107576,-82.0,3899180000.0,31890000.0,269,90,2018-08-27 10:09:00
20180827 10:10,477.5,478.0,477.5,478.0,80240,188.0,107426,-150.0,3908160000.0,8980000.0,1027,735,2018-08-27 10:10:00
20180827 10:11,478.0,478.0,478.0,478.0,80240,0.0,107426,0.0,3908160000.0,0.0,328,412,2018-08-27 10:11:00
20180827 10:12,478.0,478.0,477.5,477.5,81604,1364.0,107456,30.0,3973330000.0,65170000.0,17797,1760,2018-08-27 10:12:00
20180827 10:13,477.5,478.5,477.5,478.0,84308,2704.0,107490,34.0,4102480000.0,129150000.0,14646,3114,2018-08-27 10:13:00
20180827 10:14,478.0,478.0,477.5,477.5,84980,672.0,107524,34.0,4134570000.0,32090000.0,6494,1842,2018-08-27 10:14:00
20180827 10:30,477.0,477.0,476.0,476.5,85786,806.0,107450,-74.0,4173010000.0,38440000.0,2265,1740,2018-08-27 10:30:00
20180827 10:31,476.5,477.0,476.5,476.5,85792,6.0,107448,-2.0,4173290000.0,280000.0,2905,1706,2018-08-27 10:31:00
20180827 10:32,476.5,477.0,476.0,477.0,86006,214.0,107448,0.0,4183490000.0,10200000.0,1571,1368,2018-08-27 10:32:00
20180827 10:33,477.0,477.0,476.5,476.5,86098,92.0,107500,52.0,4187880000.0,4390000.0,809,1239,2018-08-27 10:33:00
20180827 10:34,476.5,476.5,476.5,476.5,86554,456.0,107716,216.0,4209600000.0,21720000.0,12472,2830,2018-08-27 10:34:00
20180827 10:35,476.5,476.5,475.5,476.0,86734,180.0,107738,22.0,4218170000.0,8570000.0,9291,2385,2018-08-27 10:35:00
20180827 10:36,476.0,476.0,475.0,475.0,88480,1746.0,107700,-38.0,4301110000.0,82940000.0,2560,8181,2018-08-27 10:36:00
20180827 10:37,475.0,475.0,474.5,475.0,88650,170.0,107794,94.0,4309180000.0,8070000.0,3628,7078,2018-08-27 10:37:00
20180827 10:38,475.0,476.0,475.0,476.0,89446,796.0,107946,152.0,4347070000.0,37890000.0,3556,4347,2018-08-27 10:38:00
20180827 10:39,476.0,476.5,476.0,476.5,90144,698.0,107858,-88.0,4380290000.0,33220000.0,3641,1026,2018-08-27 10:39:00
20180827 10:40,476.5,476.5,476.0,476.0,90942,798.0,108078,220.0,4418280000.0,37990000.0,3752,7943,2018-08-27 10:40:00
20180827 10:41,476.0,477.0,476.0,476.5,91098,156.0,108066,-12.0,4425710000.0,7430000.0,4460,4939,2018-08-27 10:41:00
20180827 10:42,476.5,476.5,476.0,476.0,91788,690.0,107938,-128.0,4458590000.0,32880000.0,3270,3473,2018-08-27 10:42:00
20180827 10:43,476.0,476.5,476.0,476.0,91806,18.0,107946,8.0,4459450000.0,860000.0,2009,4341,2018-08-27 10:43:00
20180827 10:44,476.0,476.0,476.0,476.0,91850,44.0,107960,14.0,4461540000.0,2090000.0,2574,2787,2018-08-27 10:44:00
20180827 10:45,476.0,476.0,475.5,476.0,92732,882.0,108076,116.0,4503480000.0,41940000.0,3648,2193,2018-08-27 10:45:00
20180827 10:46,476.0,476.0,476.0,476.0,92874,142.0,108048,-28.0,4510240000.0,6760000.0,2019,1247,2018-08-27 10:46:00
20180827 10:47,476.0,477.5,476.0,477.0,93734,860.0,108240,192.0,4551260000.0,41020000.0,2348,3881,2018-08-27 10:47:00
20180827 10:48,477.0,477.5,477.0,477.0,94598,864.0,108292,52.0,4592470000.0,41210000.0,1443,2219,2018-08-27 10:48:00
20180827 10:49,477.0,477.0,476.5,477.0,94662,64.0,108310,18.0,4595520000.0,3050000.0,884,437,2018-08-27 10:49:00
20180827 10:50,477.0,477.5,476.5,477.5,95474,812.0,108420,110.0,4634260000.0,38740000.0,1065,760,2018-08-27 10:50:00
20180827 10:51,477.5,477.5,476.5,476.5,96424,950.0,108310,-110.0,4679600000.0,45340000.0,1304,1377,2018-08-27 10:51:00
20180827 10:52,476.5,476.5,476.5,476.5,96432,8.0,108304,-6.0,4679990000.0,390000.0,592,665,2018-08-27 10:52:00
20180827 10:53,476.5,476.5,476.5,476.5,96442,10.0,108314,10.0,4680460000.0,470000.0,1001,1178,2018-08-27 10:53:00
20180827 10:54,476.5,476.5,476.5,476.5,96446,4.0,108318,4.0,4680650000.0,190000.0,602,330,2018-08-27 10:54:00
20180827 10:55,476.5,476.5,476.5,476.5,96446,0.0,108318,0.0,4680650000.0,0.0,863,945,2018-08-27 10:55:00
20180827 10:56,476.5,476.5,476.5,476.5,96446,0.0,108318,0.0,4680650000.0,0.0,952,734,2018-08-27 10:56:00
20180827 10:57,476.5,476.5,476.5,476.5,96446,0.0,108318,0.0,4680650000.0,0.0,936,2566,2018-08-27 10:57:00
20180827 10:58,476.5,477.0,476.5,477.0,96450,4.0,108320,2.0,4680840000.0,190000.0,377,711,2018-08-27 10:58:00
20180827 10:59,477.0,477.0,476.0,476.0,96564,114.0,108302,-18.0,4686280000.0,5440000.0,1001,964,2018-08-27 10:59:00
20180827 11:00,476.0,476.0,475.5,476.0,97374,810.0,108458,156.0,4724830000.0,38550000.0,1770,5535,2018-08-27 11:00:00
20180827 11:01,476.0,476.5,476.0,476.5,98024,650.0,108558,100.0,4755800000.0,30970000.0,686,646,2018-08-27 11:01:00
20180827 11:02,476.5,476.5,476.5,476.5,98196,172.0,108404,-154.0,4764000000.0,8200000.0,153,131,2018-08-27 11:02:00
20180827 11:03,476.5,476.5,476.5,476.5,98196,0.0,108404,0.0,4764000000.0,0.0,102,79,2018-08-27 11:03:00
20180827 11:04,476.5,477.0,476.5,477.0,100014,1818.0,108410,6.0,4850720000.0,86720000.0,1834,9754,2018-08-27 11:04:00
20180827 11:05,477.0,477.5,477.0,477.5,101168,1154.0,108488,78.0,4905760000.0,55040000.0,1610,4225,2018-08-27 11:05:00
20180827 11:06,477.5,477.5,477.0,477.5,102046,878.0,108592,104.0,4947640000.0,41880000.0,1255,517,2018-08-27 11:06:00
20180827 11:07,477.5,477.5,477.5,477.5,102152,106.0,108508,-84.0,4952710000.0,5070000.0,1099,964,2018-08-27 11:07:00
20180827 11:08,477.5,477.5,477.5,477.5,102416,264.0,108458,-50.0,4965310000.0,12600000.0,1206,2343,2018-08-27 11:08:00
20180827 11:09,477.5,478.0,477.5,478.0,102516,100.0,108492,34.0,4970090000.0,4780000.0,563,599,2018-08-27 11:09:00
20180827 11:10,478.0,478.0,477.5,477.5,102624,108.0,108444,-48.0,4975240000.0,5150000.0,592,1028,2018-08-27 11:10:00
20180827 11:11,477.5,477.5,477.5,477.5,102696,72.0,108460,16.0,4978680000.0,3440000.0,296,359,2018-08-27 11:11:00
20180827 11:12,477.5,477.5,477.5,477.5,102698,2.0,108458,-2.0,4978780000.0,100000.0,52,86,2018-08-27 11:12:00
20180827 11:13,477.5,478.5,477.5,478.0,104400,1702.0,108418,-40.0,5060130000.0,81350000.0,1182,901,2018-08-27 11:13:00
20180827 11:14,478.0,478.0,478.0,478.0,105342,942.0,108450,32.0,5105160000.0,45030000.0,1705,1589,2018-08-27 11:14:00
20180827 11:15,478.0,478.5,478.0,478.0,105412,70.0,108474,24.0,5108510000.0,3350000.0,5102,1253,2018-08-27 11:15:00
20180827 11:16,478.0,478.0,477.5,477.5,106326,914.0,108504,30.0,5152190000.0,43680000.0,3678,1214,2018-08-27 11:16:00
20180827 11:17,477.5,477.5,477.5,477.5,107808,1482.0,108498,-6.0,5222960000.0,70770000.0,1882,1685,2018-08-27 11:17:00
20180827 11:18,477.5,477.5,477.5,477.5,107808,0.0,108498,0.0,5222960000.0,0.0,156,501,2018-08-27 11:18:00
20180827 11:19,477.5,477.5,477.5,477.5,107808,0.0,108498,0.0,5222960000.0,0.0,145,418,2018-08-27 11:19:00
20180827 11:20,477.5,477.5,477.0,477.5,108628,820.0,108470,-28.0,5262110000.0,39150000.0,610,864,2018-08-27 11:20:00
20180827 11:21,477.5,477.5,477.0,477.0,108634,6.0,108476,6.0,5262400000.0,290000.0,178,362,2018-08-27 11:21:00
20180827 11:22,477.0,477.0,477.0,477.0,109014,380.0,108340,-136.0,5280530000.0,18130000.0,6908,1879,2018-08-27 11:22:00
20180827 11:23,477.0,477.0,477.0,477.0,109014,0.0,108340,0.0,5280530000.0,0.0,326,705,2018-08-27 11:23:00
20180827 11:24,477.0,477.0,477.0,477.0,110764,1750.0,108318,-22.0,5364000000.0,83470000.0,5055,1730,2018-08-27 11:24:00
20180827 11:25,477.0,477.0,476.0,476.5,111716,952.0,108358,40.0,5409360000.0,45360000.0,1573,2480,2018-08-27 11:25:00
20180827 11:26,476.5,476.5,476.5,476.5,111792,76.0,108386,28.0,5412980000.0,3620000.0,711,468,2018-08-27 11:26:00
20180827 11:27,476.5,477.0,476.0,476.0,112794,1002.0,108370,-16.0,5460730000.0,47750000.0,2292,1718,2018-08-27 11:27:00
20180827 11:28,475.5,475.5,475.5,475.5,114674,1880.0,108468,98.0,5550120000.0,89390000.0,2320,2060,2018-08-27 11:28:00
20180827 11:29,475.5,476.0,475.5,475.5,115936,1262.0,108668,200.0,5610180000.0,60060000.0,1213,4881,2018-08-27 11:29:00
20180827 13:30,476.0,477.0,476.0,476.5,118502,2566.0,108604,-64.0,5732450000.0,122270000.0,3510,2346,2018-08-27 13:30:00
20180827 13:31,476.5,477.5,476.5,477.0,118934,432.0,108244,-360.0,5753050000.0,20600000.0,25830,11282,2018-08-27 13:31:00
20180827 13:32,477.5,477.5,477.0,477.0,118960,26.0,108262,18.0,5754290000.0,1240000.0,806,1579,2018-08-27 13:32:00
20180827 13:33,477.0,477.0,477.0,477.0,118960,0.0,108262,0.0,5754290000.0,0.0,519,1078,2018-08-27 13:33:00
20180827 13:34,477.0,477.0,477.0,477.0,118978,18.0,108254,-8.0,5755150000.0,860000.0,22129,5050,2018-08-27 13:34:00
20180827 13:35,477.0,477.0,477.0,477.0,118978,0.0,108254,0.0,5755150000.0,0.0,1237,2001,2018-08-27 13:35:00
20180827 13:36,477.5,477.5,477.5,477.5,118982,4.0,108254,0.0,5755340000.0,190000.0,363,672,2018-08-27 13:36:00
20180827 13:37,477.5,477.5,477.5,477.5,119860,878.0,108298,44.0,5797270000.0,41930000.0,3201,3185,2018-08-27 13:37:00
20180827 13:38,477.5,477.5,477.5,477.5,121102,1242.0,108446,148.0,5856570000.0,59300000.0,1619,2564,2018-08-27 13:38:00
20180827 13:39,477.5,477.5,477.5,477.5,121102,0.0,108446,0.0,5856570000.0,0.0,842,1249,2018-08-27 13:39:00
20180827 13:40,477.5,477.5,477.0,477.0,121118,16.0,108446,0.0,5857340000.0,770000.0,8311,2535,2018-08-27 13:40:00
20180827 13:41,477.0,477.0,476.5,476.5,123038,1920.0,108252,-194.0,5948840000.0,91500000.0,6364,3275,2018-08-27 13:41:00
20180827 13:42,476.5,477.0,476.5,477.0,123230,192.0,108402,150.0,5957990000.0,9150000.0,1372,1049,2018-08-27 13:42:00
20180827 13:43,477.0,477.0,476.5,476.5,123236,6.0,108400,-2.0,5958280000.0,290000.0,672,467,2018-08-27 13:43:00
20180827 13:44,476.5,477.0,476.0,476.5,124232,996.0,108368,-32.0,6005750000.0,47470000.0,1888,1575,2018-08-27 13:44:00
20180827 13:45,476.5,477.0,476.5,477.0,124428,196.0,108390,22.0,6015090000.0,9340000.0,5611,1257,2018-08-27 13:45:00
20180827 13:46,477.0,477.0,477.0,477.0,124428,0.0,108390,0.0,6015090000.0,0.0,563,738,2018-08-27 13:46:00
20180827 13:47,477.0,477.0,476.0,476.0,124448,20.0,108394,4.0,6016040000.0,950000.0,1001,1378,2018-08-27 13:47:00
20180827 13:48,476.0,476.5,476.0,476.5,124532,84.0,108394,0.0,6020040000.0,4000000.0,1487,1177,2018-08-27 13:48:00
20180827 13:49,476.5,476.5,476.5,476.5,124910,378.0,108334,-60.0,6038050000.0,18010000.0,1358,1057,2018-08-27 13:49:00
20180827 13:50,476.5,476.5,476.5,476.5,125450,540.0,108372,38.0,6063790000.0,25740000.0,1779,6686,2018-08-27 13:50:00
20180827 13:51,476.5,476.5,476.5,476.5,126394,944.0,108548,176.0,6108770000.0,44980000.0,4079,6567,2018-08-27 13:51:00
20180827 13:52,476.5,477.0,476.5,477.0,126400,6.0,108544,-4.0,6109050000.0,280000.0,1002,899,2018-08-27 13:52:00
20180827 13:53,477.0,477.0,477.0,477.0,126400,0.0,108544,0.0,6109050000.0,0.0,461,574,2018-08-27 13:53:00
20180827 13:54,477.0,477.0,477.0,477.0,126488,88.0,108554,10.0,6113250000.0,4200000.0,1129,1110,2018-08-27 13:54:00
20180827 13:55,477.0,477.0,476.5,476.5,126490,2.0,108554,0.0,6113350000.0,100000.0,458,621,2018-08-27 13:55:00
20180827 13:56,476.5,477.0,476.5,477.0,126970,480.0,108658,104.0,6136230000.0,22880000.0,14686,4503,2018-08-27 13:56:00
20180827 13:57,477.0,477.0,477.0,477.0,127144,174.0,108558,-100.0,6144530000.0,8300000.0,9660,2543,2018-08-27 13:57:00
20180827 13:58,477.0,477.0,477.0,477.0,127144,0.0,108558,0.0,6144530000.0,0.0,726,818,2018-08-27 13:58:00
20180827 13:59,477.0,477.0,477.0,477.0,127144,0.0,108558,0.0,6144530000.0,0.0,304,393,2018-08-27 13:59:00
20180827 14:00,477.0,477.0,477.0,477.0,127210,66.0,108570,12.0,6147680000.0,3150000.0,457,530,2018-08-27 14:00:00
20180827 14:01,477.0,477.0,476.5,476.5,127250,40.0,108552,-18.0,6149590000.0,1910000.0,803,962,2018-08-27 14:01:00
20180827 14:02,476.5,476.5,476.5,476.5,127250,0.0,108552,0.0,6149590000.0,0.0,813,621,2018-08-27 14:02:00
20180827 14:03,476.5,476.5,476.0,476.0,128372,1122.0,108632,80.0,6202990000.0,53400000.0,1543,2063,2018-08-27 14:03:00
20180827 14:04,476.0,476.5,476.0,476.5,128398,26.0,108622,-10.0,6204230000.0,1240000.0,959,2319,2018-08-27 14:04:00
20180827 14:05,476.5,476.5,476.0,476.0,128686,288.0,108610,-12.0,6217960000.0,13730000.0,2774,3475,2018-08-27 14:05:00
20180827 14:06,476.0,476.0,476.0,476.0,128950,264.0,108458,-152.0,6230520000.0,12560000.0,1294,1405,2018-08-27 14:06:00
20180827 14:07,476.0,476.0,476.0,476.0,129866,916.0,108254,-204.0,6274120000.0,43600000.0,1729,1484,2018-08-27 14:07:00
20180827 14:08,476.0,476.0,475.5,475.5,130000,134.0,108286,32.0,6280500000.0,6380000.0,2051,1188,2018-08-27 14:08:00
20180827 14:09,475.5,475.5,475.5,475.5,130032,32.0,108254,-32.0,6282020000.0,1520000.0,1090,973,2018-08-27 14:09:00
20180827 14:10,476.0,476.5,476.0,476.5,132804,2772.0,108356,102.0,6414100000.0,132080000.0,1584,3980,2018-08-27 14:10:00
20180827 14:11,476.5,476.5,476.5,476.5,132852,48.0,108384,28.0,6416390000.0,2290000.0,842,1918,2018-08-27 14:11:00
20180827 14:12,476.5,476.5,476.5,476.5,133870,1018.0,108236,-148.0,6464890000.0,48500000.0,1663,4900,2018-08-27 14:12:00
20180827 14:13,476.5,477.0,476.5,477.0,134660,790.0,108300,64.0,6502540000.0,37650000.0,1065,1553,2018-08-27 14:13:00
20180827 14:14,477.0,477.0,477.0,477.0,134660,0.0,108300,0.0,6502540000.0,0.0,330,434,2018-08-27 14:14:00
20180827 14:15,477.0,477.0,476.5,476.5,135414,754.0,108270,-30.0,6538460000.0,35920000.0,689,1501,2018-08-27 14:15:00
20180827 14:16,476.5,476.5,476.0,476.0,136136,722.0,108292,22.0,6572870000.0,34410000.0,799,1303,2018-08-27 14:16:00
20180827 14:17,476.0,476.0,476.0,476.0,136226,90.0,108306,14.0,6577150000.0,4280000.0,1634,2772,2018-08-27 14:17:00
20180827 14:18,476.0,476.0,476.0,476.0,136832,606.0,108328,22.0,6606000000.0,28850000.0,1568,4530,2018-08-27 14:18:00
20180827 14:19,476.0,476.0,475.0,475.5,137212,380.0,108476,148.0,6624060000.0,18060000.0,3920,9484,2018-08-27 14:19:00
20180827 14:20,475.0,476.0,475.0,476.0,137700,488.0,108322,-154.0,6647280000.0,23220000.0,2149,4040,2018-08-27 14:20:00
20180827 14:21,476.0,476.0,475.5,475.5,142518,4818.0,108320,-2.0,6876520000.0,229240000.0,4280,4542,2018-08-27 14:21:00
20180827 14:22,475.5,475.5,475.5,475.5,142518,0.0,108320,0.0,6876520000.0,0.0,4353,2026,2018-08-27 14:22:00
20180827 14:23,475.5,475.5,475.0,475.5,143372,854.0,108404,84.0,6917100000.0,40580000.0,4265,7151,2018-08-27 14:23:00
20180827 14:24,475.5,476.0,475.5,476.0,143488,116.0,108408,4.0,6922610000.0,5510000.0,1877,4970,2018-08-27 14:24:00
20180827 14:25,476.0,476.0,475.5,475.5,144446,958.0,108222,-186.0,6968170000.0,45560000.0,2537,4688,2018-08-27 14:25:00
20180827 14:26,475.5,475.5,475.5,475.5,144458,12.0,108222,0.0,6968740000.0,570000.0,834,1560,2018-08-27 14:26:00
20180827 14:27,475.5,475.5,475.5,475.5,144468,10.0,108222,0.0,6969210000.0,470000.0,615,1044,2018-08-27 14:27:00
20180827 14:28,475.5,475.5,475.5,475.5,144478,10.0,108222,0.0,6969690000.0,480000.0,411,696,2018-08-27 14:28:00
20180827 14:29,475.5,475.5,475.5,475.5,144660,182.0,108212,-10.0,6978340000.0,8650000.0,1324,2627,2018-08-27 14:29:00
20180827 14:30,476.0,476.0,476.0,476.0,144770,110.0,108212,0.0,6983580000.0,5240000.0,663,832,2018-08-27 14:30:00
20180827 14:31,476.5,477.5,476.5,477.5,145940,1170.0,108176,-36.0,7039350000.0,55770000.0,2438,3443,2018-08-27 14:31:00
20180827 14:32,477.5,477.5,476.5,476.5,148590,2650.0,108252,76.0,7165750000.0,126400000.0,2471,2896,2018-08-27 14:32:00
20180827 14:33,476.5,476.5,476.0,476.5,149640,1050.0,108142,-110.0,7215780000.0,50030000.0,1785,1820,2018-08-27 14:33:00
20180827 14:34,476.5,476.5,476.5,476.5,150506,866.0,108168,26.0,7257050000.0,41270000.0,1371,5354,2018-08-27 14:34:00
20180827 14:35,476.5,477.5,476.5,477.5,153232,2726.0,108252,84.0,7387010000.0,129960000.0,2659,6743,2018-08-27 14:35:00
20180827 14:36,477.5,478.0,477.5,478.0,153334,102.0,108246,-6.0,7391880000.0,4870000.0,1066,3343,2018-08-27 14:36:00
20180827 14:37,478.0,478.0,477.0,477.0,154366,1032.0,108536,290.0,7441160000.0,49280000.0,2806,3158,2018-08-27 14:37:00
20180827 14:38,477.0,477.5,477.0,477.5,154370,4.0,108536,0.0,7441350000.0,190000.0,2663,1455,2018-08-27 14:38:00
20180827 14:39,477.5,478.0,477.5,477.5,155748,1378.0,108758,222.0,7507150000.0,65800000.0,1866,2847,2018-08-27 14:39:00
20180827 14:40,477.5,477.5,477.5,477.5,155750,2.0,108758,0.0,7507250000.0,100000.0,818,593,2018-08-27 14:40:00
20180827 14:41,477.5,477.5,477.5,477.5,155752,2.0,108756,-2.0,7507340000.0,90000.0,216,219,2018-08-27 14:41:00
20180827 14:42,477.5,477.5,477.5,477.5,157590,1838.0,108700,-56.0,7595110000.0,87770000.0,3019,1951,2018-08-27 14:42:00
20180827 14:43,477.5,477.5,477.5,477.5,157784,194.0,108664,-36.0,7604370000.0,9260000.0,1247,1035,2018-08-27 14:43:00
20180827 14:44,477.5,477.5,477.5,477.5,157820,36.0,108674,10.0,7606090000.0,1720000.0,749,1029,2018-08-27 14:44:00
20180827 14:45,477.5,477.5,477.0,477.5,158798,978.0,108648,-26.0,7652790000.0,46700000.0,1124,1636,2018-08-27 14:45:00
20180827 14:46,477.5,477.5,477.5,477.5,160680,1882.0,108672,24.0,7742660000.0,89870000.0,2499,1790,2018-08-27 14:46:00
20180827 14:47,477.5,477.5,477.5,477.5,160680,0.0,108672,0.0,7742660000.0,0.0,188,308,2018-08-27 14:47:00
20180827 14:48,477.5,477.5,476.5,476.5,160788,108.0,108636,-36.0,7747810000.0,5150000.0,773,1037,2018-08-27 14:48:00
20180827 14:49,476.5,476.5,476.5,476.5,161796,1008.0,108648,12.0,7795840000.0,48030000.0,1853,1429,2018-08-27 14:49:00
20180827 14:50,476.5,476.5,476.5,476.5,162740,944.0,108692,44.0,7840820000.0,44980000.0,998,1247,2018-08-27 14:50:00
20180827 14:51,476.5,476.5,476.5,476.5,165758,3018.0,108896,204.0,7984630000.0,143810000.0,3035,7742,2018-08-27 14:51:00
20180827 14:52,476.5,476.5,476.5,476.5,167294,1536.0,108944,48.0,8057820000.0,73190000.0,2394,4365,2018-08-27 14:52:00
20180827 14:53,476.5,476.5,476.5,476.5,167322,28.0,108952,8.0,8059150000.0,1330000.0,804,448,2018-08-27 14:53:00
20180827 14:54,476.5,477.0,476.5,477.0,168322,1000.0,108952,0.0,8106850000.0,47700000.0,2901,2176,2018-08-27 14:54:00
20180827 14:55,477.0,477.0,477.0,477.0,168408,86.0,108940,-12.0,8110960000.0,4110000.0,1071,961,2018-08-27 14:55:00
20180827 14:56,477.0,477.0,476.5,476.5,168594,186.0,109058,118.0,8119820000.0,8860000.0,2042,4467,2018-08-27 14:56:00
20180827 14:57,476.5,476.5,476.0,476.0,168608,14.0,109060,2.0,8120490000.0,670000.0,503,509,2018-08-27 14:57:00
20180827 14:58,476.0,476.5,476.0,476.5,168632,24.0,109066,6.0,8121630000.0,1140000.0,488,1001,2018-08-27 14:58:00
20180827 14:59,476.5,477.0,476.0,476.5,168816,184.0,108986,-80.0,8130400000.0,8770000.0,766,2833,2018-08-27 14:59:00
20180827 15:00,476.5,476.5,476.5,476.5,168824,8.0,108980,-6.0,8130780000.0,380000.0,39,36,2018-08-27 15:00:00
20180827 20:59,486.5,486.5,486.5,486.5,142,142.0,110168,1188.0,6908300.0,6908300.0,1,4,2018-08-27 20:59:00
20180827 21:00,486.5,489.5,486.5,488.5,358,216.0,110020,-148.0,17468100.0,10559800.0,949,4486,2018-08-27 21:00:00
20180827 21:01,488.5,488.5,488.0,488.5,540,182.0,109966,-54.0,26358700.0,8890600.0,1448,4128,2018-08-27 21:01:00
20180827 21:02,488.5,488.5,488.5,488.5,540,0.0,109966,0.0,26358700.0,0.0,737,1863,2018-08-27 21:02:00
20180827 21:03,488.5,489.0,488.5,489.0,640,100.0,109988,22.0,31248600.0,4889900.0,748,1859,2018-08-27 21:03:00
20180827 21:04,489.0,489.0,488.5,489.0,672,32.0,109992,4.0,32813100.0,1564500.0,732,1817,2018-08-27 21:04:00
20180827 21:05,489.0,490.0,489.0,489.5,792,120.0,110012,20.0,38688100.0,5875000.0,2224,1777,2018-08-27 21:05:00
20180827 21:06,489.5,490.0,489.5,490.0,964,172.0,109982,-30.0,47115700.0,8427600.0,6171,2255,2018-08-27 21:06:00
20180827 21:07,490.0,490.0,490.0,490.0,1006,42.0,109964,-18.0,49173700.0,2058000.0,1977,1669,2018-08-27 21:07:00
20180827 21:08,490.0,490.0,489.5,490.0,1124,118.0,109894,-70.0,54952200.0,5778500.0,1491,1476,2018-08-27 21:08:00
20180827 21:09,490.0,491.5,489.5,490.5,1550,426.0,109778,-116.0,75851200.0,20899000.0,2757,4533,2018-08-27 21:09:00
20180827 21:10,490.5,490.5,489.5,489.5,1758,208.0,109620,-158.0,86041400.0,10190200.0,1403,3286,2018-08-27 21:10:00
20180827 21:11,489.5,489.5,489.5,489.5,2376,618.0,110212,592.0,116293000.0,30251600.0,2183,1036,2018-08-27 21:11:00
20180827 21:12,489.5,489.5,488.0,488.0,3164,788.0,109578,-634.0,154840000.0,38547000.0,2451,5973,2018-08-27 21:12:00
20180827 21:13,488.5,488.5,488.5,488.5,3216,52.0,109598,20.0,157381000.0,2541000.0,583,4767,2018-08-27 21:13:00
20180827 21:14,488.5,488.5,488.0,488.0,3294,78.0,109582,-16.0,161191000.0,3810000.0,1521,3859,2018-08-27 21:14:00
20180827 21:15,488.0,488.5,488.0,488.5,3310,16.0,109588,6.0,161972000.0,781000.0,2322,2230,2018-08-27 21:15:00
20180827 21:16,488.5,488.5,488.5,488.5,3312,2.0,109588,0.0,162069000.0,97000.0,1371,2159,2018-08-27 21:16:00
20180827 21:17,488.5,489.0,488.5,489.0,3506,194.0,109452,-136.0,171547000.0,9478000.0,2469,2687,2018-08-27 21:17:00
20180827 21:18,489.0,489.0,489.0,489.0,3518,12.0,109452,0.0,172134000.0,587000.0,279,2576,2018-08-27 21:18:00
20180827 21:19,489.0,489.0,488.5,488.5,3544,26.0,109460,8.0,173405000.0,1271000.0,346,2590,2018-08-27 21:19:00
20180827 21:20,488.5,489.0,488.5,489.0,3564,20.0,109452,-8.0,174382000.0,977000.0,555,2330,2018-08-27 21:20:00
20180827 21:21,489.0,490.5,488.5,490.5,3836,272.0,109332,-120.0,187688000.0,13306000.0,3459,5945,2018-08-27 21:21:00
20180827 21:22,490.0,491.5,490.0,491.0,4706,870.0,109894,562.0,230401000.0,42713000.0,2682,3161,2018-08-27 21:22:00
20180827 21:23,491.0,491.5,491.0,491.0,4820,114.0,109942,48.0,235998000.0,5597000.0,764,2166,2018-08-27 21:23:00
20180827 21:24,491.0,491.0,490.5,490.5,5700,880.0,109426,-516.0,279162000.0,43164000.0,2816,3153,2018-08-27 21:24:00
20180827 21:25,490.5,491.5,490.5,491.0,5796,96.0,109408,-18.0,283879000.0,4717000.0,3086,1475,2018-08-27 21:25:00
20180827 21:26,491.0,491.0,491.0,491.0,7024,1228.0,109392,-16.0,344174000.0,60295000.0,2430,1250,2018-08-27 21:26:00
20180827 21:27,491.0,491.0,490.5,490.5,7128,104.0,109384,-8.0,349280000.0,5106000.0,1898,7466,2018-08-27 21:27:00
20180827 21:28,490.5,491.0,490.5,490.5,8442,1314.0,109334,-50.0,413766000.0,64486000.0,2232,3448,2018-08-27 21:28:00
20180827 21:29,490.5,490.5,490.5,490.5,8552,110.0,109320,-14.0,419162000.0,5396000.0,2719,3228,2018-08-27 21:29:00
20180827 21:30,490.5,491.0,490.5,490.5,10950,2398.0,109956,636.0,536785000.0,117623000.0,1834,4469,2018-08-27 21:30:00
20180827 21:31,490.5,491.0,490.5,490.5,13658,2708.0,109334,-622.0,669614000.0,132829000.0,2573,8955,2018-08-27 21:31:00
20180827 21:32,490.5,490.5,490.0,490.5,13672,14.0,109348,14.0,670300000.0,686000.0,1298,2513,2018-08-27 21:32:00
20180827 21:33,490.5,490.5,490.0,490.0,13680,8.0,109340,-8.0,670692000.0,392000.0,1591,1016,2018-08-27 21:33:00
20180827 21:34,490.0,490.0,490.0,490.0,13858,178.0,109220,-120.0,679414000.0,8722000.0,1192,1768,2018-08-27 21:34:00
20180827 21:35,490.0,490.0,489.5,489.5,14570,712.0,109724,504.0,714266000.0,34852000.0,1108,2429,2018-08-27 21:35:00
20180827 21:36,489.5,489.5,489.0,489.0,15218,648.0,109136,-588.0,745984000.0,31718000.0,1953,7639,2018-08-27 21:36:00
20180827 21:37,489.0,489.0,489.0,489.0,15230,12.0,109138,2.0,746571000.0,587000.0,1099,4420,2018-08-27 21:37:00
20180827 21:38,489.0,489.5,489.0,489.5,15312,82.0,109156,18.0,750582000.0,4011000.0,1323,3538,2018-08-27 21:38:00
20180827 21:39,489.5,489.5,489.5,489.5,15316,4.0,109154,-2.0,750778000.0,196000.0,435,1948,2018-08-27 21:39:00
20180827 21:40,489.5,489.5,489.0,489.0,15360,44.0,109150,-4.0,752930000.0,2152000.0,1200,5338,2018-08-27 21:40:00
20180827 21:41,489.0,489.0,489.0,489.0,15360,0.0,109150,0.0,752930000.0,0.0,320,1698,2018-08-27 21:41:00
20180827 21:42,489.0,489.0,489.0,489.0,15360,0.0,109150,0.0,752930000.0,0.0,391,1689,2018-08-27 21:42:00
20180827 21:43,489.0,489.0,489.0,489.0,15362,2.0,109150,0.0,753028000.0,98000.0,1573,5413,2018-08-27 21:43:00
20180827 21:44,489.0,489.0,489.0,489.0,15362,0.0,109150,0.0,753028000.0,0.0,500,2072,2018-08-27 21:44:00
20180827 21:45,489.0,489.0,489.0,489.0,15390,28.0,109142,-8.0,754397000.0,1369000.0,936,2765,2018-08-27 21:45:00
20180827 21:46,489.0,489.0,489.0,489.0,16006,616.0,109718,576.0,784519000.0,30122000.0,1394,1284,2018-08-27 21:46:00
20180827 21:47,489.0,489.5,489.0,489.0,16130,124.0,109644,-74.0,790585000.0,6066000.0,2439,1756,2018-08-27 21:47:00
20180827 21:48,489.0,489.5,489.0,489.5,16958,828.0,108922,-722.0,831074000.0,40489000.0,4546,1252,2018-08-27 21:48:00
20180827 21:49,489.5,489.5,489.5,489.5,16988,30.0,108952,30.0,832543000.0,1469000.0,2034,201,2018-08-27 21:49:00
20180827 21:50,489.5,489.5,489.5,489.5,16988,0.0,108952,0.0,832543000.0,0.0,2031,759,2018-08-27 21:50:00
20180827 21:51,489.5,489.5,489.5,489.5,17142,154.0,109054,102.0,840081000.0,7538000.0,3052,1309,2018-08-27 21:51:00
20180827 21:52,489.5,490.0,489.5,490.0,17718,576.0,109052,-2.0,868276000.0,28195000.0,2188,169,2018-08-27 21:52:00
20180827 21:53,490.0,490.0,490.0,490.0,18120,402.0,108708,-344.0,887974000.0,19698000.0,1848,3122,2018-08-27 21:53:00
20180827 21:54,490.0,490.5,490.0,490.5,18876,756.0,108666,-42.0,925056000.0,37082000.0,3936,2442,2018-08-27 21:54:00
20180827 21:55,490.5,491.5,490.5,491.5,19470,594.0,108490,-176.0,954230000.0,29174000.0,5653,2380,2018-08-27 21:55:00
20180827 21:56,491.5,491.5,491.0,491.5,19944,474.0,108362,-128.0,977527000.0,23297000.0,2483,1173,2018-08-27 21:56:00
20180827 21:57,491.5,491.5,491.0,491.0,19946,2.0,108360,-2.0,977625000.0,98000.0,1153,489,2018-08-27 21:57:00
20180827 21:58,491.0,491.0,491.0,491.0,19974,28.0,108336,-24.0,979000000.0,1375000.0,1310,427,2018-08-27 21:58:00
20180827 21:59,491.0,491.0,491.0,491.0,19974,0.0,108336,0.0,979000000.0,0.0,186,38,2018-08-27 21:59:00
20180827 22:00,491.0,491.0,491.0,491.0,21354,1380.0,108336,0.0,1046760000.0,67760000.0,2123,2399,2018-08-27 22:00:00
20180827 22:01,491.0,491.0,491.0,491.0,21368,14.0,108348,12.0,1047450000.0,690000.0,1050,641,2018-08-27 22:01:00
20180827 22:02,491.0,491.5,491.0,491.5,21506,138.0,108336,-12.0,1054220000.0,6770000.0,1174,2261,2018-08-27 22:02:00
20180827 22:03,491.5,491.5,491.0,491.0,21544,38.0,108322,-14.0,1056090000.0,1870000.0,2820,1115,2018-08-27 22:03:00
20180827 22:04,491.0,491.0,491.0,491.0,21548,4.0,108322,0.0,1056280000.0,190000.0,1980,99,2018-08-27 22:04:00
20180827 22:05,491.0,491.5,491.0,491.0,22228,680.0,108316,-6.0,1089670000.0,33390000.0,4527,1079,2018-08-27 22:05:00
20180827 22:06,491.0,491.0,490.5,491.0,23032,804.0,108130,-186.0,1129120000.0,39450000.0,3431,1188,2018-08-27 22:06:00
20180827 22:07,491.0,491.0,491.0,491.0,23164,132.0,108038,-92.0,1135600000.0,6480000.0,2838,548,2018-08-27 22:07:00
20180827 22:08,491.0,491.0,491.0,491.0,23164,0.0,108038,0.0,1135600000.0,0.0,253,68,2018-08-27 22:08:00
20180827 22:09,491.0,491.0,491.0,491.0,23212,48.0,108038,0.0,1137950000.0,2350000.0,478,140,2018-08-27 22:09:00
20180827 22:10,491.0,491.0,491.0,491.0,23304,92.0,108022,-16.0,1142470000.0,4520000.0,1596,658,2018-08-27 22:10:00
20180827 22:11,491.0,491.0,490.5,490.5,23314,10.0,108026,4.0,1142960000.0,490000.0,2075,379,2018-08-27 22:11:00
20180827 22:12,490.5,490.5,490.5,490.5,23314,0.0,108026,0.0,1142960000.0,0.0,1187,282,2018-08-27 22:12:00
20180827 22:13,490.5,491.0,490.5,491.0,23334,20.0,108026,0.0,1143940000.0,980000.0,1709,346,2018-08-27 22:13:00
20180827 22:14,491.0,491.0,491.0,491.0,23334,0.0,108026,0.0,1143940000.0,0.0,1180,88,2018-08-27 22:14:00
20180827 22:15,491.0,491.5,491.0,491.5,23354,20.0,108016,-10.0,1144930000.0,990000.0,696,68,2018-08-27 22:15:00
20180827 22:16,491.5,491.5,490.5,490.5,23406,52.0,108012,-4.0,1147480000.0,2550000.0,1872,1022,2018-08-27 22:16:00
20180827 22:17,490.5,490.5,490.5,490.5,23430,24.0,108026,14.0,1148660000.0,1180000.0,1647,154,2018-08-27 22:17:00
20180827 22:18,490.5,490.5,490.5,490.5,23460,30.0,108008,-18.0,1150130000.0,1470000.0,442,1157,2018-08-27 22:18:00
20180827 22:19,490.5,490.5,490.5,490.5,23460,0.0,108008,0.0,1150130000.0,0.0,4693,2864,2018-08-27 22:19:00
20180827 22:20,490.5,490.5,490.5,490.5,23460,0.0,108008,0.0,1150130000.0,0.0,700,151,2018-08-27 22:20:00
20180827 22:21,490.5,490.5,490.5,490.5,23462,2.0,108006,-2.0,1150230000.0,100000.0,1611,241,2018-08-27 22:21:00
20180827 22:22,490.5,490.5,490.5,490.5,23462,0.0,108006,0.0,1150230000.0,0.0,850,171,2018-08-27 22:22:00
20180827 22:23,490.5,490.5,490.5,490.5,23462,0.0,108006,0.0,1150230000.0,0.0,852,170,2018-08-27 22:23:00
20180827 22:24,490.5,490.5,490.5,490.5,23462,0.0,108006,0.0,1150230000.0,0.0,1057,301,2018-08-27 22:24:00
20180827 22:25,490.5,490.5,490.0,490.0,23524,62.0,108024,18.0,1153260000.0,3030000.0,1491,181,2018-08-27 22:25:00
20180827 22:26,490.0,490.0,490.0,490.0,23528,4.0,108020,-4.0,1153460000.0,200000.0,1509,98,2018-08-27 22:26:00
20180827 22:27,490.0,490.0,490.0,490.0,23528,0.0,108020,0.0,1153460000.0,0.0,1521,96,2018-08-27 22:27:00
20180827 22:28,490.0,490.0,490.0,490.0,23528,0.0,108020,0.0,1153460000.0,0.0,225,12,2018-08-27 22:28:00
20180827 22:29,490.0,490.0,490.0,490.0,23530,2.0,108018,-2.0,1153560000.0,100000.0,450,33,2018-08-27 22:29:00
20180827 22:30,490.0,490.5,490.0,490.5,23532,2.0,108018,0.0,1153660000.0,100000.0,899,153,2018-08-27 22:30:00
20180827 22:31,490.5,490.5,490.5,490.5,23532,0.0,108018,0.0,1153660000.0,0.0,668,225,2018-08-27 22:31:00
20180827 22:32,490.5,490.5,490.5,490.5,23542,10.0,108018,0.0,1154150000.0,490000.0,1120,340,2018-08-27 22:32:00
20180827 22:33,490.5,491.0,490.5,490.5,23586,44.0,108010,-8.0,1156300000.0,2150000.0,2187,512,2018-08-27 22:33:00
20180827 22:34,490.5,490.5,490.5,490.5,23650,64.0,107948,-62.0,1159440000.0,3140000.0,1613,702,2018-08-27 22:34:00
20180827 22:35,490.5,490.5,490.5,490.5,23650,0.0,107948,0.0,1159440000.0,0.0,582,208,2018-08-27 22:35:00
20180827 22:36,490.5,490.5,490.5,490.5,23680,30.0,107948,0.0,1160920000.0,1480000.0,1999,2298,2018-08-27 22:36:00
20180827 22:37,490.5,490.5,490.5,490.5,23692,12.0,107936,-12.0,1161500000.0,580000.0,1412,926,2018-08-27 22:37:00
20180827 22:38,490.5,490.5,490.5,490.5,23696,4.0,107936,0.0,1161700000.0,200000.0,27,1170,2018-08-27 22:38:00
20180827 22:39,490.5,490.5,490.5,490.5,23710,14.0,107930,-6.0,1162390000.0,690000.0,1685,48,2018-08-27 22:39:00
20180827 22:40,490.5,490.5,490.5,490.5,23710,0.0,107930,0.0,1162390000.0,0.0,237,51,2018-08-27 22:40:00
20180827 22:41,490.5,491.0,490.5,491.0,23786,76.0,107876,-54.0,1166120000.0,3730000.0,434,102,2018-08-27 22:41:00
20180827 22:43,491.0,491.0,491.0,491.0,23786,0.0,107876,0.0,1166120000.0,0.0,594,162,2018-08-27 22:43:00
20180827 22:44,491.0,491.0,491.0,491.0,23786,0.0,107876,0.0,1166120000.0,0.0,394,103,2018-08-27 22:44:00
20180827 22:45,491.0,491.0,490.5,490.5,23802,16.0,107882,6.0,1166900000.0,780000.0,1369,389,2018-08-27 22:45:00
20180827 22:46,490.5,490.5,490.5,490.5,23802,0.0,107882,0.0,1166900000.0,0.0,586,218,2018-08-27 22:46:00
20180827 22:47,490.5,490.5,490.5,490.5,23802,0.0,107882,0.0,1166900000.0,0.0,599,196,2018-08-27 22:47:00
20180827 22:48,490.5,491.0,490.5,491.0,23804,2.0,107882,0.0,1167000000.0,100000.0,1013,278,2018-08-27 22:48:00
20180827 22:49,490.5,490.5,490.5,490.5,23898,94.0,107898,16.0,1171610000.0,4610000.0,994,222,2018-08-27 22:49:00
20180827 22:50,490.5,490.5,490.5,490.5,23898,0.0,107898,0.0,1171610000.0,0.0,841,147,2018-08-27 22:50:00
20180827 22:51,490.5,490.5,490.0,490.0,24614,716.0,107798,-100.0,1206700000.0,35090000.0,3181,2004,2018-08-27 22:51:00
20180827 22:52,490.0,490.5,490.0,490.0,25238,624.0,107778,-20.0,1237270000.0,30570000.0,1956,2953,2018-08-27 22:52:00
20180827 22:53,490.0,490.0,490.0,490.0,25278,40.0,107746,-32.0,1239230000.0,1960000.0,1203,1682,2018-08-27 22:53:00
20180827 22:54,490.0,490.0,490.0,490.0,25292,14.0,107746,0.0,1239920000.0,690000.0,222,1614,2018-08-27 22:54:00
20180827 22:55,490.0,490.0,489.0,489.0,25322,30.0,107724,-22.0,1241390000.0,1470000.0,3409,8609,2018-08-27 22:55:00
20180827 22:56,489.0,489.5,487.5,488.0,26818,1496.0,107694,-30.0,1314400000.0,73010000.0,4723,14521,2018-08-27 22:56:00
20180827 22:57,488.0,488.0,488.0,488.0,27572,754.0,108218,524.0,1351200000.0,36800000.0,2360,13397,2018-08-27 22:57:00
20180827 22:58,488.0,488.5,488.0,488.5,27688,116.0,108194,-24.0,1356860000.0,5660000.0,1104,7385,2018-08-27 22:58:00
20180827 22:59,488.5,489.0,488.5,489.0,28406,718.0,107564,-630.0,1391960000.0,35100000.0,1349,5640,2018-08-27 22:59:00
20180827 23:00,488.5,488.5,488.5,488.5,28420,14.0,107560,-4.0,1392650000.0,690000.0,263,3146,2018-08-27 23:00:00
20180827 23:01,489.0,489.5,489.0,489.5,28470,50.0,107522,-38.0,1395090000.0,2440000.0,828,4253,2018-08-27 23:01:00
20180827 23:02,489.5,489.5,489.0,489.0,28472,2.0,107522,0.0,1395190000.0,100000.0,87,1312,2018-08-27 23:02:00
20180827 23:03,489.0,489.5,489.0,489.5,28510,38.0,107496,-26.0,1397050000.0,1860000.0,911,2188,2018-08-27 23:03:00
20180827 23:04,489.5,489.5,489.5,489.5,28510,0.0,107496,0.0,1397050000.0,0.0,356,874,2018-08-27 23:04:00
20180827 23:05,489.5,489.5,489.5,489.5,28510,0.0,107496,0.0,1397050000.0,0.0,89,219,2018-08-27 23:05:00
20180827 23:06,489.5,489.5,489.5,489.5,28510,0.0,107496,0.0,1397050000.0,0.0,183,418,2018-08-27 23:06:00
20180827 23:07,489.5,489.5,489.5,489.5,28510,0.0,107496,0.0,1397050000.0,0.0,282,600,2018-08-27 23:07:00
20180827 23:08,489.5,489.5,489.5,489.5,28510,0.0,107496,0.0,1397050000.0,0.0,376,761,2018-08-27 23:08:00
20180827 23:09,489.5,489.5,489.0,489.0,29306,796.0,108040,544.0,1435980000.0,38930000.0,3989,2172,2018-08-27 23:09:00
20180827 23:10,489.0,489.0,489.0,489.0,29308,2.0,108040,0.0,1436080000.0,100000.0,1143,126,2018-08-27 23:10:00
20180827 23:12,489.0,489.0,489.0,489.0,29328,20.0,108022,-18.0,1437050000.0,970000.0,10137,547,2018-08-27 23:12:00
20180827 23:13,489.0,489.0,489.0,489.0,29908,580.0,107450,-572.0,1465420000.0,28370000.0,15827,758,2018-08-27 23:13:00
20180827 23:14,489.0,489.0,489.0,489.0,29914,6.0,107446,-4.0,1465710000.0,290000.0,5955,755,2018-08-27 23:14:00
20180827 23:15,489.0,489.0,488.5,489.0,29962,48.0,107434,-12.0,1468060000.0,2350000.0,17336,1068,2018-08-27 23:15:00
20180827 23:16,489.0,489.0,488.5,488.5,29986,24.0,107442,8.0,1469230000.0,1170000.0,1980,653,2018-08-27 23:16:00
20180827 23:17,488.5,489.0,488.5,489.0,30080,94.0,107366,-76.0,1473820000.0,4590000.0,13551,1282,2018-08-27 23:17:00
20180827 23:18,489.0,489.0,489.0,489.0,30100,20.0,107366,0.0,1474800000.0,980000.0,10735,1298,2018-08-27 23:18:00
20180827 23:19,489.0,489.0,489.0,489.0,30100,0.0,107366,0.0,1474800000.0,0.0,4727,108,2018-08-27 23:19:00
20180827 23:20,489.0,489.0,489.0,489.0,30120,20.0,107346,-20.0,1475780000.0,980000.0,6715,608,2018-08-27 23:20:00
20180827 23:21,489.0,489.0,489.0,489.0,30120,0.0,107346,0.0,1475780000.0,0.0,273,836,2018-08-27 23:21:00
20180827 23:22,489.0,489.0,489.0,489.0,30260,140.0,107234,-112.0,1482630000.0,6850000.0,637,1750,2018-08-27 23:22:00
20180827 23:23,489.0,489.0,488.5,488.5,30354,94.0,107172,-62.0,1487220000.0,4590000.0,1653,3212,2018-08-27 23:23:00
20180827 23:24,488.5,488.5,488.5,488.5,30354,0.0,107172,0.0,1487220000.0,0.0,329,290,2018-08-27 23:24:00
20180827 23:25,488.5,488.5,488.5,488.5,30354,0.0,107172,0.0,1487220000.0,0.0,384,379,2018-08-27 23:25:00
20180827 23:26,488.5,489.0,488.5,489.0,30566,212.0,107008,-164.0,1497580000.0,10360000.0,7631,747,2018-08-27 23:26:00
20180827 23:27,489.0,489.5,489.0,489.5,30578,12.0,107010,2.0,1498170000.0,590000.0,1970,109,2018-08-27 23:27:00
20180827 23:28,489.0,489.5,489.0,489.5,30664,86.0,106934,-76.0,1502380000.0,4210000.0,1008,106,2018-08-27 23:28:00
20180827 23:29,489.5,489.5,488.5,489.0,30782,118.0,106898,-36.0,1508150000.0,5770000.0,3667,1004,2018-08-27 23:29:00
20180828 09:00,482.0,482.0,481.5,482.0,35002,4220.0,103246,-3652.0,1679320000.0,171170000.0,1627,4398,2018-08-28 09:00:00
20180828 09:01,481.5,482.0,481.5,482.0,35254,252.0,103168,-78.0,1691460000.0,12140000.0,3666,7041,2018-08-28 09:01:00
20180828 09:02,482.0,482.5,482.0,482.5,36576,1322.0,103218,50.0,1755250000.0,63790000.0,5978,6102,2018-08-28 09:02:00
20180828 09:03,482.5,482.5,482.5,482.5,36584,8.0,103218,0.0,1755630000.0,380000.0,2607,913,2018-08-28 09:03:00
20180828 09:04,482.5,482.5,482.5,482.5,36584,0.0,103218,0.0,1755630000.0,0.0,2478,674,2018-08-28 09:04:00
20180828 09:05,482.5,482.5,482.0,482.5,39046,2462.0,103198,-20.0,1874420000.0,118790000.0,3599,8391,2018-08-28 09:05:00
20180828 09:06,482.5,482.5,482.5,482.5,39046,0.0,103198,0.0,1874420000.0,0.0,1106,372,2018-08-28 09:06:00
20180828 09:07,482.5,482.5,482.0,482.0,39880,834.0,102560,-638.0,1914660000.0,40240000.0,3444,3743,2018-08-28 09:07:00
20180828 09:08,482.0,482.0,481.5,481.5,40030,150.0,102552,-8.0,1921890000.0,7230000.0,1203,971,2018-08-28 09:08:00
20180828 09:09,481.5,482.5,481.5,482.5,40250,220.0,102470,-82.0,1932500000.0,10610000.0,1585,817,2018-08-28 09:09:00
20180828 09:10,482.0,482.0,482.0,482.0,40302,52.0,102454,-16.0,1935010000.0,2510000.0,1253,942,2018-08-28 09:10:00
20180828 09:11,482.0,482.0,481.5,481.5,41084,782.0,102942,488.0,1972700000.0,37690000.0,2808,2346,2018-08-28 09:11:00
20180828 09:12,481.5,482.0,481.5,482.0,41728,644.0,102352,-590.0,2003740000.0,31040000.0,1405,1110,2018-08-28 09:12:00
20180828 09:13,482.0,482.0,481.5,481.5,41734,6.0,102354,2.0,2004030000.0,290000.0,404,929,2018-08-28 09:13:00
20180828 09:14,481.5,481.5,481.5,481.5,41736,2.0,102356,2.0,2004120000.0,90000.0,404,502,2018-08-28 09:14:00
20180828 09:15,481.5,482.0,481.5,481.5,41762,26.0,102338,-18.0,2005370000.0,1250000.0,3611,18970,2018-08-28 09:15:00
20180828 09:16,481.5,482.0,481.5,481.5,41832,70.0,102322,-16.0,2008750000.0,3380000.0,1133,6358,2018-08-28 09:16:00
20180828 09:17,481.5,481.5,481.0,481.0,43152,1320.0,102306,-16.0,2072270000.0,63520000.0,2989,7002,2018-08-28 09:17:00
20180828 09:18,481.0,481.0,480.5,481.0,44016,864.0,102832,526.0,2113830000.0,41560000.0,3144,8941,2018-08-28 09:18:00
20180828 09:19,481.0,481.0,480.5,480.5,45704,1688.0,103002,170.0,2194990000.0,81160000.0,2379,4970,2018-08-28 09:19:00
20180828 09:20,480.5,480.5,480.5,480.5,46394,690.0,102476,-526.0,2228140000.0,33150000.0,3069,3493,2018-08-28 09:20:00
20180828 09:21,480.5,480.5,480.5,480.5,47260,866.0,102908,432.0,2269750000.0,41610000.0,1914,2334,2018-08-28 09:21:00
20180828 09:22,480.5,481.0,480.5,481.0,47264,4.0,102912,4.0,2269950000.0,200000.0,1016,433,2018-08-28 09:22:00
20180828 09:23,481.0,481.0,481.0,481.0,47324,60.0,102938,26.0,2272830000.0,2880000.0,1460,512,2018-08-28 09:23:00
20180828 09:24,481.0,481.0,480.5,481.0,48960,1636.0,103046,108.0,2351520000.0,78690000.0,2553,2678,2018-08-28 09:24:00
20180828 09:25,481.0,481.0,481.0,481.0,51576,2616.0,102260,-786.0,2477350000.0,125830000.0,8471,12194,2018-08-28 09:25:00
20180828 09:26,481.0,481.0,481.0,481.0,51902,326.0,102214,-46.0,2493030000.0,15680000.0,7192,6866,2018-08-28 09:26:00
20180828 09:27,481.0,482.0,480.5,481.5,52576,674.0,102682,468.0,2525460000.0,32430000.0,19855,16259,2018-08-28 09:27:00
20180828 09:28,481.5,481.5,481.0,481.0,52608,32.0,102698,16.0,2527000000.0,1540000.0,7380,2751,2018-08-28 09:28:00
20180828 09:29,481.0,481.0,480.5,480.5,53476,868.0,102250,-448.0,2568720000.0,41720000.0,6160,13027,2018-08-28 09:29:00
20180828 09:30,480.5,481.0,480.5,480.5,55540,2064.0,102450,200.0,2667990000.0,99270000.0,7476,7798,2018-08-28 09:30:00
20180828 09:31,480.5,481.0,480.5,481.0,57058,1518.0,102166,-284.0,2741010000.0,73020000.0,3180,7011,2018-08-28 09:31:00
20180828 09:32,481.0,481.0,480.5,481.0,58114,1056.0,102156,-10.0,2791800000.0,50790000.0,1602,11418,2018-08-28 09:32:00
20180828 09:33,481.0,481.0,480.5,481.0,58446,332.0,102132,-24.0,2807770000.0,15970000.0,806,5154,2018-08-28 09:33:00
20180828 09:34,481.0,481.0,481.0,481.0,60222,1776.0,102450,318.0,2893200000.0,85430000.0,12725,5488,2018-08-28 09:34:00
20180828 09:35,481.0,481.0,481.0,481.0,60462,240.0,102548,98.0,2904740000.0,11540000.0,2140,3613,2018-08-28 09:35:00
20180828 09:36,481.0,481.5,481.0,481.0,61088,626.0,102060,-488.0,2934850000.0,30110000.0,6272,8858,2018-08-28 09:36:00
20180828 09:37,481.0,481.5,481.0,481.5,62178,1090.0,101860,-200.0,2987340000.0,52490000.0,2397,8108,2018-08-28 09:37:00
20180828 09:38,481.5,481.5,481.5,481.5,62178,0.0,101860,0.0,2987340000.0,0.0,495,3060,2018-08-28 09:38:00
20180828 09:39,481.5,481.5,481.5,481.5,62178,0.0,101860,0.0,2987340000.0,0.0,225,1680,2018-08-28 09:39:00
20180828 09:40,481.5,481.5,481.5,481.5,62178,0.0,101860,0.0,2987340000.0,0.0,306,2017,2018-08-28 09:40:00
20180828 09:41,481.5,481.5,481.5,481.5,62186,8.0,101860,0.0,2987720000.0,380000.0,230,1585,2018-08-28 09:41:00
20180828 09:42,481.5,481.5,481.5,481.5,62186,0.0,101860,0.0,2987720000.0,0.0,125,634,2018-08-28 09:42:00
20180828 09:43,481.5,481.5,481.5,481.5,62186,0.0,101860,0.0,2987720000.0,0.0,594,3100,2018-08-28 09:43:00
20180828 09:44,481.5,481.5,481.5,481.5,62186,0.0,101860,0.0,2987720000.0,0.0,189,1228,2018-08-28 09:44:00
20180828 09:45,481.5,481.5,481.0,481.0,62294,108.0,101804,-56.0,2992920000.0,5200000.0,531,2502,2018-08-28 09:45:00
20180828 09:46,481.0,481.0,481.0,481.0,62294,0.0,101804,0.0,2992920000.0,0.0,333,1425,2018-08-28 09:46:00
20180828 09:47,481.0,481.0,481.0,481.0,62294,0.0,101804,0.0,2992920000.0,0.0,739,2780,2018-08-28 09:47:00
20180828 09:48,481.0,481.0,481.0,481.0,62314,20.0,101816,12.0,2993880000.0,960000.0,291,2113,2018-08-28 09:48:00
20180828 09:49,481.0,481.0,481.0,481.0,62920,606.0,102266,450.0,3023030000.0,29150000.0,5386,5533,2018-08-28 09:49:00
20180828 09:50,481.0,481.5,481.0,481.5,63524,604.0,101768,-498.0,3052110000.0,29080000.0,5589,10542,2018-08-28 09:50:00
20180828 09:51,481.5,481.5,481.0,481.0,64282,758.0,101756,-12.0,3088570000.0,36460000.0,4929,8937,2018-08-28 09:51:00
20180828 09:52,481.0,481.0,481.0,481.0,64282,0.0,101756,0.0,3088570000.0,0.0,413,1490,2018-08-28 09:52:00
20180828 09:53,481.0,481.0,481.0,481.0,64350,68.0,101760,4.0,3091840000.0,3270000.0,1476,4549,2018-08-28 09:53:00
20180828 09:54,481.0,481.0,480.5,480.5,65664,1314.0,102166,406.0,3155010000.0,63170000.0,7795,6287,2018-08-28 09:54:00
20180828 09:55,480.5,481.0,480.5,481.0,66888,1224.0,101628,-538.0,3213880000.0,58870000.0,3230,2758,2018-08-28 09:55:00
20180828 09:56,481.0,481.0,481.0,481.0,67396,508.0,102054,426.0,3238320000.0,24440000.0,1316,4846,2018-08-28 09:56:00
20180828 09:57,481.0,481.0,481.0,481.0,67396,0.0,102054,0.0,3238320000.0,0.0,329,2036,2018-08-28 09:57:00
20180828 09:58,481.0,481.0,481.0,481.0,67516,120.0,102040,-14.0,3244090000.0,5770000.0,4874,6911,2018-08-28 09:58:00
20180828 09:59,481.0,481.0,481.0,481.0,67518,2.0,102040,0.0,3244190000.0,100000.0,8118,3353,2018-08-28 09:59:00
20180828 10:00,481.0,481.5,481.0,481.5,68838,1320.0,101678,-362.0,3307740000.0,63550000.0,6601,4199,2018-08-28 10:00:00
20180828 10:01,481.5,482.0,481.5,481.5,70702,1864.0,101726,48.0,3397590000.0,89850000.0,6927,8795,2018-08-28 10:01:00
20180828 10:02,482.0,482.0,482.0,482.0,70714,12.0,101718,-8.0,3398170000.0,580000.0,898,4409,2018-08-28 10:02:00
20180828 10:03,482.0,482.0,481.5,482.0,70738,24.0,101720,2.0,3399320000.0,1150000.0,813,6091,2018-08-28 10:03:00
20180828 10:04,482.0,482.0,482.0,482.0,70752,14.0,101708,-12.0,3400000000.0,680000.0,1792,8674,2018-08-28 10:04:00
20180828 10:05,482.0,482.0,481.5,481.5,70754,2.0,101708,0.0,3400090000.0,90000.0,886,3133,2018-08-28 10:05:00
20180828 10:06,481.5,482.0,481.5,482.0,70758,4.0,101708,0.0,3400290000.0,200000.0,1320,5390,2018-08-28 10:06:00
20180828 10:07,482.0,482.0,482.0,482.0,70758,0.0,101708,0.0,3400290000.0,0.0,174,632,2018-08-28 10:07:00
20180828 10:08,481.5,481.5,481.5,481.5,70802,44.0,101732,24.0,3402400000.0,2110000.0,574,1798,2018-08-28 10:08:00
20180828 10:09,481.5,481.5,481.5,481.5,70804,2.0,101734,2.0,3402500000.0,100000.0,636,2356,2018-08-28 10:09:00
20180828 10:10,481.5,481.5,481.5,481.5,70952,148.0,101698,-36.0,3409630000.0,7130000.0,565,2029,2018-08-28 10:10:00
20180828 10:11,481.5,481.5,481.5,481.5,70952,0.0,101698,0.0,3409630000.0,0.0,99,309,2018-08-28 10:11:00
20180828 10:12,482.0,482.0,482.0,482.0,71660,708.0,101614,-84.0,3443750000.0,34120000.0,5236,13879,2018-08-28 10:12:00
20180828 10:13,482.0,482.5,482.0,482.5,72150,490.0,101528,-86.0,3467390000.0,23640000.0,5476,11754,2018-08-28 10:13:00
20180828 10:14,482.5,483.0,482.5,482.5,72314,164.0,101442,-86.0,3475300000.0,7910000.0,1144,3981,2018-08-28 10:14:00
20180828 10:30,482.5,482.5,482.5,482.5,72460,146.0,101338,-104.0,3482350000.0,7050000.0,3522,3043,2018-08-28 10:30:00
20180828 10:31,482.5,482.5,482.5,482.5,72514,54.0,101308,-30.0,3484950000.0,2600000.0,1828,3661,2018-08-28 10:31:00
20180828 10:32,482.5,482.5,482.5,482.5,72542,28.0,101298,-10.0,3486300000.0,1350000.0,3544,575,2018-08-28 10:32:00
20180828 10:33,482.5,482.5,482.0,482.5,72786,244.0,101256,-42.0,3498070000.0,11770000.0,3817,4857,2018-08-28 10:33:00
20180828 10:34,482.5,482.5,482.5,482.5,73008,222.0,101190,-66.0,3508780000.0,10710000.0,7519,8613,2018-08-28 10:34:00
20180828 10:35,482.5,483.0,482.5,482.5,73196,188.0,101138,-52.0,3517850000.0,9070000.0,3786,11989,2018-08-28 10:35:00
20180828 10:36,482.5,482.5,482.5,482.5,74044,848.0,101120,-18.0,3558770000.0,40920000.0,4365,3022,2018-08-28 10:36:00
20180828 10:37,482.5,482.5,482.5,482.5,74048,4.0,101118,-2.0,3558960000.0,190000.0,4363,1182,2018-08-28 10:37:00
20180828 10:38,482.5,482.5,482.5,482.5,74056,8.0,101110,-8.0,3559350000.0,390000.0,3369,1081,2018-08-28 10:38:00
20180828 10:39,482.5,482.5,482.5,482.5,74094,38.0,101088,-22.0,3561180000.0,1830000.0,6120,1869,2018-08-28 10:39:00
20180828 10:40,482.5,482.5,482.0,482.5,74248,154.0,101104,16.0,3568610000.0,7430000.0,2392,6924,2018-08-28 10:40:00
20180828 10:41,482.5,482.5,482.5,482.5,74248,0.0,101104,0.0,3568610000.0,0.0,1029,2590,2018-08-28 10:41:00
20180828 10:42,482.5,482.5,482.5,482.5,74248,0.0,101104,0.0,3568610000.0,0.0,5771,6143,2018-08-28 10:42:00
20180828 10:43,482.5,482.5,482.0,482.0,74252,4.0,101108,4.0,3568800000.0,190000.0,5265,1402,2018-08-28 10:43:00
20180828 10:44,482.0,482.5,482.0,482.0,74258,6.0,101112,4.0,3569090000.0,290000.0,1810,1024,2018-08-28 10:44:00
20180828 10:45,482.0,482.0,482.0,482.0,74370,112.0,101142,30.0,3574490000.0,5400000.0,1306,1396,2018-08-28 10:45:00
20180828 10:46,482.5,482.5,482.5,482.5,74502,132.0,101020,-122.0,3580860000.0,6370000.0,524,1815,2018-08-28 10:46:00
20180828 10:47,482.5,482.5,482.0,482.0,74510,8.0,101020,0.0,3581250000.0,390000.0,621,2188,2018-08-28 10:47:00
20180828 10:48,482.0,482.0,482.0,482.0,74510,0.0,101020,0.0,3581250000.0,0.0,231,1006,2018-08-28 10:48:00
20180828 10:49,482.0,482.0,482.0,482.0,74510,0.0,101020,0.0,3581250000.0,0.0,430,2064,2018-08-28 10:49:00
20180828 10:50,482.5,483.0,482.5,483.0,75502,992.0,101584,564.0,3629150000.0,47900000.0,2062,2318,2018-08-28 10:50:00
20180828 10:51,483.0,483.0,483.0,483.0,75508,6.0,101584,0.0,3629440000.0,290000.0,1420,2771,2018-08-28 10:51:00
20180828 10:52,483.0,483.0,483.0,483.0,75508,0.0,101584,0.0,3629440000.0,0.0,405,830,2018-08-28 10:52:00
20180828 10:53,483.0,483.5,483.0,483.5,75576,68.0,101608,24.0,3632730000.0,3290000.0,1019,2122,2018-08-28 10:53:00
20180828 10:54,483.5,483.5,483.5,483.5,76304,728.0,101160,-448.0,3667930000.0,35200000.0,1529,2959,2018-08-28 10:54:00
20180828 10:55,483.5,483.5,483.0,483.0,76308,4.0,101160,0.0,3668120000.0,190000.0,1218,1654,2018-08-28 10:55:00
20180828 10:56,483.0,483.0,483.0,483.0,76310,2.0,101158,-2.0,3668220000.0,100000.0,544,525,2018-08-28 10:56:00
20180828 10:57,483.5,484.0,483.5,484.0,76596,286.0,101284,126.0,3682050000.0,13830000.0,658,837,2018-08-28 10:57:00
20180828 10:58,484.0,484.0,483.5,483.5,76662,66.0,101320,36.0,3685240000.0,3190000.0,1195,1558,2018-08-28 10:58:00
20180828 10:59,484.0,484.0,483.5,483.5,77332,670.0,101920,600.0,3717640000.0,32400000.0,1785,2873,2018-08-28 10:59:00
20180828 11:00,483.5,483.5,483.0,483.5,77458,126.0,101966,46.0,3723730000.0,6090000.0,1530,4268,2018-08-28 11:00:00
20180828 11:01,483.5,483.5,483.5,483.5,78172,714.0,101938,-28.0,3758250000.0,34520000.0,2771,4763,2018-08-28 11:01:00
20180828 11:02,483.5,483.5,483.0,483.0,78814,642.0,101404,-534.0,3789260000.0,31010000.0,2615,4150,2018-08-28 11:02:00
20180828 11:03,483.0,483.0,483.0,483.0,79006,192.0,101418,14.0,3798530000.0,9270000.0,2878,4056,2018-08-28 11:03:00
20180828 11:04,483.0,483.0,483.0,483.0,79006,0.0,101418,0.0,3798530000.0,0.0,326,1525,2018-08-28 11:04:00
20180828 11:05,483.0,483.0,483.0,483.0,80568,1562.0,102230,812.0,3873980000.0,75450000.0,6491,2699,2018-08-28 11:05:00
20180828 11:06,483.0,483.0,483.0,483.0,81148,580.0,102302,72.0,3901990000.0,28010000.0,2183,1025,2018-08-28 11:06:00
20180828 11:07,483.0,483.0,483.0,483.0,81438,290.0,102458,156.0,3916000000.0,14010000.0,4082,961,2018-08-28 11:07:00
20180828 11:08,483.0,483.0,483.0,483.0,81438,0.0,102458,0.0,3916000000.0,0.0,3684,768,2018-08-28 11:08:00
20180828 11:09,483.0,484.0,483.0,484.0,81590,152.0,102458,0.0,3923350000.0,7350000.0,6411,1833,2018-08-28 11:09:00
20180828 11:10,484.0,484.0,484.0,484.0,81590,0.0,102458,0.0,3923350000.0,0.0,2979,1076,2018-08-28 11:10:00
20180828 11:11,484.0,484.0,483.5,483.5,81940,350.0,102544,86.0,3940270000.0,16920000.0,8372,6627,2018-08-28 11:11:00
20180828 11:12,483.5,483.5,482.5,483.0,82662,722.0,102020,-524.0,3975140000.0,34870000.0,6541,4120,2018-08-28 11:12:00
20180828 11:13,483.0,483.0,483.0,483.0,82668,6.0,102020,0.0,3975430000.0,290000.0,2034,536,2018-08-28 11:13:00
20180828 11:14,483.0,483.5,483.0,483.5,82674,6.0,102024,4.0,3975720000.0,290000.0,1758,592,2018-08-28 11:14:00
20180828 11:15,483.5,483.5,483.5,483.5,82746,72.0,102034,10.0,3979210000.0,3490000.0,2572,2190,2018-08-28 11:15:00
20180828 11:16,483.5,483.5,483.5,483.5,82754,8.0,102034,0.0,3979590000.0,380000.0,97,570,2018-08-28 11:16:00
20180828 11:17,483.5,483.5,483.5,483.5,83326,572.0,102088,54.0,4007250000.0,27660000.0,2892,1526,2018-08-28 11:17:00
20180828 11:18,483.5,483.5,483.5,483.5,83498,172.0,102186,98.0,4015560000.0,8310000.0,523,2590,2018-08-28 11:18:00
20180828 11:19,483.5,483.5,483.0,483.0,83626,128.0,102222,36.0,4021750000.0,6190000.0,1794,3703,2018-08-28 11:19:00
20180828 11:20,483.0,483.5,483.0,483.5,83650,24.0,102218,-4.0,4022910000.0,1160000.0,1552,3586,2018-08-28 11:20:00
20180828 11:21,483.5,483.5,483.0,483.5,83736,86.0,102284,66.0,4027060000.0,4150000.0,1353,3780,2018-08-28 11:21:00
20180828 11:22,483.5,483.5,483.5,483.5,84738,1002.0,101976,-308.0,4075510000.0,48450000.0,3298,1625,2018-08-28 11:22:00
20180828 11:23,483.5,483.5,483.5,483.5,85276,538.0,102194,218.0,4101520000.0,26010000.0,1670,1998,2018-08-28 11:23:00
20180828 11:24,483.5,484.0,483.5,483.5,86674,1398.0,102288,94.0,4169120000.0,67600000.0,14337,9097,2018-08-28 11:24:00
20180828 11:25,483.5,483.5,483.5,483.5,86678,4.0,102284,-4.0,4169310000.0,190000.0,6288,6405,2018-08-28 11:25:00
20180828 11:26,483.5,483.5,483.5,483.5,86888,210.0,102382,98.0,4179460000.0,10150000.0,2605,2521,2018-08-28 11:26:00
20180828 11:27,483.5,483.5,483.5,483.5,86904,16.0,102382,0.0,4180240000.0,780000.0,575,1210,2018-08-28 11:27:00
20180828 11:28,483.5,483.5,483.5,483.5,86904,0.0,102382,0.0,4180240000.0,0.0,721,1521,2018-08-28 11:28:00
20180828 11:29,483.5,483.5,483.0,483.5,87554,650.0,102400,18.0,4211640000.0,31400000.0,3970,6183,2018-08-28 11:29:00
20180828 13:30,483.0,484.0,483.0,484.0,87638,84.0,102376,-24.0,4215700000.0,4060000.0,2714,2895,2018-08-28 13:30:00
20180828 13:31,484.0,484.0,483.5,483.5,87738,100.0,102402,26.0,4220540000.0,4840000.0,2330,2576,2018-08-28 13:31:00
20180828 13:32,483.5,483.5,483.5,483.5,87738,0.0,102402,0.0,4220540000.0,0.0,1867,2369,2018-08-28 13:32:00
20180828 13:33,483.5,483.5,483.5,483.5,87770,32.0,102410,8.0,4222090000.0,1550000.0,2109,2295,2018-08-28 13:33:00
20180828 13:34,483.5,484.0,483.5,484.0,88056,286.0,102458,48.0,4235930000.0,13840000.0,11910,5454,2018-08-28 13:34:00
20180828 13:35,484.0,484.0,484.0,484.0,88172,116.0,102498,40.0,4241540000.0,5610000.0,2695,4220,2018-08-28 13:35:00
20180828 13:36,483.5,483.5,483.5,483.5,88192,20.0,102498,0.0,4242510000.0,970000.0,973,2629,2018-08-28 13:36:00
20180828 13:37,483.5,483.5,483.0,483.5,88446,254.0,102496,-2.0,4254790000.0,12280000.0,1620,3319,2018-08-28 13:37:00
20180828 13:38,483.5,483.5,483.5,483.5,88446,0.0,102496,0.0,4254790000.0,0.0,121,734,2018-08-28 13:38:00
20180828 13:39,483.5,483.5,483.0,483.0,88492,46.0,102482,-14.0,4257010000.0,2220000.0,2610,1019,2018-08-28 13:39:00
20180828 13:40,483.0,483.5,483.0,483.5,88824,332.0,102568,86.0,4273060000.0,16050000.0,4764,4111,2018-08-28 13:40:00
20180828 13:41,483.5,483.5,483.5,483.5,88862,38.0,102568,0.0,4274900000.0,1840000.0,1545,4543,2018-08-28 13:41:00
20180828 13:42,483.5,483.5,483.0,483.0,89334,472.0,102708,140.0,4297700000.0,22800000.0,8969,4858,2018-08-28 13:42:00
20180828 13:43,483.0,483.0,483.0,483.0,89360,26.0,102722,14.0,4298960000.0,1260000.0,582,3340,2018-08-28 13:43:00
20180828 13:44,483.0,483.0,482.5,482.5,89534,174.0,102710,-12.0,4307360000.0,8400000.0,3002,4968,2018-08-28 13:44:00
20180828 13:45,482.5,482.5,482.5,482.5,89612,78.0,102702,-8.0,4311120000.0,3760000.0,3704,378,2018-08-28 13:45:00
20180828 13:46,482.5,482.5,482.0,482.0,89846,234.0,102740,38.0,4322410000.0,11290000.0,6384,2515,2018-08-28 13:46:00
20180828 13:47,482.0,482.0,481.0,481.5,90142,296.0,102788,48.0,4336670000.0,14260000.0,4734,3635,2018-08-28 13:47:00
20180828 13:48,481.5,481.5,481.5,481.5,90390,248.0,102830,42.0,4348610000.0,11940000.0,1975,4597,2018-08-28 13:48:00
20180828 13:49,481.5,481.5,481.0,481.5,90574,184.0,102822,-8.0,4357470000.0,8860000.0,7018,3617,2018-08-28 13:49:00
20180828 13:50,481.5,481.5,481.5,481.5,90708,134.0,102862,40.0,4363920000.0,6450000.0,2042,2152,2018-08-28 13:50:00
20180828 13:51,481.5,481.5,481.0,481.0,91474,766.0,102846,-16.0,4400760000.0,36840000.0,3999,1721,2018-08-28 13:51:00
20180828 13:52,481.0,481.0,481.0,481.0,92220,746.0,102896,50.0,4436650000.0,35890000.0,6117,2422,2018-08-28 13:52:00
20180828 13:53,481.0,481.0,480.5,480.5,92660,440.0,102872,-24.0,4457790000.0,21140000.0,8837,2735,2018-08-28 13:53:00
20180828 13:54,480.5,480.5,480.5,480.5,92886,226.0,102864,-8.0,4468650000.0,10860000.0,5548,2833,2018-08-28 13:54:00
20180828 13:55,480.5,480.5,480.0,480.5,93282,396.0,102842,-22.0,4487680000.0,19030000.0,6494,4579,2018-08-28 13:55:00
20180828 13:56,480.5,480.5,480.5,480.5,93422,140.0,102898,56.0,4494410000.0,6730000.0,3682,3530,2018-08-28 13:56:00
20180828 13:57,480.5,481.5,480.5,481.0,93696,274.0,102890,-8.0,4507580000.0,13170000.0,4649,5923,2018-08-28 13:57:00
20180828 13:58,481.0,481.0,480.5,480.5,93888,192.0,102928,38.0,4516820000.0,9240000.0,1782,5586,2018-08-28 13:58:00
20180828 13:59,480.5,480.5,480.0,480.5,93994,106.0,102944,16.0,4521910000.0,5090000.0,490,5419,2018-08-28 13:59:00
20180828 14:00,480.5,480.5,480.5,480.5,94028,34.0,102944,0.0,4523540000.0,1630000.0,477,3193,2018-08-28 14:00:00
20180828 14:01,480.5,480.5,480.5,480.5,94120,92.0,102938,-6.0,4527960000.0,4420000.0,3880,3930,2018-08-28 14:01:00
20180828 14:02,480.5,480.5,480.5,480.5,95942,1822.0,103526,588.0,4615510000.0,87550000.0,2611,3578,2018-08-28 14:02:00
20180828 14:03,480.5,480.5,480.5,480.5,97618,1676.0,103002,-524.0,4696040000.0,80530000.0,4534,3727,2018-08-28 14:03:00
20180828 14:04,480.5,480.5,480.5,480.5,98260,642.0,103048,46.0,4726890000.0,30850000.0,7696,955,2018-08-28 14:04:00
20180828 14:05,480.5,481.0,480.5,480.5,98276,16.0,103054,6.0,4727660000.0,770000.0,6537,2196,2018-08-28 14:05:00
20180828 14:06,480.5,481.0,480.5,481.0,98280,4.0,103054,0.0,4727850000.0,190000.0,5833,2646,2018-08-28 14:06:00
20180828 14:07,481.0,481.0,481.0,481.0,98280,0.0,103054,0.0,4727850000.0,0.0,2010,954,2018-08-28 14:07:00
20180828 14:08,481.0,481.0,480.5,480.5,98370,90.0,103098,44.0,4732180000.0,4330000.0,4992,1706,2018-08-28 14:08:00
20180828 14:09,480.5,480.5,480.5,480.5,98370,0.0,103098,0.0,4732180000.0,0.0,4964,1322,2018-08-28 14:09:00
20180828 14:10,480.5,480.5,480.5,480.5,98456,86.0,103080,-18.0,4736310000.0,4130000.0,2487,1314,2018-08-28 14:10:00
20180828 14:11,480.5,480.5,480.0,480.5,98602,146.0,103066,-14.0,4743320000.0,7010000.0,5763,1192,2018-08-28 14:11:00
20180828 14:12,480.5,480.5,480.5,480.5,99338,736.0,103662,596.0,4778690000.0,35370000.0,1311,740,2018-08-28 14:12:00
20180828 14:13,480.5,480.5,480.5,480.5,99360,22.0,103662,0.0,4779740000.0,1050000.0,1877,4387,2018-08-28 14:13:00
20180828 14:14,480.5,480.5,480.0,480.0,99366,6.0,103664,2.0,4780030000.0,290000.0,1373,3880,2018-08-28 14:14:00
20180828 14:15,480.0,480.5,480.0,480.5,99732,366.0,103930,266.0,4797620000.0,17590000.0,3444,8324,2018-08-28 14:15:00
20180828 14:16,480.5,481.0,480.5,481.0,100974,1242.0,103362,-568.0,4857360000.0,59740000.0,6622,15594,2018-08-28 14:16:00
20180828 14:17,481.0,481.0,480.5,481.0,104378,3404.0,103822,460.0,5020920000.0,163560000.0,9176,12340,2018-08-28 14:17:00
20180828 14:18,481.0,481.0,480.5,480.5,104918,540.0,104270,448.0,5046870000.0,25950000.0,2302,2609,2018-08-28 14:18:00
20180828 14:19,480.5,480.5,480.5,480.5,106022,1104.0,104456,186.0,5099920000.0,53050000.0,5245,3895,2018-08-28 14:19:00
20180828 14:20,480.5,480.5,480.5,480.5,108850,2828.0,104038,-418.0,5235800000.0,135880000.0,3877,4286,2018-08-28 14:20:00
20180828 14:21,480.5,480.5,480.5,480.5,108998,148.0,104080,42.0,5242910000.0,7110000.0,1917,3539,2018-08-28 14:21:00
20180828 14:22,480.5,480.5,480.5,480.5,111718,2720.0,104050,-30.0,5373610000.0,130700000.0,7559,2903,2018-08-28 14:22:00
20180828 14:23,480.5,480.5,480.0,480.0,113872,2154.0,104276,226.0,5477040000.0,103430000.0,11420,5569,2018-08-28 14:23:00
20180828 14:24,480.0,480.0,480.0,480.0,113872,0.0,104276,0.0,5477040000.0,0.0,98,270,2018-08-28 14:24:00
20180828 14:25,480.0,480.0,480.0,480.0,113878,6.0,104276,0.0,5477330000.0,290000.0,473,1350,2018-08-28 14:25:00
20180828 14:26,480.0,480.0,480.0,480.0,113878,0.0,104276,0.0,5477330000.0,0.0,982,2060,2018-08-28 14:26:00
20180828 14:27,480.0,480.0,479.5,479.5,114266,388.0,104126,-150.0,5495940000.0,18610000.0,4618,7709,2018-08-28 14:27:00
20180828 14:28,479.5,480.0,479.5,480.0,114900,634.0,104456,330.0,5526340000.0,30400000.0,2528,3735,2018-08-28 14:28:00
20180828 14:29,480.0,480.0,480.0,480.0,114914,14.0,104452,-4.0,5527010000.0,670000.0,1027,1648,2018-08-28 14:29:00
20180828 14:30,480.0,480.5,480.0,480.5,115758,844.0,104132,-320.0,5567520000.0,40510000.0,9736,1857,2018-08-28 14:30:00
20180828 14:31,480.5,480.5,480.5,480.5,115774,16.0,104120,-12.0,5568290000.0,770000.0,1116,1526,2018-08-28 14:31:00
20180828 14:32,480.5,480.5,480.0,480.0,116242,468.0,104182,62.0,5590750000.0,22460000.0,1078,642,2018-08-28 14:32:00
20180828 14:33,480.0,480.0,480.0,480.0,116442,200.0,104166,-16.0,5600350000.0,9600000.0,2478,1692,2018-08-28 14:33:00
20180828 14:34,480.0,480.5,480.0,480.5,116466,24.0,104176,10.0,5601510000.0,1160000.0,646,1016,2018-08-28 14:34:00
20180828 14:35,480.5,480.5,480.5,480.5,116466,0.0,104176,0.0,5601510000.0,0.0,702,486,2018-08-28 14:35:00
20180828 14:36,480.5,480.5,480.0,480.0,117016,550.0,104102,-74.0,5627910000.0,26400000.0,4009,1280,2018-08-28 14:36:00
20180828 14:37,480.0,480.5,480.0,480.5,117278,262.0,104054,-48.0,5640500000.0,12590000.0,6107,2094,2018-08-28 14:37:00
20180828 14:38,480.5,481.0,480.5,481.0,117342,64.0,104026,-28.0,5643570000.0,3070000.0,3985,775,2018-08-28 14:38:00
20180828 14:39,480.5,480.5,480.0,480.5,119432,2090.0,104034,8.0,5744000000.0,100430000.0,1841,5571,2018-08-28 14:39:00
20180828 14:40,480.5,480.5,480.0,480.0,119462,30.0,104034,0.0,5745440000.0,1440000.0,2385,1307,2018-08-28 14:40:00
20180828 14:41,480.0,480.0,480.0,480.0,120180,718.0,104054,20.0,5779900000.0,34460000.0,4527,4396,2018-08-28 14:41:00
20180828 14:42,480.0,480.0,480.0,480.0,120180,0.0,104054,0.0,5779900000.0,0.0,1769,534,2018-08-28 14:42:00
20180828 14:43,480.0,480.0,480.0,480.0,120706,526.0,104038,-16.0,5805150000.0,25250000.0,1772,1798,2018-08-28 14:43:00
20180828 14:44,480.0,480.5,480.0,480.5,121196,490.0,104106,68.0,5828670000.0,23520000.0,6053,7145,2018-08-28 14:44:00
20180828 14:45,480.5,480.5,480.0,480.5,121454,258.0,104128,22.0,5841070000.0,12400000.0,5121,7585,2018-08-28 14:45:00
20180828 14:46,480.5,480.5,480.5,480.5,121454,0.0,104128,0.0,5841070000.0,0.0,1735,1806,2018-08-28 14:46:00
20180828 14:47,480.5,480.5,480.5,480.5,121454,0.0,104128,0.0,5841070000.0,0.0,540,333,2018-08-28 14:47:00
20180828 14:49,480.5,480.5,480.5,480.5,121454,0.0,104128,0.0,5841070000.0,0.0,180,99,2018-08-28 14:49:00
20180828 14:50,480.5,480.5,480.5,480.5,121604,150.0,104154,26.0,5848270000.0,7200000.0,3265,3927,2018-08-28 14:50:00
20180828 14:51,480.5,480.5,480.5,480.5,121604,0.0,104154,0.0,5848270000.0,0.0,1624,787,2018-08-28 14:51:00
20180828 14:52,480.5,480.5,480.5,480.5,121694,90.0,104186,32.0,5852600000.0,4330000.0,2088,966,2018-08-28 14:52:00
20180828 14:53,480.5,480.5,480.5,480.5,121710,16.0,104178,-8.0,5853370000.0,770000.0,2308,1264,2018-08-28 14:53:00
20180828 14:54,480.5,480.5,480.5,480.5,121748,38.0,104172,-6.0,5855190000.0,1820000.0,5174,1740,2018-08-28 14:54:00
20180828 14:55,480.5,481.0,480.5,481.0,121880,132.0,104088,-84.0,5861540000.0,6350000.0,1913,1209,2018-08-28 14:55:00
20180828 14:56,481.0,481.0,480.5,480.5,121890,10.0,104088,0.0,5862020000.0,480000.0,827,1808,2018-08-28 14:56:00
20180828 14:57,480.5,481.0,480.5,481.0,121986,96.0,104104,16.0,5866630000.0,4610000.0,1218,2431,2018-08-28 14:57:00
20180828 14:58,481.0,481.0,480.5,480.5,122028,42.0,104088,-16.0,5868650000.0,2020000.0,692,1773,2018-08-28 14:58:00
20180828 14:59,480.5,481.5,480.5,481.5,122092,64.0,104122,34.0,5871730000.0,3080000.0,174,1004,2018-08-28 14:59:00
20180828 15:00,481.5,481.5,481.5,481.5,122092,0.0,104122,0.0,5871730000.0,0.0,24,118,2018-08-28 15:00:00
20180828 20:59,476.5,476.5,476.5,476.5,5054,5054.0,104932,810.0,240823000.0,240823000.0,13,4,2018-08-28 20:59:00
20180828 21:00,476.5,477.5,476.5,477.0,5432,378.0,104726,-206.0,258848000.0,18025000.0,1208,2706,2018-08-28 21:00:00
20180828 21:01,477.0,477.0,476.5,477.0,5568,136.0,104698,-28.0,265333000.0,6485000.0,884,3886,2018-08-28 21:01:00
20180828 21:02,477.0,477.5,477.0,477.5,5596,28.0,104688,-10.0,266670000.0,1337000.0,687,1066,2018-08-28 21:02:00
20180828 21:03,477.5,479.5,477.5,478.5,6102,506.0,104524,-164.0,290906000.0,24236000.0,1776,2620,2018-08-28 21:03:00
20180828 21:04,478.5,478.5,478.5,478.5,6112,10.0,104526,2.0,291384000.0,478000.0,3600,923,2018-08-28 21:04:00
20180828 21:05,478.5,479.5,478.5,479.5,6216,104.0,104518,-8.0,296368000.0,4984000.0,4732,1319,2018-08-28 21:05:00
20180828 21:06,479.5,479.5,479.5,479.5,6324,108.0,104418,-100.0,301547000.0,5179000.0,5317,1236,2018-08-28 21:06:00
20180828 21:07,479.5,479.5,479.5,479.5,6326,2.0,104418,0.0,301643000.0,96000.0,3258,1003,2018-08-28 21:07:00
20180828 21:08,479.5,480.0,479.5,480.0,6356,30.0,104408,-10.0,303082000.0,1439000.0,2313,2283,2018-08-28 21:08:00
20180828 21:09,480.0,480.0,479.5,479.5,6394,38.0,104412,4.0,304904000.0,1822000.0,1948,945,2018-08-28 21:09:00
20180828 21:10,479.5,479.5,479.0,479.0,7222,828.0,104798,386.0,344607000.0,39703000.0,1825,1026,2018-08-28 21:10:00
20180828 21:11,479.0,479.0,479.0,479.0,7230,8.0,104794,-4.0,344990000.0,383000.0,805,1469,2018-08-28 21:11:00
20180828 21:12,479.0,479.0,479.0,479.0,7294,64.0,104772,-22.0,348056000.0,3066000.0,1715,1043,2018-08-28 21:12:00
20180828 21:13,479.0,479.0,479.0,479.0,7852,558.0,104470,-302.0,374784000.0,26728000.0,5641,438,2018-08-28 21:13:00
20180828 21:14,479.0,479.0,479.0,479.0,9532,1680.0,104530,60.0,455256000.0,80472000.0,3983,126,2018-08-28 21:14:00
20180828 21:15,479.0,479.0,479.0,479.0,9560,28.0,104526,-4.0,456597000.0,1341000.0,836,1234,2018-08-28 21:15:00
20180828 21:16,479.0,479.5,479.0,479.0,9614,54.0,104536,10.0,459186000.0,2589000.0,5650,2485,2018-08-28 21:16:00
20180828 21:17,479.0,479.0,479.0,479.0,9682,68.0,104550,14.0,462443000.0,3257000.0,1020,3215,2018-08-28 21:17:00
20180828 21:18,479.0,479.0,478.5,478.5,9710,28.0,104548,-2.0,463783000.0,1340000.0,630,1776,2018-08-28 21:18:00
20180828 21:19,478.5,478.5,478.5,478.5,9748,38.0,104550,2.0,465601000.0,1818000.0,839,1301,2018-08-28 21:19:00
20180828 21:20,478.5,478.5,478.5,478.5,9748,0.0,104550,0.0,465601000.0,0.0,968,2764,2018-08-28 21:20:00
20180828 21:21,478.5,478.5,478.5,478.5,10460,712.0,104522,-28.0,499670000.0,34069000.0,5528,2148,2018-08-28 21:21:00
20180828 21:22,478.5,478.5,478.5,478.5,10494,34.0,104518,-4.0,501297000.0,1627000.0,894,814,2018-08-28 21:22:00
20180828 21:23,478.5,479.0,478.5,478.5,11924,1430.0,104408,-110.0,569724000.0,68427000.0,2195,1666,2018-08-28 21:23:00
20180828 21:24,478.5,479.0,478.5,479.0,11928,4.0,104410,2.0,569915000.0,191000.0,661,696,2018-08-28 21:24:00
20180828 21:25,479.0,479.0,479.0,479.0,11928,0.0,104410,0.0,569915000.0,0.0,582,700,2018-08-28 21:25:00
20180828 21:26,479.0,479.0,479.0,479.0,11932,4.0,104410,0.0,570107000.0,192000.0,472,819,2018-08-28 21:26:00
20180828 21:27,479.0,479.0,479.0,479.0,11932,0.0,104410,0.0,570107000.0,0.0,238,563,2018-08-28 21:27:00
20180828 21:28,479.0,479.0,478.5,478.5,11936,4.0,104414,4.0,570298000.0,191000.0,262,329,2018-08-28 21:28:00
20180828 21:29,478.5,478.5,478.5,478.5,11936,0.0,104414,0.0,570298000.0,0.0,264,377,2018-08-28 21:29:00
20180828 21:30,478.5,479.0,478.5,479.0,11990,54.0,104412,-2.0,572885000.0,2587000.0,817,786,2018-08-28 21:30:00
20180828 21:31,479.0,479.0,479.0,479.0,11990,0.0,104412,0.0,572885000.0,0.0,151,120,2018-08-28 21:31:00
20180828 21:32,479.0,479.0,479.0,479.0,11990,0.0,104412,0.0,572885000.0,0.0,668,440,2018-08-28 21:32:00
20180828 21:33,479.0,479.0,479.0,479.0,11990,0.0,104412,0.0,572885000.0,0.0,336,234,2018-08-28 21:33:00
20180828 21:34,479.0,479.0,479.0,479.0,11990,0.0,104412,0.0,572885000.0,0.0,493,328,2018-08-28 21:34:00
20180828 21:35,479.0,479.0,479.0,479.0,11990,0.0,104412,0.0,572885000.0,0.0,687,384,2018-08-28 21:35:00
20180828 21:36,479.0,479.0,479.0,479.0,11990,0.0,104412,0.0,572885000.0,0.0,916,699,2018-08-28 21:36:00
20180828 21:37,479.5,479.5,479.5,479.5,11996,6.0,104412,0.0,573173000.0,288000.0,277,279,2018-08-28 21:37:00
20180828 21:38,479.5,479.5,479.5,479.5,11996,0.0,104412,0.0,573173000.0,0.0,323,186,2018-08-28 21:38:00
20180828 21:39,479.5,479.5,479.5,479.5,11996,0.0,104412,0.0,573173000.0,0.0,116,54,2018-08-28 21:39:00
20180828 21:40,479.5,479.5,479.5,479.5,11996,0.0,104412,0.0,573173000.0,0.0,592,271,2018-08-28 21:40:00
20180828 21:41,479.5,479.5,479.5,479.5,11996,0.0,104412,0.0,573173000.0,0.0,1155,823,2018-08-28 21:41:00
20180828 21:42,479.5,479.5,479.0,479.0,12020,24.0,104422,10.0,574323000.0,1150000.0,983,1984,2018-08-28 21:42:00
20180828 21:43,479.0,479.0,479.0,479.0,12020,0.0,104422,0.0,574323000.0,0.0,276,201,2018-08-28 21:43:00
20180828 21:44,479.0,479.0,479.0,479.0,12020,0.0,104422,0.0,574323000.0,0.0,599,551,2018-08-28 21:44:00
20180828 21:45,479.5,479.5,479.5,479.5,12868,848.0,104546,124.0,614984000.0,40661000.0,6036,1592,2018-08-28 21:45:00
20180828 21:46,479.5,480.0,479.5,480.0,12878,10.0,104538,-8.0,615464000.0,480000.0,3531,1318,2018-08-28 21:46:00
20180828 21:47,480.0,480.0,480.0,480.0,12958,80.0,104616,78.0,619304000.0,3840000.0,1178,634,2018-08-28 21:47:00
20180828 21:48,480.0,480.0,480.0,480.0,13150,192.0,104652,36.0,628520000.0,9216000.0,535,620,2018-08-28 21:48:00
20180828 21:49,480.0,480.0,480.0,480.0,13150,0.0,104652,0.0,628520000.0,0.0,702,800,2018-08-28 21:49:00
20180828 21:50,480.0,480.0,480.0,480.0,13150,0.0,104652,0.0,628520000.0,0.0,287,326,2018-08-28 21:50:00
20180828 21:51,480.0,480.0,480.0,480.0,13150,0.0,104652,0.0,628520000.0,0.0,674,816,2018-08-28 21:51:00
20180828 21:52,480.0,480.0,480.0,480.0,13150,0.0,104652,0.0,628520000.0,0.0,256,328,2018-08-28 21:52:00
20180828 21:53,480.0,480.5,480.0,480.5,13252,102.0,104582,-70.0,633418000.0,4898000.0,1470,2045,2018-08-28 21:53:00
20180828 21:54,480.5,480.5,480.0,480.0,13256,4.0,104580,-2.0,633610000.0,192000.0,1752,2743,2018-08-28 21:54:00
20180828 21:55,480.0,480.0,480.0,480.0,13256,0.0,104580,0.0,633610000.0,0.0,103,148,2018-08-28 21:55:00
20180828 21:56,480.0,480.0,480.0,480.0,13514,258.0,104368,-212.0,645994000.0,12384000.0,8985,988,2018-08-28 21:56:00
20180828 21:57,480.0,480.5,480.0,480.5,14244,730.0,103804,-564.0,681035000.0,35041000.0,11145,1030,2018-08-28 21:57:00
20180828 21:58,480.5,480.5,480.0,480.0,14306,62.0,103786,-18.0,684011000.0,2976000.0,5428,1979,2018-08-28 21:58:00
20180828 21:59,480.0,480.0,480.0,480.0,14306,0.0,103786,0.0,684011000.0,0.0,84,608,2018-08-28 21:59:00
20180828 22:00,480.0,480.0,480.0,480.0,15588,1282.0,104350,564.0,745547000.0,61536000.0,3714,4054,2018-08-28 22:00:00
20180828 22:01,480.0,480.0,479.5,479.5,15610,22.0,104350,0.0,746602000.0,1055000.0,2378,7211,2018-08-28 22:01:00
20180828 22:02,479.5,479.5,479.5,479.5,15612,2.0,104352,2.0,746698000.0,96000.0,243,1085,2018-08-28 22:02:00
20180828 22:03,479.5,479.5,479.5,479.5,15622,10.0,104352,0.0,747178000.0,480000.0,60,433,2018-08-28 22:03:00
20180828 22:04,479.5,479.5,479.5,479.5,15632,10.0,104352,0.0,747658000.0,480000.0,30,209,2018-08-28 22:04:00
20180828 22:05,479.5,479.5,479.5,479.5,15632,0.0,104352,0.0,747658000.0,0.0,55,418,2018-08-28 22:05:00
20180828 22:06,479.5,479.5,479.5,479.5,15632,0.0,104352,0.0,747658000.0,0.0,30,210,2018-08-28 22:06:00
20180828 22:07,479.5,479.5,479.5,479.5,15632,0.0,104352,0.0,747658000.0,0.0,30,212,2018-08-28 22:07:00
20180828 22:08,479.5,479.5,479.5,479.5,15632,0.0,104352,0.0,747658000.0,0.0,530,2160,2018-08-28 22:08:00
20180828 22:09,479.5,480.0,479.5,480.0,16272,640.0,103792,-560.0,778378000.0,30720000.0,859,1617,2018-08-28 22:09:00
20180828 22:10,480.0,480.0,480.0,480.0,16272,0.0,103792,0.0,778378000.0,0.0,635,926,2018-08-28 22:10:00
20180828 22:11,480.0,480.5,480.0,480.5,16292,20.0,103812,20.0,779339000.0,961000.0,252,426,2018-08-28 22:11:00
20180828 22:12,480.5,480.5,480.5,480.5,16296,4.0,103814,2.0,779531000.0,192000.0,480,1149,2018-08-28 22:12:00
20180828 22:13,480.5,480.5,480.5,480.5,17006,710.0,103786,-28.0,813646000.0,34115000.0,7150,2393,2018-08-28 22:13:00
20180828 22:14,480.5,481.0,480.5,481.0,17020,14.0,103778,-8.0,814319000.0,673000.0,4803,462,2018-08-28 22:14:00
20180828 22:15,481.0,481.0,480.5,480.5,17040,20.0,103778,0.0,815281000.0,962000.0,5530,1007,2018-08-28 22:15:00
20180828 22:16,480.5,480.5,480.5,480.5,17048,8.0,103780,2.0,815666000.0,385000.0,5134,589,2018-08-28 22:16:00
20180828 22:17,480.5,480.5,480.5,480.5,17050,2.0,103780,0.0,815762000.0,96000.0,2140,202,2018-08-28 22:17:00
20180828 22:18,480.5,480.5,480.5,480.5,17870,820.0,103782,2.0,855163000.0,39401000.0,4720,3641,2018-08-28 22:18:00
20180828 22:19,480.5,480.5,480.5,480.5,17870,0.0,103782,0.0,855163000.0,0.0,2642,80,2018-08-28 22:19:00
20180828 22:20,480.5,480.5,480.5,480.5,17872,2.0,103782,0.0,855259000.0,96000.0,2200,63,2018-08-28 22:20:00
20180828 22:21,480.5,481.0,480.5,481.0,17930,58.0,103748,-34.0,858049000.0,2790000.0,4819,1606,2018-08-28 22:21:00
20180828 22:22,481.0,481.0,481.0,481.0,17954,24.0,103748,0.0,859203000.0,1154000.0,10255,859,2018-08-28 22:22:00
20180828 22:23,481.0,481.0,481.0,481.0,17958,4.0,103744,-4.0,859395000.0,192000.0,7768,641,2018-08-28 22:23:00
20180828 22:24,481.0,481.0,481.0,481.0,18040,82.0,103704,-40.0,863340000.0,3945000.0,3333,989,2018-08-28 22:24:00
20180828 22:25,481.0,481.0,481.0,481.0,18704,664.0,103716,12.0,895278000.0,31938000.0,4012,2697,2018-08-28 22:25:00
20180828 22:26,480.5,480.5,480.5,480.5,19338,634.0,103660,-56.0,925742000.0,30464000.0,5233,526,2018-08-28 22:26:00
20180828 22:27,480.5,480.5,480.5,480.5,19338,0.0,103660,0.0,925742000.0,0.0,922,112,2018-08-28 22:27:00
20180828 22:28,480.5,480.5,480.5,480.5,19380,42.0,103696,36.0,927760000.0,2018000.0,3507,406,2018-08-28 22:28:00
20180828 22:29,480.5,480.5,480.5,480.5,20128,748.0,103612,-84.0,963701000.0,35941000.0,6029,6889,2018-08-28 22:29:00
20180828 22:30,480.5,480.5,480.5,480.5,20144,16.0,103598,-14.0,964470000.0,769000.0,4207,445,2018-08-28 22:30:00
20180828 22:31,480.5,480.5,480.5,480.5,20174,30.0,103582,-16.0,965912000.0,1442000.0,96,2463,2018-08-28 22:31:00
20180828 22:33,480.5,480.5,480.5,480.5,20194,20.0,103578,-4.0,966873000.0,961000.0,8,624,2018-08-28 22:33:00
20180828 22:34,480.5,480.5,480.5,480.5,20196,2.0,103578,0.0,966969000.0,96000.0,26,936,2018-08-28 22:34:00
20180828 22:35,480.5,481.0,480.5,481.0,20242,46.0,103546,-32.0,969179000.0,2210000.0,2035,1734,2018-08-28 22:35:00
20180828 22:36,481.0,482.0,481.0,481.5,20470,228.0,103522,-24.0,980154000.0,10975000.0,4967,5859,2018-08-28 22:36:00
20180828 22:37,481.5,481.5,481.0,481.5,21202,732.0,103426,-96.0,1015370000.0,35216000.0,3987,3487,2018-08-28 22:37:00
20180828 22:38,481.5,481.5,481.5,481.5,21202,0.0,103426,0.0,1015370000.0,0.0,12736,7589,2018-08-28 22:38:00
20180828 22:39,481.5,481.5,481.5,481.5,21202,0.0,103426,0.0,1015370000.0,0.0,83,1673,2018-08-28 22:39:00
20180828 22:40,481.5,481.5,481.5,481.5,21206,4.0,103424,-2.0,1015560000.0,190000.0,50,1005,2018-08-28 22:40:00
20180828 22:41,481.5,481.5,481.0,481.5,21286,80.0,103456,32.0,1019410000.0,3850000.0,4552,1306,2018-08-28 22:41:00
20180828 22:42,481.5,481.5,481.0,481.5,21362,76.0,103432,-24.0,1023070000.0,3660000.0,5145,1536,2018-08-28 22:42:00
20180828 22:43,481.5,481.5,481.5,481.5,21380,18.0,103416,-16.0,1023940000.0,870000.0,312,4867,2018-08-28 22:43:00
20180828 22:44,481.5,481.5,481.0,481.0,21476,96.0,103438,22.0,1028550000.0,4610000.0,2348,1978,2018-08-28 22:44:00
20180828 22:45,481.0,481.0,481.0,481.0,21522,46.0,103404,-34.0,1030770000.0,2220000.0,2568,1287,2018-08-28 22:45:00
20180828 22:46,481.0,481.0,481.0,481.0,21522,0.0,103404,0.0,1030770000.0,0.0,1018,3168,2018-08-28 22:46:00
20180828 22:47,481.0,481.0,481.0,481.0,21522,0.0,103404,0.0,1030770000.0,0.0,792,2562,2018-08-28 22:47:00
20180828 22:48,481.0,481.0,481.0,481.0,21522,0.0,103404,0.0,1030770000.0,0.0,79,257,2018-08-28 22:48:00
20180828 22:49,481.0,481.0,481.0,481.0,21522,0.0,103404,0.0,1030770000.0,0.0,490,1532,2018-08-28 22:49:00
20180828 22:50,481.0,481.0,481.0,481.0,21522,0.0,103404,0.0,1030770000.0,0.0,330,1022,2018-08-28 22:50:00
20180828 22:51,481.0,481.0,480.5,480.5,21526,4.0,103400,-4.0,1030960000.0,190000.0,408,1351,2018-08-28 22:51:00
20180828 22:52,480.5,480.5,480.5,480.5,21526,0.0,103400,0.0,1030960000.0,0.0,334,1124,2018-08-28 22:52:00
20180828 22:53,480.5,481.0,480.5,481.0,22160,634.0,103318,-82.0,1061450000.0,30490000.0,707,1441,2018-08-28 22:53:00
20180828 22:54,481.0,481.0,481.0,481.0,22160,0.0,103318,0.0,1061450000.0,0.0,88,257,2018-08-28 22:54:00
20180828 22:55,481.0,481.0,481.0,481.0,22160,0.0,103318,0.0,1061450000.0,0.0,93,257,2018-08-28 22:55:00
20180828 22:56,481.0,481.0,480.5,480.5,22224,64.0,103312,-6.0,1064530000.0,3080000.0,1653,1147,2018-08-28 22:56:00
20180828 22:57,480.5,480.5,480.5,480.5,22224,0.0,103312,0.0,1064530000.0,0.0,930,96,2018-08-28 22:57:00
20180828 22:58,480.5,480.5,480.5,480.5,22436,212.0,103288,-24.0,1074720000.0,10190000.0,4812,1186,2018-08-28 22:58:00
20180828 22:59,481.0,481.0,481.0,481.0,22464,28.0,103288,0.0,1076060000.0,1340000.0,4708,476,2018-08-28 22:59:00
20180828 23:00,481.0,481.0,480.5,480.5,22474,10.0,103288,0.0,1076540000.0,480000.0,7242,3251,2018-08-28 23:00:00
20180828 23:01,480.5,480.5,480.5,480.5,22474,0.0,103288,0.0,1076540000.0,0.0,809,1830,2018-08-28 23:01:00
20180828 23:02,480.5,480.5,480.5,480.5,22522,48.0,103310,22.0,1078850000.0,2310000.0,14040,4305,2018-08-28 23:02:00
20180828 23:03,480.5,480.5,480.0,480.5,22734,212.0,103262,-48.0,1089040000.0,10190000.0,2302,2618,2018-08-28 23:03:00
20180828 23:04,480.5,480.5,480.5,480.5,26062,3328.0,103142,-120.0,1248950000.0,159910000.0,4596,5841,2018-08-28 23:04:00
20180828 23:05,480.5,480.5,480.5,480.5,29218,3156.0,103108,-34.0,1400590000.0,151640000.0,7266,3497,2018-08-28 23:05:00
20180828 23:06,480.5,480.5,480.5,480.5,29218,0.0,103108,0.0,1400590000.0,0.0,1796,1954,2018-08-28 23:06:00
20180828 23:07,480.5,480.5,480.5,480.5,29218,0.0,103108,0.0,1400590000.0,0.0,312,738,2018-08-28 23:07:00
20180828 23:09,480.5,480.5,480.5,480.5,29218,0.0,103108,0.0,1400590000.0,0.0,211,492,2018-08-28 23:09:00
20180828 23:10,480.5,480.5,480.5,480.5,29218,0.0,103108,0.0,1400590000.0,0.0,214,490,2018-08-28 23:10:00
20180828 23:11,480.5,481.0,480.5,481.0,29378,160.0,103064,-44.0,1408290000.0,7700000.0,612,775,2018-08-28 23:11:00
20180828 23:12,481.0,481.0,481.0,481.0,29422,44.0,103094,30.0,1410400000.0,2110000.0,435,249,2018-08-28 23:12:00
20180828 23:13,481.0,481.0,481.0,481.0,30052,630.0,103066,-28.0,1440710000.0,30310000.0,1352,1370,2018-08-28 23:13:00
20180828 23:14,481.0,481.0,481.0,481.0,30052,0.0,103066,0.0,1440710000.0,0.0,60,575,2018-08-28 23:14:00
20180828 23:15,481.0,481.0,481.0,481.0,30694,642.0,102976,-90.0,1471590000.0,30880000.0,5369,2447,2018-08-28 23:15:00
20180828 23:16,481.0,481.0,481.0,481.0,30694,0.0,102976,0.0,1471590000.0,0.0,90,465,2018-08-28 23:16:00
20180828 23:17,481.5,481.5,481.5,481.5,30714,20.0,102968,-8.0,1472550000.0,960000.0,179,1167,2018-08-28 23:17:00
20180828 23:18,481.5,482.0,481.0,482.0,30822,108.0,102922,-46.0,1477750000.0,5200000.0,1613,2666,2018-08-28 23:18:00
20180828 23:19,482.0,482.0,482.0,482.0,31466,644.0,103460,538.0,1508790000.0,31040000.0,564,1833,2018-08-28 23:19:00
20180828 23:20,482.0,482.0,482.0,482.0,31466,0.0,103460,0.0,1508790000.0,0.0,284,1621,2018-08-28 23:20:00
20180828 23:21,482.0,482.0,482.0,482.0,31466,0.0,103460,0.0,1508790000.0,0.0,76,424,2018-08-28 23:21:00
20180828 23:22,482.0,482.0,482.0,482.0,31468,2.0,103458,-2.0,1508890000.0,100000.0,308,1501,2018-08-28 23:22:00
20180828 23:23,482.0,482.0,482.0,482.0,31522,54.0,103444,-14.0,1511490000.0,2600000.0,7617,2622,2018-08-28 23:23:00
20180828 23:24,482.0,482.0,482.0,482.0,31522,0.0,103444,0.0,1511490000.0,0.0,1490,452,2018-08-28 23:24:00
20180828 23:25,482.0,482.0,481.5,481.5,31682,160.0,103532,88.0,1519200000.0,7710000.0,5041,1129,2018-08-28 23:25:00
20180828 23:26,481.5,481.5,481.5,481.5,31816,134.0,103468,-64.0,1525650000.0,6450000.0,2650,2327,2018-08-28 23:26:00
20180828 23:27,481.5,482.0,481.5,482.0,32744,928.0,103376,-92.0,1570380000.0,44730000.0,822,1045,2018-08-28 23:27:00
20180828 23:28,482.5,483.0,482.0,483.0,34262,1518.0,103346,-30.0,1643620000.0,73240000.0,6320,346,2018-08-28 23:28:00
20180828 23:29,483.0,483.0,482.0,482.0,34850,588.0,103336,-10.0,1671990000.0,28370000.0,3534,2131,2018-08-28 23:29:00
20180828 23:30,482.0,482.0,482.0,482.0,34850,0.0,103336,0.0,1671990000.0,0.0,6,233,2018-08-28 23:30:00
20180829 09:00,485.0,486.5,485.0,486.5,71314,36464.0,102078,-1258.0,3463640000.0,1791650000.0,1495,1096,2018-08-29 09:00:00
20180829 09:01,486.5,486.5,486.5,486.5,71362,48.0,102086,8.0,3465970000.0,2330000.0,1532,1381,2018-08-29 09:01:00
20180829 09:02,486.5,486.5,486.0,486.5,71520,158.0,102070,-16.0,3473650000.0,7680000.0,1365,1282,2018-08-29 09:02:00
20180829 09:03,486.5,486.5,485.5,486.0,72840,1320.0,102060,-10.0,3537770000.0,64120000.0,3200,2367,2018-08-29 09:03:00
20180829 09:04,486.0,486.0,486.0,486.0,73540,700.0,101518,-542.0,3571790000.0,34020000.0,1889,1646,2018-08-29 09:04:00
20180829 09:05,486.0,486.5,486.0,486.5,74214,674.0,102128,610.0,3604580000.0,32790000.0,2096,2304,2018-08-29 09:05:00
20180829 09:06,486.5,486.5,485.5,485.5,75266,1052.0,102464,336.0,3655690000.0,51110000.0,2193,1756,2018-08-29 09:06:00
20180829 09:07,485.5,485.5,485.5,485.5,75306,40.0,102428,-36.0,3657630000.0,1940000.0,1226,861,2018-08-29 09:07:00
20180829 09:08,485.5,485.5,485.5,485.5,75322,16.0,102418,-10.0,3658410000.0,780000.0,1578,1643,2018-08-29 09:08:00
20180829 09:09,485.5,486.5,485.5,486.0,76122,800.0,101746,-672.0,3697290000.0,38880000.0,2981,1053,2018-08-29 09:09:00
20180829 09:10,486.0,486.0,486.0,486.0,76122,0.0,101746,0.0,3697290000.0,0.0,847,299,2018-08-29 09:10:00
20180829 09:11,486.0,486.0,486.0,486.0,76218,96.0,101720,-26.0,3701950000.0,4660000.0,596,1570,2018-08-29 09:11:00
20180829 09:12,486.0,486.0,485.5,485.5,76826,608.0,102282,562.0,3731470000.0,29520000.0,789,2811,2018-08-29 09:12:00
20180829 09:13,485.5,485.5,485.5,485.5,76826,0.0,102282,0.0,3731470000.0,0.0,556,1917,2018-08-29 09:13:00
20180829 09:14,485.5,485.5,485.5,485.5,76826,0.0,102282,0.0,3731470000.0,0.0,492,1516,2018-08-29 09:14:00
20180829 09:15,485.5,485.5,485.5,485.5,76852,26.0,102270,-12.0,3732740000.0,1270000.0,792,2365,2018-08-29 09:15:00
20180829 09:16,485.5,485.5,485.5,485.5,76852,0.0,102270,0.0,3732740000.0,0.0,597,1771,2018-08-29 09:16:00
20180829 09:17,485.5,485.5,485.5,485.5,76992,140.0,102234,-36.0,3739530000.0,6790000.0,2456,3669,2018-08-29 09:17:00
20180829 09:18,485.5,485.5,485.5,485.5,76992,0.0,102234,0.0,3739530000.0,0.0,135,110,2018-08-29 09:18:00
20180829 09:19,485.5,485.5,485.5,485.5,77084,92.0,102226,-8.0,3744000000.0,4470000.0,1920,1284,2018-08-29 09:19:00
20180829 09:20,485.5,485.5,485.5,485.5,77706,622.0,101658,-568.0,3774200000.0,30200000.0,776,1534,2018-08-29 09:20:00
20180829 09:21,485.5,485.5,485.5,485.5,78368,662.0,102212,554.0,3806340000.0,32140000.0,3083,598,2018-08-29 09:21:00
20180829 09:22,485.5,485.5,485.5,485.5,78376,8.0,102212,0.0,3806730000.0,390000.0,748,131,2018-08-29 09:22:00
20180829 09:23,485.5,485.5,485.5,485.5,79288,912.0,101580,-632.0,3851000000.0,44270000.0,4294,3978,2018-08-29 09:23:00
20180829 09:24,485.5,485.5,485.0,485.0,79300,12.0,101578,-2.0,3851590000.0,590000.0,915,610,2018-08-29 09:24:00
20180829 09:26,485.0,485.0,485.0,485.0,79300,0.0,101578,0.0,3851590000.0,0.0,331,469,2018-08-29 09:26:00
20180829 09:27,485.0,485.0,485.0,485.0,79300,0.0,101578,0.0,3851590000.0,0.0,233,354,2018-08-29 09:27:00
20180829 09:28,485.5,485.5,485.5,485.5,81436,2136.0,101492,-86.0,3955290000.0,103700000.0,3480,3431,2018-08-29 09:28:00
20180829 09:29,485.5,485.5,485.5,485.5,81446,10.0,101492,0.0,3955780000.0,490000.0,522,993,2018-08-29 09:29:00
20180829 09:30,485.5,486.5,485.5,486.5,82070,624.0,101236,-256.0,3986110000.0,30330000.0,1611,1529,2018-08-29 09:30:00
20180829 09:31,486.5,486.5,486.5,486.5,82072,2.0,101234,-2.0,3986200000.0,90000.0,1108,801,2018-08-29 09:31:00
20180829 09:32,486.5,486.5,486.5,486.5,82072,0.0,101234,0.0,3986200000.0,0.0,1306,1192,2018-08-29 09:32:00
20180829 09:33,486.5,486.5,486.5,486.5,82072,0.0,101234,0.0,3986200000.0,0.0,205,196,2018-08-29 09:33:00
20180829 09:34,486.5,486.5,486.5,486.5,83220,1148.0,101836,602.0,4042050000.0,55850000.0,1791,1459,2018-08-29 09:34:00
20180829 09:35,486.5,486.5,486.5,486.5,83220,0.0,101836,0.0,4042050000.0,0.0,1211,789,2018-08-29 09:35:00
20180829 09:36,486.5,486.5,486.0,486.0,83276,56.0,101842,6.0,4044780000.0,2730000.0,1513,1396,2018-08-29 09:36:00
20180829 09:37,486.0,486.5,486.0,486.5,83278,2.0,101844,2.0,4044870000.0,90000.0,865,825,2018-08-29 09:37:00
20180829 09:38,486.5,486.5,486.0,486.0,83282,4.0,101848,4.0,4045070000.0,200000.0,1008,552,2018-08-29 09:38:00
20180829 09:39,486.0,486.0,486.0,486.0,83284,2.0,101850,2.0,4045170000.0,100000.0,504,249,2018-08-29 09:39:00
20180829 09:40,486.0,486.0,486.0,486.0,83286,2.0,101850,0.0,4045260000.0,90000.0,328,183,2018-08-29 09:40:00
20180829 09:41,486.0,486.5,486.0,486.5,84012,726.0,101240,-610.0,4080580000.0,35320000.0,1520,1218,2018-08-29 09:41:00
20180829 09:42,486.5,486.5,486.5,486.5,84012,0.0,101240,0.0,4080580000.0,0.0,529,1248,2018-08-29 09:42:00
20180829 09:43,486.5,486.5,486.5,486.5,84012,0.0,101240,0.0,4080580000.0,0.0,183,442,2018-08-29 09:43:00
20180829 09:44,486.0,486.0,486.0,486.0,85364,1352.0,101668,428.0,4146290000.0,65710000.0,2762,3039,2018-08-29 09:44:00
20180829 09:45,486.0,486.0,486.0,486.0,85364,0.0,101668,0.0,4146290000.0,0.0,839,375,2018-08-29 09:45:00
20180829 09:46,486.0,486.0,486.0,486.0,85468,104.0,101698,30.0,4151340000.0,5050000.0,1018,1246,2018-08-29 09:46:00
20180829 09:47,486.0,486.0,486.0,486.0,86180,712.0,101126,-572.0,4185950000.0,34610000.0,2529,2188,2018-08-29 09:47:00
20180829 09:48,486.0,486.0,486.0,486.0,86248,68.0,101126,0.0,4189250000.0,3300000.0,1176,1792,2018-08-29 09:48:00
20180829 09:49,486.0,486.0,486.0,486.0,86250,2.0,101128,2.0,4189350000.0,100000.0,1153,687,2018-08-29 09:49:00
20180829 09:50,486.0,486.0,486.0,486.0,86250,0.0,101128,0.0,4189350000.0,0.0,1514,779,2018-08-29 09:50:00
20180829 09:51,486.0,486.5,486.0,486.5,86280,30.0,101136,8.0,4190810000.0,1460000.0,1131,565,2018-08-29 09:51:00
20180829 09:52,486.5,486.5,486.5,486.5,86376,96.0,101204,68.0,4195480000.0,4670000.0,1342,1474,2018-08-29 09:52:00
20180829 09:53,486.5,486.5,486.5,486.5,86376,0.0,101204,0.0,4195480000.0,0.0,531,312,2018-08-29 09:53:00
20180829 09:54,486.5,486.5,486.5,486.5,86376,0.0,101204,0.0,4195480000.0,0.0,603,671,2018-08-29 09:54:00
20180829 09:55,486.5,486.5,486.0,486.0,86378,2.0,101206,2.0,4195580000.0,100000.0,168,169,2018-08-29 09:55:00
20180829 09:56,486.0,486.0,486.0,486.0,86378,0.0,101206,0.0,4195580000.0,0.0,158,158,2018-08-29 09:56:00
20180829 09:57,486.0,486.5,486.0,486.5,86494,116.0,101238,32.0,4201220000.0,5640000.0,1127,1153,2018-08-29 09:57:00
20180829 09:58,486.5,486.5,486.5,486.5,86494,0.0,101238,0.0,4201220000.0,0.0,543,1241,2018-08-29 09:58:00
20180829 09:59,486.5,486.5,486.5,486.5,86494,0.0,101238,0.0,4201220000.0,0.0,35,120,2018-08-29 09:59:00
20180829 10:00,486.0,486.0,486.0,486.0,86498,4.0,101242,4.0,4201410000.0,190000.0,71,236,2018-08-29 10:00:00
20180829 10:01,486.0,486.0,486.0,486.0,86498,0.0,101242,0.0,4201410000.0,0.0,604,651,2018-08-29 10:01:00
20180829 10:02,486.0,486.0,486.0,486.0,86498,0.0,101242,0.0,4201410000.0,0.0,658,763,2018-08-29 10:02:00
20180829 10:03,486.0,486.0,486.0,486.0,86498,0.0,101242,0.0,4201410000.0,0.0,337,475,2018-08-29 10:03:00
20180829 10:04,486.0,486.0,486.0,486.0,86572,74.0,101234,-8.0,4205010000.0,3600000.0,888,1209,2018-08-29 10:04:00
20180829 10:05,486.0,486.0,486.0,486.0,87236,664.0,101176,-58.0,4237280000.0,32270000.0,89,1575,2018-08-29 10:05:00
20180829 10:06,486.0,486.0,486.0,486.0,87962,726.0,101162,-14.0,4272570000.0,35290000.0,484,2420,2018-08-29 10:06:00
20180829 10:07,486.0,486.0,486.0,486.0,87972,10.0,101162,0.0,4273050000.0,480000.0,489,1755,2018-08-29 10:07:00
20180829 10:08,486.0,486.0,486.0,486.0,87972,0.0,101162,0.0,4273050000.0,0.0,184,660,2018-08-29 10:08:00
20180829 10:09,486.0,486.0,485.5,485.5,87988,16.0,101154,-8.0,4273830000.0,780000.0,603,1919,2018-08-29 10:09:00
20180829 10:10,485.5,485.5,485.5,485.5,87988,0.0,101154,0.0,4273830000.0,0.0,439,1217,2018-08-29 10:10:00
20180829 10:11,485.5,486.0,485.5,486.0,88108,120.0,101120,-34.0,4279660000.0,5830000.0,688,1335,2018-08-29 10:11:00
20180829 10:12,486.0,486.0,486.0,486.0,88136,28.0,101116,-4.0,4281020000.0,1360000.0,484,1275,2018-08-29 10:12:00
20180829 10:13,486.0,486.0,486.0,486.0,88136,0.0,101116,0.0,4281020000.0,0.0,1597,7157,2018-08-29 10:13:00
20180829 10:14,486.0,486.0,485.5,485.5,88176,40.0,101078,-38.0,4282960000.0,1940000.0,991,4363,2018-08-29 10:14:00
20180829 10:30,485.5,486.0,485.5,486.0,88194,18.0,101062,-16.0,4283840000.0,880000.0,627,5625,2018-08-29 10:30:00
20180829 10:31,486.0,486.0,486.0,486.0,88194,0.0,101062,0.0,4283840000.0,0.0,403,2988,2018-08-29 10:31:00
20180829 10:32,486.0,486.0,486.0,486.0,88194,0.0,101062,0.0,4283840000.0,0.0,310,1992,2018-08-29 10:32:00
20180829 10:33,486.0,486.0,486.0,486.0,88196,2.0,101062,0.0,4283930000.0,90000.0,290,1640,2018-08-29 10:33:00
20180829 10:34,486.0,486.0,486.0,486.0,88198,2.0,101062,0.0,4284030000.0,100000.0,239,1288,2018-08-29 10:34:00
20180829 10:35,486.0,486.0,486.0,486.0,88276,78.0,101004,-58.0,4287820000.0,3790000.0,1553,1577,2018-08-29 10:35:00
20180829 10:36,486.0,486.0,486.0,486.0,88316,40.0,100994,-10.0,4289770000.0,1950000.0,2023,1521,2018-08-29 10:36:00
20180829 10:37,486.0,486.5,486.0,486.5,88322,6.0,100994,0.0,4290060000.0,290000.0,604,452,2018-08-29 10:37:00
20180829 10:38,486.5,486.5,486.0,486.0,88324,2.0,100994,0.0,4290160000.0,100000.0,1203,1327,2018-08-29 10:38:00
20180829 10:39,486.0,486.5,486.0,486.0,88370,46.0,100954,-40.0,4292390000.0,2230000.0,1262,2115,2018-08-29 10:39:00
20180829 10:40,486.0,486.0,486.0,486.0,88376,6.0,100960,6.0,4292680000.0,290000.0,620,988,2018-08-29 10:40:00
20180829 10:41,486.0,486.0,485.5,485.5,88482,106.0,101000,40.0,4297840000.0,5160000.0,1631,1202,2018-08-29 10:41:00
20180829 10:42,485.5,485.5,485.0,485.5,89224,742.0,100864,-136.0,4333860000.0,36020000.0,1074,2105,2018-08-29 10:42:00
20180829 10:43,485.5,485.5,484.5,485.0,89320,96.0,100900,36.0,4338520000.0,4660000.0,1226,6181,2018-08-29 10:43:00
20180829 10:44,485.0,485.0,484.5,484.5,89492,172.0,100890,-10.0,4346850000.0,8330000.0,2125,2802,2018-08-29 10:44:00
20180829 10:45,484.5,485.0,484.5,485.0,89518,26.0,100892,2.0,4348110000.0,1260000.0,534,1370,2018-08-29 10:45:00
20180829 10:46,485.0,485.0,484.5,484.5,89522,4.0,100892,0.0,4348310000.0,200000.0,407,741,2018-08-29 10:46:00
20180829 10:47,484.5,484.5,484.0,484.0,89596,74.0,100924,32.0,4351890000.0,3580000.0,1029,3960,2018-08-29 10:47:00
20180829 10:48,484.0,484.5,484.0,484.5,89746,150.0,101020,96.0,4359160000.0,7270000.0,1543,2675,2018-08-29 10:48:00
20180829 10:49,484.5,484.5,484.0,484.5,90766,1020.0,100906,-114.0,4408580000.0,49420000.0,2802,7261,2018-08-29 10:49:00
20180829 10:50,484.5,485.0,484.0,485.0,91644,878.0,100812,-94.0,4451160000.0,42580000.0,3395,3373,2018-08-29 10:50:00
20180829 10:51,485.0,485.0,484.5,484.5,91774,130.0,100850,38.0,4457460000.0,6300000.0,3766,7550,2018-08-29 10:51:00
20180829 10:52,484.5,484.5,484.5,484.5,91818,44.0,100840,-10.0,4459590000.0,2130000.0,1586,3405,2018-08-29 10:52:00
20180829 10:53,484.5,484.5,484.5,484.5,91818,0.0,100840,0.0,4459590000.0,0.0,347,696,2018-08-29 10:53:00
20180829 10:54,484.5,484.5,484.5,484.5,91820,2.0,100840,0.0,4459690000.0,100000.0,1336,2083,2018-08-29 10:54:00
20180829 10:55,484.5,484.5,484.5,484.5,91822,2.0,100842,2.0,4459790000.0,100000.0,930,1563,2018-08-29 10:55:00
20180829 10:56,485.0,485.0,485.0,485.0,92114,292.0,100802,-40.0,4473950000.0,14160000.0,1417,1524,2018-08-29 10:56:00
20180829 10:57,485.0,485.0,485.0,485.0,92114,0.0,100802,0.0,4473950000.0,0.0,734,787,2018-08-29 10:57:00
20180829 10:58,485.5,486.0,485.5,486.0,92258,144.0,100822,20.0,4480940000.0,6990000.0,3197,1397,2018-08-29 10:58:00
20180829 10:59,486.0,486.0,485.5,485.5,92312,54.0,100822,0.0,4483570000.0,2630000.0,1302,2482,2018-08-29 10:59:00
20180829 11:00,485.5,486.0,485.5,486.0,92362,50.0,100836,14.0,4486000000.0,2430000.0,1262,1878,2018-08-29 11:00:00
20180829 11:01,486.0,486.0,486.0,486.0,92400,38.0,100838,2.0,4487840000.0,1840000.0,1115,1545,2018-08-29 11:01:00
20180829 11:02,486.0,486.0,486.0,486.0,92400,0.0,100838,0.0,4487840000.0,0.0,722,925,2018-08-29 11:02:00
20180829 11:03,486.0,486.0,486.0,486.0,92488,88.0,100886,48.0,4492120000.0,4280000.0,1208,1714,2018-08-29 11:03:00
20180829 11:04,486.0,486.0,486.0,486.0,93264,776.0,100766,-120.0,4529830000.0,37710000.0,1108,2169,2018-08-29 11:04:00
20180829 11:05,486.0,486.0,486.0,486.0,93268,4.0,100770,4.0,4530030000.0,200000.0,1471,1921,2018-08-29 11:05:00
20180829 11:06,486.0,486.0,486.0,486.0,93268,0.0,100770,0.0,4530030000.0,0.0,717,871,2018-08-29 11:06:00
20180829 11:07,486.0,486.0,486.0,486.0,93268,0.0,100770,0.0,4530030000.0,0.0,324,348,2018-08-29 11:07:00
20180829 11:08,486.0,486.0,485.5,485.5,93308,40.0,100780,10.0,4531970000.0,1940000.0,1093,2084,2018-08-29 11:08:00
20180829 11:09,485.5,486.0,485.5,486.0,93310,2.0,100780,0.0,4532070000.0,100000.0,1431,1528,2018-08-29 11:09:00
20180829 11:10,486.0,486.0,486.0,486.0,93310,0.0,100780,0.0,4532070000.0,0.0,889,953,2018-08-29 11:10:00
20180829 11:11,486.0,486.0,486.0,486.0,93310,0.0,100780,0.0,4532070000.0,0.0,630,575,2018-08-29 11:11:00
20180829 11:12,486.0,486.5,486.0,486.5,93390,80.0,100784,4.0,4535960000.0,3890000.0,2922,2017,2018-08-29 11:12:00
20180829 11:13,486.5,486.5,486.0,486.0,93490,100.0,100784,0.0,4540820000.0,4860000.0,2055,1409,2018-08-29 11:13:00
20180829 11:14,486.0,486.5,486.0,486.5,93558,68.0,100800,16.0,4544120000.0,3300000.0,1765,1327,2018-08-29 11:14:00
20180829 11:15,486.5,487.0,486.5,486.5,93564,6.0,100800,0.0,4544420000.0,300000.0,1559,1188,2018-08-29 11:15:00
20180829 11:16,486.5,486.5,486.5,486.5,93586,22.0,100800,0.0,4545490000.0,1070000.0,1098,636,2018-08-29 11:16:00
20180829 11:17,487.0,487.0,486.5,487.0,93594,8.0,100800,0.0,4545880000.0,390000.0,807,354,2018-08-29 11:17:00
20180829 11:18,487.0,487.0,487.0,487.0,93696,102.0,100828,28.0,4550840000.0,4960000.0,939,1258,2018-08-29 11:18:00
20180829 11:19,487.0,487.0,487.0,487.0,93696,0.0,100828,0.0,4550840000.0,0.0,632,528,2018-08-29 11:19:00
20180829 11:20,487.0,487.0,487.0,487.0,93740,44.0,100864,36.0,4552990000.0,2150000.0,562,492,2018-08-29 11:20:00
20180829 11:21,487.0,487.5,487.0,487.0,94540,800.0,100758,-106.0,4591980000.0,38990000.0,1360,1638,2018-08-29 11:21:00
20180829 11:22,487.0,487.0,486.5,486.5,94618,78.0,100800,42.0,4595780000.0,3800000.0,1369,1095,2018-08-29 11:22:00
20180829 11:23,486.5,486.5,486.5,486.5,95572,954.0,100856,56.0,4642190000.0,46410000.0,885,4849,2018-08-29 11:23:00
20180829 11:24,486.5,487.0,486.5,487.0,95836,264.0,100870,14.0,4655030000.0,12840000.0,1834,6938,2018-08-29 11:24:00
20180829 11:25,487.0,487.0,487.0,487.0,95836,0.0,100870,0.0,4655030000.0,0.0,1207,1222,2018-08-29 11:25:00
20180829 11:26,487.0,487.0,487.0,487.0,96658,822.0,100732,-138.0,4695070000.0,40040000.0,2381,2494,2018-08-29 11:26:00
20180829 11:27,487.0,487.0,487.0,487.0,96658,0.0,100732,0.0,4695070000.0,0.0,1091,1332,2018-08-29 11:27:00
20180829 11:28,487.0,487.5,487.0,487.5,97014,356.0,100774,42.0,4712410000.0,17340000.0,1451,837,2018-08-29 11:28:00
20180829 11:29,487.5,487.5,487.5,487.5,98122,1108.0,100934,160.0,4766420000.0,54010000.0,1003,1601,2018-08-29 11:29:00
20180829 13:30,487.5,488.5,487.5,488.0,100282,2160.0,101086,152.0,4871880000.0,105460000.0,3805,3518,2018-08-29 13:30:00
20180829 13:31,488.0,488.5,488.0,488.0,103982,3700.0,101162,76.0,5052450000.0,180570000.0,5161,4002,2018-08-29 13:31:00
20180829 13:32,488.0,488.0,488.0,488.0,104034,52.0,101166,4.0,5054990000.0,2540000.0,4415,3489,2018-08-29 13:32:00
20180829 13:33,488.0,488.0,488.0,488.0,104198,164.0,101232,66.0,5062990000.0,8000000.0,3182,3231,2018-08-29 13:33:00
20180829 13:34,488.0,488.0,488.0,488.0,104258,60.0,101258,26.0,5065920000.0,2930000.0,1910,2247,2018-08-29 13:34:00
20180829 13:35,488.0,488.5,488.0,488.5,104326,68.0,101276,18.0,5069240000.0,3320000.0,2357,2534,2018-08-29 13:35:00
20180829 13:36,488.5,488.5,488.5,488.5,104498,172.0,101282,6.0,5077640000.0,8400000.0,8187,4223,2018-08-29 13:36:00
20180829 13:37,488.5,488.5,488.0,488.0,104564,66.0,101276,-6.0,5080860000.0,3220000.0,3034,3781,2018-08-29 13:37:00
20180829 13:38,488.0,488.0,487.5,488.0,105548,984.0,101104,-172.0,5128830000.0,47970000.0,5250,7009,2018-08-29 13:38:00
20180829 13:39,488.0,488.0,488.0,488.0,105548,0.0,101104,0.0,5128830000.0,0.0,924,659,2018-08-29 13:39:00
20180829 13:40,488.0,488.0,487.5,487.5,106366,818.0,101290,186.0,5168710000.0,39880000.0,2932,2072,2018-08-29 13:40:00
20180829 13:41,487.5,487.5,487.5,487.5,106420,54.0,101300,10.0,5171340000.0,2630000.0,3018,2949,2018-08-29 13:41:00
20180829 13:42,487.5,487.5,487.0,487.0,106424,4.0,101296,-4.0,5171540000.0,200000.0,1843,1365,2018-08-29 13:42:00
20180829 13:43,487.0,487.5,487.0,487.5,106526,102.0,101282,-14.0,5176510000.0,4970000.0,2701,1785,2018-08-29 13:43:00
20180829 13:44,487.5,487.5,487.5,487.5,107766,1240.0,101516,234.0,5236960000.0,60450000.0,3566,1622,2018-08-29 13:44:00
20180829 13:45,487.5,487.5,487.5,487.5,107840,74.0,101550,34.0,5240570000.0,3610000.0,2920,1750,2018-08-29 13:45:00
20180829 13:46,487.5,487.5,487.5,487.5,107850,10.0,101550,0.0,5241050000.0,480000.0,956,1181,2018-08-29 13:46:00
20180829 13:47,487.5,487.5,486.5,487.0,107906,56.0,101550,0.0,5243780000.0,2730000.0,1735,3401,2018-08-29 13:47:00
20180829 13:48,487.0,487.5,487.0,487.5,107992,86.0,101540,-10.0,5247970000.0,4190000.0,1953,1970,2018-08-29 13:48:00
20180829 13:49,487.5,487.5,487.0,487.0,107998,6.0,101534,-6.0,5248260000.0,290000.0,1678,1380,2018-08-29 13:49:00
20180829 13:50,487.0,487.5,487.0,487.5,108004,6.0,101530,-4.0,5248560000.0,300000.0,1197,1607,2018-08-29 13:50:00
20180829 13:51,487.5,487.5,487.5,487.5,108004,0.0,101530,0.0,5248560000.0,0.0,558,741,2018-08-29 13:51:00
20180829 13:52,487.5,487.5,487.5,487.5,108004,0.0,101530,0.0,5248560000.0,0.0,438,455,2018-08-29 13:52:00
20180829 13:53,487.5,487.5,487.5,487.5,108006,2.0,101532,2.0,5248650000.0,90000.0,543,712,2018-08-29 13:53:00
20180829 13:54,487.5,487.5,487.5,487.5,108006,0.0,101532,0.0,5248650000.0,0.0,351,922,2018-08-29 13:54:00
20180829 13:55,487.5,487.5,487.5,487.5,108012,6.0,101536,4.0,5248950000.0,300000.0,1109,1185,2018-08-29 13:55:00
20180829 13:56,487.5,487.5,487.5,487.5,108012,0.0,101536,0.0,5248950000.0,0.0,307,512,2018-08-29 13:56:00
20180829 13:57,487.5,487.5,487.0,487.0,108020,8.0,101534,-2.0,5249340000.0,390000.0,2323,1643,2018-08-29 13:57:00
20180829 13:58,487.0,487.0,487.0,487.0,108882,862.0,101330,-204.0,5291320000.0,41980000.0,1956,1477,2018-08-29 13:58:00
20180829 13:59,487.0,487.0,486.5,486.5,108942,60.0,101270,-60.0,5294230000.0,2910000.0,410,504,2018-08-29 13:59:00
20180829 14:00,486.5,487.0,486.5,487.0,108946,4.0,101270,0.0,5294430000.0,200000.0,1573,1045,2018-08-29 14:00:00
20180829 14:01,487.0,487.0,486.5,486.5,109852,906.0,101472,202.0,5338510000.0,44080000.0,2639,6143,2018-08-29 14:01:00
20180829 14:02,486.5,486.5,486.0,486.0,110866,1014.0,101638,166.0,5387790000.0,49280000.0,4258,7369,2018-08-29 14:02:00
20180829 14:03,486.0,486.0,486.0,486.0,110874,8.0,101638,0.0,5388180000.0,390000.0,2268,2232,2018-08-29 14:03:00
20180829 14:04,486.0,486.5,486.0,486.5,110876,2.0,101640,2.0,5388270000.0,90000.0,1709,1869,2018-08-29 14:04:00
20180829 14:05,486.5,486.5,486.5,486.5,110880,4.0,101640,0.0,5388470000.0,200000.0,1018,1177,2018-08-29 14:05:00
20180829 14:06,486.5,486.5,486.5,486.5,110880,0.0,101640,0.0,5388470000.0,0.0,114,484,2018-08-29 14:06:00
20180829 14:07,486.5,486.5,486.5,486.5,110880,0.0,101640,0.0,5388470000.0,0.0,564,1092,2018-08-29 14:07:00
20180829 14:08,486.5,486.5,486.5,486.5,110880,0.0,101640,0.0,5388470000.0,0.0,525,1083,2018-08-29 14:08:00
20180829 14:09,486.5,486.5,486.5,486.5,110880,0.0,101640,0.0,5388470000.0,0.0,58,250,2018-08-29 14:09:00
20180829 14:10,486.5,486.5,486.5,486.5,110880,0.0,101640,0.0,5388470000.0,0.0,225,750,2018-08-29 14:10:00
20180829 14:11,486.5,486.5,486.0,486.0,111066,186.0,101622,-18.0,5397510000.0,9040000.0,1316,2293,2018-08-29 14:11:00
20180829 14:12,486.0,486.0,485.0,485.0,112918,1852.0,101528,-94.0,5487460000.0,89950000.0,4182,10171,2018-08-29 14:12:00
20180829 14:13,485.0,485.0,484.5,485.0,113148,230.0,101546,18.0,5498610000.0,11150000.0,2891,4994,2018-08-29 14:13:00
20180829 14:14,485.0,485.5,485.0,485.5,114064,916.0,101700,154.0,5543080000.0,44470000.0,3955,4539,2018-08-29 14:14:00
20180829 14:15,485.5,485.5,485.5,485.5,114100,36.0,101700,0.0,5544830000.0,1750000.0,4018,2219,2018-08-29 14:15:00
20180829 14:16,485.5,486.0,485.5,486.0,114118,18.0,101688,-12.0,5545710000.0,880000.0,2528,1720,2018-08-29 14:16:00
20180829 14:17,486.0,486.0,485.5,485.5,114992,874.0,101474,-214.0,5588140000.0,42430000.0,1865,3126,2018-08-29 14:17:00
20180829 14:18,485.5,485.5,485.5,485.5,114994,2.0,101472,-2.0,5588240000.0,100000.0,3013,2400,2018-08-29 14:18:00
20180829 14:19,485.5,485.5,484.5,485.0,115080,86.0,101490,18.0,5592410000.0,4170000.0,2554,3673,2018-08-29 14:19:00
20180829 14:20,485.0,485.0,485.0,485.0,116124,1044.0,101664,174.0,5643040000.0,50630000.0,5395,4180,2018-08-29 14:20:00
20180829 14:21,485.0,485.0,485.0,485.0,116924,800.0,102228,564.0,5681840000.0,38800000.0,2819,2731,2018-08-29 14:21:00
20180829 14:22,485.0,485.5,485.0,485.5,116932,8.0,102220,-8.0,5682230000.0,390000.0,1922,2373,2018-08-29 14:22:00
20180829 14:23,485.5,485.5,485.0,485.0,117056,124.0,102222,2.0,5688240000.0,6010000.0,935,2445,2018-08-29 14:23:00
20180829 14:24,485.0,485.0,485.0,485.0,117060,4.0,102224,2.0,5688440000.0,200000.0,984,2687,2018-08-29 14:24:00
20180829 14:25,485.0,485.0,485.0,485.0,117060,0.0,102224,0.0,5688440000.0,0.0,1554,2263,2018-08-29 14:25:00
20180829 14:26,485.0,485.0,485.0,485.0,117060,0.0,102224,0.0,5688440000.0,0.0,1145,1749,2018-08-29 14:26:00
20180829 14:27,485.0,485.0,485.0,485.0,117060,0.0,102224,0.0,5688440000.0,0.0,481,600,2018-08-29 14:27:00
20180829 14:28,485.0,485.0,485.0,485.0,117072,12.0,102234,10.0,5689020000.0,580000.0,670,970,2018-08-29 14:28:00
20180829 14:29,485.0,485.5,485.0,485.5,117314,242.0,102228,-6.0,5700760000.0,11740000.0,1717,1884,2018-08-29 14:29:00
20180829 14:30,485.5,485.5,485.0,485.0,118202,888.0,102006,-222.0,5743820000.0,43060000.0,1330,5030,2018-08-29 14:30:00
20180829 14:31,485.0,485.0,483.5,483.5,121326,3124.0,102024,18.0,5895020000.0,151200000.0,3147,6743,2018-08-29 14:31:00
20180829 14:32,483.5,483.5,483.5,483.5,121364,38.0,102032,8.0,5896860000.0,1840000.0,1355,1923,2018-08-29 14:32:00
20180829 14:33,483.5,483.5,482.5,482.5,122562,1198.0,101974,-58.0,5954710000.0,57850000.0,1472,2851,2018-08-29 14:33:00
20180829 14:34,482.5,482.5,482.0,482.0,123952,1390.0,101652,-322.0,6021760000.0,67050000.0,2595,12098,2018-08-29 14:34:00
20180829 14:35,482.0,482.0,481.5,482.0,124208,256.0,101714,62.0,6034100000.0,12340000.0,5290,7307,2018-08-29 14:35:00
20180829 14:36,482.0,482.0,481.5,481.5,124384,176.0,101710,-4.0,6042580000.0,8480000.0,4936,4607,2018-08-29 14:36:00
20180829 14:37,481.5,482.5,481.5,482.5,124546,162.0,101664,-46.0,6050390000.0,7810000.0,5062,2730,2018-08-29 14:37:00
20180829 14:38,482.5,483.0,482.5,483.0,124554,8.0,101664,0.0,6050770000.0,380000.0,1725,1890,2018-08-29 14:38:00
20180829 14:39,483.0,483.0,482.5,482.5,125450,896.0,101588,-76.0,6094010000.0,43240000.0,5353,5249,2018-08-29 14:39:00
20180829 14:40,482.5,482.5,482.5,482.5,126324,874.0,101740,152.0,6136180000.0,42170000.0,3989,3851,2018-08-29 14:40:00
20180829 14:41,482.5,483.0,482.5,483.0,126354,30.0,101732,-8.0,6137630000.0,1450000.0,479,876,2018-08-29 14:41:00
20180829 14:42,483.0,483.0,482.5,482.5,127964,1610.0,101942,210.0,6215310000.0,77680000.0,3147,3421,2018-08-29 14:42:00
20180829 14:43,482.5,482.5,482.0,482.5,128054,90.0,101982,40.0,6219650000.0,4340000.0,1485,2979,2018-08-29 14:43:00
20180829 14:44,482.5,483.0,482.5,482.5,129842,1788.0,102236,254.0,6305920000.0,86270000.0,3446,3843,2018-08-29 14:44:00
20180829 14:45,482.5,483.0,482.5,483.0,129884,42.0,102206,-30.0,6307950000.0,2030000.0,1361,1399,2018-08-29 14:45:00
20180829 14:46,483.0,483.0,482.5,482.5,130760,876.0,102214,8.0,6350260000.0,42310000.0,1806,1460,2018-08-29 14:46:00
20180829 14:47,482.5,482.5,482.5,482.5,132182,1422.0,102408,194.0,6418870000.0,68610000.0,1192,3116,2018-08-29 14:47:00
20180829 14:48,482.5,483.0,482.5,483.0,132186,4.0,102408,0.0,6419060000.0,190000.0,542,1077,2018-08-29 14:48:00
20180829 14:49,483.0,483.0,482.5,482.5,133222,1036.0,102704,296.0,6469050000.0,49990000.0,1947,1791,2018-08-29 14:49:00
20180829 14:50,482.5,482.5,482.5,482.5,133254,32.0,102688,-16.0,6470600000.0,1550000.0,806,1536,2018-08-29 14:50:00
20180829 14:51,482.5,482.5,482.0,482.5,133272,18.0,102684,-4.0,6471460000.0,860000.0,789,1216,2018-08-29 14:51:00
20180829 14:52,482.5,482.5,482.5,482.5,133990,718.0,102740,56.0,6506110000.0,34650000.0,3656,1326,2018-08-29 14:52:00
20180829 14:53,482.5,483.0,482.5,483.0,134798,808.0,102942,202.0,6545100000.0,38990000.0,4402,1289,2018-08-29 14:53:00
20180829 14:54,483.0,483.0,482.0,482.0,134872,74.0,102986,44.0,6548670000.0,3570000.0,917,942,2018-08-29 14:54:00
20180829 14:55,482.0,482.0,480.0,481.0,137082,2210.0,103380,394.0,6655070000.0,106400000.0,3361,10461,2018-08-29 14:55:00
20180829 14:56,481.0,481.0,480.0,480.5,138552,1470.0,103530,150.0,6725740000.0,70670000.0,2596,1274,2018-08-29 14:56:00
20180829 14:57,480.5,481.0,479.5,481.0,138942,390.0,103584,54.0,6744460000.0,18720000.0,4594,1581,2018-08-29 14:57:00
20180829 14:58,481.0,481.0,480.0,481.0,141640,2698.0,103932,348.0,6874130000.0,129670000.0,4701,1382,2018-08-29 14:58:00
20180829 14:59,481.0,481.5,480.5,481.5,142352,712.0,103910,-22.0,6908410000.0,34280000.0,2327,820,2018-08-29 14:59:00
20180829 15:00,481.5,481.5,481.5,481.5,142352,0.0,103910,0.0,6908410000.0,0.0,4,38,2018-08-29 15:00:00
20180829 20:59,482.0,482.0,482.0,482.0,2404,2404.0,103980,70.0,115873000.0,115873000.0,1,1,2018-08-29 20:59:00
20180829 21:00,482.0,484.0,482.0,483.0,2638,234.0,103826,-154.0,127178000.0,11305000.0,4230,1262,2018-08-29 21:00:00
20180829 21:01,483.0,485.0,483.0,485.0,2764,126.0,103752,-74.0,133274000.0,6096000.0,1199,1987,2018-08-29 21:01:00
20180829 21:02,485.0,485.5,484.5,485.5,2988,224.0,103614,-138.0,144140000.0,10866000.0,1848,2651,2018-08-29 21:02:00
20180829 21:03,485.5,485.5,485.0,485.0,3354,366.0,103664,50.0,161892000.0,17752000.0,3394,2258,2018-08-29 21:03:00
20180829 21:04,485.0,485.0,484.5,484.5,3386,32.0,103666,2.0,163443000.0,1551000.0,1850,1468,2018-08-29 21:04:00
20180829 21:05,484.5,485.5,484.5,485.5,3432,46.0,103644,-22.0,165674000.0,2231000.0,1358,1520,2018-08-29 21:05:00
20180829 21:06,485.5,485.5,485.0,485.5,3514,82.0,103676,32.0,169655000.0,3981000.0,8858,2604,2018-08-29 21:06:00
20180829 21:07,485.5,485.5,485.5,485.5,3632,118.0,103702,26.0,175384000.0,5729000.0,14051,2483,2018-08-29 21:07:00
20180829 21:08,485.5,486.5,485.5,486.5,4852,1220.0,103004,-698.0,234689000.0,59305000.0,6302,11775,2018-08-29 21:08:00
20180829 21:09,486.5,487.0,486.5,486.5,5338,486.0,102918,-86.0,258348000.0,23659000.0,3281,27678,2018-08-29 21:09:00
20180829 21:10,486.5,487.5,486.5,487.0,5552,214.0,102824,-94.0,268773000.0,10425000.0,8552,6270,2018-08-29 21:10:00
20180829 21:11,487.0,487.5,487.0,487.0,6588,1036.0,102056,-768.0,319234000.0,50461000.0,7598,14738,2018-08-29 21:11:00
20180829 21:12,487.0,487.5,487.0,487.5,6760,172.0,101990,-66.0,327615000.0,8381000.0,3613,4856,2018-08-29 21:12:00
20180829 21:13,487.5,488.0,487.5,487.5,6812,52.0,102010,20.0,330151000.0,2536000.0,8558,1755,2018-08-29 21:13:00
20180829 21:14,487.5,487.5,487.0,487.0,6962,150.0,101992,-18.0,337458000.0,7307000.0,10094,3046,2018-08-29 21:14:00
20180829 21:15,487.0,487.0,486.5,487.0,7058,96.0,102000,8.0,342133000.0,4675000.0,5455,3098,2018-08-29 21:15:00
20180829 21:16,487.0,487.0,486.5,486.5,7092,34.0,102006,6.0,343789000.0,1656000.0,1683,2476,2018-08-29 21:16:00
20180829 21:17,486.5,486.5,486.5,486.5,7094,2.0,102006,0.0,343886000.0,97000.0,1259,2934,2018-08-29 21:17:00
20180829 21:18,486.5,487.0,486.5,487.0,7116,22.0,101992,-14.0,344958000.0,1072000.0,1318,2547,2018-08-29 21:18:00
20180829 21:19,487.0,487.0,487.0,487.0,7116,0.0,101992,0.0,344958000.0,0.0,1138,644,2018-08-29 21:19:00
20180829 21:20,487.0,487.0,487.0,487.0,7538,422.0,102044,52.0,365509000.0,20551000.0,1722,1715,2018-08-29 21:20:00
20180829 21:21,487.0,487.0,487.0,487.0,7946,408.0,101746,-298.0,385379000.0,19870000.0,1601,2304,2018-08-29 21:21:00
20180829 21:22,487.0,487.0,487.0,487.0,8342,396.0,102022,276.0,404664000.0,19285000.0,213,1258,2018-08-29 21:22:00
20180829 21:23,487.0,487.0,487.0,487.0,8366,24.0,102040,18.0,405833000.0,1169000.0,1207,3909,2018-08-29 21:23:00
20180829 21:24,487.0,487.0,487.0,487.0,8366,0.0,102040,0.0,405833000.0,0.0,108,844,2018-08-29 21:24:00
20180829 21:25,487.0,487.0,486.5,486.5,8368,2.0,102040,0.0,405930000.0,97000.0,174,976,2018-08-29 21:25:00
20180829 21:26,486.5,487.0,486.5,486.5,8492,124.0,102012,-28.0,411963000.0,6033000.0,4337,3637,2018-08-29 21:26:00
20180829 21:27,486.5,486.5,486.5,486.5,8958,466.0,101656,-356.0,434633000.0,22670000.0,6651,1265,2018-08-29 21:27:00
20180829 21:28,486.5,487.0,486.5,487.0,9286,328.0,101454,-202.0,450602000.0,15969000.0,2846,883,2018-08-29 21:28:00
20180829 21:29,487.0,487.0,486.0,486.5,10000,714.0,101930,476.0,485338000.0,34736000.0,3260,3127,2018-08-29 21:29:00
20180829 21:30,486.5,486.5,486.5,486.5,10000,0.0,101930,0.0,485338000.0,0.0,3508,511,2018-08-29 21:30:00
20180829 21:31,486.5,486.5,486.5,486.5,10000,0.0,101930,0.0,485338000.0,0.0,1995,397,2018-08-29 21:31:00
20180829 21:32,486.5,486.5,486.5,486.5,11000,1000.0,101662,-268.0,533988000.0,48650000.0,2441,2112,2018-08-29 21:32:00
20180829 21:33,486.5,486.5,486.5,486.5,12194,1194.0,101646,-16.0,592076000.0,58088000.0,1347,2955,2018-08-29 21:33:00
20180829 21:34,486.5,486.5,486.5,486.5,13966,1772.0,102230,584.0,678284000.0,86208000.0,4330,2126,2018-08-29 21:34:00
20180829 21:35,486.5,486.5,486.5,486.5,13966,0.0,102230,0.0,678284000.0,0.0,106,710,2018-08-29 21:35:00
20180829 21:36,486.5,487.0,486.5,486.5,15174,1208.0,101434,-796.0,737053000.0,58769000.0,3559,2083,2018-08-29 21:36:00
20180829 21:37,486.5,486.5,486.0,486.0,15200,26.0,101438,4.0,738318000.0,1265000.0,1182,1190,2018-08-29 21:37:00
20180829 21:38,486.0,486.0,486.0,486.0,15862,662.0,102002,564.0,770491000.0,32173000.0,2323,3372,2018-08-29 21:38:00
20180829 21:39,486.0,486.0,486.0,486.0,15874,12.0,101990,-12.0,771074000.0,583000.0,394,2800,2018-08-29 21:39:00
20180829 21:40,486.0,486.0,486.0,486.0,15876,2.0,101988,-2.0,771172000.0,98000.0,107,1021,2018-08-29 21:40:00
20180829 21:41,486.0,486.0,486.0,486.0,15990,114.0,101894,-94.0,776712000.0,5540000.0,118,227,2018-08-29 21:41:00
20180829 21:42,486.0,486.0,486.0,486.0,15990,0.0,101894,0.0,776712000.0,0.0,59,111,2018-08-29 21:42:00
20180829 21:43,486.0,486.0,486.0,486.0,15990,0.0,101894,0.0,776712000.0,0.0,177,331,2018-08-29 21:43:00
20180829 21:44,486.0,486.0,486.0,486.0,15998,8.0,101886,-8.0,777101000.0,389000.0,220,446,2018-08-29 21:44:00
20180829 21:45,486.0,486.0,486.0,486.0,17186,1188.0,101482,-404.0,834838000.0,57737000.0,3214,1791,2018-08-29 21:45:00
20180829 21:46,486.0,486.5,486.0,486.0,17234,48.0,101500,18.0,837172000.0,2334000.0,1632,1713,2018-08-29 21:46:00
20180829 21:47,486.0,486.0,486.0,486.0,17262,28.0,101476,-24.0,838533000.0,1361000.0,1656,1047,2018-08-29 21:47:00
20180829 21:48,486.0,486.0,486.0,486.0,18636,1374.0,101378,-98.0,905310000.0,66777000.0,2716,610,2018-08-29 21:48:00
20180829 21:49,486.5,486.5,486.5,486.5,18656,20.0,101378,0.0,906283000.0,973000.0,357,48,2018-08-29 21:49:00
20180829 21:50,486.0,486.0,486.0,486.0,18672,16.0,101362,-16.0,907060000.0,777000.0,2346,237,2018-08-29 21:50:00
20180829 21:51,486.0,486.0,486.0,486.0,22742,4070.0,102418,1056.0,1104860000.0,197800000.0,3632,3512,2018-08-29 21:51:00
20180829 21:52,486.0,486.0,486.0,486.0,22742,0.0,102418,0.0,1104860000.0,0.0,2783,584,2018-08-29 21:52:00
20180829 21:53,486.0,486.0,486.0,486.0,22742,0.0,102418,0.0,1104860000.0,0.0,1012,204,2018-08-29 21:53:00
20180829 21:54,486.0,486.0,486.0,486.0,25264,2522.0,102194,-224.0,1227430000.0,122570000.0,2165,1665,2018-08-29 21:54:00
20180829 21:55,486.0,486.0,486.0,486.0,25294,30.0,102194,0.0,1228890000.0,1460000.0,1770,131,2018-08-29 21:55:00
20180829 21:56,486.0,486.5,486.0,486.5,25798,504.0,101852,-342.0,1253410000.0,24520000.0,3192,924,2018-08-29 21:56:00
20180829 21:57,486.5,487.0,486.5,487.0,30464,4666.0,102102,250.0,1480640000.0,227230000.0,7755,5322,2018-08-29 21:57:00
20180829 21:58,487.0,487.0,487.0,487.0,31000,536.0,101834,-268.0,1506750000.0,26110000.0,2265,379,2018-08-29 21:58:00
20180829 21:59,487.0,487.0,487.0,487.0,31000,0.0,101834,0.0,1506750000.0,0.0,793,46,2018-08-29 21:59:00
20180829 22:00,487.0,487.0,487.0,487.0,31002,2.0,101834,0.0,1506840000.0,90000.0,263,16,2018-08-29 22:00:00
20180829 22:02,487.0,487.0,487.0,487.0,31008,6.0,101840,6.0,1507140000.0,300000.0,2090,293,2018-08-29 22:02:00
20180829 22:03,487.0,487.0,487.0,487.0,31020,12.0,101840,0.0,1507720000.0,580000.0,2832,345,2018-08-29 22:03:00
20180829 22:04,487.0,487.0,487.0,487.0,33866,2846.0,101920,80.0,1646320000.0,138600000.0,4884,2581,2018-08-29 22:04:00
20180829 22:05,487.0,487.0,487.0,487.0,34538,672.0,102184,264.0,1679050000.0,32730000.0,763,1663,2018-08-29 22:05:00
20180829 22:06,487.0,487.0,486.5,486.5,35118,580.0,102152,-32.0,1707290000.0,28240000.0,1089,1360,2018-08-29 22:06:00
20180829 22:07,486.5,486.5,486.5,486.5,35118,0.0,102152,0.0,1707290000.0,0.0,270,116,2018-08-29 22:07:00
20180829 22:08,486.5,487.0,486.5,487.0,35192,74.0,102128,-24.0,1710900000.0,3610000.0,2662,855,2018-08-29 22:08:00
20180829 22:09,487.0,487.0,487.0,487.0,35192,0.0,102128,0.0,1710900000.0,0.0,1056,137,2018-08-29 22:09:00
20180829 22:10,487.0,487.5,487.0,487.5,35258,66.0,102190,62.0,1714110000.0,3210000.0,1240,247,2018-08-29 22:10:00
20180829 22:11,487.5,487.5,486.5,487.0,35330,72.0,102198,8.0,1717620000.0,3510000.0,3765,1712,2018-08-29 22:11:00
20180829 22:12,487.0,487.0,486.5,486.5,35542,212.0,102164,-34.0,1727930000.0,10310000.0,4094,1847,2018-08-29 22:12:00
20180829 22:13,486.5,486.5,486.5,486.5,35542,0.0,102164,0.0,1727930000.0,0.0,752,518,2018-08-29 22:13:00
20180829 22:14,486.5,486.5,486.5,486.5,35570,28.0,102164,0.0,1729300000.0,1370000.0,550,63,2018-08-29 22:14:00
20180829 22:15,486.5,486.5,486.5,486.5,35570,0.0,102164,0.0,1729300000.0,0.0,1389,189,2018-08-29 22:15:00
20180829 22:16,486.5,486.5,486.5,486.5,35570,0.0,102164,0.0,1729300000.0,0.0,205,17,2018-08-29 22:16:00
20180829 22:17,486.5,486.5,486.5,486.5,35570,0.0,102164,0.0,1729300000.0,0.0,1080,122,2018-08-29 22:17:00
20180829 22:18,486.5,486.5,486.5,486.5,35570,0.0,102164,0.0,1729300000.0,0.0,440,51,2018-08-29 22:18:00
20180829 22:19,486.5,486.5,486.5,486.5,36296,726.0,101808,-356.0,1764620000.0,35320000.0,927,882,2018-08-29 22:19:00
20180829 22:20,486.5,486.5,486.5,486.5,36304,8.0,101800,-8.0,1765000000.0,380000.0,742,1658,2018-08-29 22:20:00
20180829 22:21,486.5,486.5,485.5,486.0,36384,80.0,101774,-26.0,1768890000.0,3890000.0,2442,2284,2018-08-29 22:21:00
20180829 22:22,486.0,486.0,485.5,485.5,36974,590.0,101192,-582.0,1797540000.0,28650000.0,1059,1317,2018-08-29 22:22:00
20180829 22:23,486.0,486.0,485.5,486.0,37050,76.0,101118,-74.0,1801230000.0,3690000.0,2457,3107,2018-08-29 22:23:00
20180829 22:24,486.0,486.0,485.5,485.5,38766,1716.0,101920,802.0,1884540000.0,83310000.0,4935,985,2018-08-29 22:24:00
20180829 22:25,485.5,485.5,485.5,485.5,39356,590.0,101344,-576.0,1913180000.0,28640000.0,1434,806,2018-08-29 22:25:00
20180829 22:26,485.5,485.5,485.5,485.5,39356,0.0,101344,0.0,1913180000.0,0.0,123,366,2018-08-29 22:26:00
20180829 22:27,486.0,486.0,486.0,486.0,39364,8.0,101336,-8.0,1913570000.0,390000.0,37,120,2018-08-29 22:27:00
20180829 22:28,486.0,486.0,486.0,486.0,39368,4.0,101334,-2.0,1913770000.0,200000.0,216,729,2018-08-29 22:28:00
20180829 22:29,486.0,486.0,486.0,486.0,39368,0.0,101334,0.0,1913770000.0,0.0,547,1543,2018-08-29 22:29:00
20180829 22:30,486.0,486.0,486.0,486.0,39372,4.0,101332,-2.0,1913960000.0,190000.0,281,577,2018-08-29 22:30:00
20180829 22:31,486.0,486.0,486.0,486.0,39374,2.0,101330,-2.0,1914060000.0,100000.0,499,1075,2018-08-29 22:31:00
20180829 22:32,486.0,486.0,486.0,486.0,39376,2.0,101330,0.0,1914150000.0,90000.0,236,740,2018-08-29 22:32:00
20180829 22:33,486.0,486.0,486.0,486.0,39376,0.0,101330,0.0,1914150000.0,0.0,188,496,2018-08-29 22:33:00
20180829 22:34,486.0,486.0,486.0,486.0,39376,0.0,101330,0.0,1914150000.0,0.0,125,488,2018-08-29 22:34:00
20180829 22:35,486.0,486.0,486.0,486.0,39376,0.0,101330,0.0,1914150000.0,0.0,151,357,2018-08-29 22:35:00
20180829 22:36,486.0,486.0,486.0,486.0,39428,52.0,101292,-38.0,1916680000.0,2530000.0,211,582,2018-08-29 22:36:00
20180829 22:37,486.0,486.0,486.0,486.0,44332,4904.0,100998,-294.0,2155020000.0,238340000.0,2663,2326,2018-08-29 22:37:00
20180829 22:38,486.0,486.0,485.0,485.0,44396,64.0,101008,10.0,2158120000.0,3100000.0,3982,1196,2018-08-29 22:38:00
20180829 22:39,485.0,485.0,485.0,485.0,44396,0.0,101008,0.0,2158120000.0,0.0,801,73,2018-08-29 22:39:00
20180829 22:40,485.0,485.5,485.0,485.5,44400,4.0,101008,0.0,2158320000.0,200000.0,2909,588,2018-08-29 22:40:00
20180829 22:41,485.5,485.5,485.5,485.5,44404,4.0,101008,0.0,2158510000.0,190000.0,702,325,2018-08-29 22:41:00
20180829 22:42,485.5,485.5,485.5,485.5,44404,0.0,101008,0.0,2158510000.0,0.0,1760,1476,2018-08-29 22:42:00
20180829 22:43,485.5,485.5,485.5,485.5,45738,1334.0,101910,902.0,2223280000.0,64770000.0,1551,365,2018-08-29 22:43:00
20180829 22:44,485.5,485.5,485.5,485.5,46374,636.0,101312,-598.0,2254150000.0,30870000.0,2974,2972,2018-08-29 22:44:00
20180829 22:45,485.5,485.5,485.0,485.5,46470,96.0,101300,-12.0,2258810000.0,4660000.0,2315,1716,2018-08-29 22:45:00
20180829 22:46,485.5,485.5,485.5,485.5,46470,0.0,101300,0.0,2258810000.0,0.0,384,31,2018-08-29 22:46:00
20180829 22:47,485.5,485.5,485.5,485.5,46470,0.0,101300,0.0,2258810000.0,0.0,1177,354,2018-08-29 22:47:00
20180829 22:48,485.5,485.5,485.0,485.0,47426,956.0,101072,-228.0,2305180000.0,46370000.0,4148,1855,2018-08-29 22:48:00
20180829 22:49,485.0,485.0,485.0,485.0,48792,1366.0,101978,906.0,2371430000.0,66250000.0,1895,1299,2018-08-29 22:49:00
20180829 22:50,485.0,485.5,484.5,485.5,52178,3386.0,102028,50.0,2535790000.0,164360000.0,5451,4044,2018-08-29 22:50:00
20180829 22:51,485.5,485.5,485.0,485.5,54178,2000.0,101686,-342.0,2632860000.0,97070000.0,3172,2830,2018-08-29 22:51:00
20180829 22:52,485.5,485.5,485.5,485.5,55468,1290.0,101404,-282.0,2695480000.0,62620000.0,4139,4540,2018-08-29 22:52:00
20180829 22:53,485.5,485.5,485.5,485.5,55468,0.0,101404,0.0,2695480000.0,0.0,1826,482,2018-08-29 22:53:00
20180829 22:54,485.5,485.5,485.0,485.0,59682,4214.0,101014,-390.0,2899860000.0,204380000.0,3184,2868,2018-08-29 22:54:00
20180829 22:55,485.0,485.0,485.0,485.0,61746,2064.0,101638,624.0,2999970000.0,100110000.0,3407,3000,2018-08-29 22:55:00
20180829 22:56,485.0,485.5,485.0,485.5,61802,56.0,101680,42.0,3002680000.0,2710000.0,1547,213,2018-08-29 22:56:00
20180829 22:57,485.5,485.5,484.5,484.5,62478,676.0,101126,-554.0,3035470000.0,32790000.0,2664,4348,2018-08-29 22:57:00
20180829 22:58,484.5,484.5,484.5,484.5,62488,10.0,101126,0.0,3035950000.0,480000.0,1865,1177,2018-08-29 22:58:00
20180829 22:59,484.5,485.0,484.0,484.5,64092,1604.0,101970,844.0,3113600000.0,77650000.0,4725,3168,2018-08-29 22:59:00
20180829 23:00,484.5,484.5,484.5,484.5,64096,4.0,101970,0.0,3113790000.0,190000.0,2681,847,2018-08-29 23:00:00
20180829 23:01,484.5,484.5,484.5,484.5,64134,38.0,101970,0.0,3115630000.0,1840000.0,2966,1312,2018-08-29 23:01:00
20180829 23:02,484.5,484.5,484.5,484.5,64134,0.0,101970,0.0,3115630000.0,0.0,577,234,2018-08-29 23:02:00
20180829 23:03,484.5,484.5,484.5,484.5,64134,0.0,101970,0.0,3115630000.0,0.0,632,165,2018-08-29 23:03:00
20180829 23:06,484.5,484.5,484.0,484.0,64154,20.0,101954,-16.0,3116600000.0,970000.0,2842,707,2018-08-29 23:06:00
20180829 23:07,484.0,484.0,484.0,484.0,64174,20.0,101974,20.0,3117570000.0,970000.0,1109,298,2018-08-29 23:07:00
20180829 23:08,484.0,484.0,484.0,484.0,64174,0.0,101974,0.0,3117570000.0,0.0,902,249,2018-08-29 23:08:00
20180829 23:11,484.0,484.0,484.0,484.0,64174,0.0,101974,0.0,3117570000.0,0.0,1130,320,2018-08-29 23:11:00
20180829 23:13,484.0,484.0,484.0,484.0,64174,0.0,101974,0.0,3117570000.0,0.0,449,124,2018-08-29 23:13:00
20180829 23:14,484.0,484.5,484.0,484.5,64176,2.0,101976,2.0,3117670000.0,100000.0,453,124,2018-08-29 23:14:00
20180829 23:15,484.5,484.5,484.5,484.5,64176,0.0,101976,0.0,3117670000.0,0.0,908,251,2018-08-29 23:15:00
20180829 23:18,484.5,484.5,484.5,484.5,64176,0.0,101976,0.0,3117670000.0,0.0,454,133,2018-08-29 23:18:00
20180829 23:19,484.5,484.5,484.5,484.5,67226,3050.0,102046,70.0,3265440000.0,147770000.0,3325,5068,2018-08-29 23:19:00
20180829 23:20,484.5,484.5,484.5,484.5,69292,2066.0,101774,-272.0,3365540000.0,100100000.0,3861,1325,2018-08-29 23:20:00
20180829 23:21,484.5,484.5,484.5,484.5,69292,0.0,101774,0.0,3365540000.0,0.0,1946,553,2018-08-29 23:21:00
20180829 23:22,484.5,484.5,484.5,484.5,69292,0.0,101774,0.0,3365540000.0,0.0,169,84,2018-08-29 23:22:00
20180829 23:23,485.0,485.0,485.0,485.0,69428,136.0,101852,78.0,3372130000.0,6590000.0,673,561,2018-08-29 23:23:00
20180829 23:24,485.0,485.0,485.0,485.0,69430,2.0,101850,-2.0,3372230000.0,100000.0,448,374,2018-08-29 23:24:00
20180829 23:25,485.0,485.0,485.0,485.0,69430,0.0,101850,0.0,3372230000.0,0.0,452,299,2018-08-29 23:25:00
20180829 23:26,485.0,485.0,485.0,485.0,69432,2.0,101852,2.0,3372330000.0,100000.0,818,448,2018-08-29 23:26:00
20180829 23:27,485.0,485.0,485.0,485.0,70300,868.0,101830,-22.0,3414430000.0,42100000.0,250,449,2018-08-29 23:27:00
20180829 23:28,485.0,485.0,484.5,484.5,70966,666.0,102126,296.0,3446730000.0,32300000.0,488,405,2018-08-29 23:28:00
20180829 23:29,484.5,485.5,484.5,485.0,71052,86.0,102114,-12.0,3450900000.0,4170000.0,863,814,2018-08-29 23:29:00
20180829 23:30,485.0,485.0,485.0,485.0,71052,0.0,102114,0.0,3450900000.0,0.0,5,20,2018-08-29 23:30:00
20180830 20:59,482.0,482.0,482.0,482.0,6012,6012.0,97964,-4150.0,289778000.0,289778000.0,1,1,2018-08-30 20:59:00
20180830 21:00,482.0,482.0,480.5,481.0,6198,186.0,97894,-70.0,298725000.0,8947000.0,1130,8595,2018-08-30 21:00:00
20180830 21:01,481.0,482.0,481.0,481.0,6336,138.0,97902,8.0,305371000.0,6646000.0,1928,8793,2018-08-30 21:01:00
20180830 21:02,481.0,481.5,481.0,481.5,6338,2.0,97902,0.0,305468000.0,97000.0,1214,3577,2018-08-30 21:02:00
20180830 21:03,481.5,481.5,481.5,481.5,7090,752.0,97576,-326.0,341677000.0,36209000.0,1498,1870,2018-08-30 21:03:00
20180830 21:04,481.5,481.5,481.5,481.5,7090,0.0,97576,0.0,341677000.0,0.0,949,1413,2018-08-30 21:04:00
20180830 21:05,481.5,482.0,481.5,482.0,7288,198.0,97492,-84.0,351220000.0,9543000.0,1617,2393,2018-08-30 21:05:00
20180830 21:06,482.0,482.0,481.0,481.0,7612,324.0,97546,54.0,366821000.0,15601000.0,2112,3052,2018-08-30 21:06:00
20180830 21:07,481.0,481.0,480.5,481.0,7846,234.0,97448,-98.0,378074000.0,11253000.0,2728,3449,2018-08-30 21:07:00
20180830 21:08,481.0,481.0,480.5,480.5,8498,652.0,98004,556.0,409403000.0,31329000.0,1705,5180,2018-08-30 21:08:00
20180830 21:09,480.5,480.5,480.5,480.5,9222,724.0,97360,-644.0,444191000.0,34788000.0,2354,4794,2018-08-30 21:09:00
20180830 21:10,480.5,480.5,480.5,480.5,9222,0.0,97360,0.0,444191000.0,0.0,1839,1821,2018-08-30 21:10:00
20180830 21:11,480.5,480.5,480.0,480.0,10258,1036.0,97902,542.0,493971000.0,49780000.0,2607,2712,2018-08-30 21:11:00
20180830 21:12,480.0,480.5,480.0,480.5,10270,12.0,97906,4.0,494548000.0,577000.0,2050,1876,2018-08-30 21:12:00
20180830 21:13,480.5,480.5,477.5,477.5,11502,1232.0,97098,-808.0,553554000.0,59006000.0,6647,4398,2018-08-30 21:13:00
20180830 21:14,477.5,478.5,477.5,478.5,13040,1538.0,97664,566.0,627063000.0,73509000.0,9072,3199,2018-08-30 21:14:00
20180830 21:15,478.5,479.5,478.5,479.5,13812,772.0,97294,-370.0,664072000.0,37009000.0,4742,6414,2018-08-30 21:15:00
20180830 21:16,479.5,479.5,479.5,479.5,14498,686.0,97312,18.0,696966000.0,32894000.0,1722,6369,2018-08-30 21:16:00
20180830 21:17,479.5,480.0,479.5,480.0,14586,88.0,97296,-16.0,701188000.0,4222000.0,3977,2425,2018-08-30 21:17:00
20180830 21:18,480.0,480.0,480.0,480.0,14588,2.0,97298,2.0,701284000.0,96000.0,850,3008,2018-08-30 21:18:00
20180830 21:19,480.0,480.5,480.0,480.5,14654,66.0,97318,20.0,704452000.0,3168000.0,347,1588,2018-08-30 21:19:00
20180830 21:20,480.5,480.5,480.0,480.5,15358,704.0,97048,-270.0,738279000.0,33827000.0,1026,1825,2018-08-30 21:20:00
20180830 21:21,480.5,480.5,480.5,480.5,15358,0.0,97048,0.0,738279000.0,0.0,210,468,2018-08-30 21:21:00
20180830 21:22,480.5,480.5,480.0,480.0,15364,6.0,97046,-2.0,738567000.0,288000.0,1252,1839,2018-08-30 21:22:00
20180830 21:23,480.0,480.0,480.0,480.0,16670,1306.0,96964,-82.0,801255000.0,62688000.0,1549,4546,2018-08-30 21:23:00
20180830 21:24,480.0,480.5,480.0,480.5,17352,682.0,97166,202.0,833993000.0,32738000.0,2196,3140,2018-08-30 21:24:00
20180830 21:25,480.5,480.5,480.5,480.5,17480,128.0,97088,-78.0,840143000.0,6150000.0,2105,2769,2018-08-30 21:25:00
20180830 21:26,480.5,480.5,480.5,480.5,17480,0.0,97088,0.0,840143000.0,0.0,10,210,2018-08-30 21:26:00
20180830 21:27,480.5,480.5,480.0,480.0,17490,10.0,97098,10.0,840623000.0,480000.0,734,1570,2018-08-30 21:27:00
20180830 21:28,480.0,480.0,480.0,480.0,20806,3316.0,96836,-262.0,999791000.0,159168000.0,3166,2960,2018-08-30 21:28:00
20180830 21:29,480.0,480.0,480.0,480.0,20880,74.0,96844,8.0,1003340000.0,3549000.0,2429,896,2018-08-30 21:29:00
20180830 21:30,480.0,480.0,479.5,480.0,21562,682.0,97086,242.0,1036080000.0,32740000.0,3091,2618,2018-08-30 21:30:00
20180830 21:31,480.0,480.0,480.0,480.0,22792,1230.0,97070,-16.0,1095120000.0,59040000.0,3237,2527,2018-08-30 21:31:00
20180830 21:32,480.0,480.5,480.0,480.5,22838,46.0,97062,-8.0,1097330000.0,2210000.0,1285,951,2018-08-30 21:32:00
20180830 21:33,480.5,480.5,480.5,480.5,22870,32.0,97056,-6.0,1098870000.0,1540000.0,1296,2110,2018-08-30 21:33:00
20180830 21:34,480.0,480.0,480.0,480.0,23570,700.0,96776,-280.0,1132470000.0,33600000.0,1235,3062,2018-08-30 21:34:00
20180830 21:35,480.0,480.0,479.5,480.0,24232,662.0,96994,218.0,1164210000.0,31740000.0,4142,1248,2018-08-30 21:35:00
20180830 21:36,480.0,480.0,479.5,479.5,24416,184.0,96980,-14.0,1173040000.0,8830000.0,2965,1581,2018-08-30 21:36:00
20180830 21:37,479.5,480.0,479.5,480.0,24504,88.0,96940,-40.0,1177260000.0,4220000.0,2661,2724,2018-08-30 21:37:00
20180830 21:38,480.0,480.0,479.5,479.5,24528,24.0,96940,0.0,1178410000.0,1150000.0,3284,1064,2018-08-30 21:38:00
20180830 21:39,479.5,479.5,479.5,479.5,24528,0.0,96940,0.0,1178410000.0,0.0,893,250,2018-08-30 21:39:00
20180830 21:40,479.5,479.5,479.5,479.5,24530,2.0,96940,0.0,1178510000.0,100000.0,1730,214,2018-08-30 21:40:00
20180830 21:41,479.5,479.5,479.0,479.0,25244,714.0,96692,-248.0,1212740000.0,34230000.0,2803,2159,2018-08-30 21:41:00
20180830 21:42,479.0,479.0,479.0,479.0,26544,1300.0,96680,-12.0,1275010000.0,62270000.0,2921,2493,2018-08-30 21:42:00
20180830 21:43,479.0,479.0,478.5,478.5,26564,20.0,96668,-12.0,1275970000.0,960000.0,1663,758,2018-08-30 21:43:00
20180830 21:44,478.5,479.0,478.5,479.0,27350,786.0,96850,182.0,1313590000.0,37620000.0,1567,1000,2018-08-30 21:44:00
20180830 21:45,479.0,480.0,479.0,480.0,27466,116.0,96844,-6.0,1319150000.0,5560000.0,2436,1163,2018-08-30 21:45:00
20180830 21:46,480.0,480.0,480.0,480.0,27530,64.0,96842,-2.0,1322220000.0,3070000.0,1620,1487,2018-08-30 21:46:00
20180830 21:47,480.0,480.0,479.5,479.5,28222,692.0,97118,276.0,1355430000.0,33210000.0,361,1295,2018-08-30 21:47:00
20180830 21:48,479.5,479.5,479.5,479.5,30184,1962.0,97008,-110.0,1449510000.0,94080000.0,2065,1620,2018-08-30 21:48:00
20180830 21:49,479.5,479.5,479.5,479.5,30854,670.0,97282,274.0,1481640000.0,32130000.0,1667,939,2018-08-30 21:49:00
20180830 21:50,479.5,480.0,479.5,480.0,31484,630.0,97036,-246.0,1511880000.0,30240000.0,2748,2192,2018-08-30 21:50:00
20180830 21:51,480.0,480.0,480.0,480.0,31490,6.0,97036,0.0,1512170000.0,290000.0,1126,413,2018-08-30 21:51:00
20180830 21:52,480.0,480.0,480.0,480.0,31502,12.0,97034,-2.0,1512740000.0,570000.0,1161,844,2018-08-30 21:52:00
20180830 21:53,480.0,480.0,480.0,480.0,35334,3832.0,97084,50.0,1696680000.0,183940000.0,3990,3651,2018-08-30 21:53:00
20180830 21:54,480.0,480.0,480.0,480.0,35338,4.0,97080,-4.0,1696870000.0,190000.0,49,502,2018-08-30 21:54:00
20180830 21:55,480.0,480.0,480.0,480.0,35338,0.0,97080,0.0,1696870000.0,0.0,1031,433,2018-08-30 21:55:00
20180830 21:56,479.5,479.5,479.5,479.5,36602,1264.0,97072,-8.0,1757480000.0,60610000.0,1437,1794,2018-08-30 21:56:00
20180830 21:57,479.5,479.5,479.5,479.5,36602,0.0,97072,0.0,1757480000.0,0.0,377,848,2018-08-30 21:57:00
20180830 21:58,479.0,479.0,479.0,479.0,36650,48.0,97076,4.0,1759780000.0,2300000.0,1162,1099,2018-08-30 21:58:00
20180830 21:59,479.0,480.0,479.0,480.0,36750,100.0,96998,-78.0,1764570000.0,4790000.0,791,1001,2018-08-30 21:59:00
20180830 22:00,480.0,480.0,479.5,479.5,37440,690.0,97154,156.0,1797660000.0,33090000.0,2997,1252,2018-08-30 22:00:00
20180830 22:01,479.5,479.5,479.5,479.5,37440,0.0,97154,0.0,1797660000.0,0.0,1361,182,2018-08-30 22:01:00
20180830 22:02,479.5,480.0,479.5,480.0,39178,1738.0,96982,-172.0,1881080000.0,83420000.0,2309,2072,2018-08-30 22:02:00
20180830 22:03,480.0,480.0,480.0,480.0,40382,1204.0,96996,14.0,1938870000.0,57790000.0,2138,917,2018-08-30 22:03:00
20180830 22:04,480.0,480.0,479.5,479.5,40432,50.0,97004,8.0,1941270000.0,2400000.0,2362,777,2018-08-30 22:04:00
20180830 22:05,479.5,479.5,479.5,479.5,40432,0.0,97004,0.0,1941270000.0,0.0,1829,1187,2018-08-30 22:05:00
20180830 22:06,480.0,480.5,480.0,480.0,41678,1246.0,96652,-352.0,2001080000.0,59810000.0,1988,1601,2018-08-30 22:06:00
20180830 22:07,480.0,480.0,480.0,480.0,43358,1680.0,96980,328.0,2081720000.0,80640000.0,4891,2418,2018-08-30 22:07:00
20180830 22:08,480.0,480.0,480.0,480.0,43358,0.0,96980,0.0,2081720000.0,0.0,1280,256,2018-08-30 22:08:00
20180830 22:09,480.0,480.0,480.0,480.0,44520,1162.0,96436,-544.0,2137500000.0,55780000.0,1818,1334,2018-08-30 22:09:00
20180830 22:10,480.0,480.0,480.0,480.0,44540,20.0,96418,-18.0,2138460000.0,960000.0,2060,1141,2018-08-30 22:10:00
20180830 22:11,480.0,480.0,480.0,480.0,44542,2.0,96418,0.0,2138550000.0,90000.0,653,183,2018-08-30 22:11:00
20180830 22:12,480.0,480.0,480.0,480.0,44580,38.0,96410,-8.0,2140380000.0,1830000.0,1624,1352,2018-08-30 22:12:00
20180830 22:13,480.0,480.0,480.0,480.0,44582,2.0,96412,2.0,2140470000.0,90000.0,224,481,2018-08-30 22:13:00
20180830 22:14,480.0,480.0,479.5,479.5,44594,12.0,96402,-10.0,2141050000.0,580000.0,1888,561,2018-08-30 22:14:00
20180830 22:15,479.5,479.5,479.5,479.5,44594,0.0,96402,0.0,2141050000.0,0.0,697,187,2018-08-30 22:15:00
20180830 22:16,479.5,480.0,479.5,480.0,44600,6.0,96408,6.0,2141340000.0,290000.0,449,822,2018-08-30 22:16:00
20180830 22:18,480.0,480.0,480.0,480.0,44600,0.0,96408,0.0,2141340000.0,0.0,657,872,2018-08-30 22:18:00
20180830 22:19,480.0,480.0,479.5,479.5,44606,6.0,96404,-4.0,2141630000.0,290000.0,1030,1486,2018-08-30 22:19:00
20180830 22:20,479.5,480.0,479.5,480.0,44610,4.0,96406,2.0,2141820000.0,190000.0,579,674,2018-08-30 22:20:00
20180830 22:21,480.0,480.0,480.0,480.0,44610,0.0,96406,0.0,2141820000.0,0.0,298,326,2018-08-30 22:21:00
20180830 22:22,480.0,480.0,479.5,479.5,45170,560.0,96254,-152.0,2168670000.0,26850000.0,4801,1480,2018-08-30 22:22:00
20180830 22:23,479.5,479.5,479.5,479.5,45170,0.0,96254,0.0,2168670000.0,0.0,362,36,2018-08-30 22:23:00
20180830 22:24,479.5,479.5,479.5,479.5,45172,2.0,96256,2.0,2168770000.0,100000.0,3506,2013,2018-08-30 22:24:00
20180830 22:25,479.5,479.5,479.5,479.5,45172,0.0,96256,0.0,2168770000.0,0.0,1067,1499,2018-08-30 22:25:00
20180830 22:27,479.5,479.5,479.5,479.5,45172,0.0,96256,0.0,2168770000.0,0.0,973,992,2018-08-30 22:27:00
20180830 22:28,479.5,479.5,479.5,479.5,45860,688.0,96790,534.0,2201760000.0,32990000.0,220,1168,2018-08-30 22:28:00
20180830 22:29,479.5,479.5,479.0,479.0,46564,704.0,96280,-510.0,2235510000.0,33750000.0,3386,1182,2018-08-30 22:29:00
20180830 22:30,479.0,479.0,479.0,479.0,46564,0.0,96280,0.0,2235510000.0,0.0,2707,1008,2018-08-30 22:30:00
20180830 22:31,479.0,479.5,479.0,479.5,47328,764.0,96378,98.0,2272150000.0,36640000.0,3467,1104,2018-08-30 22:31:00
20180830 22:32,479.5,479.5,479.5,479.5,47448,120.0,96308,-70.0,2277900000.0,5750000.0,1294,1845,2018-08-30 22:32:00
20180830 22:33,479.5,479.5,479.5,479.5,48700,1252.0,96652,344.0,2337930000.0,60030000.0,1309,2675,2018-08-30 22:33:00
20180830 22:34,479.5,479.5,479.5,479.5,48700,0.0,96652,0.0,2337930000.0,0.0,356,2739,2018-08-30 22:34:00
20180830 22:35,479.5,479.5,479.5,479.5,51046,2346.0,96116,-536.0,2450420000.0,112490000.0,3397,3194,2018-08-30 22:35:00
20180830 22:36,479.5,479.5,479.5,479.5,51046,0.0,96116,0.0,2450420000.0,0.0,422,2379,2018-08-30 22:36:00
20180830 22:37,479.5,479.5,479.0,479.0,51246,200.0,96074,-42.0,2460000000.0,9580000.0,1311,3368,2018-08-30 22:37:00
20180830 22:38,479.0,479.0,479.0,479.0,51246,0.0,96074,0.0,2460000000.0,0.0,541,3103,2018-08-30 22:38:00
20180830 22:39,479.0,479.0,478.5,478.5,51258,12.0,96076,2.0,2460580000.0,580000.0,4007,6292,2018-08-30 22:39:00
20180830 22:40,478.5,479.0,478.5,479.0,51262,4.0,96078,2.0,2460770000.0,190000.0,1446,3726,2018-08-30 22:40:00
20180830 22:41,479.0,479.0,479.0,479.0,51268,6.0,96078,0.0,2461060000.0,290000.0,1595,3940,2018-08-30 22:41:00
20180830 22:42,479.0,479.0,479.0,479.0,51280,12.0,96078,0.0,2461630000.0,570000.0,1822,2726,2018-08-30 22:42:00
20180830 22:43,479.0,479.0,479.0,479.0,51280,0.0,96078,0.0,2461630000.0,0.0,1523,1861,2018-08-30 22:43:00
20180830 22:44,479.0,479.0,479.0,479.0,51280,0.0,96078,0.0,2461630000.0,0.0,417,815,2018-08-30 22:44:00
20180830 22:45,479.0,479.0,479.0,479.0,51340,60.0,96074,-4.0,2464510000.0,2880000.0,1198,2876,2018-08-30 22:45:00
20180830 22:46,479.0,479.0,478.5,478.5,51342,2.0,96076,2.0,2464600000.0,90000.0,1272,2623,2018-08-30 22:46:00
20180830 22:47,478.5,479.0,478.5,478.5,51968,626.0,95976,-100.0,2494560000.0,29960000.0,3589,2876,2018-08-30 22:47:00
20180830 22:48,478.5,478.5,478.5,478.5,51968,0.0,95976,0.0,2494560000.0,0.0,683,1453,2018-08-30 22:48:00
20180830 22:49,478.5,478.5,478.5,478.5,51972,4.0,95980,4.0,2494750000.0,190000.0,6554,13662,2018-08-30 22:49:00
20180830 22:50,478.5,478.5,478.5,478.5,53472,1500.0,96476,496.0,2566520000.0,71770000.0,1401,2612,2018-08-30 22:50:00
20180830 22:51,478.5,479.0,478.5,479.0,53486,14.0,96462,-14.0,2567190000.0,670000.0,263,1313,2018-08-30 22:51:00
20180830 22:52,479.0,479.0,479.0,479.0,53558,72.0,96410,-52.0,2570640000.0,3450000.0,1631,856,2018-08-30 22:52:00
20180830 22:53,479.0,479.5,479.0,479.5,53588,30.0,96396,-14.0,2572080000.0,1440000.0,1215,2252,2018-08-30 22:53:00
20180830 22:54,479.5,479.5,479.5,479.5,53588,0.0,96396,0.0,2572080000.0,0.0,819,199,2018-08-30 22:54:00
20180830 22:55,479.5,479.5,479.5,479.5,53588,0.0,96396,0.0,2572080000.0,0.0,718,522,2018-08-30 22:55:00
20180830 22:56,479.5,479.5,479.0,479.0,54870,1282.0,95610,-786.0,2633490000.0,61410000.0,1551,2227,2018-08-30 22:56:00
20180830 22:57,479.0,479.5,479.0,479.5,54882,12.0,95608,-2.0,2634060000.0,570000.0,484,1188,2018-08-30 22:57:00
20180830 22:58,479.5,479.5,479.5,479.5,54882,0.0,95608,0.0,2634060000.0,0.0,577,889,2018-08-30 22:58:00
20180830 22:59,479.0,479.0,479.0,479.0,54902,20.0,95592,-16.0,2635020000.0,960000.0,676,144,2018-08-30 22:59:00
20180830 23:00,479.0,479.0,479.0,479.0,55568,666.0,96142,550.0,2666920000.0,31900000.0,410,1824,2018-08-30 23:00:00
20180830 23:01,479.0,479.0,479.0,479.0,55594,26.0,96140,-2.0,2668170000.0,1250000.0,230,58,2018-08-30 23:01:00
20180830 23:02,479.0,479.0,479.0,479.0,57872,2278.0,96190,50.0,2777290000.0,109120000.0,2533,2998,2018-08-30 23:02:00
20180830 23:03,479.0,479.0,479.0,479.0,57872,0.0,96190,0.0,2777290000.0,0.0,70,362,2018-08-30 23:03:00
20180830 23:04,479.0,479.0,479.0,479.0,57872,0.0,96190,0.0,2777290000.0,0.0,110,496,2018-08-30 23:04:00
20180830 23:05,479.0,479.0,479.0,479.0,57872,0.0,96190,0.0,2777290000.0,0.0,33,157,2018-08-30 23:05:00
20180830 23:06,479.0,479.0,479.0,479.0,57872,0.0,96190,0.0,2777290000.0,0.0,264,1296,2018-08-30 23:06:00
20180830 23:07,479.0,479.0,479.0,479.0,57872,0.0,96190,0.0,2777290000.0,0.0,66,333,2018-08-30 23:07:00
20180830 23:08,479.0,479.0,479.0,479.0,57878,6.0,96190,0.0,2777570000.0,280000.0,714,1019,2018-08-30 23:08:00
20180830 23:09,479.0,479.0,479.0,479.0,57878,0.0,96190,0.0,2777570000.0,0.0,189,138,2018-08-30 23:09:00
20180830 23:10,479.0,479.0,479.0,479.0,57880,2.0,96190,0.0,2777670000.0,100000.0,180,137,2018-08-30 23:10:00
20180830 23:11,479.5,479.5,479.5,479.5,57882,2.0,96190,0.0,2777760000.0,90000.0,89,68,2018-08-30 23:11:00
20180830 23:12,479.5,479.5,479.5,479.5,57882,0.0,96190,0.0,2777760000.0,0.0,581,788,2018-08-30 23:12:00
20180830 23:13,479.5,479.5,479.0,479.0,57884,2.0,96188,-2.0,2777860000.0,100000.0,118,175,2018-08-30 23:13:00
20180830 23:14,479.0,479.0,479.0,479.0,57896,12.0,96182,-6.0,2778440000.0,580000.0,178,241,2018-08-30 23:14:00
20180830 23:15,479.0,479.0,479.0,479.0,57908,12.0,96182,0.0,2779010000.0,570000.0,223,148,2018-08-30 23:15:00
20180830 23:16,479.0,479.0,479.0,479.0,57908,0.0,96182,0.0,2779010000.0,0.0,191,61,2018-08-30 23:16:00
20180830 23:17,479.0,479.0,479.0,479.0,57908,0.0,96182,0.0,2779010000.0,0.0,130,45,2018-08-30 23:17:00
20180830 23:18,479.0,479.0,479.0,479.0,57908,0.0,96182,0.0,2779010000.0,0.0,322,115,2018-08-30 23:18:00
20180830 23:19,479.0,479.0,479.0,479.0,58470,562.0,96332,150.0,2805930000.0,26920000.0,867,415,2018-08-30 23:19:00
20180830 23:20,479.0,479.5,479.0,479.5,59130,660.0,95716,-616.0,2837580000.0,31650000.0,214,433,2018-08-30 23:20:00
20180830 23:23,479.5,479.5,479.5,479.5,59152,22.0,95726,10.0,2838630000.0,1050000.0,88,30,2018-08-30 23:23:00
20180830 23:24,479.5,479.5,479.5,479.5,59152,0.0,95726,0.0,2838630000.0,0.0,527,160,2018-08-30 23:24:00
20180830 23:25,479.5,479.5,479.0,479.0,59154,2.0,95726,0.0,2838730000.0,100000.0,1765,247,2018-08-30 23:25:00
20180830 23:26,479.0,479.0,479.0,479.0,59154,0.0,95726,0.0,2838730000.0,0.0,1184,127,2018-08-30 23:26:00
20180830 23:27,479.0,479.0,479.0,479.0,59230,76.0,95682,-44.0,2842370000.0,3640000.0,503,807,2018-08-30 23:27:00
20180830 23:28,479.0,479.0,478.5,479.0,59342,112.0,95680,-2.0,2847730000.0,5360000.0,369,355,2018-08-30 23:28:00
20180830 23:29,478.5,479.5,478.5,479.5,59466,124.0,95646,-34.0,2853670000.0,5940000.0,1480,890,2018-08-30 23:29:00
20180830 23:30,479.5,479.5,479.5,479.5,59466,0.0,95646,0.0,2853670000.0,0.0,6,2,2018-08-30 23:30:00
20180904 09:00,482.5,482.5,482.5,482.5,70568,11102.0,100250,4604.0,3402910000.0,549240000.0,156,306,2018-09-04 09:00:00
20180904 09:01,482.5,482.5,482.5,482.5,70568,0.0,100250,0.0,3402910000.0,0.0,248,442,2018-09-04 09:01:00
20180904 09:02,482.5,482.5,481.5,482.0,70650,82.0,100234,-16.0,3406860000.0,3950000.0,1171,3917,2018-09-04 09:02:00
20180904 09:03,482.0,482.0,481.5,481.5,71286,636.0,100792,558.0,3437480000.0,30620000.0,1347,3428,2018-09-04 09:03:00
20180904 09:04,481.5,481.5,481.5,481.5,71286,0.0,100792,0.0,3437480000.0,0.0,662,749,2018-09-04 09:04:00
20180904 09:05,481.5,482.0,481.5,482.0,71936,650.0,100174,-618.0,3468810000.0,31330000.0,581,459,2018-09-04 09:05:00
20180904 09:06,482.0,482.5,482.0,482.5,72014,78.0,100108,-66.0,3472580000.0,3770000.0,717,385,2018-09-04 09:06:00
20180904 09:07,482.5,482.5,482.5,482.5,72228,214.0,99980,-128.0,3482900000.0,10320000.0,4194,1670,2018-09-04 09:07:00
20180904 09:08,482.5,482.5,482.5,482.5,72766,538.0,100192,212.0,3508860000.0,25960000.0,4438,2232,2018-09-04 09:08:00
20180904 09:09,482.5,482.5,482.0,482.0,74396,1630.0,100698,506.0,3587510000.0,78650000.0,5492,3078,2018-09-04 09:09:00
20180904 09:10,482.0,482.0,482.0,482.0,74396,0.0,100698,0.0,3587510000.0,0.0,956,517,2018-09-04 09:10:00
20180904 09:11,482.0,482.5,482.0,482.5,74400,4.0,100698,0.0,3587700000.0,190000.0,1295,1362,2018-09-04 09:11:00
20180904 09:12,482.5,482.5,482.5,482.5,74842,442.0,100652,-46.0,3609030000.0,21330000.0,1401,1434,2018-09-04 09:12:00
20180904 09:13,482.5,482.5,482.5,482.5,74842,0.0,100652,0.0,3609030000.0,0.0,444,682,2018-09-04 09:13:00
20180904 09:14,482.5,482.5,482.0,482.0,74912,70.0,100658,6.0,3612400000.0,3370000.0,1098,1555,2018-09-04 09:14:00
20180904 09:15,482.0,482.0,482.0,482.0,77902,2990.0,100674,16.0,3756520000.0,144120000.0,4451,2133,2018-09-04 09:15:00
20180904 09:16,482.0,482.0,482.0,482.0,77902,0.0,100674,0.0,3756520000.0,0.0,380,504,2018-09-04 09:16:00
20180904 09:17,482.0,482.0,481.5,481.5,77926,24.0,100664,-10.0,3757680000.0,1160000.0,979,879,2018-09-04 09:17:00
20180904 09:18,481.5,481.5,481.5,481.5,77926,0.0,100664,0.0,3757680000.0,0.0,336,474,2018-09-04 09:18:00
20180904 09:19,482.0,482.5,482.0,482.5,79614,1688.0,101642,978.0,3839090000.0,81410000.0,2972,1436,2018-09-04 09:19:00
20180904 09:20,482.5,483.0,482.5,483.0,80476,862.0,101010,-632.0,3880720000.0,41630000.0,1564,1683,2018-09-04 09:20:00
20180904 09:21,483.0,483.0,483.0,483.0,80478,2.0,101008,-2.0,3880810000.0,90000.0,295,774,2018-09-04 09:21:00
20180904 09:22,483.0,483.0,483.0,483.0,81248,770.0,100776,-232.0,3918000000.0,37190000.0,2053,773,2018-09-04 09:22:00
20180904 09:23,483.0,483.5,483.0,483.5,81306,58.0,100790,14.0,3920810000.0,2810000.0,8400,1492,2018-09-04 09:23:00
20180904 09:24,483.5,483.5,483.5,483.5,82042,736.0,101442,652.0,3956390000.0,35580000.0,6822,3192,2018-09-04 09:24:00
20180904 09:25,483.5,483.5,483.0,483.5,82046,4.0,101444,2.0,3956590000.0,200000.0,974,984,2018-09-04 09:25:00
20180904 09:26,483.5,483.5,483.5,483.5,82048,2.0,101444,0.0,3956680000.0,90000.0,693,888,2018-09-04 09:26:00
20180904 09:27,483.5,483.5,483.5,483.5,82064,16.0,101458,14.0,3957460000.0,780000.0,745,1171,2018-09-04 09:27:00
20180904 09:28,483.5,483.5,483.5,483.5,82064,0.0,101458,0.0,3957460000.0,0.0,362,662,2018-09-04 09:28:00
20180904 09:29,483.5,483.5,483.5,483.5,83270,1206.0,101788,330.0,4015770000.0,58310000.0,3839,2803,2018-09-04 09:29:00
20180904 09:30,483.5,483.5,483.5,483.5,83314,44.0,101824,36.0,4017900000.0,2130000.0,2100,1208,2018-09-04 09:30:00
20180904 09:31,483.5,483.5,483.5,483.5,83366,52.0,101822,-2.0,4020410000.0,2510000.0,2180,3025,2018-09-04 09:31:00
20180904 09:32,483.5,484.0,483.5,484.0,84566,1200.0,101136,-686.0,4078430000.0,58020000.0,5578,1045,2018-09-04 09:32:00
20180904 09:33,484.0,484.0,484.0,484.0,85636,1070.0,101832,696.0,4130220000.0,51790000.0,4865,1458,2018-09-04 09:33:00
20180904 09:34,484.0,484.0,484.0,484.0,85842,206.0,101922,90.0,4140190000.0,9970000.0,5931,2217,2018-09-04 09:34:00
20180904 09:35,484.0,484.0,483.5,483.5,86046,204.0,102000,78.0,4150050000.0,9860000.0,1083,2166,2018-09-04 09:35:00
20180904 09:36,483.5,483.5,483.5,483.5,87520,1474.0,101164,-836.0,4221320000.0,71270000.0,9158,4808,2018-09-04 09:36:00
20180904 09:37,483.5,483.5,483.5,483.5,87584,64.0,101146,-18.0,4224420000.0,3100000.0,2854,1679,2018-09-04 09:37:00
20180904 09:38,483.5,483.5,483.0,483.0,88310,726.0,101372,226.0,4259480000.0,35060000.0,1771,7220,2018-09-04 09:38:00
20180904 09:39,483.0,483.0,482.0,483.0,90024,1714.0,102206,834.0,4342180000.0,82700000.0,3217,6155,2018-09-04 09:39:00
20180904 09:40,483.0,483.0,482.5,482.5,90030,6.0,102210,4.0,4342470000.0,290000.0,1919,4108,2018-09-04 09:40:00
20180904 09:41,482.5,482.5,482.5,482.5,90030,0.0,102210,0.0,4342470000.0,0.0,1402,1842,2018-09-04 09:41:00
20180904 09:42,482.5,482.5,482.5,482.5,90030,0.0,102210,0.0,4342470000.0,0.0,1002,1255,2018-09-04 09:42:00
20180904 09:43,482.5,482.5,482.5,482.5,90030,0.0,102210,0.0,4342470000.0,0.0,1011,1142,2018-09-04 09:43:00
20180904 09:44,482.5,482.5,482.5,482.5,90030,0.0,102210,0.0,4342470000.0,0.0,1126,1951,2018-09-04 09:44:00
20180904 09:45,482.5,482.5,482.5,482.5,90030,0.0,102210,0.0,4342470000.0,0.0,1919,3821,2018-09-04 09:45:00
20180904 09:46,482.5,482.5,482.5,482.5,90032,2.0,102210,0.0,4342570000.0,100000.0,1187,1484,2018-09-04 09:46:00
20180904 09:47,482.5,482.5,482.5,482.5,90032,0.0,102210,0.0,4342570000.0,0.0,1129,2358,2018-09-04 09:47:00
20180904 09:48,483.0,483.0,482.5,482.5,90036,4.0,102210,0.0,4342760000.0,190000.0,645,2867,2018-09-04 09:48:00
20180904 09:49,482.5,483.0,482.5,483.0,90040,4.0,102212,2.0,4342960000.0,200000.0,462,2131,2018-09-04 09:49:00
20180904 09:50,483.0,483.0,483.0,483.0,90248,208.0,102214,2.0,4353000000.0,10040000.0,1112,3435,2018-09-04 09:50:00
20180904 09:51,483.0,483.0,483.0,483.0,93356,3108.0,101508,-706.0,4503120000.0,150120000.0,7951,16731,2018-09-04 09:51:00
20180904 09:52,483.0,483.5,483.0,483.0,94164,808.0,101126,-382.0,4542140000.0,39020000.0,2587,4479,2018-09-04 09:52:00
20180904 09:53,483.0,483.0,483.0,483.0,96556,2392.0,101024,-102.0,4657680000.0,115540000.0,4956,14728,2018-09-04 09:53:00
20180904 09:54,483.0,483.0,483.0,483.0,96556,0.0,101024,0.0,4657680000.0,0.0,635,2494,2018-09-04 09:54:00
20180904 09:55,483.0,483.0,483.0,483.0,98724,2168.0,101000,-24.0,4762390000.0,104710000.0,3182,4434,2018-09-04 09:55:00
20180904 09:56,483.0,483.0,483.0,483.0,102414,3690.0,101952,952.0,4940620000.0,178230000.0,5435,16484,2018-09-04 09:56:00
20180904 09:57,483.0,483.0,483.0,483.0,105098,2684.0,100846,-1106.0,5070260000.0,129640000.0,3181,11274,2018-09-04 09:57:00
20180904 09:58,483.0,483.0,483.0,483.0,106958,1860.0,101252,406.0,5160090000.0,89830000.0,6414,14844,2018-09-04 09:58:00
20180904 09:59,483.0,483.0,482.5,482.5,106974,16.0,101264,12.0,5160870000.0,780000.0,2907,6365,2018-09-04 09:59:00
20180904 10:00,482.5,483.0,482.5,483.0,106976,2.0,101262,-2.0,5160960000.0,90000.0,4068,2670,2018-09-04 10:00:00
20180904 10:01,483.0,483.0,483.0,483.0,106988,12.0,101250,-12.0,5161540000.0,580000.0,863,475,2018-09-04 10:01:00
20180904 10:02,483.0,483.0,483.0,483.0,106988,0.0,101250,0.0,5161540000.0,0.0,647,411,2018-09-04 10:02:00
20180904 10:03,483.0,483.0,482.5,482.5,107514,526.0,101020,-230.0,5186920000.0,25380000.0,2585,3292,2018-09-04 10:03:00
20180904 10:04,482.5,482.5,482.0,482.0,107564,50.0,100988,-32.0,5189330000.0,2410000.0,2100,1369,2018-09-04 10:04:00
20180904 10:05,482.0,482.0,481.0,481.0,107668,104.0,100964,-24.0,5194340000.0,5010000.0,2766,1666,2018-09-04 10:05:00
20180904 10:06,481.0,481.0,481.0,481.0,109040,1372.0,100954,-10.0,5260330000.0,65990000.0,1799,6265,2018-09-04 10:06:00
20180904 10:07,481.0,481.0,481.0,481.0,109856,816.0,101064,110.0,5299580000.0,39250000.0,1906,3725,2018-09-04 10:07:00
20180904 10:08,481.0,481.5,481.0,481.5,110120,264.0,101086,22.0,5312290000.0,12710000.0,2513,1246,2018-09-04 10:08:00
20180904 10:09,481.5,481.5,481.0,481.0,110376,256.0,101132,46.0,5324610000.0,12320000.0,2087,2606,2018-09-04 10:09:00
20180904 10:10,481.0,481.0,481.0,481.0,110802,426.0,101218,86.0,5345100000.0,20490000.0,1535,3833,2018-09-04 10:10:00
20180904 10:11,481.0,481.0,481.0,481.0,110802,0.0,101218,0.0,5345100000.0,0.0,361,1206,2018-09-04 10:11:00
20180904 10:12,481.0,481.0,481.0,481.0,110802,0.0,101218,0.0,5345100000.0,0.0,769,1973,2018-09-04 10:12:00
20180904 10:13,481.0,481.0,481.0,481.0,110820,18.0,101218,0.0,5345960000.0,860000.0,279,706,2018-09-04 10:13:00
20180904 10:14,481.0,481.0,480.5,481.0,111094,274.0,101206,-12.0,5359140000.0,13180000.0,1556,1786,2018-09-04 10:14:00
20180904 10:30,480.5,480.5,480.0,480.5,111842,748.0,101336,130.0,5395080000.0,35940000.0,4216,3522,2018-09-04 10:30:00
20180904 10:31,480.5,480.5,480.5,480.5,111844,2.0,101336,0.0,5395180000.0,100000.0,567,997,2018-09-04 10:31:00
20180904 10:32,480.5,480.5,480.5,480.5,111844,0.0,101336,0.0,5395180000.0,0.0,347,674,2018-09-04 10:32:00
20180904 10:33,480.5,480.5,480.5,480.5,111846,2.0,101334,-2.0,5395270000.0,90000.0,337,786,2018-09-04 10:33:00
20180904 10:34,480.5,481.0,480.5,481.0,113374,1528.0,101382,48.0,5468710000.0,73440000.0,5673,2399,2018-09-04 10:34:00
20180904 10:35,481.0,481.0,481.0,481.0,113374,0.0,101382,0.0,5468710000.0,0.0,1423,1075,2018-09-04 10:35:00
20180904 10:36,481.0,481.0,481.0,481.0,113374,0.0,101382,0.0,5468710000.0,0.0,487,386,2018-09-04 10:36:00
20180904 10:37,481.0,481.5,481.0,481.0,114456,1082.0,101524,142.0,5520760000.0,52050000.0,6984,4639,2018-09-04 10:37:00
20180904 10:38,481.0,481.0,481.0,481.0,114458,2.0,101524,0.0,5520860000.0,100000.0,361,833,2018-09-04 10:38:00
20180904 10:39,481.0,481.0,481.0,481.0,114458,0.0,101524,0.0,5520860000.0,0.0,464,719,2018-09-04 10:39:00
20180904 10:40,481.0,481.0,481.0,481.0,114458,0.0,101524,0.0,5520860000.0,0.0,510,571,2018-09-04 10:40:00
20180904 10:41,481.0,481.0,481.0,481.0,114464,6.0,101524,0.0,5521150000.0,290000.0,434,364,2018-09-04 10:41:00
20180904 10:42,481.0,481.0,480.5,480.5,115854,1390.0,101502,-22.0,5587950000.0,66800000.0,2900,6459,2018-09-04 10:42:00
20180904 10:43,480.5,480.5,480.5,480.5,117232,1378.0,101510,8.0,5654160000.0,66210000.0,4364,6147,2018-09-04 10:43:00
20180904 10:44,480.0,480.5,480.0,480.0,120426,3194.0,101684,174.0,5807480000.0,153320000.0,5267,2766,2018-09-04 10:44:00
20180904 10:45,480.0,480.5,480.0,480.0,120516,90.0,101652,-32.0,5811810000.0,4330000.0,2426,6336,2018-09-04 10:45:00
20180904 10:46,480.0,480.0,480.0,480.0,120516,0.0,101652,0.0,5811810000.0,0.0,678,3453,2018-09-04 10:46:00
20180904 10:47,480.0,480.0,480.0,480.0,120516,0.0,101652,0.0,5811810000.0,0.0,991,3148,2018-09-04 10:47:00
20180904 10:48,480.0,480.5,480.0,480.5,121148,632.0,101638,-14.0,5842170000.0,30360000.0,3185,3738,2018-09-04 10:48:00
20180904 10:50,480.5,480.5,480.5,480.5,121148,0.0,101638,0.0,5842170000.0,0.0,1232,491,2018-09-04 10:50:00
20180904 10:51,480.5,480.5,480.5,480.5,121148,0.0,101638,0.0,5842170000.0,0.0,1265,889,2018-09-04 10:51:00
20180904 10:52,480.5,480.5,480.5,480.5,121148,0.0,101638,0.0,5842170000.0,0.0,957,562,2018-09-04 10:52:00
20180904 10:53,480.5,480.5,480.5,480.5,121148,0.0,101638,0.0,5842170000.0,0.0,163,102,2018-09-04 10:53:00
20180904 10:54,480.5,480.5,480.5,480.5,121288,140.0,101602,-36.0,5848900000.0,6730000.0,597,674,2018-09-04 10:54:00
20180904 10:55,480.5,480.5,480.0,480.0,122360,1072.0,101842,240.0,5900360000.0,51460000.0,2964,3540,2018-09-04 10:55:00
20180904 10:56,480.5,480.5,480.5,480.5,122606,246.0,101986,144.0,5912180000.0,11820000.0,897,682,2018-09-04 10:56:00
20180904 10:57,480.5,481.0,480.5,481.0,122826,220.0,102022,36.0,5922760000.0,10580000.0,1747,938,2018-09-04 10:57:00
20180904 10:58,481.0,481.0,481.0,481.0,122834,8.0,102014,-8.0,5923140000.0,380000.0,1093,673,2018-09-04 10:58:00
20180904 10:59,481.0,481.5,481.0,481.5,122842,8.0,102022,8.0,5923530000.0,390000.0,637,674,2018-09-04 10:59:00
20180904 11:00,481.0,481.0,481.0,481.0,122844,2.0,102022,0.0,5923620000.0,90000.0,380,350,2018-09-04 11:00:00
20180904 11:01,481.0,481.0,480.5,480.5,123230,386.0,102022,0.0,5942190000.0,18570000.0,1203,2368,2018-09-04 11:01:00
20180904 11:02,480.5,481.0,480.5,481.0,123620,390.0,101916,-106.0,5960950000.0,18760000.0,1035,4114,2018-09-04 11:02:00
20180904 11:03,481.0,481.0,481.0,481.0,124242,622.0,101800,-116.0,5990870000.0,29920000.0,3676,2097,2018-09-04 11:03:00
20180904 11:04,480.5,480.5,480.5,480.5,124262,20.0,101820,20.0,5991830000.0,960000.0,768,485,2018-09-04 11:04:00
20180904 11:05,480.5,480.5,480.5,480.5,124262,0.0,101820,0.0,5991830000.0,0.0,640,349,2018-09-04 11:05:00
20180904 11:06,480.5,481.0,480.5,481.0,124420,158.0,101888,68.0,5999430000.0,7600000.0,1238,995,2018-09-04 11:06:00
20180904 11:07,481.0,481.0,481.0,481.0,124420,0.0,101888,0.0,5999430000.0,0.0,344,447,2018-09-04 11:07:00
20180904 11:08,481.0,481.0,481.0,481.0,124420,0.0,101888,0.0,5999430000.0,0.0,139,234,2018-09-04 11:08:00
20180904 11:09,481.0,481.0,481.0,481.0,125082,662.0,101838,-50.0,6031270000.0,31840000.0,3874,1690,2018-09-04 11:09:00
20180904 11:10,481.0,481.0,481.0,481.0,125082,0.0,101838,0.0,6031270000.0,0.0,474,648,2018-09-04 11:10:00
20180904 11:11,481.0,481.0,481.0,481.0,125082,0.0,101838,0.0,6031270000.0,0.0,212,433,2018-09-04 11:11:00
20180904 11:12,481.0,481.0,481.0,481.0,126000,918.0,102678,840.0,6075430000.0,44160000.0,9532,2077,2018-09-04 11:12:00
20180904 11:13,481.0,481.0,481.0,481.0,129238,3238.0,102250,-428.0,6231170000.0,155740000.0,16083,5682,2018-09-04 11:13:00
20180904 11:14,481.0,481.0,481.0,481.0,129792,554.0,102106,-144.0,6257820000.0,26650000.0,5755,2309,2018-09-04 11:14:00
20180904 11:15,481.0,481.0,481.0,481.0,129812,20.0,102086,-20.0,6258780000.0,960000.0,624,633,2018-09-04 11:15:00
20180904 11:16,480.5,480.5,480.5,480.5,129816,4.0,102086,0.0,6258980000.0,200000.0,342,296,2018-09-04 11:16:00
20180904 11:17,480.5,480.5,480.5,480.5,129816,0.0,102086,0.0,6258980000.0,0.0,114,82,2018-09-04 11:17:00
20180904 11:18,480.5,480.5,480.5,480.5,129816,0.0,102086,0.0,6258980000.0,0.0,223,204,2018-09-04 11:18:00
20180904 11:19,480.5,480.5,480.5,480.5,130164,348.0,102222,136.0,6275700000.0,16720000.0,2553,1081,2018-09-04 11:19:00
20180904 11:20,480.5,480.5,480.0,480.0,130476,312.0,102202,-20.0,6290680000.0,14980000.0,2322,1383,2018-09-04 11:20:00
20180904 11:21,480.0,480.0,480.0,480.0,130556,80.0,102246,44.0,6294520000.0,3840000.0,985,2537,2018-09-04 11:21:00
20180904 11:22,480.0,480.0,479.5,480.0,132114,1558.0,102228,-18.0,6369310000.0,74790000.0,2795,5355,2018-09-04 11:22:00
20180904 11:23,480.0,480.0,480.0,480.0,132522,408.0,102152,-76.0,6388890000.0,19580000.0,658,1579,2018-09-04 11:23:00
20180904 11:24,480.0,480.0,480.0,480.0,132522,0.0,102152,0.0,6388890000.0,0.0,347,1054,2018-09-04 11:24:00
20180904 11:25,480.0,480.0,480.0,480.0,132522,0.0,102152,0.0,6388890000.0,0.0,227,1065,2018-09-04 11:25:00
20180904 11:26,480.0,480.0,480.0,480.0,133246,724.0,102338,186.0,6423640000.0,34750000.0,1472,2363,2018-09-04 11:26:00
20180904 11:27,480.0,480.5,480.0,480.5,133264,18.0,102338,0.0,6424510000.0,870000.0,829,635,2018-09-04 11:27:00
20180904 11:28,480.5,480.5,480.5,480.5,133648,384.0,102392,54.0,6442960000.0,18450000.0,973,531,2018-09-04 11:28:00
20180904 11:29,480.5,480.5,480.0,480.5,134024,376.0,102186,-206.0,6461020000.0,18060000.0,1317,1036,2018-09-04 11:29:00
20180904 13:30,480.5,480.5,480.5,480.5,134188,164.0,102246,60.0,6468900000.0,7880000.0,4628,3225,2018-09-04 13:30:00
20180904 13:31,480.5,480.5,480.5,480.5,134228,40.0,102252,6.0,6470830000.0,1930000.0,1192,5395,2018-09-04 13:31:00
20180904 13:32,480.5,480.5,480.5,480.5,134262,34.0,102258,6.0,6472460000.0,1630000.0,1592,1583,2018-09-04 13:32:00
20180904 13:33,480.5,480.5,480.0,480.0,134436,174.0,102180,-78.0,6480820000.0,8360000.0,956,3705,2018-09-04 13:33:00
20180904 13:34,480.0,480.0,480.0,480.0,134446,10.0,102186,6.0,6481300000.0,480000.0,594,3176,2018-09-04 13:34:00
20180904 13:35,479.5,480.5,479.5,480.5,135470,1024.0,102512,326.0,6530420000.0,49120000.0,5301,6333,2018-09-04 13:35:00
20180904 13:36,480.5,480.5,480.5,480.5,135530,60.0,102538,26.0,6533300000.0,2880000.0,3387,6294,2018-09-04 13:36:00
20180904 13:37,480.5,480.5,480.5,480.5,137132,1602.0,102772,234.0,6610280000.0,76980000.0,4305,8173,2018-09-04 13:37:00
20180904 13:38,480.5,480.5,480.5,480.5,138722,1590.0,102764,-8.0,6686680000.0,76400000.0,4893,5504,2018-09-04 13:38:00
20180904 13:39,480.5,480.5,480.0,480.0,139138,416.0,102888,124.0,6706650000.0,19970000.0,4473,4609,2018-09-04 13:39:00
20180904 13:40,480.0,480.0,480.0,480.0,139154,16.0,102880,-8.0,6707410000.0,760000.0,1329,2438,2018-09-04 13:40:00
20180904 13:41,480.0,480.5,480.0,480.5,139324,170.0,102938,58.0,6715580000.0,8170000.0,5005,1408,2018-09-04 13:41:00
20180904 13:42,480.5,480.5,480.5,480.5,139342,18.0,102938,0.0,6716440000.0,860000.0,4668,1410,2018-09-04 13:42:00
20180904 13:43,480.5,480.5,480.5,480.5,139358,16.0,102938,0.0,6717210000.0,770000.0,4046,896,2018-09-04 13:43:00
20180904 13:44,480.5,480.5,480.5,480.5,139374,16.0,102922,-16.0,6717980000.0,770000.0,2312,556,2018-09-04 13:44:00
20180904 13:45,480.5,481.5,480.0,481.5,141524,2150.0,103178,256.0,6821370000.0,103390000.0,12477,5517,2018-09-04 13:45:00
20180904 13:46,481.5,481.5,480.5,480.5,141664,140.0,103238,60.0,6828110000.0,6740000.0,1626,2165,2018-09-04 13:46:00
20180904 13:47,480.5,482.0,480.5,482.0,142080,416.0,103238,0.0,6848140000.0,20030000.0,1961,1714,2018-09-04 13:47:00
20180904 13:48,482.0,482.5,482.0,482.5,143258,1178.0,103716,478.0,6904930000.0,56790000.0,3257,3290,2018-09-04 13:48:00
20180904 13:49,482.5,483.0,482.5,483.0,144046,788.0,103496,-220.0,6942990000.0,38060000.0,3122,4985,2018-09-04 13:49:00
20180904 13:50,483.0,483.0,482.5,482.5,144264,218.0,103660,164.0,6953520000.0,10530000.0,5360,3154,2018-09-04 13:50:00
20180904 13:51,482.5,483.0,482.5,482.5,144564,300.0,103630,-30.0,6968010000.0,14490000.0,2751,1802,2018-09-04 13:51:00
20180904 13:52,483.0,483.0,482.0,482.0,145654,1090.0,103908,278.0,7020630000.0,52620000.0,3982,3688,2018-09-04 13:52:00
20180904 13:53,482.0,482.0,482.0,482.0,146490,836.0,103578,-330.0,7060920000.0,40290000.0,4214,3681,2018-09-04 13:53:00
20180904 13:54,482.0,482.5,482.0,482.0,147920,1430.0,104114,536.0,7129900000.0,68980000.0,3125,5844,2018-09-04 13:54:00
20180904 13:55,482.0,482.0,482.0,482.0,148272,352.0,104134,20.0,7146870000.0,16970000.0,1611,4530,2018-09-04 13:55:00
20180904 13:56,482.0,482.0,481.5,482.0,148706,434.0,104028,-106.0,7167780000.0,20910000.0,2838,4570,2018-09-04 13:56:00
20180904 13:57,482.0,482.0,482.0,482.0,148814,108.0,104064,36.0,7172990000.0,5210000.0,2657,3946,2018-09-04 13:57:00
20180904 13:58,482.0,482.0,482.0,482.0,150012,1198.0,104192,128.0,7230730000.0,57740000.0,1305,4664,2018-09-04 13:58:00
20180904 13:59,482.0,482.0,481.5,482.0,151046,1034.0,103978,-214.0,7280560000.0,49830000.0,3033,6833,2018-09-04 13:59:00
20180904 14:00,482.0,482.0,482.0,482.0,151120,74.0,103998,20.0,7284130000.0,3570000.0,1662,994,2018-09-04 14:00:00
20180904 14:01,482.0,482.0,482.0,482.0,151814,694.0,104232,234.0,7317580000.0,33450000.0,2285,3656,2018-09-04 14:01:00
20180904 14:02,482.0,482.0,482.0,482.0,151884,70.0,104254,22.0,7320950000.0,3370000.0,1578,1655,2018-09-04 14:02:00
20180904 14:03,482.0,482.5,482.0,482.5,151886,2.0,104254,0.0,7321050000.0,100000.0,1178,1829,2018-09-04 14:03:00
20180904 14:04,482.5,482.5,482.0,482.0,151920,34.0,104284,30.0,7322690000.0,1640000.0,1935,2281,2018-09-04 14:04:00
20180904 14:05,482.0,482.0,482.0,482.0,151948,28.0,104310,26.0,7324040000.0,1350000.0,439,959,2018-09-04 14:05:00
20180904 14:06,482.0,482.5,482.0,482.5,154308,2360.0,104138,-172.0,7437910000.0,113870000.0,7609,5868,2018-09-04 14:06:00
20180904 14:07,482.0,482.5,482.0,482.5,154324,16.0,104148,10.0,7438680000.0,770000.0,1832,1604,2018-09-04 14:07:00
20180904 14:08,482.5,482.5,482.5,482.5,154324,0.0,104148,0.0,7438680000.0,0.0,1021,1673,2018-09-04 14:08:00
20180904 14:09,482.5,482.5,482.5,482.5,154324,0.0,104148,0.0,7438680000.0,0.0,270,416,2018-09-04 14:09:00
20180904 14:10,482.5,482.5,482.0,482.0,154326,2.0,104148,0.0,7438780000.0,100000.0,844,1308,2018-09-04 14:10:00
20180904 14:11,482.0,482.0,482.0,482.0,154326,0.0,104148,0.0,7438780000.0,0.0,876,1242,2018-09-04 14:11:00
20180904 14:12,482.0,482.0,482.0,482.0,154326,0.0,104148,0.0,7438780000.0,0.0,751,1160,2018-09-04 14:12:00
20180904 14:13,482.0,482.0,482.0,482.0,154326,0.0,104148,0.0,7438780000.0,0.0,694,1347,2018-09-04 14:13:00
20180904 14:14,482.0,482.5,482.0,482.5,157140,2814.0,104686,538.0,7574550000.0,135770000.0,11897,5699,2018-09-04 14:14:00
20180904 14:15,482.5,483.0,482.5,483.0,158980,1840.0,104594,-92.0,7663350000.0,88800000.0,6774,3272,2018-09-04 14:15:00
20180904 14:16,483.0,483.0,483.0,483.0,159748,768.0,104382,-212.0,7700450000.0,37100000.0,2967,3735,2018-09-04 14:16:00
20180904 14:17,483.0,483.0,483.0,483.0,160598,850.0,104716,334.0,7741500000.0,41050000.0,2347,1884,2018-09-04 14:17:00
20180904 14:18,483.0,483.0,483.0,483.0,162228,1630.0,104810,94.0,7820230000.0,78730000.0,5050,3022,2018-09-04 14:18:00
20180904 14:19,483.0,483.0,483.0,483.0,162228,0.0,104810,0.0,7820230000.0,0.0,3154,1695,2018-09-04 14:19:00
20180904 14:20,483.0,483.0,483.0,483.0,162228,0.0,104810,0.0,7820230000.0,0.0,1710,1013,2018-09-04 14:20:00
20180904 14:21,483.0,483.0,483.0,483.0,162238,10.0,104810,0.0,7820720000.0,490000.0,247,141,2018-09-04 14:21:00
20180904 14:22,483.0,483.0,483.0,483.0,162238,0.0,104810,0.0,7820720000.0,0.0,1896,1062,2018-09-04 14:22:00
20180904 14:23,483.0,483.0,483.0,483.0,162240,2.0,104810,0.0,7820810000.0,90000.0,2382,1146,2018-09-04 14:23:00
20180904 14:24,483.0,483.0,483.0,483.0,163326,1086.0,104614,-196.0,7873270000.0,52460000.0,3949,3407,2018-09-04 14:24:00
20180904 14:25,483.0,483.0,483.0,483.0,163326,0.0,104614,0.0,7873270000.0,0.0,1403,1220,2018-09-04 14:25:00
20180904 14:26,482.5,483.0,482.5,483.0,165030,1704.0,104760,146.0,7955570000.0,82300000.0,4476,5089,2018-09-04 14:26:00
20180904 14:27,483.0,483.0,482.5,482.5,166042,1012.0,104794,34.0,8004440000.0,48870000.0,5104,6111,2018-09-04 14:27:00
20180904 14:28,482.5,482.5,482.5,482.5,166096,54.0,104848,54.0,8007050000.0,2610000.0,2651,3519,2018-09-04 14:28:00
20180904 14:29,482.5,482.5,482.5,482.5,167146,1050.0,104812,-36.0,8057710000.0,50660000.0,2740,5191,2018-09-04 14:29:00
20180904 14:30,482.5,482.5,482.5,482.5,167146,0.0,104812,0.0,8057710000.0,0.0,1223,2435,2018-09-04 14:30:00
20180904 14:31,482.5,482.5,482.5,482.5,167176,30.0,104812,0.0,8059160000.0,1450000.0,1284,2524,2018-09-04 14:31:00
20180904 14:32,482.5,483.0,482.5,483.0,167302,126.0,104836,24.0,8065240000.0,6080000.0,1556,2744,2018-09-04 14:32:00
20180904 14:33,483.0,483.5,483.0,483.5,167744,442.0,105020,184.0,8086600000.0,21360000.0,2210,3518,2018-09-04 14:33:00
20180904 14:34,483.5,484.5,483.5,484.5,168066,322.0,104982,-38.0,8102190000.0,15590000.0,1885,2678,2018-09-04 14:34:00
20180904 14:35,484.5,485.0,484.5,484.5,169566,1500.0,105144,162.0,8174930000.0,72740000.0,1811,4666,2018-09-04 14:35:00
20180904 14:36,484.5,484.5,484.5,484.5,170038,472.0,105348,204.0,8197800000.0,22870000.0,4340,2744,2018-09-04 14:36:00
20180904 14:37,484.5,484.5,484.5,484.5,170384,346.0,105192,-156.0,8214560000.0,16760000.0,3122,1599,2018-09-04 14:37:00
20180904 14:38,484.5,484.5,484.5,484.5,170398,14.0,105192,0.0,8215240000.0,680000.0,1055,1712,2018-09-04 14:38:00
20180904 14:39,484.5,484.5,484.0,484.5,171236,838.0,105650,458.0,8255840000.0,40600000.0,2572,2882,2018-09-04 14:39:00
20180904 14:40,484.5,484.5,484.0,484.0,172048,812.0,105722,72.0,8295140000.0,39300000.0,7748,2939,2018-09-04 14:40:00
20180904 14:41,484.0,484.0,484.0,484.0,172784,736.0,105372,-350.0,8330760000.0,35620000.0,4255,2737,2018-09-04 14:41:00
20180904 14:42,484.0,484.0,483.5,483.5,172968,184.0,105336,-36.0,8339660000.0,8900000.0,2281,1258,2018-09-04 14:42:00
20180904 14:43,483.5,483.5,483.0,483.5,173480,512.0,105756,420.0,8364390000.0,24730000.0,1900,7605,2018-09-04 14:43:00
20180904 14:44,483.5,483.5,483.5,483.5,173480,0.0,105756,0.0,8364390000.0,0.0,1647,6987,2018-09-04 14:44:00
20180904 14:45,483.5,483.5,483.5,483.5,173488,8.0,105762,6.0,8364780000.0,390000.0,1815,6957,2018-09-04 14:45:00
20180904 14:46,483.5,483.5,483.0,483.0,173506,18.0,105744,-18.0,8365650000.0,870000.0,841,3219,2018-09-04 14:46:00
20180904 14:47,483.0,483.0,483.0,483.0,173512,6.0,105744,0.0,8365940000.0,290000.0,1878,6200,2018-09-04 14:47:00
20180904 14:48,483.0,483.5,483.0,483.5,173856,344.0,105778,34.0,8382570000.0,16630000.0,2183,2486,2018-09-04 14:48:00
20180904 14:49,483.5,483.5,483.5,483.5,174218,362.0,105938,160.0,8400070000.0,17500000.0,2472,2980,2018-09-04 14:49:00
20180904 14:50,483.5,483.5,483.5,483.5,174224,6.0,105944,6.0,8400360000.0,290000.0,1082,1155,2018-09-04 14:50:00
20180904 14:51,483.5,483.5,483.5,483.5,174228,4.0,105948,4.0,8400550000.0,190000.0,763,1435,2018-09-04 14:51:00
20180904 14:52,484.0,484.0,483.5,484.0,175362,1134.0,105912,-36.0,8455440000.0,54890000.0,8684,2169,2018-09-04 14:52:00
20180904 14:53,484.0,484.0,484.0,484.0,175920,558.0,106448,536.0,8482450000.0,27010000.0,3170,2234,2018-09-04 14:53:00
20180904 14:54,484.0,484.0,484.0,484.0,176050,130.0,106452,4.0,8488740000.0,6290000.0,2212,1234,2018-09-04 14:54:00
20180904 14:55,483.5,484.0,483.5,484.0,176080,30.0,106468,16.0,8490190000.0,1450000.0,4225,852,2018-09-04 14:55:00
20180904 14:56,484.0,484.5,484.0,484.5,176092,12.0,106456,-12.0,8490770000.0,580000.0,5552,946,2018-09-04 14:56:00
20180904 14:57,484.5,485.0,484.0,485.0,177370,1278.0,106614,158.0,8552730000.0,61960000.0,4125,2808,2018-09-04 14:57:00
20180904 14:58,485.0,486.0,485.0,485.0,177766,396.0,106730,116.0,8571950000.0,19220000.0,3731,2110,2018-09-04 14:58:00
20180904 14:59,485.5,486.5,485.0,486.0,177924,158.0,106702,-28.0,8579640000.0,7690000.0,7834,330,2018-09-04 14:59:00
20180904 15:00,486.0,486.0,486.0,486.0,177924,0.0,106702,0.0,8579640000.0,0.0,502,10,2018-09-04 15:00:00
20180904 23:29,482.5,482.5,482.5,482.5,70568,70568.0,100250,-6452.0,3402910000.0,3402910000.0,18,48,2018-09-04 23:29:00
20180905 09:00,484.5,485.0,484.5,485.0,63198,63198.0,107396,7146.0,3060890000.0,3060890000.0,1350,2412,2018-09-05 09:00:00
20180905 09:01,485.0,485.0,485.0,485.0,63648,450.0,107360,-36.0,3082710000.0,21820000.0,1708,2328,2018-09-05 09:01:00
20180905 09:02,485.0,485.0,485.0,485.0,65554,1906.0,107308,-52.0,3175160000.0,92450000.0,6003,3262,2018-09-05 09:02:00
20180905 09:03,485.0,486.0,485.0,486.0,65878,324.0,107298,-10.0,3190890000.0,15730000.0,3293,2989,2018-09-05 09:03:00
20180905 09:04,486.0,486.0,485.5,485.5,66118,240.0,107228,-70.0,3202540000.0,11650000.0,3753,4685,2018-09-05 09:04:00
20180905 09:05,485.5,486.0,485.5,485.5,66206,88.0,107172,-56.0,3206810000.0,4270000.0,2088,4203,2018-09-05 09:05:00
20180905 09:06,485.5,485.5,485.5,485.5,66960,754.0,107156,-16.0,3243420000.0,36610000.0,1334,2312,2018-09-05 09:06:00
20180905 09:07,485.5,485.5,485.0,485.0,67030,70.0,107134,-22.0,3246810000.0,3390000.0,1184,3352,2018-09-05 09:07:00
20180905 09:08,485.0,485.0,485.0,485.0,67126,96.0,107080,-54.0,3251470000.0,4660000.0,1219,2354,2018-09-05 09:08:00
20180905 09:09,485.0,485.0,485.0,485.0,67150,24.0,107056,-24.0,3252630000.0,1160000.0,1761,4351,2018-09-05 09:09:00
20180905 09:10,485.0,486.0,485.0,486.0,67770,620.0,107052,-4.0,3282750000.0,30120000.0,4701,3062,2018-09-05 09:10:00
20180905 09:11,486.0,487.0,486.0,486.0,67924,154.0,107068,16.0,3290240000.0,7490000.0,4748,2063,2018-09-05 09:11:00
20180905 09:12,486.0,486.0,486.0,486.0,67924,0.0,107068,0.0,3290240000.0,0.0,385,32,2018-09-05 09:12:00
20180905 09:13,486.0,486.0,486.0,486.0,67970,46.0,107056,-12.0,3292470000.0,2230000.0,1601,2503,2018-09-05 09:13:00
20180905 09:14,485.5,486.0,485.5,486.0,68196,226.0,107046,-10.0,3303440000.0,10970000.0,4064,1744,2018-09-05 09:14:00
20180905 09:15,486.0,486.0,484.5,484.5,68432,236.0,106922,-124.0,3314880000.0,11440000.0,4945,6479,2018-09-05 09:15:00
20180905 09:16,484.5,484.5,483.5,484.0,68982,550.0,106908,-14.0,3341500000.0,26620000.0,4463,4465,2018-09-05 09:16:00
20180905 09:17,484.0,484.0,484.0,484.0,68990,8.0,106900,-8.0,3341890000.0,390000.0,2071,775,2018-09-05 09:17:00
20180905 09:18,484.0,484.0,484.0,484.0,69006,16.0,106908,8.0,3342660000.0,770000.0,3237,890,2018-09-05 09:18:00
20180905 09:19,484.5,484.5,484.5,484.5,69152,146.0,106936,28.0,3349740000.0,7080000.0,1736,1016,2018-09-05 09:19:00
20180905 09:20,484.5,484.5,484.0,484.0,69164,12.0,106942,6.0,3350320000.0,580000.0,2731,1026,2018-09-05 09:20:00
20180905 09:21,484.0,485.0,484.0,485.0,69182,18.0,106944,2.0,3351190000.0,870000.0,1803,949,2018-09-05 09:21:00
20180905 09:22,485.0,485.0,484.5,484.5,70726,1544.0,106940,-4.0,3426070000.0,74880000.0,4179,11100,2018-09-05 09:22:00
20180905 09:23,484.5,484.5,484.5,484.5,70764,38.0,106928,-12.0,3427920000.0,1850000.0,1437,2999,2018-09-05 09:23:00
20180905 09:24,484.5,484.5,484.5,484.5,70822,58.0,106886,-42.0,3430730000.0,2810000.0,2341,1585,2018-09-05 09:24:00
20180905 09:25,484.5,484.5,484.5,484.5,70822,0.0,106886,0.0,3430730000.0,0.0,688,80,2018-09-05 09:25:00
20180905 09:26,484.5,485.0,484.5,484.5,71202,380.0,106910,24.0,3449140000.0,18410000.0,2016,3709,2018-09-05 09:26:00
20180905 09:27,484.5,484.5,484.0,484.0,71278,76.0,106870,-40.0,3452820000.0,3680000.0,4076,5024,2018-09-05 09:27:00
20180905 09:28,484.0,484.0,483.5,484.0,73100,1822.0,106840,-30.0,3541000000.0,88180000.0,3344,4240,2018-09-05 09:28:00
20180905 09:29,484.0,484.0,484.0,484.0,73138,38.0,106824,-16.0,3542840000.0,1840000.0,1364,807,2018-09-05 09:29:00
20180905 09:30,484.0,484.0,483.5,484.0,73234,96.0,106810,-14.0,3547480000.0,4640000.0,3231,3011,2018-09-05 09:30:00
20180905 09:31,484.0,484.0,483.5,483.5,73276,42.0,106814,4.0,3549510000.0,2030000.0,1663,1850,2018-09-05 09:31:00
20180905 09:32,483.5,483.5,483.0,483.0,73700,424.0,106842,28.0,3570010000.0,20500000.0,2241,6358,2018-09-05 09:32:00
20180905 09:33,483.5,483.5,483.0,483.0,73944,244.0,106816,-26.0,3581810000.0,11800000.0,3949,8788,2018-09-05 09:33:00
20180905 09:34,483.0,483.5,483.0,483.5,74550,606.0,107062,246.0,3611110000.0,29300000.0,2705,4359,2018-09-05 09:34:00
20180905 09:35,483.5,483.5,483.5,483.5,75024,474.0,106874,-188.0,3634020000.0,22910000.0,2872,2751,2018-09-05 09:35:00
20180905 09:36,483.5,484.0,483.5,484.0,75404,380.0,106842,-32.0,3652410000.0,18390000.0,2192,6060,2018-09-05 09:36:00
20180905 09:37,484.0,484.0,484.0,484.0,75654,250.0,106946,104.0,3664510000.0,12100000.0,1103,2242,2018-09-05 09:37:00
20180905 09:38,484.0,484.0,484.0,484.0,75830,176.0,106916,-30.0,3673030000.0,8520000.0,3247,4645,2018-09-05 09:38:00
20180905 09:39,484.0,484.0,484.0,484.0,75880,50.0,106880,-36.0,3675450000.0,2420000.0,1229,1171,2018-09-05 09:39:00
20180905 09:40,484.0,484.0,484.0,484.0,75950,70.0,106894,14.0,3678840000.0,3390000.0,1064,6597,2018-09-05 09:40:00
20180905 09:41,484.0,484.0,484.0,484.0,76018,68.0,106864,-30.0,3682130000.0,3290000.0,1083,2221,2018-09-05 09:41:00
20180905 09:42,484.0,484.0,484.0,484.0,76018,0.0,106864,0.0,3682130000.0,0.0,2032,588,2018-09-05 09:42:00
20180905 09:43,484.0,484.0,484.0,484.0,76208,190.0,106864,0.0,3691320000.0,9190000.0,1221,4321,2018-09-05 09:43:00
20180905 09:44,484.0,484.0,484.0,484.0,76264,56.0,106884,20.0,3694030000.0,2710000.0,1586,1521,2018-09-05 09:44:00
20180905 09:45,484.0,484.5,484.0,484.0,76274,10.0,106876,-8.0,3694520000.0,490000.0,1733,542,2018-09-05 09:45:00
20180905 09:46,484.0,484.0,484.0,484.0,76274,0.0,106876,0.0,3694520000.0,0.0,1009,396,2018-09-05 09:46:00
20180905 09:47,484.0,484.0,484.0,484.0,76274,0.0,106876,0.0,3694520000.0,0.0,126,61,2018-09-05 09:47:00
20180905 09:48,484.0,485.0,484.0,484.0,77220,946.0,106866,-10.0,3740350000.0,45830000.0,3427,3959,2018-09-05 09:48:00
20180905 09:49,484.0,484.5,484.0,484.5,78262,1042.0,106552,-314.0,3790790000.0,50440000.0,3185,3201,2018-09-05 09:49:00
20180905 09:50,484.5,484.5,484.0,484.0,79060,798.0,106670,118.0,3829410000.0,38620000.0,2436,11408,2018-09-05 09:50:00
20180905 09:51,484.0,484.0,484.0,484.0,79060,0.0,106670,0.0,3829410000.0,0.0,414,430,2018-09-05 09:51:00
20180905 09:52,484.0,485.0,484.0,485.0,80332,1272.0,106530,-140.0,3891050000.0,61640000.0,1814,2487,2018-09-05 09:52:00
20180905 09:53,485.0,485.0,485.0,485.0,80360,28.0,106530,0.0,3892410000.0,1360000.0,1184,1712,2018-09-05 09:53:00
20180905 09:54,485.0,485.0,484.5,484.5,80362,2.0,106530,0.0,3892510000.0,100000.0,604,591,2018-09-05 09:54:00
20180905 09:55,484.5,484.5,484.5,484.5,80362,0.0,106530,0.0,3892510000.0,0.0,614,748,2018-09-05 09:55:00
20180905 09:56,484.5,484.5,484.5,484.5,80362,0.0,106530,0.0,3892510000.0,0.0,290,456,2018-09-05 09:56:00
20180905 09:57,484.5,484.5,484.5,484.5,80362,0.0,106530,0.0,3892510000.0,0.0,151,256,2018-09-05 09:57:00
20180905 09:58,484.5,484.5,484.5,484.5,80362,0.0,106530,0.0,3892510000.0,0.0,364,401,2018-09-05 09:58:00
20180905 09:59,484.5,484.5,484.5,484.5,80496,134.0,106532,2.0,3899000000.0,6490000.0,2207,1454,2018-09-05 09:59:00
20180905 10:00,484.5,484.5,484.5,484.5,80498,2.0,106532,0.0,3899090000.0,90000.0,696,392,2018-09-05 10:00:00
20180905 10:01,484.5,484.5,484.5,484.5,80522,24.0,106508,-24.0,3900260000.0,1170000.0,346,442,2018-09-05 10:01:00
20180905 10:02,484.5,484.5,484.5,484.5,81378,856.0,106520,12.0,3941730000.0,41470000.0,2267,1635,2018-09-05 10:02:00
20180905 10:03,484.5,485.0,484.5,485.0,82606,1228.0,106446,-74.0,4001280000.0,59550000.0,3457,2879,2018-09-05 10:03:00
20180905 10:04,485.0,485.0,485.0,485.0,82786,180.0,106314,-132.0,4010010000.0,8730000.0,427,2080,2018-09-05 10:04:00
20180905 10:05,485.0,485.0,485.0,485.0,84234,1448.0,106364,50.0,4080240000.0,70230000.0,4999,2364,2018-09-05 10:05:00
20180905 10:06,485.0,485.0,485.0,485.0,84440,206.0,106276,-88.0,4090230000.0,9990000.0,934,496,2018-09-05 10:06:00
20180905 10:07,485.0,485.0,485.0,485.0,85350,910.0,106360,84.0,4134370000.0,44140000.0,1127,1308,2018-09-05 10:07:00
20180905 10:08,485.0,485.0,484.5,484.5,85352,2.0,106360,0.0,4134470000.0,100000.0,404,799,2018-09-05 10:08:00
20180905 10:09,484.5,485.0,484.5,485.0,85360,8.0,106358,-2.0,4134850000.0,380000.0,1413,988,2018-09-05 10:09:00
20180905 10:10,485.0,485.0,485.0,485.0,85596,236.0,106370,12.0,4146300000.0,11450000.0,11203,1158,2018-09-05 10:10:00
20180905 10:11,485.0,485.0,485.0,485.0,85604,8.0,106362,-8.0,4146690000.0,390000.0,2785,219,2018-09-05 10:11:00
20180905 10:12,485.0,485.0,485.0,485.0,85606,2.0,106362,0.0,4146780000.0,90000.0,2960,337,2018-09-05 10:12:00
20180905 10:13,485.0,485.5,485.0,485.0,86378,772.0,106352,-10.0,4184230000.0,37450000.0,6155,1019,2018-09-05 10:13:00
20180905 10:14,485.0,485.0,485.0,485.0,86392,14.0,106352,0.0,4184910000.0,680000.0,1772,1625,2018-09-05 10:14:00
20180905 10:30,485.0,485.0,484.5,484.5,86396,4.0,106356,4.0,4185100000.0,190000.0,1356,986,2018-09-05 10:30:00
20180905 10:31,484.5,484.5,484.5,484.5,86396,0.0,106356,0.0,4185100000.0,0.0,1504,618,2018-09-05 10:31:00
20180905 10:32,484.5,484.5,484.5,484.5,86398,2.0,106358,2.0,4185200000.0,100000.0,1203,634,2018-09-05 10:32:00
20180905 10:33,484.5,484.5,484.5,484.5,86398,0.0,106358,0.0,4185200000.0,0.0,456,285,2018-09-05 10:33:00
20180905 10:34,484.5,484.5,484.0,484.0,87274,876.0,106364,6.0,4227630000.0,42430000.0,2625,4080,2018-09-05 10:34:00
20180905 10:35,484.0,484.5,484.0,484.5,87398,124.0,106314,-50.0,4233640000.0,6010000.0,1251,776,2018-09-05 10:35:00
20180905 10:36,484.5,484.5,484.5,484.5,89450,2052.0,106218,-96.0,4333060000.0,99420000.0,1471,5039,2018-09-05 10:36:00
20180905 10:37,484.5,484.5,484.5,484.5,89450,0.0,106218,0.0,4333060000.0,0.0,771,447,2018-09-05 10:37:00
20180905 10:38,484.5,484.5,484.5,484.5,89450,0.0,106218,0.0,4333060000.0,0.0,387,234,2018-09-05 10:38:00
20180905 10:39,484.5,484.5,484.5,484.5,89450,0.0,106218,0.0,4333060000.0,0.0,111,106,2018-09-05 10:39:00
20180905 10:40,484.5,485.5,484.5,485.5,89872,422.0,106016,-202.0,4353530000.0,20470000.0,7168,2176,2018-09-05 10:40:00
20180905 10:41,485.5,485.5,485.5,485.5,89872,0.0,106016,0.0,4353530000.0,0.0,566,109,2018-09-05 10:41:00
20180905 10:42,485.5,485.5,485.0,485.0,90624,752.0,106388,372.0,4390000000.0,36470000.0,4176,2924,2018-09-05 10:42:00
20180905 10:43,485.0,485.0,485.0,485.0,90624,0.0,106388,0.0,4390000000.0,0.0,1122,370,2018-09-05 10:43:00
20180905 10:44,485.0,485.0,485.0,485.0,90624,0.0,106388,0.0,4390000000.0,0.0,1648,707,2018-09-05 10:44:00
20180905 10:45,485.0,485.5,485.0,485.0,90646,22.0,106378,-10.0,4391070000.0,1070000.0,2245,1081,2018-09-05 10:45:00
20180905 10:46,485.0,485.0,485.0,485.0,91872,1226.0,106458,80.0,4450530000.0,59460000.0,4484,2969,2018-09-05 10:46:00
20180905 10:47,485.0,485.0,485.0,485.0,92906,1034.0,106400,-58.0,4500680000.0,50150000.0,7328,1958,2018-09-05 10:47:00
20180905 10:48,485.0,485.0,485.0,485.0,92916,10.0,106400,0.0,4501160000.0,480000.0,3444,787,2018-09-05 10:48:00
20180905 10:49,485.0,485.0,485.0,485.0,94416,1500.0,106342,-58.0,4573910000.0,72750000.0,3510,1606,2018-09-05 10:49:00
20180905 10:50,485.0,485.0,485.0,485.0,94416,0.0,106342,0.0,4573910000.0,0.0,1009,926,2018-09-05 10:50:00
20180905 10:51,485.0,485.0,485.0,485.0,94416,0.0,106342,0.0,4573910000.0,0.0,593,478,2018-09-05 10:51:00
20180905 10:52,485.0,485.0,484.5,484.5,94678,262.0,106182,-160.0,4586610000.0,12700000.0,1854,2120,2018-09-05 10:52:00
20180905 10:53,484.5,484.5,484.5,484.5,94678,0.0,106182,0.0,4586610000.0,0.0,1282,1022,2018-09-05 10:53:00
20180905 10:54,484.5,484.5,484.5,484.5,94678,0.0,106182,0.0,4586610000.0,0.0,1025,780,2018-09-05 10:54:00
20180905 10:55,484.5,484.5,484.5,484.5,94678,0.0,106182,0.0,4586610000.0,0.0,304,343,2018-09-05 10:55:00
20180905 10:56,484.5,484.5,484.5,484.5,94678,0.0,106182,0.0,4586610000.0,0.0,196,224,2018-09-05 10:56:00
20180905 10:57,484.5,484.5,484.5,484.5,94678,0.0,106182,0.0,4586610000.0,0.0,239,224,2018-09-05 10:57:00
20180905 10:58,484.5,484.5,484.5,484.5,94678,0.0,106182,0.0,4586610000.0,0.0,546,546,2018-09-05 10:58:00
20180905 10:59,484.5,484.5,484.5,484.5,94678,0.0,106182,0.0,4586610000.0,0.0,304,308,2018-09-05 10:59:00
20180905 11:00,484.5,484.5,484.5,484.5,94678,0.0,106182,0.0,4586610000.0,0.0,1646,819,2018-09-05 11:00:00
20180905 11:01,484.5,484.5,484.5,484.5,94678,0.0,106182,0.0,4586610000.0,0.0,650,292,2018-09-05 11:01:00
20180905 11:02,484.5,484.5,483.5,483.5,96314,1636.0,106250,68.0,4665820000.0,79210000.0,4396,12738,2018-09-05 11:02:00
20180905 11:03,483.5,484.0,483.5,484.0,96386,72.0,106244,-6.0,4669310000.0,3490000.0,1829,1764,2018-09-05 11:03:00
20180905 11:04,484.0,484.0,484.0,484.0,96386,0.0,106244,0.0,4669310000.0,0.0,751,1358,2018-09-05 11:04:00
20180905 11:05,484.0,484.5,484.0,484.5,97138,752.0,106554,310.0,4705740000.0,36430000.0,1937,999,2018-09-05 11:05:00
20180905 11:06,484.5,484.5,484.5,484.5,98602,1464.0,106390,-164.0,4776670000.0,70930000.0,2803,3129,2018-09-05 11:06:00
20180905 11:07,484.5,484.5,484.5,484.5,98758,156.0,106338,-52.0,4784230000.0,7560000.0,1166,1371,2018-09-05 11:07:00
20180905 11:08,484.5,484.5,484.5,484.5,98758,0.0,106338,0.0,4784230000.0,0.0,517,1035,2018-09-05 11:08:00
20180905 11:09,484.5,484.5,484.5,484.5,98758,0.0,106338,0.0,4784230000.0,0.0,251,629,2018-09-05 11:09:00
20180905 11:10,484.5,484.5,484.0,484.0,98766,8.0,106330,-8.0,4784620000.0,390000.0,154,218,2018-09-05 11:10:00
20180905 11:11,484.0,484.0,483.5,483.5,98940,174.0,106250,-80.0,4793040000.0,8420000.0,1930,1615,2018-09-05 11:11:00
20180905 11:12,483.5,483.5,483.5,483.5,98962,22.0,106250,0.0,4794100000.0,1060000.0,1004,691,2018-09-05 11:12:00
20180905 11:13,483.5,483.5,482.5,483.0,99262,300.0,106230,-20.0,4808590000.0,14490000.0,2506,3244,2018-09-05 11:13:00
20180905 11:14,483.0,483.0,482.5,483.0,99792,530.0,106260,30.0,4834180000.0,25590000.0,2002,2391,2018-09-05 11:14:00
20180905 11:15,483.0,483.5,483.0,483.0,99970,178.0,106226,-34.0,4842780000.0,8600000.0,1927,1927,2018-09-05 11:15:00
20180905 11:16,483.0,483.5,483.0,483.5,100694,724.0,106210,-16.0,4877780000.0,35000000.0,1481,1360,2018-09-05 11:16:00
20180905 11:17,483.5,483.5,483.5,483.5,100694,0.0,106210,0.0,4877780000.0,0.0,609,677,2018-09-05 11:17:00
20180905 11:18,483.5,483.5,483.5,483.5,100694,0.0,106210,0.0,4877780000.0,0.0,355,348,2018-09-05 11:18:00
20180905 11:19,483.5,483.5,483.5,483.5,100694,0.0,106210,0.0,4877780000.0,0.0,675,456,2018-09-05 11:19:00
20180905 11:20,483.5,483.5,483.0,483.0,100766,72.0,106196,-14.0,4881260000.0,3480000.0,602,965,2018-09-05 11:20:00
20180905 11:21,483.0,483.0,482.5,482.5,100850,84.0,106190,-6.0,4885320000.0,4060000.0,998,1742,2018-09-05 11:21:00
20180905 11:22,482.5,483.0,482.5,482.5,100974,124.0,106128,-62.0,4891300000.0,5980000.0,1130,1624,2018-09-05 11:22:00
20180905 11:23,482.5,482.5,482.5,482.5,100974,0.0,106128,0.0,4891300000.0,0.0,360,307,2018-09-05 11:23:00
20180905 11:24,482.5,483.0,482.5,483.0,101102,128.0,106032,-96.0,4897480000.0,6180000.0,1055,853,2018-09-05 11:24:00
20180905 11:25,483.0,483.0,483.0,483.0,101108,6.0,106038,6.0,4897770000.0,290000.0,212,284,2018-09-05 11:25:00
20180905 11:26,483.0,483.0,483.0,483.0,101108,0.0,106038,0.0,4897770000.0,0.0,564,762,2018-09-05 11:26:00
20180905 11:27,483.0,483.0,483.0,483.0,101116,8.0,106038,0.0,4898160000.0,390000.0,495,461,2018-09-05 11:27:00
20180905 11:28,483.0,483.0,483.0,483.0,101116,0.0,106038,0.0,4898160000.0,0.0,192,130,2018-09-05 11:28:00
20180905 11:29,483.5,483.5,482.5,482.5,103346,2230.0,106006,-32.0,5005860000.0,107700000.0,3960,3108,2018-09-05 11:29:00
20180905 13:30,482.5,483.0,482.5,483.0,104468,1122.0,106098,92.0,5060050000.0,54190000.0,6218,1978,2018-09-05 13:30:00
20180905 13:31,483.0,483.0,482.5,483.0,104642,174.0,106094,-4.0,5068460000.0,8410000.0,2715,1641,2018-09-05 13:31:00
20180905 13:32,483.0,483.0,483.0,483.0,105898,1256.0,106080,-14.0,5129120000.0,60660000.0,1115,852,2018-09-05 13:32:00
20180905 13:33,483.0,483.0,483.0,483.0,107246,1348.0,106048,-32.0,5194230000.0,65110000.0,4853,1115,2018-09-05 13:33:00
20180905 13:34,483.0,483.5,483.0,483.5,107748,502.0,106088,40.0,5218500000.0,24270000.0,8084,2829,2018-09-05 13:34:00
20180905 13:35,483.0,483.0,483.0,483.0,107928,180.0,106124,36.0,5227200000.0,8700000.0,1545,1836,2018-09-05 13:35:00
20180905 13:36,483.0,483.0,482.0,482.0,108268,340.0,106174,50.0,5243610000.0,16410000.0,2611,6892,2018-09-05 13:36:00
20180905 13:37,482.0,482.5,482.0,482.5,109358,1090.0,106124,-50.0,5296150000.0,52540000.0,3471,4446,2018-09-05 13:37:00
20180905 13:38,482.5,482.5,481.5,482.0,110552,1194.0,106114,-10.0,5353640000.0,57490000.0,2944,6313,2018-09-05 13:38:00
20180905 13:39,482.0,482.0,482.0,482.0,110554,2.0,106114,0.0,5353740000.0,100000.0,1160,1052,2018-09-05 13:39:00
20180905 13:40,482.0,482.0,482.0,482.0,110594,40.0,106076,-38.0,5355660000.0,1920000.0,1052,1864,2018-09-05 13:40:00
20180905 13:41,482.0,482.0,482.0,482.0,111456,862.0,105930,-146.0,5397210000.0,41550000.0,7369,3665,2018-09-05 13:41:00
20180905 13:42,482.0,482.0,482.0,482.0,111562,106.0,105838,-92.0,5402320000.0,5110000.0,3502,1493,2018-09-05 13:42:00
20180905 13:43,482.0,483.0,482.0,482.5,111778,216.0,105848,10.0,5412740000.0,10420000.0,3607,1363,2018-09-05 13:43:00
20180905 13:44,482.5,482.5,482.5,482.5,111802,24.0,105840,-8.0,5413900000.0,1160000.0,671,1601,2018-09-05 13:44:00
20180905 13:45,482.5,482.5,482.0,482.5,112056,254.0,105794,-46.0,5426150000.0,12250000.0,2162,2752,2018-09-05 13:45:00
20180905 13:46,482.5,482.5,482.0,482.0,112274,218.0,105924,130.0,5436660000.0,10510000.0,2216,4723,2018-09-05 13:46:00
20180905 13:47,482.0,482.0,482.0,482.0,112274,0.0,105924,0.0,5436660000.0,0.0,539,163,2018-09-05 13:47:00
20180905 13:48,482.0,482.5,482.0,482.5,112468,194.0,105926,2.0,5446020000.0,9360000.0,6867,2035,2018-09-05 13:48:00
20180905 13:49,482.5,483.0,482.5,482.5,112640,172.0,105776,-150.0,5454320000.0,8300000.0,5936,812,2018-09-05 13:49:00
20180905 13:50,482.5,482.5,482.5,482.5,114126,1486.0,106388,612.0,5526020000.0,71700000.0,4347,4657,2018-09-05 13:50:00
20180905 13:51,482.5,482.5,482.5,482.5,114308,182.0,106416,28.0,5534800000.0,8780000.0,5566,2706,2018-09-05 13:51:00
20180905 13:52,482.5,482.5,482.5,482.5,115236,928.0,105618,-798.0,5579580000.0,44780000.0,4651,4973,2018-09-05 13:52:00
20180905 13:53,482.5,482.5,482.5,482.5,115244,8.0,105618,0.0,5579960000.0,380000.0,5347,1506,2018-09-05 13:53:00
20180905 13:54,482.5,482.5,482.5,482.5,116892,1648.0,105536,-82.0,5659480000.0,79520000.0,7042,2729,2018-09-05 13:54:00
20180905 13:55,482.5,483.0,482.5,483.0,116896,4.0,105534,-2.0,5659670000.0,190000.0,6931,1755,2018-09-05 13:55:00
20180905 13:56,483.0,483.0,483.0,483.0,116896,0.0,105534,0.0,5659670000.0,0.0,1794,321,2018-09-05 13:56:00
20180905 13:57,483.0,483.0,483.0,483.0,116896,0.0,105534,0.0,5659670000.0,0.0,1139,368,2018-09-05 13:57:00
20180905 13:58,483.0,483.5,483.0,483.5,117342,446.0,105724,190.0,5681230000.0,21560000.0,3015,4827,2018-09-05 13:58:00
20180905 13:59,483.5,483.5,483.0,483.0,117646,304.0,105896,172.0,5695910000.0,14680000.0,1976,4369,2018-09-05 13:59:00
20180905 14:00,483.0,483.0,483.0,483.0,117646,0.0,105896,0.0,5695910000.0,0.0,1816,2548,2018-09-05 14:00:00
20180905 14:01,483.0,483.0,483.0,483.0,117648,2.0,105896,0.0,5696010000.0,100000.0,1061,1476,2018-09-05 14:01:00
20180905 14:02,483.0,483.0,483.0,483.0,117650,2.0,105894,-2.0,5696100000.0,90000.0,727,1319,2018-09-05 14:02:00
20180905 14:03,483.0,483.0,483.0,483.0,117652,2.0,105894,0.0,5696200000.0,100000.0,553,653,2018-09-05 14:03:00
20180905 14:04,483.0,483.0,483.0,483.0,117654,2.0,105896,2.0,5696300000.0,100000.0,631,1045,2018-09-05 14:04:00
20180905 14:05,483.0,483.0,482.5,483.0,118364,710.0,106126,230.0,5730590000.0,34290000.0,820,1804,2018-09-05 14:05:00
20180905 14:06,483.0,483.0,483.0,483.0,118508,144.0,106172,46.0,5737540000.0,6950000.0,566,1659,2018-09-05 14:06:00
20180905 14:07,483.0,483.5,483.0,483.5,118620,112.0,106176,4.0,5742960000.0,5420000.0,7131,3777,2018-09-05 14:07:00
20180905 14:08,483.5,483.5,483.5,483.5,118646,26.0,106202,26.0,5744210000.0,1250000.0,6543,2063,2018-09-05 14:08:00
20180905 14:09,483.5,483.5,483.5,483.5,120404,1758.0,106784,582.0,5829210000.0,85000000.0,8564,4163,2018-09-05 14:09:00
20180905 14:10,483.5,483.5,483.5,483.5,120478,74.0,106810,26.0,5832790000.0,3580000.0,585,2160,2018-09-05 14:10:00
20180905 14:11,483.5,483.5,483.0,483.0,121292,814.0,106070,-740.0,5872110000.0,39320000.0,1418,2483,2018-09-05 14:11:00
20180905 14:12,483.0,483.0,483.0,483.0,121292,0.0,106070,0.0,5872110000.0,0.0,164,280,2018-09-05 14:12:00
20180905 14:13,483.0,483.5,483.0,483.5,122724,1432.0,106736,666.0,5941290000.0,69180000.0,2676,2085,2018-09-05 14:13:00
20180905 14:14,483.5,483.5,483.5,483.5,122840,116.0,106704,-32.0,5946900000.0,5610000.0,3381,1388,2018-09-05 14:14:00
20180905 14:15,483.5,484.0,483.5,484.0,122970,130.0,106648,-56.0,5953180000.0,6280000.0,2572,1703,2018-09-05 14:15:00
20180905 14:16,484.0,484.0,484.0,484.0,122970,0.0,106648,0.0,5953180000.0,0.0,372,640,2018-09-05 14:16:00
20180905 14:17,484.0,484.0,484.0,484.0,122972,2.0,106646,-2.0,5953280000.0,100000.0,647,839,2018-09-05 14:17:00
20180905 14:18,484.0,484.0,483.5,483.5,123674,702.0,106902,256.0,5987220000.0,33940000.0,1989,2641,2018-09-05 14:18:00
20180905 14:19,483.5,483.5,483.5,483.5,125010,1336.0,106242,-660.0,6051820000.0,64600000.0,4996,1582,2018-09-05 14:19:00
20180905 14:20,483.5,483.5,483.5,483.5,127728,2718.0,106392,150.0,6183230000.0,131410000.0,6849,1824,2018-09-05 14:20:00
20180905 14:21,483.5,483.5,483.5,483.5,127728,0.0,106392,0.0,6183230000.0,0.0,604,1154,2018-09-05 14:21:00
20180905 14:22,483.5,483.5,483.5,483.5,128160,432.0,106370,-22.0,6204120000.0,20890000.0,2257,2087,2018-09-05 14:22:00
20180905 14:23,483.5,483.5,483.5,483.5,129312,1152.0,106410,40.0,6259820000.0,55700000.0,8340,2819,2018-09-05 14:23:00
20180905 14:24,483.5,484.0,483.5,483.5,130148,836.0,106818,408.0,6300240000.0,40420000.0,12368,5064,2018-09-05 14:24:00
20180905 14:25,483.5,483.5,483.5,483.5,130918,770.0,106942,124.0,6337470000.0,37230000.0,4027,2081,2018-09-05 14:25:00
20180905 14:26,483.5,483.5,482.5,483.0,133754,2836.0,106746,-196.0,6474530000.0,137060000.0,7153,4409,2018-09-05 14:26:00
20180905 14:27,483.0,483.5,483.0,483.0,134466,712.0,106704,-42.0,6508920000.0,34390000.0,3956,5667,2018-09-05 14:27:00
20180905 14:28,483.0,483.5,483.0,483.5,135394,928.0,107036,332.0,6553790000.0,44870000.0,3805,3045,2018-09-05 14:28:00
20180905 14:29,483.5,483.5,483.5,483.5,135800,406.0,106848,-188.0,6573420000.0,19630000.0,14058,1664,2018-09-05 14:29:00
20180905 14:30,483.5,483.5,483.5,483.5,135820,20.0,106828,-20.0,6574390000.0,970000.0,4075,1059,2018-09-05 14:30:00
20180905 14:31,483.5,483.5,483.5,483.5,136102,282.0,106962,134.0,6588020000.0,13630000.0,3016,2347,2018-09-05 14:31:00
20180905 14:32,483.5,483.5,483.5,483.5,136984,882.0,106868,-94.0,6630670000.0,42650000.0,3372,1766,2018-09-05 14:32:00
20180905 14:33,483.5,483.5,483.5,483.5,140604,3620.0,107094,226.0,6805690000.0,175020000.0,4713,5377,2018-09-05 14:33:00
20180905 14:34,483.5,483.5,483.5,483.5,141238,634.0,107044,-50.0,6836350000.0,30660000.0,3564,3909,2018-09-05 14:34:00
20180905 14:35,483.5,483.5,483.5,483.5,141942,704.0,107106,62.0,6870390000.0,34040000.0,9117,2950,2018-09-05 14:35:00
20180905 14:36,483.5,484.0,483.5,484.0,144730,2788.0,106476,-630.0,7005250000.0,134860000.0,8693,6005,2018-09-05 14:36:00
20180905 14:37,484.0,485.0,484.0,485.0,145188,458.0,106650,174.0,7027440000.0,22190000.0,4506,2554,2018-09-05 14:37:00
20180905 14:38,485.0,485.0,484.5,484.5,153942,8754.0,106654,4.0,7451570000.0,424130000.0,6883,7265,2018-09-05 14:38:00
20180905 14:39,484.5,484.5,484.5,484.5,153960,18.0,106672,18.0,7452440000.0,870000.0,2497,1029,2018-09-05 14:39:00
20180905 14:40,484.5,485.0,484.5,484.5,154640,680.0,106570,-102.0,7485390000.0,32950000.0,6399,2940,2018-09-05 14:40:00
20180905 14:41,484.5,484.5,484.5,484.5,156382,1742.0,106614,44.0,7569790000.0,84400000.0,5160,2469,2018-09-05 14:41:00
20180905 14:42,484.5,484.5,484.5,484.5,156680,298.0,106702,88.0,7584230000.0,14440000.0,9013,2999,2018-09-05 14:42:00
20180905 14:43,484.5,484.5,484.5,484.5,158558,1878.0,106610,-92.0,7675210000.0,90980000.0,4894,2069,2018-09-05 14:43:00
20180905 14:44,484.5,485.5,484.5,485.0,159558,1000.0,106660,50.0,7723720000.0,48510000.0,4507,4639,2018-09-05 14:44:00
20180905 14:45,485.0,486.0,485.0,486.0,160798,1240.0,106818,158.0,7783970000.0,60250000.0,9768,8415,2018-09-05 14:45:00
20180905 14:46,486.0,486.0,486.0,486.0,160886,88.0,106796,-22.0,7788240000.0,4270000.0,2571,5446,2018-09-05 14:46:00
20180905 14:47,486.0,486.0,485.0,485.5,161354,468.0,106426,-370.0,7810970000.0,22730000.0,2678,6305,2018-09-05 14:47:00
20180905 14:48,485.5,485.5,484.5,484.5,161462,108.0,106522,96.0,7816210000.0,5240000.0,1556,2654,2018-09-05 14:48:00
20180905 14:49,484.5,485.0,484.5,485.0,161630,168.0,106550,28.0,7824360000.0,8150000.0,1372,2750,2018-09-05 14:49:00
20180905 14:50,485.0,485.0,485.0,485.0,161760,130.0,106554,4.0,7830660000.0,6300000.0,4073,3161,2018-09-05 14:50:00
20180905 14:51,485.0,485.0,485.0,485.0,161822,62.0,106528,-26.0,7833670000.0,3010000.0,2094,725,2018-09-05 14:51:00
20180905 14:52,485.0,485.5,485.0,485.0,161844,22.0,106534,6.0,7834740000.0,1070000.0,4881,506,2018-09-05 14:52:00
20180905 14:53,485.0,485.0,485.0,485.0,161886,42.0,106542,8.0,7836780000.0,2040000.0,3999,2529,2018-09-05 14:53:00
20180905 14:54,485.0,485.0,485.0,485.0,162202,316.0,106736,194.0,7852100000.0,15320000.0,652,912,2018-09-05 14:54:00
20180905 14:55,485.0,485.0,485.0,485.0,162336,134.0,106784,48.0,7858600000.0,6500000.0,1479,2593,2018-09-05 14:55:00
20180905 14:56,485.0,485.0,485.0,485.0,162630,294.0,106772,-12.0,7872860000.0,14260000.0,1517,3850,2018-09-05 14:56:00
20180905 14:57,485.0,485.0,484.5,484.5,162710,80.0,106764,-8.0,7876740000.0,3880000.0,998,3074,2018-09-05 14:57:00
20180905 14:58,484.5,484.5,484.5,484.5,162734,24.0,106764,0.0,7877900000.0,1160000.0,786,1227,2018-09-05 14:58:00
20180905 14:59,484.5,485.0,484.0,484.0,162960,226.0,106746,-18.0,7888850000.0,10950000.0,851,2105,2018-09-05 14:59:00
20180905 15:00,484.0,484.0,484.0,484.0,162960,0.0,106746,0.0,7888850000.0,0.0,26,128,2018-09-05 15:00:00
20180905 20:59,485.0,485.0,485.0,485.0,1474,1474.0,108176,1430.0,71489000.0,71489000.0,1,11,2018-09-05 20:59:00
20180905 21:00,485.0,486.5,485.0,486.5,1726,252.0,108132,-44.0,83740800.0,12251800.0,2808,1681,2018-09-05 21:00:00
20180905 21:01,486.5,487.0,486.0,487.0,2070,344.0,108208,76.0,100478000.0,16737200.0,830,6388,2018-09-05 21:01:00
20180905 21:02,487.0,487.0,485.5,485.5,2252,182.0,108166,-42.0,109325000.0,8847000.0,1363,2803,2018-09-05 21:02:00
20180905 21:03,485.5,485.5,485.5,485.5,2286,34.0,108152,-14.0,110976000.0,1651000.0,722,1905,2018-09-05 21:03:00
20180905 21:04,485.5,485.5,485.5,485.5,2304,18.0,108152,0.0,111850000.0,874000.0,593,3348,2018-09-05 21:04:00
20180905 21:05,485.5,485.5,485.0,485.5,3078,774.0,107614,-538.0,149424000.0,37574000.0,1148,2522,2018-09-05 21:05:00
20180905 21:06,485.5,485.5,485.0,485.0,3822,744.0,107484,-130.0,185539000.0,36115000.0,1004,4494,2018-09-05 21:06:00
20180905 21:07,485.0,485.0,484.5,484.5,4122,300.0,107456,-28.0,200087000.0,14548000.0,2224,6684,2018-09-05 21:07:00
20180905 21:08,484.5,485.5,484.5,485.0,4460,338.0,107370,-86.0,216479000.0,16392000.0,571,4191,2018-09-05 21:08:00
20180905 21:09,485.0,485.0,484.5,485.0,4514,54.0,107318,-52.0,219098000.0,2619000.0,1164,6655,2018-09-05 21:09:00
20180905 21:10,485.0,485.0,484.5,484.5,4566,52.0,107322,4.0,221618000.0,2520000.0,340,1911,2018-09-05 21:10:00
20180905 21:11,484.5,484.5,484.5,484.5,6384,1818.0,108208,886.0,309700000.0,88082000.0,2332,5568,2018-09-05 21:11:00
20180905 21:12,484.5,485.0,484.5,485.0,8022,1638.0,107366,-842.0,389140000.0,79440000.0,2153,4701,2018-09-05 21:12:00
20180905 21:13,485.0,485.0,485.0,485.0,8022,0.0,107366,0.0,389140000.0,0.0,821,3632,2018-09-05 21:13:00
20180905 21:14,485.0,485.0,484.5,484.5,9776,1754.0,108198,832.0,474209000.0,85069000.0,893,2782,2018-09-05 21:14:00
20180905 21:15,484.5,484.5,484.5,484.5,9776,0.0,108198,0.0,474209000.0,0.0,129,944,2018-09-05 21:15:00
20180905 21:16,484.5,484.5,484.5,484.5,9776,0.0,108198,0.0,474209000.0,0.0,40,401,2018-09-05 21:16:00
20180905 21:17,484.5,484.5,484.5,484.5,9778,2.0,108196,-2.0,474306000.0,97000.0,61,611,2018-09-05 21:17:00
20180905 21:18,485.0,485.0,485.0,485.0,11306,1528.0,107276,-920.0,548414000.0,74108000.0,918,2167,2018-09-05 21:18:00
20180905 21:19,485.0,485.0,485.0,485.0,11314,8.0,107276,0.0,548802000.0,388000.0,492,428,2018-09-05 21:19:00
20180905 21:20,485.0,485.0,484.5,484.5,11330,16.0,107266,-10.0,549577000.0,775000.0,1827,1498,2018-09-05 21:20:00
20180905 21:21,484.5,484.5,484.0,484.0,12994,1664.0,108194,928.0,630129000.0,80552000.0,3174,3529,2018-09-05 21:21:00
20180905 21:22,484.0,484.5,484.0,484.5,13306,312.0,108146,-48.0,645236000.0,15107000.0,1646,1401,2018-09-05 21:22:00
20180905 21:23,484.5,484.5,484.0,484.0,14212,906.0,107478,-668.0,689125000.0,43889000.0,1131,2486,2018-09-05 21:23:00
20180905 21:24,484.0,484.5,484.0,484.0,16310,2098.0,107466,-12.0,790672000.0,101547000.0,4557,2294,2018-09-05 21:24:00
20180905 21:25,484.0,484.0,484.0,484.0,17058,748.0,107646,180.0,826876000.0,36204000.0,429,784,2018-09-05 21:25:00
20180905 21:26,484.0,484.5,484.0,484.5,17070,12.0,107636,-10.0,827457000.0,581000.0,1309,2961,2018-09-05 21:26:00
20180905 21:27,484.5,484.5,484.5,484.5,17140,70.0,107636,0.0,830848000.0,3391000.0,1865,6036,2018-09-05 21:27:00
20180905 21:28,484.5,484.5,484.5,484.5,19836,2696.0,108294,658.0,961470000.0,130622000.0,6016,1749,2018-09-05 21:28:00
20180905 21:29,484.5,484.5,484.5,484.5,20950,1114.0,107716,-578.0,1015440000.0,53970000.0,2603,2446,2018-09-05 21:29:00
20180905 21:30,484.5,485.0,484.5,484.5,20968,18.0,107716,0.0,1016320000.0,880000.0,4928,189,2018-09-05 21:30:00
20180905 21:31,484.5,484.5,484.5,484.5,20968,0.0,107716,0.0,1016320000.0,0.0,1137,205,2018-09-05 21:31:00
20180905 21:32,484.5,484.5,484.5,484.5,20970,2.0,107716,0.0,1016410000.0,90000.0,1137,142,2018-09-05 21:32:00
20180905 21:33,484.5,484.5,484.5,484.5,20976,6.0,107716,0.0,1016700000.0,290000.0,379,43,2018-09-05 21:33:00
20180905 21:34,484.5,484.5,484.5,484.5,21848,872.0,108442,726.0,1058950000.0,42250000.0,2725,1948,2018-09-05 21:34:00
20180905 21:35,484.5,484.5,484.5,484.5,22798,950.0,107856,-586.0,1104980000.0,46030000.0,5646,2121,2018-09-05 21:35:00
20180905 21:36,484.5,484.5,484.5,484.5,22900,102.0,107826,-30.0,1109920000.0,4940000.0,1258,2275,2018-09-05 21:36:00
20180905 21:37,484.5,484.5,484.0,484.0,22904,4.0,107826,0.0,1110110000.0,190000.0,132,803,2018-09-05 21:37:00
20180905 21:38,484.0,484.5,484.0,484.5,24310,1406.0,108434,608.0,1178170000.0,68060000.0,4725,2785,2018-09-05 21:38:00
20180905 21:39,484.5,484.5,484.5,484.5,24310,0.0,108434,0.0,1178170000.0,0.0,1586,592,2018-09-05 21:39:00
20180905 21:40,484.5,484.5,484.0,484.0,24414,104.0,108450,16.0,1183200000.0,5030000.0,2133,1292,2018-09-05 21:40:00
20180905 21:41,484.0,484.0,484.0,484.0,24414,0.0,108450,0.0,1183200000.0,0.0,1238,448,2018-09-05 21:41:00
20180905 21:42,484.0,484.0,483.5,483.5,25204,790.0,108210,-240.0,1221400000.0,38200000.0,5105,1445,2018-09-05 21:42:00
20180905 21:43,483.5,483.5,483.5,483.5,25206,2.0,108212,2.0,1221500000.0,100000.0,1397,431,2018-09-05 21:43:00
20180905 21:44,484.0,484.0,484.0,484.0,25506,300.0,108360,148.0,1236020000.0,14520000.0,2089,1545,2018-09-05 21:44:00
20180905 21:45,484.0,484.0,484.0,484.0,25532,26.0,108372,12.0,1237280000.0,1260000.0,866,1709,2018-09-05 21:45:00
20180905 21:46,484.0,484.0,484.0,484.0,28568,3036.0,107664,-708.0,1384220000.0,146940000.0,3455,1395,2018-09-05 21:46:00
20180905 21:47,484.0,484.0,484.0,484.0,30416,1848.0,108428,764.0,1473660000.0,89440000.0,1734,1158,2018-09-05 21:47:00
20180905 21:48,484.0,484.0,483.0,483.0,31504,1088.0,107660,-768.0,1526220000.0,52560000.0,3872,2589,2018-09-05 21:48:00
20180905 21:49,483.0,483.0,483.0,483.0,33022,1518.0,108540,880.0,1599540000.0,73320000.0,3234,2483,2018-09-05 21:49:00
20180905 21:50,483.0,483.0,483.0,483.0,33022,0.0,108540,0.0,1599540000.0,0.0,240,644,2018-09-05 21:50:00
20180905 21:51,483.0,483.5,483.0,483.5,33068,46.0,108542,2.0,1601760000.0,2220000.0,871,902,2018-09-05 21:51:00
20180905 21:52,483.5,483.5,483.0,483.0,36184,3116.0,108506,-36.0,1752260000.0,150500000.0,4168,1520,2018-09-05 21:52:00
20180905 21:53,483.0,483.0,483.0,483.0,36224,40.0,108504,-2.0,1754190000.0,1930000.0,1751,487,2018-09-05 21:53:00
20180905 21:54,483.0,483.0,483.0,483.0,40562,4338.0,107670,-834.0,1963720000.0,209530000.0,5711,2292,2018-09-05 21:54:00
20180905 21:55,483.0,483.5,483.0,483.5,41300,738.0,107826,156.0,1999400000.0,35680000.0,4889,1382,2018-09-05 21:55:00
20180905 21:56,483.5,483.5,483.5,483.5,41302,2.0,107826,0.0,1999500000.0,100000.0,2375,1047,2018-09-05 21:56:00
20180905 21:57,483.5,483.5,483.5,483.5,41302,0.0,107826,0.0,1999500000.0,0.0,2166,883,2018-09-05 21:57:00
20180905 21:58,483.5,483.5,483.5,483.5,41302,0.0,107826,0.0,1999500000.0,0.0,1156,323,2018-09-05 21:58:00
20180905 21:59,483.5,483.5,483.5,483.5,41304,2.0,107826,0.0,1999590000.0,90000.0,4194,2291,2018-09-05 21:59:00
20180905 22:00,483.5,484.0,483.5,484.0,44088,2784.0,108338,512.0,2134340000.0,134750000.0,2442,4844,2018-09-05 22:00:00
20180905 22:01,484.0,484.0,483.5,483.5,44414,326.0,108334,-4.0,2150100000.0,15760000.0,4512,2542,2018-09-05 22:01:00
20180905 22:02,483.5,483.5,483.5,483.5,45084,670.0,108294,-40.0,2182500000.0,32400000.0,6433,2003,2018-09-05 22:02:00
20180905 22:03,483.5,483.5,483.5,483.5,45090,6.0,108296,2.0,2182790000.0,290000.0,1264,1504,2018-09-05 22:03:00
20180905 22:04,483.5,483.5,483.5,483.5,45776,686.0,108448,152.0,2215950000.0,33160000.0,1587,972,2018-09-05 22:04:00
20180905 22:05,483.5,483.5,483.5,483.5,46326,550.0,108542,94.0,2242550000.0,26600000.0,2913,1113,2018-09-05 22:05:00
20180905 22:06,483.5,483.5,483.5,483.5,46326,0.0,108542,0.0,2242550000.0,0.0,1070,194,2018-09-05 22:06:00
20180905 22:07,483.5,483.5,483.5,483.5,46326,0.0,108542,0.0,2242550000.0,0.0,798,150,2018-09-05 22:07:00
20180905 22:08,483.5,483.5,483.5,483.5,46326,0.0,108542,0.0,2242550000.0,0.0,1590,387,2018-09-05 22:08:00
20180905 22:09,483.5,483.5,483.5,483.5,46338,12.0,108542,0.0,2243130000.0,580000.0,2008,1363,2018-09-05 22:09:00
20180905 22:10,483.5,483.5,483.5,483.5,46338,0.0,108542,0.0,2243130000.0,0.0,223,664,2018-09-05 22:10:00
20180905 22:11,483.5,483.5,483.5,483.5,47050,712.0,108366,-176.0,2277550000.0,34420000.0,1076,1173,2018-09-05 22:11:00
20180905 22:12,483.5,483.5,483.5,483.5,47722,672.0,108318,-48.0,2310040000.0,32490000.0,2930,4317,2018-09-05 22:12:00
20180905 22:13,483.5,483.5,483.5,483.5,47726,4.0,108318,0.0,2310240000.0,200000.0,98,780,2018-09-05 22:13:00
20180905 22:14,483.5,483.5,483.5,483.5,47726,0.0,108318,0.0,2310240000.0,0.0,202,936,2018-09-05 22:14:00
20180905 22:15,483.5,483.5,483.0,483.5,47806,80.0,108290,-28.0,2314100000.0,3860000.0,801,2880,2018-09-05 22:15:00
20180905 22:16,483.5,483.5,483.5,483.5,47826,20.0,108272,-18.0,2315070000.0,970000.0,2832,1507,2018-09-05 22:16:00
20180905 22:17,483.5,483.5,483.5,483.5,47826,0.0,108272,0.0,2315070000.0,0.0,1366,706,2018-09-05 22:17:00
20180905 22:18,483.5,483.5,483.5,483.5,47826,0.0,108272,0.0,2315070000.0,0.0,61,130,2018-09-05 22:18:00
20180905 22:19,483.5,483.5,483.5,483.5,47826,0.0,108272,0.0,2315070000.0,0.0,293,624,2018-09-05 22:19:00
20180905 22:20,483.5,483.5,483.5,483.5,47826,0.0,108272,0.0,2315070000.0,0.0,267,779,2018-09-05 22:20:00
20180905 22:21,483.5,483.5,483.5,483.5,47826,0.0,108272,0.0,2315070000.0,0.0,205,820,2018-09-05 22:21:00
20180905 22:22,483.5,484.5,483.5,484.5,50510,2684.0,107524,-748.0,2444980000.0,129910000.0,6999,1814,2018-09-05 22:22:00
20180905 22:23,484.5,484.5,484.5,484.5,50512,2.0,107526,2.0,2445080000.0,100000.0,3745,1157,2018-09-05 22:23:00
20180905 22:24,484.5,486.0,484.5,486.0,50644,132.0,107564,38.0,2451480000.0,6400000.0,8204,2220,2018-09-05 22:24:00
20180905 22:25,486.0,486.0,485.5,486.0,52794,2150.0,107480,-84.0,2555970000.0,104490000.0,4188,3549,2018-09-05 22:25:00
20180905 22:26,486.0,486.0,486.0,486.0,52846,52.0,107452,-28.0,2558500000.0,2530000.0,1764,1935,2018-09-05 22:26:00
20180905 22:27,486.0,486.0,486.0,486.0,53634,788.0,108126,674.0,2596800000.0,38300000.0,1916,1469,2018-09-05 22:27:00
20180905 22:28,486.0,486.5,486.0,486.5,55444,1810.0,108030,-96.0,2684810000.0,88010000.0,5713,3460,2018-09-05 22:28:00
20180905 22:29,486.5,486.5,486.0,486.5,56238,794.0,107268,-762.0,2723440000.0,38630000.0,1715,1883,2018-09-05 22:29:00
20180905 22:30,486.5,487.0,486.0,486.0,56298,60.0,107240,-28.0,2726360000.0,2920000.0,3269,1618,2018-09-05 22:30:00
20180905 22:31,486.0,486.0,486.0,486.0,56360,62.0,107252,12.0,2729370000.0,3010000.0,1696,1175,2018-09-05 22:31:00
20180905 22:32,486.0,486.5,485.5,485.5,56578,218.0,107308,56.0,2739970000.0,10600000.0,2019,1558,2018-09-05 22:32:00
20180905 22:33,485.5,486.5,485.5,486.5,57436,858.0,107480,172.0,2781700000.0,41730000.0,2108,1604,2018-09-05 22:33:00
20180905 22:34,486.5,486.5,486.0,486.0,57458,22.0,107490,10.0,2782770000.0,1070000.0,1570,581,2018-09-05 22:34:00
20180905 22:35,486.0,486.0,486.0,486.0,57474,16.0,107494,4.0,2783550000.0,780000.0,1194,995,2018-09-05 22:35:00
20180905 22:36,486.0,486.0,486.0,486.0,57600,126.0,107586,92.0,2789670000.0,6120000.0,1796,1024,2018-09-05 22:36:00
20180905 22:37,486.0,486.0,486.0,486.0,57600,0.0,107586,0.0,2789670000.0,0.0,1540,879,2018-09-05 22:37:00
20180905 22:38,486.0,486.0,485.5,485.5,57686,86.0,107570,-16.0,2793850000.0,4180000.0,2186,1507,2018-09-05 22:38:00
20180905 22:39,485.5,485.5,485.0,485.0,57724,38.0,107582,12.0,2795690000.0,1840000.0,2093,843,2018-09-05 22:39:00
20180905 22:40,485.0,485.0,484.5,484.5,57764,40.0,107584,2.0,2797630000.0,1940000.0,1229,504,2018-09-05 22:40:00
20180905 22:41,484.5,484.5,484.5,484.5,57770,6.0,107590,6.0,2797920000.0,290000.0,730,391,2018-09-05 22:41:00
20180905 22:42,484.5,485.0,484.5,484.5,57776,6.0,107592,2.0,2798210000.0,290000.0,783,548,2018-09-05 22:42:00
20180905 22:43,484.5,485.0,484.5,485.0,57788,12.0,107586,-6.0,2798790000.0,580000.0,1179,1304,2018-09-05 22:43:00
20180905 22:44,485.0,485.0,485.0,485.0,57792,4.0,107586,0.0,2798990000.0,200000.0,841,969,2018-09-05 22:44:00
20180905 22:45,485.0,485.0,484.5,484.5,57796,4.0,107586,0.0,2799180000.0,190000.0,876,844,2018-09-05 22:45:00
20180905 22:46,484.5,484.5,484.5,484.5,57796,0.0,107586,0.0,2799180000.0,0.0,264,260,2018-09-05 22:46:00
20180905 22:47,484.5,484.5,484.5,484.5,57796,0.0,107586,0.0,2799180000.0,0.0,531,597,2018-09-05 22:47:00
20180905 22:48,484.5,484.5,484.5,484.5,57812,16.0,107570,-16.0,2799950000.0,770000.0,342,297,2018-09-05 22:48:00
20180905 22:49,484.5,484.5,484.5,484.5,57812,0.0,107570,0.0,2799950000.0,0.0,567,444,2018-09-05 22:49:00
20180905 22:50,484.5,484.5,484.5,484.5,57814,2.0,107570,0.0,2800050000.0,100000.0,564,377,2018-09-05 22:50:00
20180905 22:51,484.5,484.5,484.5,484.5,57814,0.0,107570,0.0,2800050000.0,0.0,274,238,2018-09-05 22:51:00
20180905 22:52,484.5,484.5,484.5,484.5,57814,0.0,107570,0.0,2800050000.0,0.0,272,243,2018-09-05 22:52:00
20180905 22:53,484.5,484.5,484.5,484.5,57814,0.0,107570,0.0,2800050000.0,0.0,293,253,2018-09-05 22:53:00
20180905 22:54,484.5,484.5,484.5,484.5,57814,0.0,107570,0.0,2800050000.0,0.0,74,62,2018-09-05 22:54:00
20180905 22:55,484.5,484.5,484.5,484.5,57814,0.0,107570,0.0,2800050000.0,0.0,296,228,2018-09-05 22:55:00
20180905 22:56,484.5,484.5,484.5,484.5,57814,0.0,107570,0.0,2800050000.0,0.0,74,51,2018-09-05 22:56:00
20180905 22:57,484.5,485.0,484.5,485.0,57816,2.0,107570,0.0,2800150000.0,100000.0,669,555,2018-09-05 22:57:00
20180905 22:58,485.0,485.0,484.5,485.0,57876,60.0,107526,-44.0,2803060000.0,2910000.0,617,532,2018-09-05 22:58:00
20180905 22:59,485.0,485.0,485.0,485.0,57878,2.0,107526,0.0,2803150000.0,90000.0,342,284,2018-09-05 22:59:00
20180905 23:00,485.0,485.0,484.5,484.5,57886,8.0,107526,0.0,2803540000.0,390000.0,731,592,2018-09-05 23:00:00
20180905 23:01,484.5,484.5,484.5,484.5,57886,0.0,107526,0.0,2803540000.0,0.0,203,161,2018-09-05 23:01:00
20180905 23:02,484.5,484.5,484.5,484.5,57886,0.0,107526,0.0,2803540000.0,0.0,141,104,2018-09-05 23:02:00
20180905 23:04,484.5,484.5,484.5,484.5,57886,0.0,107526,0.0,2803540000.0,0.0,502,378,2018-09-05 23:04:00
20180905 23:07,484.5,484.5,484.5,484.5,57886,0.0,107526,0.0,2803540000.0,0.0,142,128,2018-09-05 23:07:00
20180905 23:08,484.5,484.5,484.5,484.5,57886,0.0,107526,0.0,2803540000.0,0.0,204,198,2018-09-05 23:08:00
20180905 23:09,484.5,484.5,484.5,484.5,57888,2.0,107526,0.0,2803640000.0,100000.0,268,267,2018-09-05 23:09:00
20180905 23:11,484.5,484.5,484.5,484.5,57888,0.0,107526,0.0,2803640000.0,0.0,67,66,2018-09-05 23:11:00
20180905 23:12,484.5,484.5,484.5,484.5,57888,0.0,107526,0.0,2803640000.0,0.0,335,329,2018-09-05 23:12:00
20180905 23:13,484.5,484.5,484.5,484.5,57888,0.0,107526,0.0,2803640000.0,0.0,345,329,2018-09-05 23:13:00
20180905 23:14,484.5,484.5,484.5,484.5,57888,0.0,107526,0.0,2803640000.0,0.0,138,131,2018-09-05 23:14:00
20180905 23:15,484.5,484.5,484.5,484.5,57888,0.0,107526,0.0,2803640000.0,0.0,360,324,2018-09-05 23:15:00
20180905 23:16,484.5,484.5,484.5,484.5,57888,0.0,107526,0.0,2803640000.0,0.0,72,52,2018-09-05 23:16:00
20180905 23:17,484.5,484.5,484.5,484.5,57888,0.0,107526,0.0,2803640000.0,0.0,219,157,2018-09-05 23:17:00
20180905 23:18,484.5,484.5,484.5,484.5,57888,0.0,107526,0.0,2803640000.0,0.0,292,246,2018-09-05 23:18:00
20180905 23:19,484.5,484.5,484.5,484.5,57888,0.0,107526,0.0,2803640000.0,0.0,486,416,2018-09-05 23:19:00
20180905 23:20,484.5,484.5,484.5,484.5,57892,4.0,107526,0.0,2803830000.0,190000.0,284,205,2018-09-05 23:20:00
20180905 23:21,484.5,484.5,484.5,484.5,57904,12.0,107524,-2.0,2804410000.0,580000.0,408,335,2018-09-05 23:21:00
20180905 23:22,484.5,484.5,484.5,484.5,57904,0.0,107524,0.0,2804410000.0,0.0,216,153,2018-09-05 23:22:00
20180905 23:23,484.5,484.5,484.5,484.5,57936,32.0,107520,-4.0,2805960000.0,1550000.0,225,186,2018-09-05 23:23:00
20180905 23:24,484.5,484.5,484.5,484.5,57936,0.0,107520,0.0,2805960000.0,0.0,56,43,2018-09-05 23:24:00
20180905 23:25,484.5,484.5,484.5,484.5,57966,30.0,107490,-30.0,2807420000.0,1460000.0,112,96,2018-09-05 23:25:00
20180905 23:26,484.5,485.0,484.5,485.0,57970,4.0,107486,-4.0,2807610000.0,190000.0,230,248,2018-09-05 23:26:00
20180905 23:27,484.5,484.5,484.0,484.5,62660,4690.0,107276,-210.0,3034840000.0,227230000.0,1320,6824,2018-09-05 23:27:00
20180905 23:28,484.0,484.0,484.0,484.0,62664,4.0,107278,2.0,3035030000.0,190000.0,116,907,2018-09-05 23:28:00
20180905 23:29,484.0,484.0,484.0,484.0,63072,408.0,107440,162.0,3054780000.0,19750000.0,378,2377,2018-09-05 23:29:00
20180906 09:00,492.5,492.5,491.5,491.5,40452,40452.0,110180,2740.0,1982300000.0,1982300000.0,14451,4868,2018-09-06 09:00:00
20180906 09:01,491.5,492.0,491.5,492.0,40646,194.0,110162,-18.0,1991840000.0,9540000.0,3863,2023,2018-09-06 09:01:00
20180906 09:02,492.0,492.5,492.0,492.5,41096,450.0,110122,-40.0,2013990000.0,22150000.0,6164,877,2018-09-06 09:02:00
20180906 09:03,492.5,493.5,492.5,493.5,41180,84.0,110070,-52.0,2018130000.0,4140000.0,11916,1520,2018-09-06 09:03:00
20180906 09:04,493.5,493.5,493.0,493.5,41756,576.0,110080,10.0,2046560000.0,28430000.0,11500,3699,2018-09-06 09:04:00
20180906 09:05,493.5,494.5,493.5,494.0,42016,260.0,109996,-84.0,2059400000.0,12840000.0,14124,4896,2018-09-06 09:05:00
20180906 09:06,494.0,496.5,494.0,496.5,42766,750.0,110000,4.0,2096550000.0,37150000.0,2317,3983,2018-09-06 09:06:00
20180906 09:07,496.5,496.5,496.0,496.0,42884,118.0,110008,8.0,2102400000.0,5850000.0,2275,2921,2018-09-06 09:07:00
20180906 09:08,496.0,496.0,496.0,496.0,42964,80.0,110016,8.0,2106370000.0,3970000.0,662,2239,2018-09-06 09:08:00
20180906 09:09,496.0,496.0,495.0,495.5,43148,184.0,110070,54.0,2115480000.0,9110000.0,1177,1042,2018-09-06 09:09:00
20180906 09:10,495.5,495.5,495.5,495.5,43148,0.0,110070,0.0,2115480000.0,0.0,867,831,2018-09-06 09:10:00
20180906 09:11,495.5,495.5,495.0,495.0,43156,8.0,110070,0.0,2115880000.0,400000.0,589,217,2018-09-06 09:11:00
20180906 09:12,495.0,495.0,495.0,495.0,43168,12.0,110062,-8.0,2116470000.0,590000.0,664,454,2018-09-06 09:12:00
20180906 09:13,495.0,495.5,495.0,495.5,43188,20.0,110042,-20.0,2117470000.0,1000000.0,623,975,2018-09-06 09:13:00
20180906 09:14,495.5,495.5,495.0,495.0,43534,346.0,110006,-36.0,2134600000.0,17130000.0,1547,877,2018-09-06 09:14:00
20180906 09:15,495.0,495.5,495.0,495.5,43560,26.0,110006,0.0,2135890000.0,1290000.0,910,585,2018-09-06 09:15:00
20180906 09:16,495.5,495.5,495.5,495.5,43560,0.0,110006,0.0,2135890000.0,0.0,1446,594,2018-09-06 09:16:00
20180906 09:17,495.5,495.5,495.0,495.0,43588,28.0,109990,-16.0,2137270000.0,1380000.0,780,294,2018-09-06 09:17:00
20180906 09:18,495.0,495.0,495.0,495.0,43590,2.0,109990,0.0,2137370000.0,100000.0,1135,641,2018-09-06 09:18:00
20180906 09:19,495.0,496.0,495.0,495.0,45426,1836.0,110352,362.0,2228330000.0,90960000.0,8509,8638,2018-09-06 09:19:00
20180906 09:20,495.0,495.0,495.0,495.0,45528,102.0,110364,12.0,2233380000.0,5050000.0,1761,7956,2018-09-06 09:20:00
20180906 09:21,495.0,495.0,495.0,495.0,45620,92.0,110292,-72.0,2237930000.0,4550000.0,1375,5422,2018-09-06 09:21:00
20180906 09:22,495.0,495.0,495.0,495.0,45766,146.0,110304,12.0,2245160000.0,7230000.0,3788,5518,2018-09-06 09:22:00
20180906 09:23,495.0,495.0,495.0,495.0,45766,0.0,110304,0.0,2245160000.0,0.0,507,1890,2018-09-06 09:23:00
20180906 09:24,495.0,495.0,495.0,495.0,45766,0.0,110304,0.0,2245160000.0,0.0,625,1890,2018-09-06 09:24:00
20180906 09:25,495.0,495.0,494.0,494.0,47100,1334.0,111362,1058.0,2311090000.0,65930000.0,1446,1851,2018-09-06 09:25:00
20180906 09:26,494.0,494.0,493.5,493.5,47116,16.0,111362,0.0,2311880000.0,790000.0,10210,4036,2018-09-06 09:26:00
20180906 09:27,493.5,494.0,493.5,494.0,47118,2.0,111362,0.0,2311980000.0,100000.0,3288,1496,2018-09-06 09:27:00
20180906 09:28,494.0,494.0,493.5,493.5,47126,8.0,111370,8.0,2312380000.0,400000.0,1668,717,2018-09-06 09:28:00
20180906 09:29,493.5,493.5,493.5,493.5,47126,0.0,111370,0.0,2312380000.0,0.0,1251,542,2018-09-06 09:29:00
20180906 09:30,493.5,494.0,493.5,494.0,47178,52.0,111394,24.0,2314940000.0,2560000.0,4938,1961,2018-09-06 09:30:00
20180906 09:31,493.5,493.5,493.5,493.5,48266,1088.0,110760,-634.0,2368640000.0,53700000.0,1300,4019,2018-09-06 09:31:00
20180906 09:32,493.5,493.5,493.5,493.5,49084,818.0,111404,644.0,2409010000.0,40370000.0,6154,2206,2018-09-06 09:32:00
20180906 09:33,493.5,493.5,493.5,493.5,49238,154.0,111552,148.0,2416610000.0,7600000.0,994,1524,2018-09-06 09:33:00
20180906 09:34,493.5,493.5,493.5,493.5,49484,246.0,111556,4.0,2428750000.0,12140000.0,1768,4510,2018-09-06 09:34:00
20180906 09:35,493.5,493.5,493.5,493.5,49492,8.0,111556,0.0,2429140000.0,390000.0,425,960,2018-09-06 09:35:00
20180906 09:36,493.5,494.0,493.5,494.0,49560,68.0,111540,-16.0,2432500000.0,3360000.0,4402,1383,2018-09-06 09:36:00
20180906 09:37,494.0,494.0,494.0,494.0,49582,22.0,111560,20.0,2433580000.0,1080000.0,5718,504,2018-09-06 09:37:00
20180906 09:38,494.0,494.0,493.5,493.5,49610,28.0,111538,-22.0,2434970000.0,1390000.0,2879,851,2018-09-06 09:38:00
20180906 09:39,493.5,493.5,493.5,493.5,49642,32.0,111536,-2.0,2436540000.0,1570000.0,508,2488,2018-09-06 09:39:00
20180906 09:40,493.5,493.5,493.5,493.5,52690,3048.0,110794,-742.0,2586960000.0,150420000.0,5283,3251,2018-09-06 09:40:00
20180906 09:41,493.5,494.0,493.5,494.0,52694,4.0,110798,4.0,2587160000.0,200000.0,5093,711,2018-09-06 09:41:00
20180906 09:42,494.0,494.0,493.5,493.5,53510,816.0,111516,718.0,2627430000.0,40270000.0,1353,1815,2018-09-06 09:42:00
20180906 09:43,493.5,493.5,493.5,493.5,53820,310.0,111706,190.0,2642730000.0,15300000.0,3768,3343,2018-09-06 09:43:00
20180906 09:44,493.5,493.5,493.5,493.5,53860,40.0,111744,38.0,2644700000.0,1970000.0,2977,5352,2018-09-06 09:44:00
20180906 09:45,493.5,493.5,493.5,493.5,54154,294.0,111752,8.0,2659210000.0,14510000.0,7113,2663,2018-09-06 09:45:00
20180906 09:46,493.5,493.5,493.5,493.5,55220,1066.0,110764,-988.0,2711820000.0,52610000.0,4599,6051,2018-09-06 09:46:00
20180906 09:47,493.5,493.5,493.5,493.5,55506,286.0,110788,24.0,2725930000.0,14110000.0,14804,2452,2018-09-06 09:47:00
20180906 09:48,493.5,493.5,493.5,493.5,57734,2228.0,110696,-92.0,2835890000.0,109960000.0,6030,3317,2018-09-06 09:48:00
20180906 09:49,493.5,493.5,493.5,493.5,58290,556.0,110484,-212.0,2863320000.0,27430000.0,1093,1575,2018-09-06 09:49:00
20180906 09:50,493.5,493.5,493.5,493.5,59272,982.0,111088,604.0,2911790000.0,48470000.0,5868,3604,2018-09-06 09:50:00
20180906 09:51,493.5,493.5,493.5,493.5,59478,206.0,111228,140.0,2921950000.0,10160000.0,14669,1803,2018-09-06 09:51:00
20180906 09:52,493.5,493.5,493.5,493.5,62292,2814.0,110280,-948.0,3060820000.0,138870000.0,5175,4549,2018-09-06 09:52:00
20180906 09:53,493.5,493.5,493.0,493.5,63646,1354.0,110254,-26.0,3127640000.0,66820000.0,3596,2741,2018-09-06 09:53:00
20180906 09:54,493.5,493.5,493.5,493.5,63818,172.0,110244,-10.0,3136130000.0,8490000.0,3164,2808,2018-09-06 09:54:00
20180906 09:55,493.5,493.5,493.5,493.5,68444,4626.0,110378,134.0,3364420000.0,228290000.0,9921,6293,2018-09-06 09:55:00
20180906 09:56,493.5,493.5,493.5,493.5,71480,3036.0,110954,576.0,3514250000.0,149830000.0,8754,3604,2018-09-06 09:56:00
20180906 09:57,493.5,493.5,493.5,493.5,71480,0.0,110954,0.0,3514250000.0,0.0,1569,3052,2018-09-06 09:57:00
20180906 09:58,493.5,493.5,493.0,493.0,71484,4.0,110954,0.0,3514450000.0,200000.0,967,1490,2018-09-06 09:58:00
20180906 09:59,493.0,493.0,493.0,493.0,71484,0.0,110954,0.0,3514450000.0,0.0,796,1104,2018-09-06 09:59:00
20180906 10:00,493.0,493.5,493.0,493.5,72182,698.0,110946,-8.0,3548890000.0,34440000.0,11605,2627,2018-09-06 10:00:00
20180906 10:01,493.5,493.5,493.5,493.5,72554,372.0,111048,102.0,3567250000.0,18360000.0,2524,4149,2018-09-06 10:01:00
20180906 10:02,493.5,493.5,493.0,493.0,72558,4.0,111044,-4.0,3567450000.0,200000.0,1356,2333,2018-09-06 10:02:00
20180906 10:03,493.0,493.5,493.0,493.5,76356,3798.0,111070,26.0,3754880000.0,187430000.0,6356,5015,2018-09-06 10:03:00
20180906 10:04,493.5,493.5,493.5,493.5,77716,1360.0,110310,-760.0,3822000000.0,67120000.0,809,4923,2018-09-06 10:04:00
20180906 10:05,493.5,493.5,493.5,493.5,79238,1522.0,110932,622.0,3897110000.0,75110000.0,5510,4777,2018-09-06 10:05:00
20180906 10:06,493.5,493.5,493.5,493.5,81418,2180.0,110340,-592.0,4004690000.0,107580000.0,1619,3975,2018-09-06 10:06:00
20180906 10:07,493.5,493.5,493.5,493.5,81892,474.0,110162,-178.0,4028080000.0,23390000.0,1476,5369,2018-09-06 10:07:00
20180906 10:08,493.5,493.5,493.5,493.5,81932,40.0,110162,0.0,4030060000.0,1980000.0,1727,3768,2018-09-06 10:08:00
20180906 10:09,493.5,493.5,493.0,493.0,81944,12.0,110174,12.0,4030650000.0,590000.0,936,1521,2018-09-06 10:09:00
20180906 10:10,493.0,493.0,493.0,493.0,81946,2.0,110174,0.0,4030750000.0,100000.0,1397,2034,2018-09-06 10:10:00
20180906 10:12,493.0,493.0,493.0,493.0,81946,0.0,110174,0.0,4030750000.0,0.0,318,582,2018-09-06 10:12:00
20180906 10:13,493.0,493.0,493.0,493.0,81986,40.0,110146,-28.0,4032720000.0,1970000.0,943,1584,2018-09-06 10:13:00
20180906 10:14,493.5,493.5,493.5,493.5,82044,58.0,110090,-56.0,4035580000.0,2860000.0,1294,2915,2018-09-06 10:14:00
20180906 10:30,493.5,493.5,493.5,493.5,82070,26.0,110100,10.0,4036860000.0,1280000.0,1533,2451,2018-09-06 10:30:00
20180906 10:31,493.0,493.0,492.5,492.5,82540,470.0,110458,358.0,4060030000.0,23170000.0,1783,2480,2018-09-06 10:31:00
20180906 10:32,492.5,492.5,492.5,492.5,82540,0.0,110458,0.0,4060030000.0,0.0,771,704,2018-09-06 10:32:00
20180906 10:33,492.5,493.0,492.5,493.0,82558,18.0,110464,6.0,4060920000.0,890000.0,1046,1498,2018-09-06 10:33:00
20180906 10:34,493.0,493.0,493.0,493.0,82560,2.0,110466,2.0,4061020000.0,100000.0,766,1037,2018-09-06 10:34:00
20180906 10:35,493.0,493.0,493.0,493.0,82564,4.0,110470,4.0,4061220000.0,200000.0,879,1093,2018-09-06 10:35:00
20180906 10:36,492.5,493.0,492.5,493.0,82572,8.0,110478,8.0,4061610000.0,390000.0,623,802,2018-09-06 10:36:00
20180906 10:37,493.0,493.0,492.5,492.5,82592,20.0,110470,-8.0,4062600000.0,990000.0,376,463,2018-09-06 10:37:00
20180906 10:38,492.5,492.5,492.5,492.5,82592,0.0,110470,0.0,4062600000.0,0.0,678,1053,2018-09-06 10:38:00
20180906 10:39,492.5,493.0,492.5,493.0,82604,12.0,110476,6.0,4063190000.0,590000.0,1376,2628,2018-09-06 10:39:00
20180906 10:40,493.0,493.0,492.5,492.5,82658,54.0,110444,-32.0,4065850000.0,2660000.0,1062,1464,2018-09-06 10:40:00
20180906 10:41,493.0,493.0,493.0,493.0,82662,4.0,110446,2.0,4066040000.0,190000.0,506,516,2018-09-06 10:41:00
20180906 10:42,493.0,493.0,493.0,493.0,82662,0.0,110446,0.0,4066040000.0,0.0,633,661,2018-09-06 10:42:00
20180906 10:43,492.5,492.5,491.0,491.5,83790,1128.0,110408,-38.0,4121540000.0,55500000.0,4845,4251,2018-09-06 10:43:00
20180906 10:44,491.5,491.5,489.5,489.5,85592,1802.0,110328,-80.0,4209840000.0,88300000.0,3434,3599,2018-09-06 10:44:00
20180906 10:45,489.5,490.0,489.5,490.0,86132,540.0,110394,66.0,4236290000.0,26450000.0,4680,3416,2018-09-06 10:45:00
20180906 10:46,490.0,490.0,489.5,489.5,86162,30.0,110400,6.0,4237760000.0,1470000.0,3185,3007,2018-09-06 10:46:00
20180906 10:47,489.5,489.5,489.0,489.0,86288,126.0,110422,22.0,4243930000.0,6170000.0,2873,1378,2018-09-06 10:47:00
20180906 10:48,489.0,489.5,488.5,489.5,86820,532.0,110472,50.0,4269940000.0,26010000.0,4465,5321,2018-09-06 10:48:00
20180906 10:49,489.0,489.5,489.0,489.0,86886,66.0,110472,0.0,4273170000.0,3230000.0,2068,4960,2018-09-06 10:49:00
20180906 10:50,489.0,489.5,489.0,489.0,86914,28.0,110480,8.0,4274540000.0,1370000.0,1739,2951,2018-09-06 10:50:00
20180906 10:51,489.0,489.5,489.0,489.0,86932,18.0,110482,2.0,4275420000.0,880000.0,1559,2310,2018-09-06 10:51:00
20180906 10:52,489.0,490.0,489.0,490.0,88272,1340.0,111204,722.0,4341080000.0,65660000.0,1979,6624,2018-09-06 10:52:00
20180906 10:53,490.0,490.0,489.0,489.5,89242,970.0,110506,-698.0,4388560000.0,47480000.0,3335,8914,2018-09-06 10:53:00
20180906 10:54,489.5,489.5,489.5,489.5,91364,2122.0,111270,764.0,4492430000.0,103870000.0,2570,3765,2018-09-06 10:54:00
20180906 10:55,489.5,490.0,489.5,490.0,91366,2.0,111270,0.0,4492530000.0,100000.0,1448,2296,2018-09-06 10:55:00
20180906 10:56,490.0,490.0,490.0,490.0,92400,1034.0,110676,-594.0,4543190000.0,50660000.0,1536,3552,2018-09-06 10:56:00
20180906 10:57,490.0,490.0,490.0,490.0,92400,0.0,110676,0.0,4543190000.0,0.0,516,1629,2018-09-06 10:57:00
20180906 10:58,490.0,490.0,490.0,490.0,92400,0.0,110676,0.0,4543190000.0,0.0,612,1546,2018-09-06 10:58:00
20180906 10:59,490.0,490.0,490.0,490.0,92406,6.0,110674,-2.0,4543490000.0,300000.0,1024,2500,2018-09-06 10:59:00
20180906 11:00,490.0,490.0,490.0,490.0,92560,154.0,110628,-46.0,4551030000.0,7540000.0,2092,4429,2018-09-06 11:00:00
20180906 11:01,490.0,490.0,490.0,490.0,92560,0.0,110628,0.0,4551030000.0,0.0,1065,1933,2018-09-06 11:01:00
20180906 11:02,490.0,490.0,489.5,489.5,92644,84.0,110672,44.0,4555150000.0,4120000.0,3002,1995,2018-09-06 11:02:00
20180906 11:03,489.5,490.0,489.5,490.0,92698,54.0,110720,48.0,4557790000.0,2640000.0,4615,2233,2018-09-06 11:03:00
20180906 11:04,490.0,490.0,490.0,490.0,93012,314.0,110948,228.0,4573180000.0,15390000.0,3723,3345,2018-09-06 11:04:00
20180906 11:05,490.0,490.0,490.0,490.0,93012,0.0,110948,0.0,4573180000.0,0.0,1776,1888,2018-09-06 11:05:00
20180906 11:06,490.0,490.0,489.5,489.5,93216,204.0,110962,14.0,4583170000.0,9990000.0,3340,3503,2018-09-06 11:06:00
20180906 11:07,489.5,489.5,489.5,489.5,94256,1040.0,111834,872.0,4634080000.0,50910000.0,2477,2785,2018-09-06 11:07:00
20180906 11:08,489.5,489.5,489.5,489.5,94256,0.0,111834,0.0,4634080000.0,0.0,1511,990,2018-09-06 11:08:00
20180906 11:09,489.5,489.5,489.5,489.5,94256,0.0,111834,0.0,4634080000.0,0.0,964,660,2018-09-06 11:09:00
20180906 11:10,489.5,489.5,489.5,489.5,95322,1066.0,111168,-666.0,4686260000.0,52180000.0,2766,1278,2018-09-06 11:10:00
20180906 11:11,489.5,489.5,489.5,489.5,95520,198.0,111038,-130.0,4695950000.0,9690000.0,1725,496,2018-09-06 11:11:00
20180906 11:12,489.0,489.5,489.0,489.5,95732,212.0,111046,8.0,4706330000.0,10380000.0,2202,1309,2018-09-06 11:12:00
20180906 11:13,489.5,489.5,489.5,489.5,96788,1056.0,111036,-10.0,4758020000.0,51690000.0,3840,1004,2018-09-06 11:13:00
20180906 11:14,489.5,489.5,489.5,489.5,96896,108.0,111060,24.0,4763310000.0,5290000.0,6685,3523,2018-09-06 11:14:00
20180906 11:15,489.5,490.0,489.5,490.0,97210,314.0,111122,62.0,4778690000.0,15380000.0,2360,1109,2018-09-06 11:15:00
20180906 11:16,490.0,490.0,489.5,490.0,98296,1086.0,111122,0.0,4831900000.0,53210000.0,2291,8649,2018-09-06 11:16:00
20180906 11:17,490.0,490.0,489.5,489.5,98298,2.0,111122,0.0,4832000000.0,100000.0,1549,1111,2018-09-06 11:17:00
20180906 11:18,489.5,489.5,489.5,489.5,98300,2.0,111122,0.0,4832100000.0,100000.0,2739,2935,2018-09-06 11:18:00
20180906 11:19,489.5,489.5,489.5,489.5,98302,2.0,111122,0.0,4832200000.0,100000.0,1356,1804,2018-09-06 11:19:00
20180906 11:20,489.5,489.5,489.5,489.5,98302,0.0,111122,0.0,4832200000.0,0.0,979,1114,2018-09-06 11:20:00
20180906 11:21,489.5,489.5,489.5,489.5,98302,0.0,111122,0.0,4832200000.0,0.0,436,441,2018-09-06 11:21:00
20180906 11:22,489.5,489.5,489.5,489.5,98302,0.0,111122,0.0,4832200000.0,0.0,220,228,2018-09-06 11:22:00
20180906 11:23,489.5,490.0,489.5,489.5,98446,144.0,111062,-60.0,4839250000.0,7050000.0,2295,1841,2018-09-06 11:23:00
20180906 11:24,489.5,489.5,489.5,489.5,98624,178.0,111006,-56.0,4847960000.0,8710000.0,1092,3217,2018-09-06 11:24:00
20180906 11:25,489.5,489.5,489.5,489.5,98624,0.0,111006,0.0,4847960000.0,0.0,230,1992,2018-09-06 11:25:00
20180906 11:26,489.5,489.5,489.5,489.5,99288,664.0,110974,-32.0,4880460000.0,32500000.0,2031,6771,2018-09-06 11:26:00
20180906 11:27,489.5,489.5,489.0,489.0,99346,58.0,110968,-6.0,4883300000.0,2840000.0,936,4381,2018-09-06 11:27:00
20180906 11:28,489.0,489.5,489.0,489.0,99468,122.0,111018,50.0,4889270000.0,5970000.0,839,4313,2018-09-06 11:28:00
20180906 11:29,489.0,490.5,489.0,490.0,99824,356.0,110888,-130.0,4906710000.0,17440000.0,1056,6213,2018-09-06 11:29:00
20180906 11:30,490.0,490.0,490.0,490.0,99824,0.0,110888,0.0,4906710000.0,0.0,53,39,2018-09-06 11:30:00
20180906 13:30,490.0,490.5,490.0,490.0,100166,342.0,110704,-184.0,4923470000.0,16760000.0,2888,3810,2018-09-06 13:30:00
20180906 13:31,490.0,490.0,490.0,490.0,101308,1142.0,110742,38.0,4979430000.0,55960000.0,2305,3268,2018-09-06 13:31:00
20180906 13:32,490.0,490.5,490.0,490.5,101448,140.0,110744,2.0,4986300000.0,6870000.0,896,423,2018-09-06 13:32:00
20180906 13:33,490.5,490.5,490.5,490.5,101448,0.0,110744,0.0,4986300000.0,0.0,214,275,2018-09-06 13:33:00
20180906 13:34,490.5,490.5,490.0,490.0,101790,342.0,110818,74.0,5003060000.0,16760000.0,1755,3454,2018-09-06 13:34:00
20180906 13:35,490.0,490.0,490.0,490.0,101790,0.0,110818,0.0,5003060000.0,0.0,1094,535,2018-09-06 13:35:00
20180906 13:36,490.0,490.0,490.0,490.0,103162,1372.0,110916,98.0,5070290000.0,67230000.0,1717,6879,2018-09-06 13:36:00
20180906 13:37,490.0,490.0,489.5,490.0,103196,34.0,110914,-2.0,5071950000.0,1660000.0,2168,8040,2018-09-06 13:37:00
20180906 13:38,490.0,490.5,490.0,490.5,103282,86.0,110960,46.0,5076160000.0,4210000.0,1143,4842,2018-09-06 13:38:00
20180906 13:39,490.5,490.5,490.5,490.5,103284,2.0,110960,0.0,5076260000.0,100000.0,971,3818,2018-09-06 13:39:00
20180906 13:40,490.5,491.0,490.5,491.0,103532,248.0,111064,104.0,5088430000.0,12170000.0,1097,1929,2018-09-06 13:40:00
20180906 13:41,491.0,491.0,490.5,490.5,103574,42.0,111070,6.0,5090490000.0,2060000.0,1260,844,2018-09-06 13:41:00
20180906 13:42,490.0,490.5,490.0,490.5,103586,12.0,111062,-8.0,5091080000.0,590000.0,633,893,2018-09-06 13:42:00
20180906 13:43,490.5,491.0,490.5,491.0,104906,1320.0,111132,70.0,5155820000.0,64740000.0,1819,1370,2018-09-06 13:43:00
20180906 13:44,491.0,491.0,490.5,490.5,104912,6.0,111126,-6.0,5156120000.0,300000.0,1444,1096,2018-09-06 13:44:00
20180906 13:45,490.5,490.5,490.0,490.0,105574,662.0,111150,24.0,5188580000.0,32460000.0,4438,5096,2018-09-06 13:45:00
20180906 13:46,490.0,491.0,490.0,490.5,105842,268.0,111224,74.0,5201730000.0,13150000.0,1005,2035,2018-09-06 13:46:00
20180906 13:47,490.5,491.0,490.5,491.0,105864,22.0,111216,-8.0,5202810000.0,1080000.0,966,773,2018-09-06 13:47:00
20180906 13:48,491.0,491.0,490.5,490.5,106202,338.0,111406,190.0,5219390000.0,16580000.0,1594,1110,2018-09-06 13:48:00
20180906 13:49,490.5,490.5,490.5,490.5,106880,678.0,111626,220.0,5252640000.0,33250000.0,4359,8182,2018-09-06 13:49:00
20180906 13:50,490.5,491.0,490.5,491.0,107364,484.0,111666,40.0,5276400000.0,23760000.0,2588,7512,2018-09-06 13:50:00
20180906 13:51,491.0,491.5,491.0,491.5,107410,46.0,111686,20.0,5278660000.0,2260000.0,987,3113,2018-09-06 13:51:00
20180906 13:52,491.5,493.0,491.5,492.5,108212,802.0,112208,522.0,5318150000.0,39490000.0,3890,3305,2018-09-06 13:52:00
20180906 13:53,492.5,493.0,492.5,492.5,108576,364.0,112302,94.0,5336090000.0,17940000.0,4311,3143,2018-09-06 13:53:00
20180906 13:54,492.5,493.0,492.5,493.0,108962,386.0,112302,0.0,5355120000.0,19030000.0,3469,2929,2018-09-06 13:54:00
20180906 13:55,493.0,493.0,493.0,493.0,108962,0.0,112302,0.0,5355120000.0,0.0,1063,1358,2018-09-06 13:55:00
20180906 13:56,493.0,493.0,493.0,493.0,109012,50.0,112312,10.0,5357580000.0,2460000.0,4297,1933,2018-09-06 13:56:00
20180906 13:57,493.0,493.0,492.5,492.5,110358,1346.0,112312,0.0,5423940000.0,66360000.0,1535,4132,2018-09-06 13:57:00
20180906 13:58,492.5,492.5,492.5,492.5,110362,4.0,112316,4.0,5424140000.0,200000.0,815,2231,2018-09-06 13:58:00
20180906 13:59,493.0,493.0,491.5,492.0,110788,426.0,112376,60.0,5445110000.0,20970000.0,2374,6497,2018-09-06 13:59:00
20180906 14:00,492.0,492.0,492.0,492.0,110954,166.0,112318,-58.0,5453280000.0,8170000.0,3547,1784,2018-09-06 14:00:00
20180906 14:01,492.0,492.0,491.0,491.0,111074,120.0,112342,24.0,5459180000.0,5900000.0,3936,4191,2018-09-06 14:01:00
20180906 14:02,491.0,491.5,491.0,491.0,111348,274.0,112360,18.0,5472640000.0,13460000.0,5664,2419,2018-09-06 14:02:00
20180906 14:03,491.0,491.5,490.5,491.5,111564,216.0,112330,-30.0,5483240000.0,10600000.0,3704,1410,2018-09-06 14:03:00
20180906 14:04,491.5,491.5,491.0,491.0,111610,46.0,112356,26.0,5485500000.0,2260000.0,1866,2558,2018-09-06 14:04:00
20180906 14:05,491.0,491.0,491.0,491.0,111646,36.0,112366,10.0,5487270000.0,1770000.0,909,1678,2018-09-06 14:05:00
20180906 14:06,491.0,491.0,491.0,491.0,114966,3320.0,112454,88.0,5650280000.0,163010000.0,4857,3656,2018-09-06 14:06:00
20180906 14:07,491.0,492.0,491.0,491.5,116676,1710.0,112570,116.0,5734270000.0,83990000.0,5439,2982,2018-09-06 14:07:00
20180906 14:08,491.5,492.0,491.5,492.0,116742,66.0,112546,-24.0,5737520000.0,3250000.0,2456,1790,2018-09-06 14:08:00
20180906 14:09,492.0,492.0,492.0,492.0,116964,222.0,112754,208.0,5748440000.0,10920000.0,973,898,2018-09-06 14:09:00
20180906 14:10,491.5,491.5,491.5,491.5,116990,26.0,112768,14.0,5749720000.0,1280000.0,558,125,2018-09-06 14:10:00
20180906 14:11,491.5,491.5,491.5,491.5,116990,0.0,112768,0.0,5749720000.0,0.0,583,211,2018-09-06 14:11:00
20180906 14:12,491.5,491.5,491.5,491.5,116990,0.0,112768,0.0,5749720000.0,0.0,524,185,2018-09-06 14:12:00
20180906 14:13,491.5,492.5,491.5,492.5,117144,154.0,112684,-84.0,5757300000.0,7580000.0,476,623,2018-09-06 14:13:00
20180906 14:14,492.5,492.5,492.5,492.5,117148,4.0,112684,0.0,5757500000.0,200000.0,173,365,2018-09-06 14:14:00
20180906 14:15,492.5,493.0,492.5,493.0,117924,776.0,112948,264.0,5795710000.0,38210000.0,1956,1720,2018-09-06 14:15:00
20180906 14:16,493.0,493.0,493.0,493.0,119584,1660.0,112722,-226.0,5877550000.0,81840000.0,3226,2468,2018-09-06 14:16:00
20180906 14:17,493.0,493.0,492.5,492.5,119946,362.0,112878,156.0,5895380000.0,17830000.0,1155,5020,2018-09-06 14:17:00
20180906 14:18,492.5,492.5,492.0,492.0,122982,3036.0,112824,-54.0,6044870000.0,149490000.0,4481,11429,2018-09-06 14:18:00
20180906 14:19,492.0,492.0,492.0,492.0,123850,868.0,112868,44.0,6087570000.0,42700000.0,2980,6719,2018-09-06 14:19:00
20180906 14:20,492.0,492.5,492.0,492.5,124080,230.0,112950,82.0,6098900000.0,11330000.0,2214,7640,2018-09-06 14:20:00
20180906 14:21,492.5,492.5,492.5,492.5,124088,8.0,112958,8.0,6099290000.0,390000.0,266,1157,2018-09-06 14:21:00
20180906 14:22,492.5,492.5,492.5,492.5,124088,0.0,112958,0.0,6099290000.0,0.0,660,2078,2018-09-06 14:22:00
20180906 14:23,492.5,492.5,492.0,492.0,124108,20.0,112958,0.0,6100280000.0,990000.0,804,2289,2018-09-06 14:23:00
20180906 14:24,492.0,492.5,492.0,492.0,124150,42.0,113000,42.0,6102340000.0,2060000.0,1330,3129,2018-09-06 14:24:00
20180906 14:25,492.0,492.0,492.0,492.0,124152,2.0,113000,0.0,6102440000.0,100000.0,721,2061,2018-09-06 14:25:00
20180906 14:26,492.0,492.0,492.0,492.0,124152,0.0,113000,0.0,6102440000.0,0.0,123,412,2018-09-06 14:26:00
20180906 14:27,492.0,492.0,492.0,492.0,124152,0.0,113000,0.0,6102440000.0,0.0,572,1492,2018-09-06 14:27:00
20180906 14:28,492.0,493.5,492.0,493.5,124816,664.0,113206,206.0,6135180000.0,32740000.0,5137,1565,2018-09-06 14:28:00
20180906 14:29,493.5,493.5,493.5,493.5,124820,4.0,113202,-4.0,6135380000.0,200000.0,5099,3105,2018-09-06 14:29:00
20180906 14:30,493.5,494.5,493.5,494.5,125212,392.0,113234,32.0,6154750000.0,19370000.0,2829,2645,2018-09-06 14:30:00
20180906 14:31,494.5,494.5,493.5,493.5,125278,66.0,113220,-14.0,6158010000.0,3260000.0,1347,1144,2018-09-06 14:31:00
20180906 14:32,493.5,494.0,493.5,494.0,125302,24.0,113228,8.0,6159190000.0,1180000.0,611,2039,2018-09-06 14:32:00
20180906 14:33,494.0,494.0,493.5,493.5,125322,20.0,113208,-20.0,6160180000.0,990000.0,637,5557,2018-09-06 14:33:00
20180906 14:34,493.5,494.0,493.5,494.0,125330,8.0,113214,6.0,6160570000.0,390000.0,1069,4485,2018-09-06 14:34:00
20180906 14:35,494.0,494.0,493.5,494.0,125978,648.0,113334,120.0,6192590000.0,32020000.0,3672,6597,2018-09-06 14:35:00
20180906 14:36,494.0,494.0,494.0,494.0,125980,2.0,113334,0.0,6192680000.0,90000.0,5494,1220,2018-09-06 14:36:00
20180906 14:37,494.0,494.0,494.0,494.0,126206,226.0,113350,16.0,6203850000.0,11170000.0,3962,410,2018-09-06 14:37:00
20180906 14:38,494.0,494.0,494.0,494.0,128670,2464.0,113412,62.0,6325570000.0,121720000.0,4075,7722,2018-09-06 14:38:00
20180906 14:39,494.0,494.0,494.0,494.0,128744,74.0,113414,2.0,6329230000.0,3660000.0,3766,887,2018-09-06 14:39:00
20180906 14:40,494.0,494.0,494.0,494.0,128744,0.0,113414,0.0,6329230000.0,0.0,1594,605,2018-09-06 14:40:00
20180906 14:41,494.0,494.0,494.0,494.0,128744,0.0,113414,0.0,6329230000.0,0.0,1076,337,2018-09-06 14:41:00
20180906 14:42,494.0,494.5,494.0,494.0,129126,382.0,113392,-22.0,6348100000.0,18870000.0,6220,1820,2018-09-06 14:42:00
20180906 14:43,494.0,494.0,494.0,494.0,129296,170.0,113348,-44.0,6356500000.0,8400000.0,2897,1932,2018-09-06 14:43:00
20180906 14:44,494.0,495.0,493.5,495.0,129504,208.0,113288,-60.0,6366780000.0,10280000.0,2355,2155,2018-09-06 14:44:00
20180906 14:45,495.0,496.0,495.0,496.0,130228,724.0,113378,90.0,6402640000.0,35860000.0,4832,8806,2018-09-06 14:45:00
20180906 14:46,496.0,496.0,495.0,495.0,130384,156.0,113372,-6.0,6410360000.0,7720000.0,3621,4911,2018-09-06 14:46:00
20180906 14:47,495.0,495.0,495.0,495.0,130694,310.0,113252,-120.0,6425700000.0,15340000.0,2263,4254,2018-09-06 14:47:00
20180906 14:48,495.0,497.0,495.0,496.0,131372,678.0,113630,378.0,6459340000.0,33640000.0,3293,12803,2018-09-06 14:48:00
20180906 14:49,496.0,496.5,495.5,496.0,131806,434.0,113768,138.0,6480860000.0,21520000.0,3270,3783,2018-09-06 14:49:00
20180906 14:50,496.5,496.5,495.0,495.0,132520,714.0,113752,-16.0,6516260000.0,35400000.0,2318,5113,2018-09-06 14:50:00
20180906 14:51,495.0,495.5,495.0,495.5,133166,646.0,113768,16.0,6548250000.0,31990000.0,6541,2582,2018-09-06 14:51:00
20180906 14:52,495.0,495.5,495.0,495.0,133210,44.0,113786,18.0,6550430000.0,2180000.0,1628,1778,2018-09-06 14:52:00
20180906 14:53,495.0,495.5,495.0,495.5,133472,262.0,113788,2.0,6563410000.0,12980000.0,1256,2158,2018-09-06 14:53:00
20180906 14:54,495.5,495.5,495.0,495.0,134774,1302.0,113566,-222.0,6627930000.0,64520000.0,967,2744,2018-09-06 14:54:00
20180906 14:55,495.0,496.5,495.0,496.5,134904,130.0,113594,28.0,6634370000.0,6440000.0,1592,1703,2018-09-06 14:55:00
20180906 14:56,496.5,497.0,496.5,496.5,135182,278.0,113692,98.0,6648170000.0,13800000.0,3665,1822,2018-09-06 14:56:00
20180906 14:57,496.5,496.5,496.0,496.5,135254,72.0,113664,-28.0,6651750000.0,3580000.0,1481,1568,2018-09-06 14:57:00
20180906 14:58,496.5,497.0,496.5,496.5,136498,1244.0,113934,270.0,6713510000.0,61760000.0,530,1643,2018-09-06 14:58:00
20180906 14:59,496.5,497.5,496.0,497.5,136688,190.0,113844,-90.0,6722950000.0,9440000.0,3374,1670,2018-09-06 14:59:00
20180906 15:00,497.5,497.5,497.5,497.5,136688,0.0,113844,0.0,6722950000.0,0.0,10,14,2018-09-06 15:00:00
20180906 20:59,484.0,484.0,484.0,484.0,2618,2618.0,109334,-4510.0,126711000.0,126711000.0,3,2,2018-09-06 20:59:00
20180906 21:00,485.0,485.5,485.0,485.0,2706,88.0,109358,24.0,130982000.0,4271000.0,1140,4019,2018-09-06 21:00:00
20180906 21:01,485.0,485.0,484.5,484.5,2758,52.0,109384,26.0,133502000.0,2520000.0,1958,1050,2018-09-06 21:01:00
20180906 21:02,484.5,485.0,484.5,484.5,2772,14.0,109382,-2.0,134180000.0,678000.0,1226,4668,2018-09-06 21:02:00
20180906 21:03,484.5,484.5,484.5,484.5,2996,224.0,109370,-12.0,145033000.0,10853000.0,2098,3256,2018-09-06 21:03:00
20180906 21:04,484.5,484.5,484.5,484.5,2996,0.0,109370,0.0,145033000.0,0.0,821,522,2018-09-06 21:04:00
20180906 21:05,484.5,485.0,484.5,485.0,3622,626.0,108864,-506.0,175394000.0,30361000.0,730,801,2018-09-06 21:05:00
20180906 21:06,485.0,485.5,485.0,485.0,3664,42.0,108844,-20.0,177431000.0,2037000.0,1050,330,2018-09-06 21:06:00
20180906 21:07,485.0,485.0,485.0,485.0,3666,2.0,108844,0.0,177528000.0,97000.0,804,158,2018-09-06 21:07:00
20180906 21:08,485.0,485.0,485.0,485.0,3666,0.0,108844,0.0,177528000.0,0.0,756,127,2018-09-06 21:08:00
20180906 21:09,485.0,485.5,485.0,485.5,3668,2.0,108846,2.0,177625000.0,97000.0,904,355,2018-09-06 21:09:00
20180906 21:10,485.5,485.5,485.5,485.5,3668,0.0,108846,0.0,177625000.0,0.0,1104,541,2018-09-06 21:10:00
20180906 21:11,485.5,485.5,485.5,485.5,3668,0.0,108846,0.0,177625000.0,0.0,781,587,2018-09-06 21:11:00
20180906 21:12,485.5,485.5,485.5,485.5,3736,68.0,108860,14.0,180927000.0,3302000.0,1306,1222,2018-09-06 21:12:00
20180906 21:13,485.5,485.5,485.5,485.5,3810,74.0,108830,-30.0,184519000.0,3592000.0,2494,884,2018-09-06 21:13:00
20180906 21:14,485.5,485.5,485.0,485.0,3814,4.0,108832,2.0,184713000.0,194000.0,767,833,2018-09-06 21:14:00
20180906 21:15,485.0,485.5,485.0,485.5,3830,16.0,108836,4.0,185490000.0,777000.0,535,1106,2018-09-06 21:15:00
20180906 21:16,485.5,485.5,485.5,485.5,3834,4.0,108836,0.0,185684000.0,194000.0,325,1040,2018-09-06 21:16:00
20180906 21:17,485.5,486.0,485.5,486.0,3916,82.0,108880,44.0,189668000.0,3984000.0,802,1175,2018-09-06 21:17:00
20180906 21:18,486.0,486.0,486.0,486.0,3916,0.0,108880,0.0,189668000.0,0.0,286,850,2018-09-06 21:18:00
20180906 21:19,486.0,486.0,486.0,486.0,3916,0.0,108880,0.0,189668000.0,0.0,504,614,2018-09-06 21:19:00
20180906 21:20,486.0,486.0,485.5,485.5,3936,20.0,108870,-10.0,190639000.0,971000.0,674,637,2018-09-06 21:20:00
20180906 21:21,485.5,485.5,485.5,485.5,3936,0.0,108870,0.0,190639000.0,0.0,995,1112,2018-09-06 21:21:00
20180906 21:22,485.5,486.0,485.5,486.0,3942,6.0,108872,2.0,190930000.0,291000.0,1112,956,2018-09-06 21:22:00
20180906 21:23,486.0,486.0,486.0,486.0,4572,630.0,109060,188.0,221548000.0,30618000.0,467,1211,2018-09-06 21:23:00
20180906 21:24,486.0,487.0,486.0,486.5,4640,68.0,109084,24.0,224857000.0,3309000.0,1348,765,2018-09-06 21:24:00
20180906 21:25,486.5,489.5,486.5,489.5,5448,808.0,109046,-38.0,264260000.0,39403000.0,2217,4622,2018-09-06 21:25:00
20180906 21:26,489.5,489.5,488.0,488.5,6582,1134.0,109652,606.0,319694000.0,55434000.0,3389,2939,2018-09-06 21:26:00
20180906 21:27,488.5,488.5,488.0,488.0,6676,94.0,109730,78.0,324281000.0,4587000.0,3428,1864,2018-09-06 21:27:00
20180906 21:28,488.0,488.0,488.0,488.0,6678,2.0,109728,-2.0,324379000.0,98000.0,1581,574,2018-09-06 21:28:00
20180906 21:29,488.0,489.0,488.0,489.0,6822,144.0,109702,-26.0,331415000.0,7036000.0,1184,964,2018-09-06 21:29:00
20180906 21:30,489.0,490.0,489.0,489.0,7906,1084.0,109010,-692.0,384472000.0,53057000.0,2881,3649,2018-09-06 21:30:00
20180906 21:31,489.0,490.0,489.0,489.5,8854,948.0,109136,126.0,430876000.0,46404000.0,2015,3089,2018-09-06 21:31:00
20180906 21:32,489.5,489.5,488.5,489.5,9462,608.0,109250,114.0,460626000.0,29750000.0,2554,3092,2018-09-06 21:32:00
20180906 21:33,489.5,490.5,489.5,490.5,9514,52.0,109226,-24.0,463174000.0,2548000.0,3914,2104,2018-09-06 21:33:00
20180906 21:34,490.5,490.5,489.5,489.5,10428,914.0,109004,-222.0,507951000.0,44777000.0,2744,2792,2018-09-06 21:34:00
20180906 21:35,489.5,489.5,489.5,489.5,10428,0.0,109004,0.0,507951000.0,0.0,479,718,2018-09-06 21:35:00
20180906 21:36,489.0,489.5,489.0,489.0,10492,64.0,108976,-28.0,511081000.0,3130000.0,561,1054,2018-09-06 21:36:00
20180906 21:37,489.0,489.0,488.0,489.0,12284,1792.0,108916,-60.0,598658000.0,87577000.0,4041,2889,2018-09-06 21:37:00
20180906 21:38,489.0,489.0,488.5,488.5,13000,716.0,109134,218.0,633635000.0,34977000.0,2600,2207,2018-09-06 21:38:00
20180906 21:39,488.5,489.5,488.5,489.5,13012,12.0,109136,2.0,634222000.0,587000.0,984,1252,2018-09-06 21:39:00
20180906 21:40,489.5,489.5,489.5,489.5,13014,2.0,109136,0.0,634319000.0,97000.0,629,780,2018-09-06 21:40:00
20180906 21:41,489.0,489.0,489.0,489.0,13018,4.0,109140,4.0,634515000.0,196000.0,494,212,2018-09-06 21:41:00
20180906 21:42,489.0,489.5,489.0,489.5,14346,1328.0,109218,78.0,699491000.0,64976000.0,1731,1544,2018-09-06 21:42:00
20180906 21:43,489.5,489.5,489.5,489.5,14428,82.0,109236,18.0,703505000.0,4014000.0,352,455,2018-09-06 21:43:00
20180906 21:44,489.5,489.5,489.5,489.5,14428,0.0,109236,0.0,703505000.0,0.0,185,292,2018-09-06 21:44:00
20180906 21:45,489.5,489.5,489.5,489.5,14428,0.0,109236,0.0,703505000.0,0.0,128,195,2018-09-06 21:45:00
20180906 21:46,489.5,489.5,489.0,489.0,14430,2.0,109236,0.0,703603000.0,98000.0,245,195,2018-09-06 21:46:00
20180906 21:47,489.0,489.5,489.0,489.5,14442,12.0,109236,0.0,704191000.0,588000.0,381,288,2018-09-06 21:47:00
20180906 21:48,489.5,490.5,489.5,490.5,15366,924.0,109002,-234.0,749429000.0,45238000.0,1667,1316,2018-09-06 21:48:00
20180906 21:49,490.5,491.0,490.5,491.0,15502,136.0,109026,24.0,756102000.0,6673000.0,1009,2392,2018-09-06 21:49:00
20180906 21:50,491.0,491.0,491.0,491.0,16372,870.0,109760,734.0,798820000.0,42718000.0,4176,2550,2018-09-06 21:50:00
20180906 21:51,490.5,491.0,490.5,491.0,16550,178.0,109804,44.0,807559000.0,8739000.0,1084,4363,2018-09-06 21:51:00
20180906 21:52,491.0,491.0,490.5,490.5,16722,172.0,109796,-8.0,816000000.0,8441000.0,1144,1491,2018-09-06 21:52:00
20180906 21:53,490.5,490.5,490.0,490.0,16730,8.0,109804,8.0,816392000.0,392000.0,1251,478,2018-09-06 21:53:00
20180906 21:54,490.0,490.0,490.0,490.0,17472,742.0,109088,-716.0,852750000.0,36358000.0,1155,932,2018-09-06 21:54:00
20180906 21:55,490.0,490.0,490.0,490.0,19564,2092.0,109894,806.0,955258000.0,102508000.0,1003,2782,2018-09-06 21:55:00
20180906 21:56,490.0,490.5,490.0,490.5,19742,178.0,109926,32.0,963986000.0,8728000.0,1957,4852,2018-09-06 21:56:00
20180906 21:57,490.5,490.5,490.5,490.5,19746,4.0,109922,-4.0,964183000.0,197000.0,366,459,2018-09-06 21:57:00
20180906 21:58,490.5,491.0,490.5,491.0,19784,38.0,109918,-4.0,966048000.0,1865000.0,685,970,2018-09-06 21:58:00
20180906 21:59,491.0,493.5,491.0,493.0,21856,2072.0,109476,-442.0,1068060000.0,102012000.0,6630,3951,2018-09-06 21:59:00
20180906 22:00,493.0,494.0,492.5,492.5,22128,272.0,109408,-68.0,1081470000.0,13410000.0,7085,3050,2018-09-06 22:00:00
20180906 22:01,492.5,492.5,492.5,492.5,22926,798.0,110170,762.0,1120780000.0,39310000.0,4332,2660,2018-09-06 22:01:00
20180906 22:02,492.5,492.5,492.0,492.5,23982,1056.0,110054,-116.0,1172780000.0,52000000.0,622,6449,2018-09-06 22:02:00
20180906 22:03,492.5,492.5,492.5,492.5,25768,1786.0,109992,-62.0,1260740000.0,87960000.0,5601,3506,2018-09-06 22:03:00
20180906 22:04,492.5,492.5,492.5,492.5,25856,88.0,110058,66.0,1265080000.0,4340000.0,1152,2753,2018-09-06 22:04:00
20180906 22:05,492.5,492.5,492.5,492.5,25970,114.0,110010,-48.0,1270690000.0,5610000.0,4864,1036,2018-09-06 22:05:00
20180906 22:06,492.5,492.5,492.5,492.5,25972,2.0,110012,2.0,1270790000.0,100000.0,3399,807,2018-09-06 22:06:00
20180906 22:07,492.5,493.0,492.5,493.0,26862,890.0,109268,-744.0,1314670000.0,43880000.0,5185,3256,2018-09-06 22:07:00
20180906 22:08,493.0,493.0,492.0,492.0,27294,432.0,109114,-154.0,1335930000.0,21260000.0,7068,4102,2018-09-06 22:08:00
20180906 22:09,492.0,492.5,492.0,492.5,27422,128.0,109136,22.0,1342230000.0,6300000.0,6601,3226,2018-09-06 22:09:00
20180906 22:10,492.5,492.5,491.5,491.5,27602,180.0,109072,-64.0,1351080000.0,8850000.0,3037,1195,2018-09-06 22:10:00
20180906 22:11,491.5,492.0,491.5,491.5,28438,836.0,109206,134.0,1392170000.0,41090000.0,3046,3222,2018-09-06 22:11:00
20180906 22:12,491.5,491.5,491.0,491.0,29666,1228.0,109212,6.0,1452520000.0,60350000.0,3271,8625,2018-09-06 22:12:00
20180906 22:13,491.0,491.0,491.0,491.0,29668,2.0,109214,2.0,1452620000.0,100000.0,2305,3772,2018-09-06 22:13:00
20180906 22:14,491.0,491.0,491.0,491.0,29670,2.0,109214,0.0,1452720000.0,100000.0,1103,3736,2018-09-06 22:14:00
20180906 22:15,491.0,491.0,491.0,491.0,31478,1808.0,109970,756.0,1541490000.0,88770000.0,940,2870,2018-09-06 22:15:00
20180906 22:16,491.0,491.0,491.0,491.0,34968,3490.0,109396,-574.0,1712850000.0,171360000.0,2783,4770,2018-09-06 22:16:00
20180906 22:17,491.0,491.0,491.0,491.0,35828,860.0,110122,726.0,1755070000.0,42220000.0,3943,1847,2018-09-06 22:17:00
20180906 22:18,491.0,491.0,491.0,491.0,35828,0.0,110122,0.0,1755070000.0,0.0,746,762,2018-09-06 22:18:00
20180906 22:19,491.0,491.0,491.0,491.0,35940,112.0,110094,-28.0,1760570000.0,5500000.0,926,1750,2018-09-06 22:19:00
20180906 22:20,491.0,491.0,491.0,491.0,36024,84.0,110124,30.0,1764700000.0,4130000.0,502,901,2018-09-06 22:20:00
20180906 22:21,491.0,491.0,490.5,491.0,36172,148.0,110210,86.0,1771960000.0,7260000.0,704,1178,2018-09-06 22:21:00
20180906 22:22,491.0,491.0,491.0,491.0,36180,8.0,110218,8.0,1772360000.0,400000.0,687,1158,2018-09-06 22:22:00
20180906 22:23,491.0,491.0,490.5,490.5,37118,938.0,109442,-776.0,1818370000.0,46010000.0,4963,1130,2018-09-06 22:23:00
20180906 22:24,490.5,491.0,490.5,491.0,37986,868.0,110138,696.0,1860990000.0,42620000.0,3419,1271,2018-09-06 22:24:00
20180906 22:25,491.0,491.0,491.0,491.0,37994,8.0,110130,-8.0,1861380000.0,390000.0,873,1252,2018-09-06 22:25:00
20180906 22:26,491.0,491.0,491.0,491.0,38000,6.0,110130,0.0,1861670000.0,290000.0,464,832,2018-09-06 22:26:00
20180906 22:27,491.0,491.0,491.0,491.0,38010,10.0,110128,-2.0,1862160000.0,490000.0,537,1112,2018-09-06 22:27:00
20180906 22:28,491.0,491.0,491.0,491.0,38012,2.0,110128,0.0,1862260000.0,100000.0,60,132,2018-09-06 22:28:00
20180906 22:29,491.0,491.0,491.0,491.0,38106,94.0,110064,-64.0,1866880000.0,4620000.0,486,993,2018-09-06 22:29:00
20180906 22:30,491.0,491.5,491.0,491.5,38110,4.0,110066,2.0,1867070000.0,190000.0,394,873,2018-09-06 22:30:00
20180906 22:31,491.5,491.5,491.5,491.5,38112,2.0,110066,0.0,1867170000.0,100000.0,410,615,2018-09-06 22:31:00
20180906 22:32,491.5,491.5,491.5,491.5,38112,0.0,110066,0.0,1867170000.0,0.0,403,932,2018-09-06 22:32:00
20180906 22:33,491.5,491.5,491.0,491.0,38118,6.0,110066,0.0,1867470000.0,300000.0,316,911,2018-09-06 22:33:00
20180906 22:34,491.5,491.5,491.5,491.5,38120,2.0,110066,0.0,1867560000.0,90000.0,86,258,2018-09-06 22:34:00
20180906 22:35,491.5,491.5,491.5,491.5,38120,0.0,110066,0.0,1867560000.0,0.0,90,256,2018-09-06 22:35:00
20180906 22:36,491.5,491.5,491.5,491.5,38150,30.0,110038,-28.0,1869040000.0,1480000.0,1625,575,2018-09-06 22:36:00
20180906 22:37,491.5,491.5,491.5,491.5,38150,0.0,110038,0.0,1869040000.0,0.0,368,61,2018-09-06 22:37:00
20180906 22:39,491.5,491.5,491.5,491.5,38150,0.0,110038,0.0,1869040000.0,0.0,368,62,2018-09-06 22:39:00
20180906 22:40,491.5,491.5,491.5,491.5,38162,12.0,110030,-8.0,1869630000.0,590000.0,3480,804,2018-09-06 22:40:00
20180906 22:41,491.5,491.5,491.5,491.5,38242,80.0,110068,38.0,1873560000.0,3930000.0,1041,151,2018-09-06 22:41:00
20180906 22:42,491.5,491.5,491.5,491.5,38242,0.0,110068,0.0,1873560000.0,0.0,1735,359,2018-09-06 22:42:00
20180906 22:43,491.5,491.5,491.5,491.5,38248,6.0,110070,2.0,1873860000.0,300000.0,2534,523,2018-09-06 22:43:00
20180906 22:44,491.5,491.5,491.5,491.5,38250,2.0,110070,0.0,1873950000.0,90000.0,1086,193,2018-09-06 22:44:00
20180906 22:45,491.5,491.5,491.5,491.5,38254,4.0,110070,0.0,1874150000.0,200000.0,1814,328,2018-09-06 22:45:00
20180906 22:46,491.5,492.0,491.5,492.0,38256,2.0,110068,-2.0,1874250000.0,100000.0,1087,302,2018-09-06 22:46:00
20180906 22:47,492.0,492.0,492.0,492.0,38256,0.0,110068,0.0,1874250000.0,0.0,2176,578,2018-09-06 22:47:00
20180906 22:48,492.0,492.0,492.0,492.0,38256,0.0,110068,0.0,1874250000.0,0.0,1810,497,2018-09-06 22:48:00
20180906 22:50,492.0,492.0,492.0,492.0,38256,0.0,110068,0.0,1874250000.0,0.0,363,76,2018-09-06 22:50:00
20180906 22:51,492.0,492.0,492.0,492.0,38256,0.0,110068,0.0,1874250000.0,0.0,363,99,2018-09-06 22:51:00
20180906 22:52,492.0,492.0,491.5,491.5,38258,2.0,110068,0.0,1874350000.0,100000.0,1815,309,2018-09-06 22:52:00
20180906 22:53,491.5,491.5,491.5,491.5,38260,2.0,110070,2.0,1874450000.0,100000.0,363,57,2018-09-06 22:53:00
20180906 22:54,491.5,491.5,491.5,491.5,38260,0.0,110070,0.0,1874450000.0,0.0,363,59,2018-09-06 22:54:00
20180906 22:55,491.5,491.5,491.5,491.5,38302,42.0,110034,-36.0,1876510000.0,2060000.0,1811,364,2018-09-06 22:55:00
20180906 22:56,491.5,491.5,491.5,491.5,38302,0.0,110034,0.0,1876510000.0,0.0,724,207,2018-09-06 22:56:00
20180906 22:57,491.5,491.5,491.5,491.5,38304,2.0,110036,2.0,1876610000.0,100000.0,724,171,2018-09-06 22:57:00
20180906 22:58,492.0,492.0,491.5,491.5,38394,90.0,109976,-60.0,1881040000.0,4430000.0,2779,1014,2018-09-06 22:58:00
20180906 22:59,491.5,491.5,491.5,491.5,38394,0.0,109976,0.0,1881040000.0,0.0,698,263,2018-09-06 22:59:00
20180906 23:00,492.0,492.0,491.5,491.5,38414,20.0,109976,0.0,1882020000.0,980000.0,1026,437,2018-09-06 23:00:00
20180906 23:03,491.5,491.5,491.5,491.5,38414,0.0,109976,0.0,1882020000.0,0.0,655,292,2018-09-06 23:03:00
20180906 23:04,491.5,491.5,491.5,491.5,38414,0.0,109976,0.0,1882020000.0,0.0,1972,742,2018-09-06 23:04:00
20180906 23:05,491.5,491.5,491.5,491.5,38536,122.0,110086,110.0,1888020000.0,6000000.0,2966,815,2018-09-06 23:05:00
20180906 23:06,491.5,491.5,491.5,491.5,38536,0.0,110086,0.0,1888020000.0,0.0,1312,538,2018-09-06 23:06:00
20180906 23:07,491.5,492.0,491.5,491.5,38560,24.0,110094,8.0,1889200000.0,1180000.0,2911,1540,2018-09-06 23:07:00
20180906 23:08,491.5,491.5,491.5,491.5,38560,0.0,110094,0.0,1889200000.0,0.0,668,309,2018-09-06 23:08:00
20180906 23:09,491.5,491.5,491.5,491.5,38560,0.0,110094,0.0,1889200000.0,0.0,333,155,2018-09-06 23:09:00
20180906 23:11,491.5,491.5,491.5,491.5,38560,0.0,110094,0.0,1889200000.0,0.0,1381,648,2018-09-06 23:11:00
20180906 23:12,491.5,491.5,491.5,491.5,38560,0.0,110094,0.0,1889200000.0,0.0,2089,1048,2018-09-06 23:12:00
20180906 23:13,491.5,491.5,491.5,491.5,38560,0.0,110094,0.0,1889200000.0,0.0,763,526,2018-09-06 23:13:00
20180906 23:14,491.5,491.5,491.5,491.5,38560,0.0,110094,0.0,1889200000.0,0.0,1535,1052,2018-09-06 23:14:00
20180906 23:18,491.5,491.5,491.5,491.5,38560,0.0,110094,0.0,1889200000.0,0.0,765,533,2018-09-06 23:18:00
20180906 23:20,491.5,491.5,491.5,491.5,38580,20.0,110090,-4.0,1890180000.0,980000.0,510,338,2018-09-06 23:20:00
20180906 23:21,491.5,491.5,491.5,491.5,38580,0.0,110090,0.0,1890180000.0,0.0,255,179,2018-09-06 23:21:00
20180906 23:22,491.5,491.5,491.5,491.5,38580,0.0,110090,0.0,1890180000.0,0.0,452,311,2018-09-06 23:22:00
20180906 23:23,491.5,492.0,491.5,492.0,39826,1246.0,110184,94.0,1951480000.0,61300000.0,3389,1040,2018-09-06 23:23:00
20180906 23:24,492.0,492.0,492.0,492.0,39826,0.0,110184,0.0,1951480000.0,0.0,1401,364,2018-09-06 23:24:00
20180906 23:25,492.0,492.0,492.0,492.0,39972,146.0,110144,-40.0,1958670000.0,7190000.0,5502,1397,2018-09-06 23:25:00
20180906 23:26,492.0,492.0,492.0,492.0,39972,0.0,110144,0.0,1958670000.0,0.0,1853,366,2018-09-06 23:26:00
20180906 23:27,492.5,492.5,492.0,492.0,39992,20.0,110142,-2.0,1959650000.0,980000.0,3659,817,2018-09-06 23:27:00
20180906 23:28,492.5,492.5,492.0,492.5,40016,24.0,110134,-8.0,1960830000.0,1180000.0,2259,604,2018-09-06 23:28:00
20180906 23:29,492.5,492.5,492.0,492.5,40112,96.0,110094,-40.0,1965560000.0,4730000.0,7710,2836,2018-09-06 23:29:00
20180906 23:30,492.5,492.5,492.5,492.5,40112,0.0,110094,0.0,1965560000.0,0.0,415,154,2018-09-06 23:30:00
20180907 09:00,497.5,497.5,497.0,497.0,69928,29816.0,114676,4582.0,3475640000.0,1510080000.0,1279,1127,2018-09-07 09:00:00
20180907 09:01,497.0,498.5,497.0,497.5,70510,582.0,114544,-132.0,3504610000.0,28970000.0,1155,845,2018-09-07 09:01:00
20180907 09:02,497.5,497.5,496.5,497.0,70750,240.0,114582,38.0,3516540000.0,11930000.0,1293,2509,2018-09-07 09:02:00
20180907 09:03,497.0,497.0,496.5,496.5,71638,888.0,115266,684.0,3560630000.0,44090000.0,1885,4352,2018-09-07 09:03:00
20180907 09:04,496.5,496.5,496.0,496.0,71700,62.0,115250,-16.0,3563710000.0,3080000.0,1567,5065,2018-09-07 09:04:00
20180907 09:05,496.0,496.5,496.0,496.5,71894,194.0,115228,-22.0,3573340000.0,9630000.0,1672,6575,2018-09-07 09:05:00
20180907 09:06,496.5,497.0,496.5,497.0,72780,886.0,114428,-800.0,3617330000.0,43990000.0,2365,1647,2018-09-07 09:06:00
20180907 09:07,497.0,497.0,497.0,497.0,72788,8.0,114426,-2.0,3617730000.0,400000.0,3207,2432,2018-09-07 09:07:00
20180907 09:08,497.0,497.0,496.5,496.5,73668,880.0,115092,666.0,3661420000.0,43690000.0,2062,3840,2018-09-07 09:08:00
20180907 09:09,496.5,497.0,496.5,497.0,73784,116.0,115118,26.0,3667180000.0,5760000.0,2037,3717,2018-09-07 09:09:00
20180907 09:10,497.0,497.0,497.0,497.0,73784,0.0,115118,0.0,3667180000.0,0.0,995,1782,2018-09-07 09:10:00
20180907 09:11,497.0,497.0,497.0,497.0,73884,100.0,115118,0.0,3672150000.0,4970000.0,1615,3279,2018-09-07 09:11:00
20180907 09:12,497.0,497.0,497.0,497.0,73888,4.0,115118,0.0,3672350000.0,200000.0,300,945,2018-09-07 09:12:00
20180907 09:13,497.0,497.0,497.0,497.0,74732,844.0,114426,-692.0,3714300000.0,41950000.0,1231,1925,2018-09-07 09:13:00
20180907 09:14,497.0,497.0,497.0,497.0,74880,148.0,114378,-48.0,3721650000.0,7350000.0,2593,2420,2018-09-07 09:14:00
20180907 09:15,497.0,497.0,497.0,497.0,74928,48.0,114394,16.0,3724040000.0,2390000.0,3459,5992,2018-09-07 09:15:00
20180907 09:16,497.0,497.0,496.5,496.5,75086,158.0,114454,60.0,3731880000.0,7840000.0,755,1070,2018-09-07 09:16:00
20180907 09:17,496.5,497.0,496.5,497.0,75092,6.0,114456,2.0,3732180000.0,300000.0,527,661,2018-09-07 09:17:00
20180907 09:18,497.0,497.5,497.0,497.5,75216,124.0,114504,48.0,3738350000.0,6170000.0,922,815,2018-09-07 09:18:00
20180907 09:19,497.5,497.5,497.5,497.5,75836,620.0,114380,-124.0,3769190000.0,30840000.0,1179,1166,2018-09-07 09:19:00
20180907 09:20,497.5,497.5,497.5,497.5,76820,984.0,115084,704.0,3818140000.0,48950000.0,2596,5056,2018-09-07 09:20:00
20180907 09:21,497.5,497.5,497.5,497.5,76914,94.0,115102,18.0,3822820000.0,4680000.0,936,3008,2018-09-07 09:21:00
20180907 09:22,497.5,498.0,497.5,498.0,77018,104.0,115044,-58.0,3828000000.0,5180000.0,1435,1148,2018-09-07 09:22:00
20180907 09:23,498.0,498.0,497.5,498.0,77276,258.0,114938,-106.0,3840830000.0,12830000.0,2369,1045,2018-09-07 09:23:00
20180907 09:24,497.5,497.5,497.0,497.0,77496,220.0,114968,30.0,3851770000.0,10940000.0,2333,1732,2018-09-07 09:24:00
20180907 09:25,497.0,497.5,497.0,497.5,77498,2.0,114968,0.0,3851870000.0,100000.0,988,516,2018-09-07 09:25:00
20180907 09:26,497.5,497.5,497.0,497.0,78356,858.0,114212,-756.0,3894510000.0,42640000.0,1283,1790,2018-09-07 09:26:00
20180907 09:27,497.0,497.5,497.0,497.5,78360,4.0,114212,0.0,3894710000.0,200000.0,311,430,2018-09-07 09:27:00
20180907 09:28,497.5,498.0,497.5,497.5,83526,5166.0,114872,660.0,4151720000.0,257010000.0,2768,10424,2018-09-07 09:28:00
20180907 09:29,497.5,498.0,497.5,498.0,84124,598.0,114888,16.0,4181470000.0,29750000.0,3907,2775,2018-09-07 09:29:00
20180907 09:30,498.0,498.0,498.0,498.0,86598,2474.0,114938,50.0,4304670000.0,123200000.0,5069,3277,2018-09-07 09:30:00
20180907 09:31,498.0,498.5,497.5,497.5,86786,188.0,114930,-8.0,4314030000.0,9360000.0,5253,1171,2018-09-07 09:31:00
20180907 09:32,497.5,498.0,497.5,498.0,86800,14.0,114934,4.0,4314730000.0,700000.0,2789,615,2018-09-07 09:32:00
20180907 09:33,497.5,497.5,496.5,496.5,88306,1506.0,114208,-726.0,4389540000.0,74810000.0,1930,4030,2018-09-07 09:33:00
20180907 09:34,496.5,497.0,496.5,496.5,88422,116.0,114194,-14.0,4395300000.0,5760000.0,3443,1750,2018-09-07 09:34:00
20180907 09:35,496.5,496.5,496.5,496.5,88428,6.0,114194,0.0,4395600000.0,300000.0,2196,994,2018-09-07 09:35:00
20180907 09:36,496.5,496.5,496.5,496.5,89412,984.0,115032,838.0,4444450000.0,48850000.0,2506,2763,2018-09-07 09:36:00
20180907 09:37,496.5,496.5,496.0,496.0,89424,12.0,115020,-12.0,4445050000.0,600000.0,338,1665,2018-09-07 09:37:00
20180907 09:38,496.5,496.5,496.5,496.5,90472,1048.0,114298,-722.0,4497080000.0,52030000.0,5374,3847,2018-09-07 09:38:00
20180907 09:39,496.5,496.5,496.0,496.0,91532,1060.0,114898,600.0,4549710000.0,52630000.0,4557,3707,2018-09-07 09:39:00
20180907 09:40,496.0,496.0,495.5,496.0,91556,24.0,114880,-18.0,4550900000.0,1190000.0,2282,2861,2018-09-07 09:40:00
20180907 09:41,496.0,496.0,496.0,496.0,91620,64.0,114838,-42.0,4554070000.0,3170000.0,575,2339,2018-09-07 09:41:00
20180907 09:42,496.0,496.0,496.0,496.0,91808,188.0,114874,36.0,4563390000.0,9320000.0,783,704,2018-09-07 09:42:00
20180907 09:43,496.0,496.5,496.0,496.5,92330,522.0,114796,-78.0,4589290000.0,25900000.0,6737,2902,2018-09-07 09:43:00
20180907 09:44,496.5,496.5,496.5,496.5,92336,6.0,114796,0.0,4589590000.0,300000.0,1219,664,2018-09-07 09:44:00
20180907 09:45,496.5,496.5,496.5,496.5,94060,1724.0,114160,-636.0,4675180000.0,85590000.0,4877,6909,2018-09-07 09:45:00
20180907 09:46,496.5,496.5,496.5,496.5,94060,0.0,114160,0.0,4675180000.0,0.0,378,1043,2018-09-07 09:46:00
20180907 09:47,496.5,496.5,496.5,496.5,94166,106.0,114100,-60.0,4680450000.0,5270000.0,693,967,2018-09-07 09:47:00
20180907 09:48,496.5,496.5,496.5,496.5,94186,20.0,114084,-16.0,4681440000.0,990000.0,1534,1040,2018-09-07 09:48:00
20180907 09:49,496.5,496.5,496.5,496.5,94186,0.0,114084,0.0,4681440000.0,0.0,639,499,2018-09-07 09:49:00
20180907 09:50,496.5,496.5,496.5,496.5,94190,4.0,114080,-4.0,4681640000.0,200000.0,818,552,2018-09-07 09:50:00
20180907 09:51,496.5,496.5,496.5,496.5,94190,0.0,114080,0.0,4681640000.0,0.0,414,236,2018-09-07 09:51:00
20180907 09:52,496.5,496.5,496.5,496.5,94192,2.0,114078,-2.0,4681740000.0,100000.0,300,179,2018-09-07 09:52:00
20180907 09:53,496.5,496.5,496.5,496.5,94192,0.0,114078,0.0,4681740000.0,0.0,398,311,2018-09-07 09:53:00
20180907 09:54,496.5,497.0,496.5,497.0,94270,78.0,114148,70.0,4685610000.0,3870000.0,677,2611,2018-09-07 09:54:00
20180907 09:55,497.0,497.0,496.5,496.5,94286,16.0,114148,0.0,4686410000.0,800000.0,1223,5353,2018-09-07 09:55:00
20180907 09:56,496.5,496.5,496.5,496.5,94286,0.0,114148,0.0,4686410000.0,0.0,758,2098,2018-09-07 09:56:00
20180907 09:57,496.5,496.5,496.5,496.5,94434,148.0,114114,-34.0,4693760000.0,7350000.0,1702,5812,2018-09-07 09:57:00
20180907 09:58,496.5,496.5,496.5,496.5,94436,2.0,114116,2.0,4693860000.0,100000.0,1023,3629,2018-09-07 09:58:00
20180907 09:59,496.5,496.5,496.5,496.5,95384,948.0,114158,42.0,4740920000.0,47060000.0,4128,8307,2018-09-07 09:59:00
20180907 10:00,496.5,497.0,496.0,496.0,96080,696.0,114324,166.0,4775480000.0,34560000.0,6356,6449,2018-09-07 10:00:00
20180907 10:01,496.0,496.0,496.0,496.0,96080,0.0,114324,0.0,4775480000.0,0.0,656,668,2018-09-07 10:01:00
20180907 10:02,496.0,496.0,496.0,496.0,96080,0.0,114324,0.0,4775480000.0,0.0,177,167,2018-09-07 10:02:00
20180907 10:03,496.0,496.0,496.0,496.0,96080,0.0,114324,0.0,4775480000.0,0.0,1234,831,2018-09-07 10:03:00
20180907 10:04,496.0,496.0,496.0,496.0,96090,10.0,114324,0.0,4775980000.0,500000.0,2163,5445,2018-09-07 10:04:00
20180907 10:05,496.0,496.5,496.0,496.5,96170,80.0,114384,60.0,4779950000.0,3970000.0,1550,4598,2018-09-07 10:05:00
20180907 10:06,496.5,496.5,496.5,496.5,96170,0.0,114384,0.0,4779950000.0,0.0,857,2587,2018-09-07 10:06:00
20180907 10:07,496.5,496.5,496.5,496.5,96170,0.0,114384,0.0,4779950000.0,0.0,348,1030,2018-09-07 10:07:00
20180907 10:08,496.5,496.5,496.0,496.0,96220,50.0,114384,0.0,4782430000.0,2480000.0,4186,9593,2018-09-07 10:08:00
20180907 10:09,496.0,496.0,495.5,496.0,97758,1538.0,114346,-38.0,4858700000.0,76270000.0,5098,8565,2018-09-07 10:09:00
20180907 10:10,496.0,496.0,495.5,496.0,98546,788.0,114600,254.0,4897780000.0,39080000.0,5652,1949,2018-09-07 10:10:00
20180907 10:11,496.0,496.0,496.0,496.0,98706,160.0,114480,-120.0,4905710000.0,7930000.0,3825,1051,2018-09-07 10:11:00
20180907 10:12,496.0,496.0,496.0,496.0,98732,26.0,114462,-18.0,4907000000.0,1290000.0,2129,1094,2018-09-07 10:12:00
20180907 10:13,496.5,496.5,496.5,496.5,98760,28.0,114490,28.0,4908390000.0,1390000.0,800,1173,2018-09-07 10:13:00
20180907 10:14,496.5,496.5,496.5,496.5,98840,80.0,114490,0.0,4912370000.0,3980000.0,713,1825,2018-09-07 10:14:00
20180907 10:30,496.5,496.5,496.5,496.5,98846,6.0,114496,6.0,4912660000.0,290000.0,711,1471,2018-09-07 10:30:00
20180907 10:31,496.5,496.5,495.5,495.5,99624,778.0,114292,-204.0,4951240000.0,38580000.0,1553,2868,2018-09-07 10:31:00
20180907 10:32,495.5,495.5,494.5,495.0,103002,3378.0,114478,186.0,5118450000.0,167210000.0,5221,3344,2018-09-07 10:32:00
20180907 10:33,495.0,495.0,494.5,495.0,103468,466.0,114446,-32.0,5141520000.0,23070000.0,3001,1341,2018-09-07 10:33:00
20180907 10:34,495.0,495.5,494.5,494.5,105578,2110.0,114310,-136.0,5245870000.0,104350000.0,9600,5594,2018-09-07 10:34:00
20180907 10:35,494.5,494.5,494.5,494.5,105578,0.0,114310,0.0,5245870000.0,0.0,2709,834,2018-09-07 10:35:00
20180907 10:36,494.5,494.5,494.0,494.5,106218,640.0,114032,-278.0,5277510000.0,31640000.0,3285,7366,2018-09-07 10:36:00
20180907 10:37,494.5,494.5,494.5,494.5,107216,998.0,114074,42.0,5326860000.0,49350000.0,3905,4104,2018-09-07 10:37:00
20180907 10:38,494.5,494.5,494.5,494.5,107216,0.0,114074,0.0,5326860000.0,0.0,320,1266,2018-09-07 10:38:00
20180907 10:39,494.5,494.5,494.5,494.5,107410,194.0,113926,-148.0,5336460000.0,9600000.0,722,2919,2018-09-07 10:39:00
20180907 10:40,494.5,495.0,494.5,495.0,107758,348.0,114010,84.0,5353680000.0,17220000.0,1486,2542,2018-09-07 10:40:00
20180907 10:41,495.0,495.0,495.0,495.0,107912,154.0,113990,-20.0,5361300000.0,7620000.0,1236,3410,2018-09-07 10:41:00
20180907 10:42,495.0,495.0,495.0,495.0,108222,310.0,113968,-22.0,5376650000.0,15350000.0,1665,2600,2018-09-07 10:42:00
20180907 10:43,495.0,495.0,494.5,494.5,108286,64.0,113986,18.0,5379810000.0,3160000.0,1321,4402,2018-09-07 10:43:00
20180907 10:44,494.5,494.5,494.5,494.5,108394,108.0,113986,0.0,5385150000.0,5340000.0,2171,1372,2018-09-07 10:44:00
20180907 10:45,494.5,494.5,494.5,494.5,108470,76.0,113978,-8.0,5388910000.0,3760000.0,1700,4331,2018-09-07 10:45:00
20180907 10:46,494.5,495.0,494.5,495.0,109540,1070.0,114206,228.0,5441870000.0,52960000.0,2476,2505,2018-09-07 10:46:00
20180907 10:47,495.0,495.0,495.0,495.0,109540,0.0,114206,0.0,5441870000.0,0.0,1234,1269,2018-09-07 10:47:00
20180907 10:48,495.0,495.0,495.0,495.0,109540,0.0,114206,0.0,5441870000.0,0.0,570,466,2018-09-07 10:48:00
20180907 10:49,494.5,494.5,494.5,494.5,110380,840.0,114266,60.0,5483410000.0,41540000.0,2044,6019,2018-09-07 10:49:00
20180907 10:50,494.5,494.5,494.5,494.5,112572,2192.0,114218,-48.0,5591800000.0,108390000.0,5612,5677,2018-09-07 10:50:00
20180907 10:51,494.5,494.5,494.5,494.5,114806,2234.0,114104,-114.0,5702270000.0,110470000.0,5879,9200,2018-09-07 10:51:00
20180907 10:52,494.5,494.5,494.5,494.5,117148,2342.0,114090,-14.0,5818080000.0,115810000.0,5488,11526,2018-09-07 10:52:00
20180907 10:53,494.5,494.5,494.0,494.5,117552,404.0,114040,-50.0,5838060000.0,19980000.0,2280,2717,2018-09-07 10:53:00
20180907 10:54,495.0,495.0,495.0,495.0,117554,2.0,114042,2.0,5838160000.0,100000.0,477,201,2018-09-07 10:54:00
20180907 10:55,495.0,495.0,495.0,495.0,117554,0.0,114042,0.0,5838160000.0,0.0,120,53,2018-09-07 10:55:00
20180907 10:56,495.0,495.0,495.0,495.0,117554,0.0,114042,0.0,5838160000.0,0.0,120,51,2018-09-07 10:56:00
20180907 10:57,495.0,495.0,495.0,495.0,117554,0.0,114042,0.0,5838160000.0,0.0,594,316,2018-09-07 10:57:00
20180907 10:58,495.0,495.0,495.0,495.0,117554,0.0,114042,0.0,5838160000.0,0.0,478,266,2018-09-07 10:58:00
20180907 10:59,495.0,495.0,495.0,495.0,117554,0.0,114042,0.0,5838160000.0,0.0,363,152,2018-09-07 10:59:00
20180907 11:00,495.0,495.0,495.0,495.0,117558,4.0,114044,2.0,5838350000.0,190000.0,362,156,2018-09-07 11:00:00
20180907 11:01,495.0,495.0,495.0,495.0,117558,0.0,114044,0.0,5838350000.0,0.0,543,270,2018-09-07 11:01:00
20180907 11:02,495.0,495.0,495.0,495.0,117558,0.0,114044,0.0,5838350000.0,0.0,251,108,2018-09-07 11:02:00
20180907 11:03,495.0,495.0,495.0,495.0,117558,0.0,114044,0.0,5838350000.0,0.0,660,324,2018-09-07 11:03:00
20180907 11:04,495.0,495.0,495.0,495.0,117558,0.0,114044,0.0,5838350000.0,0.0,629,325,2018-09-07 11:04:00
20180907 11:05,495.0,495.0,495.0,495.0,117558,0.0,114044,0.0,5838350000.0,0.0,502,212,2018-09-07 11:05:00
20180907 11:06,495.0,496.5,495.0,496.0,118048,490.0,114072,28.0,5862630000.0,24280000.0,2400,1395,2018-09-07 11:06:00
20180907 11:07,496.0,496.0,496.0,496.0,118354,306.0,113942,-130.0,5877810000.0,15180000.0,3816,2767,2018-09-07 11:07:00
20180907 11:08,496.0,496.0,496.0,496.0,118354,0.0,113942,0.0,5877810000.0,0.0,273,138,2018-09-07 11:08:00
20180907 11:09,496.0,496.0,495.5,495.5,118358,4.0,113942,0.0,5878010000.0,200000.0,1015,611,2018-09-07 11:09:00
20180907 11:10,495.5,496.0,495.5,496.0,118392,34.0,113966,24.0,5879690000.0,1680000.0,332,714,2018-09-07 11:10:00
20180907 11:11,496.0,496.0,495.5,495.5,118522,130.0,113876,-90.0,5886140000.0,6450000.0,1367,2136,2018-09-07 11:11:00
20180907 11:12,495.5,495.5,495.0,495.0,118568,46.0,113868,-8.0,5888410000.0,2270000.0,1117,630,2018-09-07 11:12:00
20180907 11:13,495.0,495.0,495.0,495.0,118568,0.0,113868,0.0,5888410000.0,0.0,643,493,2018-09-07 11:13:00
20180907 11:14,495.0,495.0,495.0,495.0,119928,1360.0,113888,20.0,5955730000.0,67320000.0,1339,1779,2018-09-07 11:14:00
20180907 11:15,495.0,495.0,495.0,495.0,120030,102.0,113828,-60.0,5960780000.0,5050000.0,2089,9614,2018-09-07 11:15:00
20180907 11:16,495.0,495.0,495.0,495.0,120234,204.0,113926,98.0,5970880000.0,10100000.0,1222,7139,2018-09-07 11:16:00
20180907 11:17,495.0,495.0,495.0,495.0,120404,170.0,113890,-36.0,5979300000.0,8420000.0,1370,3073,2018-09-07 11:17:00
20180907 11:18,495.0,495.0,495.0,495.0,120404,0.0,113890,0.0,5979300000.0,0.0,416,183,2018-09-07 11:18:00
20180907 11:19,495.0,496.0,495.0,496.0,120800,396.0,113826,-64.0,5998940000.0,19640000.0,5882,3249,2018-09-07 11:19:00
20180907 11:20,496.0,496.0,496.0,496.0,122034,1234.0,113782,-44.0,6060140000.0,61200000.0,3139,2936,2018-09-07 11:20:00
20180907 11:21,496.0,496.5,496.0,496.5,123370,1336.0,113762,-20.0,6126410000.0,66270000.0,4751,2256,2018-09-07 11:21:00
20180907 11:22,496.5,496.5,496.0,496.0,126718,3348.0,113758,-4.0,6292470000.0,166060000.0,2599,4749,2018-09-07 11:22:00
20180907 11:23,496.0,496.0,496.0,496.0,126718,0.0,113758,0.0,6292470000.0,0.0,528,1220,2018-09-07 11:23:00
20180907 11:24,496.0,496.0,496.0,496.0,126748,30.0,113728,-30.0,6293960000.0,1490000.0,421,967,2018-09-07 11:24:00
20180907 11:25,496.0,496.0,496.0,496.0,126748,0.0,113728,0.0,6293960000.0,0.0,316,798,2018-09-07 11:25:00
20180907 11:26,496.0,496.0,495.0,495.5,127030,282.0,113666,-62.0,6307930000.0,13970000.0,1406,2041,2018-09-07 11:26:00
20180907 11:27,495.5,495.5,495.5,495.5,127070,40.0,113682,16.0,6309920000.0,1990000.0,1646,1219,2018-09-07 11:27:00
20180907 11:28,495.5,495.5,495.5,495.5,127238,168.0,113616,-66.0,6318240000.0,8320000.0,1717,1599,2018-09-07 11:28:00
20180907 11:29,495.5,496.0,495.5,495.5,127314,76.0,113560,-56.0,6322010000.0,3770000.0,1674,1689,2018-09-07 11:29:00
20180907 13:30,495.5,495.5,495.0,495.5,127600,286.0,113570,10.0,6336170000.0,14160000.0,1215,4981,2018-09-07 13:30:00
20180907 13:31,495.5,496.0,495.5,495.5,128838,1238.0,113604,34.0,6397510000.0,61340000.0,4355,2807,2018-09-07 13:31:00
20180907 13:32,495.5,495.5,495.5,495.5,130208,1370.0,113604,0.0,6465400000.0,67890000.0,6385,2366,2018-09-07 13:32:00
20180907 13:33,495.5,495.5,494.5,494.5,130336,128.0,113562,-42.0,6471730000.0,6330000.0,1231,1338,2018-09-07 13:33:00
20180907 13:34,494.5,495.0,494.5,495.0,130338,2.0,113562,0.0,6471830000.0,100000.0,2073,1269,2018-09-07 13:34:00
20180907 13:35,495.0,495.0,495.0,495.0,130340,2.0,113562,0.0,6471930000.0,100000.0,1728,1164,2018-09-07 13:35:00
20180907 13:36,495.0,495.0,494.5,494.5,131854,1514.0,114002,440.0,6546800000.0,74870000.0,2852,4231,2018-09-07 13:36:00
20180907 13:37,494.5,494.5,494.5,494.5,133404,1550.0,114022,20.0,6623450000.0,76650000.0,2067,3509,2018-09-07 13:37:00
20180907 13:38,494.5,494.5,494.5,494.5,133404,0.0,114022,0.0,6623450000.0,0.0,1093,1007,2018-09-07 13:38:00
20180907 13:39,494.5,495.0,494.5,494.5,134934,1530.0,113950,-72.0,6699110000.0,75660000.0,1229,4276,2018-09-07 13:39:00
20180907 13:40,494.5,495.0,494.5,494.5,135760,826.0,114254,304.0,6739950000.0,40840000.0,2233,10266,2018-09-07 13:40:00
20180907 13:41,494.5,495.0,493.5,493.5,137094,1334.0,114164,-90.0,6805910000.0,65960000.0,3398,5590,2018-09-07 13:41:00
20180907 13:42,493.5,494.0,493.5,494.0,139382,2288.0,114068,-96.0,6918840000.0,112930000.0,4910,2964,2018-09-07 13:42:00
20180907 13:43,494.0,494.0,493.0,493.0,140810,1428.0,113872,-196.0,6989340000.0,70500000.0,4590,3852,2018-09-07 13:43:00
20180907 13:44,493.0,494.0,493.0,494.0,141284,474.0,113822,-50.0,7012750000.0,23410000.0,6837,5245,2018-09-07 13:44:00
20180907 13:45,493.5,494.0,493.5,494.0,141512,228.0,113670,-152.0,7024010000.0,11260000.0,3340,3109,2018-09-07 13:45:00
20180907 13:46,494.0,494.5,494.0,494.5,143822,2310.0,113722,52.0,7138240000.0,114230000.0,3000,2163,2018-09-07 13:46:00
20180907 13:47,494.5,494.5,494.5,494.5,146398,2576.0,114524,802.0,7265630000.0,127390000.0,6721,5082,2018-09-07 13:47:00
20180907 13:48,494.5,495.0,494.5,494.5,146464,66.0,114514,-10.0,7268890000.0,3260000.0,4539,2048,2018-09-07 13:48:00
20180907 13:49,494.5,494.5,494.5,494.5,146470,6.0,114508,-6.0,7269190000.0,300000.0,3193,1847,2018-09-07 13:49:00
20180907 13:50,494.5,494.5,494.0,494.5,147498,1028.0,114924,416.0,7319980000.0,50790000.0,5352,2929,2018-09-07 13:50:00
20180907 13:51,494.5,494.5,494.5,494.5,147504,6.0,114924,0.0,7320280000.0,300000.0,1049,792,2018-09-07 13:51:00
20180907 13:52,494.0,494.0,494.0,494.0,148474,970.0,114540,-384.0,7368200000.0,47920000.0,3336,2807,2018-09-07 13:52:00
20180907 13:53,494.0,494.0,494.0,494.0,148612,138.0,114484,-56.0,7375010000.0,6810000.0,1358,1146,2018-09-07 13:53:00
20180907 13:54,494.0,494.5,493.5,493.5,151006,2394.0,113814,-670.0,7493170000.0,118160000.0,5272,4379,2018-09-07 13:54:00
20180907 13:55,493.5,493.5,493.0,493.5,153770,2764.0,114348,534.0,7629570000.0,136400000.0,2269,2897,2018-09-07 13:55:00
20180907 13:56,493.5,493.5,493.0,493.5,157022,3252.0,114054,-294.0,7790050000.0,160480000.0,5519,7281,2018-09-07 13:56:00
20180907 13:57,493.5,493.5,493.5,493.5,157112,90.0,114144,90.0,7794490000.0,4440000.0,1867,885,2018-09-07 13:57:00
20180907 13:58,493.5,494.0,493.5,494.0,157144,32.0,114170,26.0,7796080000.0,1590000.0,961,811,2018-09-07 13:58:00
20180907 13:59,493.5,493.5,492.5,493.0,157508,364.0,114076,-94.0,7814030000.0,17950000.0,2770,2136,2018-09-07 13:59:00
20180907 14:00,493.0,493.0,492.5,493.0,157646,138.0,114032,-44.0,7820830000.0,6800000.0,1681,1161,2018-09-07 14:00:00
20180907 14:01,493.0,493.0,492.5,492.5,157684,38.0,114056,24.0,7822700000.0,1870000.0,908,699,2018-09-07 14:01:00
20180907 14:02,492.5,493.0,492.0,492.0,161262,3578.0,113474,-582.0,7998780000.0,176080000.0,2332,4539,2018-09-07 14:02:00
20180907 14:03,492.5,493.0,492.0,493.0,162476,1214.0,114048,574.0,8058610000.0,59830000.0,3838,3006,2018-09-07 14:03:00
20180907 14:04,493.0,493.5,493.0,493.5,162510,34.0,114044,-4.0,8060290000.0,1680000.0,1230,910,2018-09-07 14:04:00
20180907 14:05,493.5,493.5,493.0,493.0,162518,8.0,114044,0.0,8060680000.0,390000.0,1766,1280,2018-09-07 14:05:00
20180907 14:06,493.0,493.0,493.0,493.0,162518,0.0,114044,0.0,8060680000.0,0.0,943,710,2018-09-07 14:06:00
20180907 14:07,493.0,493.0,493.0,493.0,162520,2.0,114044,0.0,8060780000.0,100000.0,456,421,2018-09-07 14:07:00
20180907 14:08,493.0,493.0,493.0,493.0,162524,4.0,114048,4.0,8060980000.0,200000.0,323,332,2018-09-07 14:08:00
20180907 14:09,493.0,493.5,493.0,493.5,162564,40.0,114052,4.0,8062950000.0,1970000.0,1375,1176,2018-09-07 14:09:00
20180907 14:10,493.5,493.5,493.5,493.5,162564,0.0,114052,0.0,8062950000.0,0.0,810,800,2018-09-07 14:10:00
20180907 14:11,493.5,493.5,492.5,492.5,165106,2542.0,113244,-808.0,8188150000.0,125200000.0,3725,3485,2018-09-07 14:11:00
20180907 14:12,493.0,493.0,492.0,492.5,165964,858.0,113646,402.0,8230410000.0,42260000.0,3235,5487,2018-09-07 14:12:00
20180907 14:13,492.5,492.5,492.0,492.0,167702,1738.0,113316,-330.0,8315970000.0,85560000.0,7479,5604,2018-09-07 14:13:00
20180907 14:14,492.0,492.5,492.0,492.5,168410,708.0,113218,-98.0,8350830000.0,34860000.0,4108,4467,2018-09-07 14:14:00
20180907 14:15,492.5,492.5,492.5,492.5,168968,558.0,113292,74.0,8378310000.0,27480000.0,1978,2809,2018-09-07 14:15:00
20180907 14:16,492.5,492.5,492.5,492.5,171132,2164.0,113262,-30.0,8484890000.0,106580000.0,5301,6907,2018-09-07 14:16:00
20180907 14:17,492.5,492.5,492.0,492.0,172104,972.0,113694,432.0,8532750000.0,47860000.0,3638,6709,2018-09-07 14:17:00
20180907 14:18,492.0,492.5,491.5,492.5,172716,612.0,113214,-480.0,8562890000.0,30140000.0,3806,5852,2018-09-07 14:18:00
20180907 14:19,492.5,492.5,492.5,492.5,174002,1286.0,113102,-112.0,8626230000.0,63340000.0,6643,5339,2018-09-07 14:19:00
20180907 14:20,492.5,492.5,492.5,492.5,174634,632.0,113026,-76.0,8657350000.0,31120000.0,2991,2003,2018-09-07 14:20:00
20180907 14:21,492.5,492.5,492.5,492.5,174636,2.0,113026,0.0,8657450000.0,100000.0,1185,172,2018-09-07 14:21:00
20180907 14:22,492.5,492.5,492.5,492.5,176798,2162.0,113384,358.0,8763930000.0,106480000.0,4152,4326,2018-09-07 14:22:00
20180907 14:23,492.0,492.0,491.5,492.0,177376,578.0,113668,284.0,8792360000.0,28430000.0,2628,4409,2018-09-07 14:23:00
20180907 14:24,492.0,492.0,492.0,492.0,177408,32.0,113654,-14.0,8793940000.0,1580000.0,1431,3627,2018-09-07 14:24:00
20180907 14:25,492.0,492.0,492.0,492.0,177412,4.0,113658,4.0,8794130000.0,190000.0,2290,2477,2018-09-07 14:25:00
20180907 14:26,492.0,492.0,492.0,492.0,177928,516.0,113614,-44.0,8819520000.0,25390000.0,2882,3408,2018-09-07 14:26:00
20180907 14:27,492.0,492.0,492.0,492.0,177930,2.0,113616,2.0,8819620000.0,100000.0,2083,2691,2018-09-07 14:27:00
20180907 14:28,492.0,492.0,492.0,492.0,178440,510.0,113662,46.0,8844710000.0,25090000.0,9357,3785,2018-09-07 14:28:00
20180907 14:29,492.0,492.5,492.0,492.5,178608,168.0,113786,124.0,8852980000.0,8270000.0,3129,2019,2018-09-07 14:29:00
20180907 14:30,492.5,492.5,492.0,492.0,178630,22.0,113800,14.0,8854070000.0,1090000.0,1969,1217,2018-09-07 14:30:00
20180907 14:31,492.0,492.0,492.0,492.0,180268,1638.0,113988,188.0,8934660000.0,80590000.0,8082,3996,2018-09-07 14:31:00
20180907 14:32,492.0,492.0,487.5,487.5,182096,1828.0,113800,-188.0,9024330000.0,89670000.0,3649,5481,2018-09-07 14:32:00
20180907 14:33,487.5,489.0,487.5,488.5,182412,316.0,113786,-14.0,9039760000.0,15430000.0,3045,3007,2018-09-07 14:33:00
20180907 14:34,488.5,489.0,488.5,489.0,182550,138.0,113752,-34.0,9046500000.0,6740000.0,11336,2205,2018-09-07 14:34:00
20180907 14:35,489.0,489.0,487.0,487.5,184360,1810.0,113546,-206.0,9134750000.0,88250000.0,2922,5902,2018-09-07 14:35:00
20180907 14:36,487.5,488.5,487.5,488.5,184598,238.0,113492,-54.0,9146360000.0,11610000.0,3071,2020,2018-09-07 14:36:00
20180907 14:37,488.5,489.0,488.0,489.0,184668,70.0,113488,-4.0,9149780000.0,3420000.0,1165,1305,2018-09-07 14:37:00
20180907 14:38,489.0,489.0,488.5,489.0,185556,888.0,113478,-10.0,9193200000.0,43420000.0,4351,3055,2018-09-07 14:38:00
20180907 14:39,489.0,489.0,488.5,489.0,185718,162.0,113502,24.0,9201120000.0,7920000.0,1169,1192,2018-09-07 14:39:00
20180907 14:40,489.0,489.0,488.5,489.0,185858,140.0,113438,-64.0,9207970000.0,6850000.0,621,1001,2018-09-07 14:40:00
20180907 14:41,489.0,489.0,489.0,489.0,186632,774.0,113616,178.0,9245810000.0,37840000.0,7844,2540,2018-09-07 14:41:00
20180907 14:42,489.0,489.0,488.5,489.0,186794,162.0,113594,-22.0,9253730000.0,7920000.0,6565,3615,2018-09-07 14:42:00
20180907 14:43,489.0,489.0,489.0,489.0,186858,64.0,113530,-64.0,9256860000.0,3130000.0,1705,932,2018-09-07 14:43:00
20180907 14:44,489.0,489.5,489.0,489.5,187410,552.0,113434,-96.0,9283870000.0,27010000.0,5373,1705,2018-09-07 14:44:00
20180907 14:45,489.5,489.5,489.0,489.0,187538,128.0,113420,-14.0,9290130000.0,6260000.0,1468,734,2018-09-07 14:45:00
20180907 14:46,489.0,489.0,489.0,489.0,187704,166.0,113430,10.0,9298240000.0,8110000.0,1358,1712,2018-09-07 14:46:00
20180907 14:47,489.0,490.0,489.0,490.0,188594,890.0,113206,-224.0,9341800000.0,43560000.0,2130,5168,2018-09-07 14:47:00
20180907 14:48,490.0,490.5,490.0,490.5,188820,226.0,113214,8.0,9352880000.0,11080000.0,1259,2432,2018-09-07 14:48:00
20180907 14:49,490.5,491.5,490.5,491.0,189096,276.0,113132,-82.0,9366430000.0,13550000.0,1731,4367,2018-09-07 14:49:00
20180907 14:50,491.0,491.5,491.0,491.5,189126,30.0,113112,-20.0,9367900000.0,1470000.0,955,603,2018-09-07 14:50:00
20180907 14:51,491.5,491.5,491.5,491.5,189186,60.0,113098,-14.0,9370850000.0,2950000.0,743,526,2018-09-07 14:51:00
20180907 14:52,491.5,491.5,491.5,491.5,189186,0.0,113098,0.0,9370850000.0,0.0,80,125,2018-09-07 14:52:00
20180907 14:53,491.5,491.5,491.5,491.5,189200,14.0,113102,4.0,9371540000.0,690000.0,467,474,2018-09-07 14:53:00
20180907 14:54,491.5,491.5,491.0,491.0,189336,136.0,113092,-10.0,9378220000.0,6680000.0,1292,4065,2018-09-07 14:54:00
20180907 14:55,491.5,492.0,491.0,491.0,189666,330.0,113030,-62.0,9394430000.0,16210000.0,10843,2465,2018-09-07 14:55:00
20180907 14:56,491.0,492.0,491.0,491.5,189802,136.0,112992,-38.0,9401120000.0,6690000.0,6394,1047,2018-09-07 14:56:00
20180907 14:57,491.5,491.5,491.5,491.5,189846,44.0,112954,-38.0,9403280000.0,2160000.0,7181,707,2018-09-07 14:57:00
20180907 14:58,491.5,493.0,491.0,493.0,190032,186.0,112912,-42.0,9412440000.0,9160000.0,6563,720,2018-09-07 14:58:00
20180907 14:59,493.0,493.0,491.5,491.5,190158,126.0,112932,20.0,9418640000.0,6200000.0,7359,420,2018-09-07 14:59:00
20180907 15:00,491.5,491.5,491.5,491.5,190158,0.0,112932,0.0,9418640000.0,0.0,2,16,2018-09-07 15:00:00
20180907 20:59,497.0,497.0,497.0,497.0,832,832.0,114652,1720.0,41350400.0,41350400.0,100,4,2018-09-07 20:59:00
20180907 21:00,496.5,498.5,495.5,496.5,2896,2064.0,114516,-136.0,143960000.0,102609600.0,3806,2719,2018-09-07 21:00:00
20180907 21:01,496.5,496.5,496.0,496.0,3298,402.0,114420,-96.0,163907000.0,19947000.0,1936,4709,2018-09-07 21:01:00
20180907 21:02,496.0,497.0,496.0,497.0,3450,152.0,114444,24.0,171459000.0,7552000.0,5280,1685,2018-09-07 21:02:00
20180907 21:03,497.0,497.0,496.5,497.0,3884,434.0,114514,70.0,193021000.0,21562000.0,2995,2165,2018-09-07 21:03:00
20180907 21:04,497.0,498.0,497.0,497.0,4824,940.0,115040,526.0,239768000.0,46747000.0,5675,4239,2018-09-07 21:04:00
20180907 21:05,497.0,498.0,497.0,498.0,5310,486.0,114932,-108.0,263952000.0,24184000.0,8304,6050,2018-09-07 21:05:00
20180907 21:06,498.0,498.5,498.0,498.0,5802,492.0,114956,24.0,288455000.0,24503000.0,8239,3137,2018-09-07 21:06:00
20180907 21:07,498.0,498.5,498.0,498.0,6062,260.0,115040,84.0,301403000.0,12948000.0,9055,6484,2018-09-07 21:07:00
20180907 21:08,498.0,498.0,498.0,498.0,6454,392.0,115134,94.0,320926000.0,19523000.0,10900,7376,2018-09-07 21:08:00
20180907 21:09,498.0,498.0,498.0,498.0,6528,74.0,115116,-18.0,324612000.0,3686000.0,6521,2765,2018-09-07 21:09:00
20180907 21:10,498.0,498.0,497.5,497.5,6628,100.0,115162,46.0,329587000.0,4975000.0,3686,4413,2018-09-07 21:10:00
20180907 21:11,497.5,498.0,497.5,498.0,7160,532.0,114852,-310.0,356054000.0,26467000.0,4244,5850,2018-09-07 21:11:00
20180907 21:12,498.0,498.0,497.5,497.5,7332,172.0,114848,-4.0,364611000.0,8557000.0,1273,2839,2018-09-07 21:12:00
20180907 21:13,497.5,497.5,497.5,497.5,9604,2272.0,114796,-52.0,477643000.0,113032000.0,4862,2188,2018-09-07 21:13:00
20180907 21:14,497.5,497.5,497.5,497.5,9648,44.0,114816,20.0,479832000.0,2189000.0,1268,1329,2018-09-07 21:14:00
20180907 21:15,497.5,497.5,497.5,497.5,9700,52.0,114816,0.0,482422000.0,2590000.0,1544,1513,2018-09-07 21:15:00
20180907 21:16,497.5,497.5,497.5,497.5,9704,4.0,114816,0.0,482621000.0,199000.0,418,459,2018-09-07 21:16:00
20180907 21:17,497.5,497.5,497.5,497.5,9704,0.0,114816,0.0,482621000.0,0.0,724,843,2018-09-07 21:17:00
20180907 21:18,497.5,498.0,497.5,498.0,9732,28.0,114812,-4.0,484015000.0,1394000.0,907,1806,2018-09-07 21:18:00
20180907 21:19,497.5,498.0,497.5,498.0,9736,4.0,114814,2.0,484214000.0,199000.0,708,1225,2018-09-07 21:19:00
20180907 21:20,498.0,498.0,498.0,498.0,11154,1418.0,115558,744.0,554831000.0,70617000.0,10252,2029,2018-09-07 21:20:00
20180907 21:21,498.0,498.5,498.0,498.5,12026,872.0,114886,-672.0,598256000.0,43425000.0,4586,2720,2018-09-07 21:21:00
20180907 21:22,498.5,498.5,498.5,498.5,12026,0.0,114886,0.0,598256000.0,0.0,786,113,2018-09-07 21:22:00
20180907 21:23,498.5,498.5,498.5,498.5,12026,0.0,114886,0.0,598256000.0,0.0,393,53,2018-09-07 21:23:00
20180907 21:24,498.5,498.5,498.5,498.5,12026,0.0,114886,0.0,598256000.0,0.0,2745,559,2018-09-07 21:24:00
20180907 21:25,498.5,498.5,497.0,497.0,12818,792.0,114754,-132.0,637688000.0,39432000.0,2241,4718,2018-09-07 21:25:00
20180907 21:26,497.5,497.5,497.5,497.5,13674,856.0,115414,660.0,680274000.0,42586000.0,3286,395,2018-09-07 21:26:00
20180907 21:27,497.5,497.5,497.5,497.5,13684,10.0,115414,0.0,680772000.0,498000.0,3920,1049,2018-09-07 21:27:00
20180907 21:28,497.5,497.5,497.5,497.5,13684,0.0,115414,0.0,680772000.0,0.0,3502,972,2018-09-07 21:28:00
20180907 21:29,497.5,497.5,497.0,497.0,14558,874.0,114750,-664.0,724250000.0,43478000.0,6270,2357,2018-09-07 21:29:00
20180907 21:30,497.0,497.0,497.0,497.0,15612,1054.0,114812,62.0,776634000.0,52384000.0,6792,1526,2018-09-07 21:30:00
20180907 21:31,497.0,497.0,496.0,496.5,16278,666.0,114928,116.0,809700000.0,33066000.0,3932,1479,2018-09-07 21:31:00
20180907 21:32,496.0,496.0,496.0,496.0,16300,22.0,114918,-10.0,810792000.0,1092000.0,3762,653,2018-09-07 21:32:00
20180907 21:33,496.0,496.0,496.0,496.0,16300,0.0,114918,0.0,810792000.0,0.0,1989,355,2018-09-07 21:33:00
20180907 21:34,496.0,496.5,496.0,496.5,17080,780.0,114848,-70.0,849518000.0,38726000.0,3006,1539,2018-09-07 21:34:00
20180907 21:35,496.5,496.5,496.5,496.5,17080,0.0,114848,0.0,849518000.0,0.0,3065,1215,2018-09-07 21:35:00
20180907 21:36,496.5,497.0,496.5,497.0,17112,32.0,114874,26.0,851107000.0,1589000.0,1474,552,2018-09-07 21:36:00
20180907 21:37,497.0,497.0,497.0,497.0,17112,0.0,114874,0.0,851107000.0,0.0,1993,806,2018-09-07 21:37:00
20180907 21:38,497.0,497.0,497.0,497.0,17114,2.0,114876,2.0,851207000.0,100000.0,1433,603,2018-09-07 21:38:00
20180907 21:39,497.0,497.0,496.5,496.5,17820,706.0,114908,32.0,886260000.0,35053000.0,2879,3515,2018-09-07 21:39:00
20180907 21:40,496.5,497.0,496.5,496.5,17992,172.0,114782,-126.0,894800000.0,8540000.0,2337,2419,2018-09-07 21:40:00
20180907 21:41,496.5,497.0,496.5,497.0,18654,662.0,114720,-62.0,927670000.0,32870000.0,3163,2126,2018-09-07 21:41:00
20180907 21:42,497.0,497.0,496.5,496.5,20752,2098.0,114722,2.0,1031940000.0,104270000.0,4460,5321,2018-09-07 21:42:00
20180907 21:43,496.5,496.5,496.0,496.0,21554,802.0,114718,-4.0,1071720000.0,39780000.0,2662,2946,2018-09-07 21:43:00
20180907 21:44,496.0,496.0,496.0,496.0,22114,560.0,114748,30.0,1099500000.0,27780000.0,928,2553,2018-09-07 21:44:00
20180907 21:45,496.0,496.5,496.0,496.5,23932,1818.0,114744,-4.0,1189760000.0,90260000.0,1355,3705,2018-09-07 21:45:00
20180907 21:46,496.5,496.5,496.5,496.5,24208,276.0,114566,-178.0,1203460000.0,13700000.0,2487,5192,2018-09-07 21:46:00
20180907 21:47,496.5,496.5,496.5,496.5,24208,0.0,114566,0.0,1203460000.0,0.0,401,906,2018-09-07 21:47:00
20180907 21:48,496.5,496.5,496.5,496.5,24304,96.0,114554,-12.0,1208230000.0,4770000.0,3405,4975,2018-09-07 21:48:00
20180907 21:49,496.5,497.0,496.5,497.0,24410,106.0,114576,22.0,1213500000.0,5270000.0,2747,2969,2018-09-07 21:49:00
20180907 21:50,497.0,497.0,497.0,497.0,25306,896.0,114508,-68.0,1258030000.0,44530000.0,687,2605,2018-09-07 21:50:00
20180907 21:51,497.0,497.5,497.0,497.5,25410,104.0,114568,60.0,1263200000.0,5170000.0,1636,2911,2018-09-07 21:51:00
20180907 21:52,497.5,497.5,497.0,497.0,25742,332.0,114716,148.0,1279700000.0,16500000.0,677,4027,2018-09-07 21:52:00
20180907 21:53,497.0,497.0,497.0,497.0,27310,1568.0,114692,-24.0,1357630000.0,77930000.0,3368,2218,2018-09-07 21:53:00
20180907 21:54,497.0,497.0,497.0,497.0,27336,26.0,114692,0.0,1358920000.0,1290000.0,2740,878,2018-09-07 21:54:00
20180907 21:55,497.0,497.0,496.5,496.5,31114,3778.0,114722,30.0,1546490000.0,187570000.0,1484,6060,2018-09-07 21:55:00
20180907 21:56,496.5,497.0,496.5,497.0,32198,1084.0,114722,0.0,1600370000.0,53880000.0,1685,1847,2018-09-07 21:56:00
20180907 21:57,497.0,497.0,497.0,497.0,32200,2.0,114724,2.0,1600470000.0,100000.0,380,821,2018-09-07 21:57:00
20180907 21:58,497.0,497.5,497.0,497.0,32296,96.0,114698,-26.0,1605240000.0,4770000.0,2493,1090,2018-09-07 21:58:00
20180907 21:59,497.0,497.0,497.0,497.0,32304,8.0,114690,-8.0,1605630000.0,390000.0,2892,668,2018-09-07 21:59:00
20180907 22:00,497.0,497.0,497.0,497.0,32308,4.0,114686,-4.0,1605830000.0,200000.0,3517,838,2018-09-07 22:00:00
20180907 22:01,497.0,497.0,496.0,496.0,32692,384.0,114704,18.0,1624910000.0,19080000.0,3504,2211,2018-09-07 22:01:00
20180907 22:02,496.0,496.0,495.5,495.5,32694,2.0,114704,0.0,1625010000.0,100000.0,467,871,2018-09-07 22:02:00
20180907 22:03,495.5,496.0,495.5,496.0,32790,96.0,114662,-42.0,1629770000.0,4760000.0,380,349,2018-09-07 22:03:00
20180907 22:04,496.0,496.0,496.0,496.0,33334,544.0,114654,-8.0,1656750000.0,26980000.0,1142,2459,2018-09-07 22:04:00
20180907 22:05,496.0,496.0,496.0,496.0,33338,4.0,114652,-2.0,1656950000.0,200000.0,181,1140,2018-09-07 22:05:00
20180907 22:06,496.0,496.0,496.0,496.0,33440,102.0,114612,-40.0,1662010000.0,5060000.0,921,825,2018-09-07 22:06:00
20180907 22:07,496.0,496.0,496.0,496.0,33440,0.0,114612,0.0,1662010000.0,0.0,48,43,2018-09-07 22:07:00
20180907 22:08,496.0,496.5,496.0,496.5,33532,92.0,114604,-8.0,1666580000.0,4570000.0,833,500,2018-09-07 22:08:00
20180907 22:09,496.5,496.5,496.5,496.5,33532,0.0,114604,0.0,1666580000.0,0.0,211,275,2018-09-07 22:09:00
20180907 22:10,496.5,496.5,496.5,496.5,33532,0.0,114604,0.0,1666580000.0,0.0,142,120,2018-09-07 22:10:00
20180907 22:11,496.5,496.5,496.5,496.5,33532,0.0,114604,0.0,1666580000.0,0.0,235,302,2018-09-07 22:11:00
20180907 22:12,496.5,496.5,496.5,496.5,33532,0.0,114604,0.0,1666580000.0,0.0,196,307,2018-09-07 22:12:00
20180907 22:13,496.5,496.5,496.5,496.5,33532,0.0,114604,0.0,1666580000.0,0.0,247,368,2018-09-07 22:13:00
20180907 22:14,496.5,496.5,496.5,496.5,33532,0.0,114604,0.0,1666580000.0,0.0,175,240,2018-09-07 22:14:00
20180907 22:15,496.5,496.5,496.5,496.5,33532,0.0,114604,0.0,1666580000.0,0.0,219,302,2018-09-07 22:15:00
20180907 22:16,496.5,496.5,496.5,496.5,33532,0.0,114604,0.0,1666580000.0,0.0,132,196,2018-09-07 22:16:00
20180907 22:17,496.5,496.5,496.5,496.5,33532,0.0,114604,0.0,1666580000.0,0.0,43,67,2018-09-07 22:17:00
20180907 22:19,496.5,496.5,496.5,496.5,33532,0.0,114604,0.0,1666580000.0,0.0,42,67,2018-09-07 22:19:00
20180907 22:20,496.5,496.5,496.5,496.5,33532,0.0,114604,0.0,1666580000.0,0.0,128,201,2018-09-07 22:20:00
20180907 22:21,496.5,496.5,496.5,496.5,33532,0.0,114604,0.0,1666580000.0,0.0,207,336,2018-09-07 22:21:00
20180907 22:22,496.5,497.0,496.5,497.0,35052,1520.0,114598,-6.0,1742120000.0,75540000.0,23794,2658,2018-09-07 22:22:00
20180907 22:23,497.0,497.0,497.0,497.0,36602,1550.0,114466,-132.0,1819150000.0,77030000.0,22539,1758,2018-09-07 22:23:00
20180907 22:24,497.0,497.0,497.0,497.0,36724,122.0,114442,-24.0,1825220000.0,6070000.0,6044,722,2018-09-07 22:24:00
20180907 22:25,497.0,497.0,497.0,497.0,37610,886.0,114574,132.0,1869250000.0,44030000.0,1032,1194,2018-09-07 22:25:00
20180907 22:26,497.0,497.0,497.0,497.0,43608,5998.0,114630,56.0,2167350000.0,298100000.0,11728,2940,2018-09-07 22:26:00
20180907 22:27,497.0,497.0,497.0,497.0,43608,0.0,114630,0.0,2167350000.0,0.0,858,465,2018-09-07 22:27:00
20180907 22:28,497.0,497.0,497.0,497.0,43608,0.0,114630,0.0,2167350000.0,0.0,231,124,2018-09-07 22:28:00
20180907 22:29,497.0,497.0,497.0,497.0,43608,0.0,114630,0.0,2167350000.0,0.0,159,82,2018-09-07 22:29:00
20180907 22:30,497.0,497.0,497.0,497.0,43612,4.0,114630,0.0,2167550000.0,200000.0,237,121,2018-09-07 22:30:00
20180907 22:31,497.0,497.0,497.0,497.0,43612,0.0,114630,0.0,2167550000.0,0.0,331,160,2018-09-07 22:31:00
20180907 22:32,497.0,497.0,497.0,497.0,43612,0.0,114630,0.0,2167550000.0,0.0,101,42,2018-09-07 22:32:00
20180907 22:33,496.5,496.5,496.5,496.5,43614,2.0,114632,2.0,2167650000.0,100000.0,174,82,2018-09-07 22:33:00
20180907 22:34,496.5,496.5,496.5,496.5,43614,0.0,114632,0.0,2167650000.0,0.0,142,82,2018-09-07 22:34:00
20180907 22:35,496.5,496.5,496.5,496.5,43614,0.0,114632,0.0,2167650000.0,0.0,196,83,2018-09-07 22:35:00
20180907 22:36,496.5,496.5,496.5,496.5,43614,0.0,114632,0.0,2167650000.0,0.0,70,42,2018-09-07 22:36:00
20180907 22:37,496.5,497.0,496.5,497.0,45092,1478.0,114444,-188.0,2241110000.0,73460000.0,1931,1730,2018-09-07 22:37:00
20180907 22:38,497.0,497.5,497.0,497.5,45644,552.0,114272,-172.0,2268570000.0,27460000.0,746,1576,2018-09-07 22:38:00
20180907 22:39,497.5,497.5,497.5,497.5,45646,2.0,114270,-2.0,2268670000.0,100000.0,489,374,2018-09-07 22:39:00
20180907 22:40,497.5,497.5,497.5,497.5,45646,0.0,114270,0.0,2268670000.0,0.0,44,52,2018-09-07 22:40:00
20180907 22:41,497.5,497.5,497.0,497.0,45686,40.0,114270,0.0,2270660000.0,1990000.0,352,388,2018-09-07 22:41:00
20180907 22:42,497.0,497.0,496.5,496.5,45922,236.0,114404,134.0,2282380000.0,11720000.0,1285,697,2018-09-07 22:42:00
20180907 22:43,496.5,496.5,496.5,496.5,47202,1280.0,115240,836.0,2345930000.0,63550000.0,1405,1296,2018-09-07 22:43:00
20180907 22:44,496.5,497.0,496.5,497.0,47762,560.0,115112,-128.0,2373760000.0,27830000.0,1244,1264,2018-09-07 22:44:00
20180907 22:45,497.0,497.0,497.0,497.0,47764,2.0,115112,0.0,2373860000.0,100000.0,78,253,2018-09-07 22:45:00
20180907 22:46,497.0,497.0,497.0,497.0,47944,180.0,115154,42.0,2382810000.0,8950000.0,718,1931,2018-09-07 22:46:00
20180907 22:47,497.0,497.0,497.0,497.0,48134,190.0,115022,-132.0,2392250000.0,9440000.0,599,1922,2018-09-07 22:47:00
20180907 22:48,497.0,497.0,496.5,497.0,48278,144.0,114990,-32.0,2399400000.0,7150000.0,639,1422,2018-09-07 22:48:00
20180907 22:49,497.0,497.0,497.0,497.0,48278,0.0,114990,0.0,2399400000.0,0.0,618,523,2018-09-07 22:49:00
20180907 22:50,497.0,497.0,496.5,496.5,48540,262.0,115164,174.0,2412420000.0,13020000.0,852,1449,2018-09-07 22:50:00
20180907 22:51,497.0,497.0,496.5,496.5,48582,42.0,115146,-18.0,2414510000.0,2090000.0,628,614,2018-09-07 22:51:00
20180907 22:52,496.5,496.5,496.5,496.5,48582,0.0,115146,0.0,2414510000.0,0.0,280,215,2018-09-07 22:52:00
20180907 22:53,496.5,497.0,496.5,497.0,49810,1228.0,114518,-628.0,2475540000.0,61030000.0,979,834,2018-09-07 22:53:00
20180907 22:54,497.0,497.0,497.0,497.0,49810,0.0,114518,0.0,2475540000.0,0.0,390,409,2018-09-07 22:54:00
20180907 22:55,497.0,497.0,497.0,497.0,51126,1316.0,115118,600.0,2540940000.0,65400000.0,1159,858,2018-09-07 22:55:00
20180907 22:56,497.0,497.0,496.5,496.5,51660,534.0,115224,106.0,2567460000.0,26520000.0,2627,1454,2018-09-07 22:56:00
20180907 22:57,496.5,496.5,496.5,496.5,52686,1026.0,114550,-674.0,2618400000.0,50940000.0,1842,2799,2018-09-07 22:57:00
20180907 22:58,496.0,496.5,496.0,496.5,52692,6.0,114552,2.0,2618700000.0,300000.0,1479,2119,2018-09-07 22:58:00
20180907 22:59,496.5,496.5,496.5,496.5,53478,786.0,114688,136.0,2657720000.0,39020000.0,2698,2162,2018-09-07 22:59:00
20180907 23:00,496.5,497.0,496.5,497.0,55692,2214.0,115458,770.0,2767760000.0,110040000.0,1706,3822,2018-09-07 23:00:00
20180907 23:01,497.0,497.0,497.0,497.0,55696,4.0,115458,0.0,2767950000.0,190000.0,1412,314,2018-09-07 23:01:00
20180907 23:02,497.0,497.5,497.0,497.0,56372,676.0,115426,-32.0,2801580000.0,33630000.0,1735,3508,2018-09-07 23:02:00
20180907 23:03,497.0,497.0,497.0,497.0,56372,0.0,115426,0.0,2801580000.0,0.0,1141,2057,2018-09-07 23:03:00
20180907 23:04,497.0,497.5,497.0,497.5,57618,1246.0,114568,-858.0,2863570000.0,61990000.0,2384,1670,2018-09-07 23:04:00
20180907 23:05,497.5,497.5,497.5,497.5,57622,4.0,114568,0.0,2863770000.0,200000.0,590,2409,2018-09-07 23:05:00
20180907 23:06,497.5,498.0,497.5,498.0,57706,84.0,114608,40.0,2867950000.0,4180000.0,1196,964,2018-09-07 23:06:00
20180907 23:07,498.0,498.5,498.0,498.5,58646,940.0,115414,806.0,2914760000.0,46810000.0,2330,523,2018-09-07 23:07:00
20180907 23:08,498.0,498.0,497.5,497.5,58874,228.0,115410,-4.0,2926110000.0,11350000.0,1573,3253,2018-09-07 23:08:00
20180907 23:09,498.0,498.5,498.0,498.0,58988,114.0,115398,-12.0,2931790000.0,5680000.0,2696,1233,2018-09-07 23:09:00
20180907 23:10,498.0,498.0,498.0,498.0,59002,14.0,115398,0.0,2932490000.0,700000.0,1032,185,2018-09-07 23:10:00
20180907 23:11,498.0,498.0,498.0,498.0,59002,0.0,115398,0.0,2932490000.0,0.0,342,70,2018-09-07 23:11:00
20180907 23:12,498.0,498.0,498.0,498.0,59002,0.0,115398,0.0,2932490000.0,0.0,467,126,2018-09-07 23:12:00
20180907 23:13,498.0,498.5,498.0,498.5,59042,40.0,115438,40.0,2934480000.0,1990000.0,416,180,2018-09-07 23:13:00
20180907 23:14,498.5,498.5,498.5,498.5,59070,28.0,115466,28.0,2935880000.0,1400000.0,2662,1511,2018-09-07 23:14:00
20180907 23:15,498.5,498.5,497.0,497.5,59758,688.0,115430,-36.0,2970110000.0,34230000.0,2643,3033,2018-09-07 23:15:00
20180907 23:16,497.5,497.5,497.5,497.5,59758,0.0,115430,0.0,2970110000.0,0.0,946,712,2018-09-07 23:16:00
20180907 23:17,497.5,497.5,497.5,497.5,59758,0.0,115430,0.0,2970110000.0,0.0,92,102,2018-09-07 23:17:00
20180907 23:18,497.0,497.0,496.5,496.5,59872,114.0,115478,48.0,2975770000.0,5660000.0,415,420,2018-09-07 23:18:00
20180907 23:19,497.0,497.0,496.0,496.0,61562,1690.0,115088,-390.0,3059630000.0,83860000.0,2649,1531,2018-09-07 23:19:00
20180907 23:20,496.0,496.0,496.0,496.0,62140,578.0,115086,-2.0,3088300000.0,28670000.0,1447,1462,2018-09-07 23:20:00
20180907 23:21,496.0,496.0,496.0,496.0,62690,550.0,115076,-10.0,3115580000.0,27280000.0,852,734,2018-09-07 23:21:00
20180907 23:22,496.0,497.5,496.0,497.5,63042,352.0,115114,38.0,3133070000.0,17490000.0,1466,903,2018-09-07 23:22:00
20180907 23:23,497.5,498.0,497.5,498.0,63046,4.0,115114,0.0,3133270000.0,200000.0,609,554,2018-09-07 23:23:00
20180907 23:24,498.0,498.0,497.5,497.5,63108,62.0,115072,-42.0,3136360000.0,3090000.0,976,1018,2018-09-07 23:24:00
20180907 23:25,497.5,497.5,497.5,497.5,63450,342.0,114946,-126.0,3153370000.0,17010000.0,945,1385,2018-09-07 23:25:00
20180907 23:26,497.5,497.5,497.5,497.5,65814,2364.0,114888,-58.0,3270980000.0,117610000.0,1743,3418,2018-09-07 23:26:00
20180907 23:27,497.5,497.5,497.0,497.0,65860,46.0,114884,-4.0,3273270000.0,2290000.0,1520,1786,2018-09-07 23:27:00
20180907 23:28,497.0,498.0,497.0,497.5,67672,1812.0,114810,-74.0,3363410000.0,90140000.0,1659,759,2018-09-07 23:28:00
20180907 23:29,497.5,498.0,497.5,497.5,69564,1892.0,114818,8.0,3457540000.0,94130000.0,1192,635,2018-09-07 23:29:00
20180910 09:00,496.5,497.0,495.5,496.0,64592,64592.0,110034,-4784.0,3182160000.0,3182160000.0,3442,6480,2018-09-10 09:00:00
20180910 09:01,495.5,496.0,495.5,496.0,64718,126.0,110042,8.0,3188400000.0,6240000.0,4427,4377,2018-09-10 09:01:00
20180910 09:02,496.0,496.0,495.5,495.5,64756,38.0,110054,12.0,3190290000.0,1890000.0,3813,1048,2018-09-10 09:02:00
20180910 09:03,495.5,495.5,495.5,495.5,64836,80.0,110060,6.0,3194250000.0,3960000.0,1463,1964,2018-09-10 09:03:00
20180910 09:04,495.5,495.5,494.5,494.5,65790,954.0,110846,786.0,3241510000.0,47260000.0,1873,4128,2018-09-10 09:04:00
20180910 09:05,494.5,494.5,493.5,493.5,68254,2464.0,110154,-692.0,3363360000.0,121850000.0,4066,4426,2018-09-10 09:05:00
20180910 09:06,493.5,493.5,493.0,493.0,68424,170.0,110228,74.0,3371740000.0,8380000.0,4375,2343,2018-09-10 09:06:00
20180910 09:07,493.0,493.0,491.0,492.0,68780,356.0,110320,92.0,3389250000.0,17510000.0,8650,3650,2018-09-10 09:07:00
20180910 09:08,492.5,492.5,492.0,492.0,68960,180.0,110332,12.0,3398120000.0,8870000.0,7154,1405,2018-09-10 09:08:00
20180910 09:09,492.0,493.5,492.0,493.5,69182,222.0,110346,14.0,3409060000.0,10940000.0,8126,1607,2018-09-10 09:09:00
20180910 09:10,493.5,493.5,493.5,493.5,69250,68.0,110368,22.0,3412410000.0,3350000.0,6151,1972,2018-09-10 09:10:00
20180910 09:11,493.5,493.5,493.5,493.5,69250,0.0,110368,0.0,3412410000.0,0.0,2842,2129,2018-09-10 09:11:00
20180910 09:12,493.5,494.0,493.5,494.0,69864,614.0,110086,-282.0,3442710000.0,30300000.0,2639,3928,2018-09-10 09:12:00
20180910 09:13,494.0,494.0,493.5,493.5,69998,134.0,110032,-54.0,3449330000.0,6620000.0,2892,2258,2018-09-10 09:13:00
20180910 09:14,493.5,493.5,493.5,493.5,70054,56.0,110010,-22.0,3452090000.0,2760000.0,1655,2179,2018-09-10 09:14:00
20180910 09:15,493.5,493.5,493.0,493.0,70312,258.0,110018,8.0,3464810000.0,12720000.0,8950,1648,2018-09-10 09:15:00
20180910 09:16,493.0,493.0,493.0,493.0,72110,1798.0,110284,266.0,3553450000.0,88640000.0,8463,3404,2018-09-10 09:16:00
20180910 09:17,493.0,493.0,492.5,492.5,72380,270.0,110316,32.0,3566760000.0,13310000.0,6253,3289,2018-09-10 09:17:00
20180910 09:18,492.5,492.5,492.5,492.5,73234,854.0,110522,206.0,3608820000.0,42060000.0,2763,2294,2018-09-10 09:18:00
20180910 09:19,492.5,493.5,492.5,493.5,73554,320.0,110538,16.0,3624600000.0,15780000.0,6743,3304,2018-09-10 09:19:00
20180910 09:20,493.5,493.5,493.0,493.5,75306,1752.0,110248,-290.0,3711050000.0,86450000.0,1427,5556,2018-09-10 09:20:00
20180910 09:21,493.5,493.5,493.5,493.5,75330,24.0,110232,-16.0,3712230000.0,1180000.0,2186,1128,2018-09-10 09:21:00
20180910 09:22,493.5,494.0,493.5,493.5,75470,140.0,110316,84.0,3719150000.0,6920000.0,1439,1723,2018-09-10 09:22:00
20180910 09:23,493.5,493.5,493.5,493.5,75470,0.0,110316,0.0,3719150000.0,0.0,196,294,2018-09-10 09:23:00
20180910 09:24,493.5,493.5,493.5,493.5,75470,0.0,110316,0.0,3719150000.0,0.0,49,75,2018-09-10 09:24:00
20180910 09:25,494.0,494.5,494.0,494.0,75674,204.0,110438,122.0,3729230000.0,10080000.0,1072,2218,2018-09-10 09:25:00
20180910 09:26,494.0,494.0,493.5,494.0,76930,1256.0,110856,418.0,3791250000.0,62020000.0,3087,3225,2018-09-10 09:26:00
20180910 09:27,494.0,494.0,494.0,494.0,76936,6.0,110856,0.0,3791550000.0,300000.0,1103,770,2018-09-10 09:27:00
20180910 09:28,494.0,494.0,493.5,494.0,77636,700.0,110616,-240.0,3826100000.0,34550000.0,2368,2834,2018-09-10 09:28:00
20180910 09:29,494.0,494.0,493.5,493.5,77732,96.0,110566,-50.0,3830830000.0,4730000.0,832,2429,2018-09-10 09:29:00
20180910 09:30,493.5,493.5,493.0,493.5,77744,12.0,110560,-6.0,3831420000.0,590000.0,757,837,2018-09-10 09:30:00
20180910 09:31,493.5,493.5,493.5,493.5,77744,0.0,110560,0.0,3831420000.0,0.0,106,170,2018-09-10 09:31:00
20180910 09:32,493.5,493.5,493.0,493.0,78472,728.0,111142,582.0,3867320000.0,35900000.0,1262,1940,2018-09-10 09:32:00
20180910 09:33,493.0,493.0,492.0,492.5,78500,28.0,111128,-14.0,3868690000.0,1370000.0,1340,988,2018-09-10 09:33:00
20180910 09:34,492.5,492.5,492.0,492.0,79182,682.0,110620,-508.0,3902250000.0,33560000.0,1148,2088,2018-09-10 09:34:00
20180910 09:35,492.0,492.5,492.0,492.5,81230,2048.0,110698,78.0,4003110000.0,100860000.0,8636,6459,2018-09-10 09:35:00
20180910 09:36,492.5,493.0,492.5,493.0,83800,2570.0,110914,216.0,4129690000.0,126580000.0,8036,2791,2018-09-10 09:36:00
20180910 09:37,493.0,493.0,492.0,492.0,85582,1782.0,111132,218.0,4217450000.0,87760000.0,8796,4431,2018-09-10 09:37:00
20180910 09:38,492.0,492.5,492.0,492.5,88266,2684.0,110016,-1116.0,4349630000.0,132180000.0,4066,2332,2018-09-10 09:38:00
20180910 09:39,492.5,493.0,492.5,493.0,88290,24.0,110012,-4.0,4350820000.0,1190000.0,2807,3823,2018-09-10 09:39:00
20180910 09:40,492.5,493.0,492.0,492.0,88558,268.0,110122,110.0,4364010000.0,13190000.0,2941,2374,2018-09-10 09:40:00
20180910 09:41,492.0,492.0,491.0,491.0,90082,1524.0,110178,56.0,4438880000.0,74870000.0,5619,4721,2018-09-10 09:41:00
20180910 09:42,491.0,491.5,491.0,491.5,90162,80.0,110208,30.0,4442810000.0,3930000.0,4232,1772,2018-09-10 09:42:00
20180910 09:43,491.5,491.5,491.0,491.0,90296,134.0,110194,-14.0,4449390000.0,6580000.0,2888,1137,2018-09-10 09:43:00
20180910 09:44,491.0,491.0,490.5,490.5,90400,104.0,110192,-2.0,4454490000.0,5100000.0,3072,1295,2018-09-10 09:44:00
20180910 09:45,490.5,491.5,490.5,491.5,90494,94.0,110198,6.0,4459110000.0,4620000.0,2089,662,2018-09-10 09:45:00
20180910 09:46,491.5,491.5,490.0,490.0,91358,864.0,110680,482.0,4501520000.0,42410000.0,3730,2745,2018-09-10 09:46:00
20180910 09:47,490.0,491.0,490.0,491.0,91440,82.0,110746,66.0,4505540000.0,4020000.0,2017,1431,2018-09-10 09:47:00
20180910 09:48,491.0,491.0,491.0,491.0,91442,2.0,110746,0.0,4505640000.0,100000.0,1222,350,2018-09-10 09:48:00
20180910 09:49,491.0,491.0,490.0,490.0,93802,2360.0,109982,-764.0,4621400000.0,115760000.0,4280,4986,2018-09-10 09:49:00
20180910 09:50,490.0,491.0,490.0,491.0,95746,1944.0,110090,108.0,4716660000.0,95260000.0,5231,2518,2018-09-10 09:50:00
20180910 09:51,491.0,491.0,491.0,491.0,95752,6.0,110092,2.0,4716960000.0,300000.0,1972,620,2018-09-10 09:51:00
20180910 09:52,491.0,491.0,491.0,491.0,95754,2.0,110092,0.0,4717060000.0,100000.0,1044,408,2018-09-10 09:52:00
20180910 09:53,491.0,491.0,491.0,491.0,95758,4.0,110092,0.0,4717250000.0,190000.0,1011,322,2018-09-10 09:53:00
20180910 09:54,491.0,491.0,491.0,491.0,95772,14.0,110102,10.0,4717940000.0,690000.0,3058,1706,2018-09-10 09:54:00
20180910 09:55,491.0,491.0,490.5,491.0,97358,1586.0,110224,122.0,4795740000.0,77800000.0,5737,4834,2018-09-10 09:55:00
20180910 09:56,491.0,491.0,490.5,490.5,98334,976.0,110272,48.0,4843610000.0,47870000.0,3529,5444,2018-09-10 09:56:00
20180910 09:57,490.5,490.5,490.5,490.5,98336,2.0,110270,-2.0,4843710000.0,100000.0,1475,1260,2018-09-10 09:57:00
20180910 09:58,490.5,490.5,490.5,490.5,99244,908.0,110448,178.0,4888240000.0,44530000.0,2676,4712,2018-09-10 09:58:00
20180910 09:59,490.5,491.0,490.5,491.0,99250,6.0,110444,-4.0,4888540000.0,300000.0,1437,846,2018-09-10 09:59:00
20180910 10:00,491.0,491.0,490.5,491.0,99258,8.0,110440,-4.0,4888930000.0,390000.0,1045,494,2018-09-10 10:00:00
20180910 10:01,491.0,491.0,490.5,490.5,100234,976.0,109908,-532.0,4936800000.0,47870000.0,1635,2300,2018-09-10 10:01:00
20180910 10:02,490.5,491.0,490.5,491.0,100250,16.0,109892,-16.0,4937590000.0,790000.0,821,771,2018-09-10 10:02:00
20180910 10:03,491.0,491.0,490.5,490.5,100350,100.0,109858,-34.0,4942500000.0,4910000.0,798,872,2018-09-10 10:03:00
20180910 10:04,490.5,491.0,490.5,491.0,100354,4.0,109856,-2.0,4942690000.0,190000.0,978,1349,2018-09-10 10:04:00
20180910 10:05,491.0,491.0,491.0,491.0,100358,4.0,109852,-4.0,4942890000.0,200000.0,249,423,2018-09-10 10:05:00
20180910 10:06,491.0,491.0,491.0,491.0,100558,200.0,109988,136.0,4952710000.0,9820000.0,781,984,2018-09-10 10:06:00
20180910 10:07,491.0,491.5,491.0,491.0,101460,902.0,110586,598.0,4997000000.0,44290000.0,2197,2472,2018-09-10 10:07:00
20180910 10:08,491.0,491.0,491.0,491.0,101470,10.0,110586,0.0,4997490000.0,490000.0,857,1306,2018-09-10 10:08:00
20180910 10:09,491.0,491.0,491.0,491.0,101474,4.0,110586,0.0,4997680000.0,190000.0,185,357,2018-09-10 10:09:00
20180910 10:10,491.0,491.0,490.5,490.5,101666,192.0,110666,80.0,5007100000.0,9420000.0,909,964,2018-09-10 10:10:00
20180910 10:11,490.5,491.0,490.5,491.0,102480,814.0,110108,-558.0,5047030000.0,39930000.0,1414,2383,2018-09-10 10:11:00
20180910 10:12,491.0,491.0,491.0,491.0,102484,4.0,110104,-4.0,5047220000.0,190000.0,2551,7250,2018-09-10 10:12:00
20180910 10:13,491.0,491.0,489.5,490.0,102818,334.0,110152,48.0,5063600000.0,16380000.0,2666,11138,2018-09-10 10:13:00
20180910 10:14,490.0,490.5,490.0,490.5,105954,3136.0,109966,-186.0,5217420000.0,153820000.0,1435,7393,2018-09-10 10:14:00
20180910 10:30,490.5,490.5,490.0,490.0,107348,1394.0,109956,-10.0,5285760000.0,68340000.0,2039,4544,2018-09-10 10:30:00
20180910 10:31,490.0,490.5,490.0,490.5,109110,1762.0,109892,-64.0,5372180000.0,86420000.0,2931,2615,2018-09-10 10:31:00
20180910 10:32,490.5,491.0,490.5,490.5,109926,816.0,109862,-30.0,5412210000.0,40030000.0,2057,1214,2018-09-10 10:32:00
20180910 10:33,490.5,491.0,490.5,490.5,110060,134.0,109924,62.0,5418780000.0,6570000.0,2247,1543,2018-09-10 10:33:00
20180910 10:34,490.5,490.5,490.5,490.5,110070,10.0,109916,-8.0,5419270000.0,490000.0,1026,1178,2018-09-10 10:34:00
20180910 10:35,490.5,490.5,489.0,489.5,113156,3086.0,109494,-422.0,5570280000.0,151010000.0,4233,8001,2018-09-10 10:35:00
20180910 10:36,489.5,489.5,489.0,489.0,113402,246.0,109554,60.0,5582320000.0,12040000.0,4478,5166,2018-09-10 10:36:00
20180910 10:37,489.0,489.5,489.0,489.0,114352,950.0,110082,528.0,5628770000.0,46450000.0,3656,2917,2018-09-10 10:37:00
20180910 10:38,489.0,489.5,489.0,489.5,115334,982.0,109626,-456.0,5676840000.0,48070000.0,1801,4028,2018-09-10 10:38:00
20180910 10:39,489.5,490.0,489.5,490.0,115346,12.0,109624,-2.0,5677430000.0,590000.0,1352,1247,2018-09-10 10:39:00
20180910 10:40,490.0,490.0,490.0,490.0,115352,6.0,109622,-2.0,5677720000.0,290000.0,720,1105,2018-09-10 10:40:00
20180910 10:41,490.0,490.0,490.0,490.0,115356,4.0,109618,-4.0,5677920000.0,200000.0,633,935,2018-09-10 10:41:00
20180910 10:42,490.0,490.5,490.0,490.5,115448,92.0,109662,44.0,5682430000.0,4510000.0,1514,1340,2018-09-10 10:42:00
20180910 10:43,490.5,490.5,490.0,490.0,115512,64.0,109644,-18.0,5685560000.0,3130000.0,1604,1027,2018-09-10 10:43:00
20180910 10:44,490.0,490.0,490.0,490.0,115514,2.0,109642,-2.0,5685660000.0,100000.0,912,455,2018-09-10 10:44:00
20180910 10:45,490.0,490.0,490.0,490.0,115520,6.0,109636,-6.0,5685960000.0,300000.0,1095,395,2018-09-10 10:45:00
20180910 10:46,490.0,490.0,490.0,490.0,115532,12.0,109624,-12.0,5686540000.0,580000.0,1224,478,2018-09-10 10:46:00
20180910 10:47,490.0,490.0,490.0,490.0,115540,8.0,109620,-4.0,5686940000.0,400000.0,1026,629,2018-09-10 10:47:00
20180910 10:48,490.0,490.0,490.0,490.0,115542,2.0,109618,-2.0,5687030000.0,90000.0,692,300,2018-09-10 10:48:00
20180910 10:49,490.0,490.0,489.0,489.0,116782,1240.0,109770,152.0,5747730000.0,60700000.0,7075,3750,2018-09-10 10:49:00
20180910 10:50,489.0,490.0,489.0,489.5,118100,1318.0,110290,520.0,5812250000.0,64520000.0,3978,2672,2018-09-10 10:50:00
20180910 10:51,489.5,490.0,489.5,490.0,118292,192.0,110246,-44.0,5821650000.0,9400000.0,1460,2293,2018-09-10 10:51:00
20180910 10:52,490.0,490.5,490.0,490.0,119866,1574.0,109918,-328.0,5898780000.0,77130000.0,1963,3282,2018-09-10 10:52:00
20180910 10:53,490.0,490.5,490.0,490.0,120298,432.0,110064,146.0,5919950000.0,21170000.0,1240,2630,2018-09-10 10:53:00
20180910 10:54,490.0,490.5,490.0,490.5,121558,1260.0,110162,98.0,5981690000.0,61740000.0,2181,2848,2018-09-10 10:54:00
20180910 10:55,490.5,490.5,489.5,489.5,121802,244.0,110196,34.0,5993640000.0,11950000.0,888,3572,2018-09-10 10:55:00
20180910 10:56,489.5,490.0,489.5,489.5,122630,828.0,110580,384.0,6034170000.0,40530000.0,1852,3899,2018-09-10 10:56:00
20180910 10:57,489.5,490.5,489.5,490.5,123230,600.0,110290,-290.0,6063590000.0,29420000.0,4268,2623,2018-09-10 10:57:00
20180910 10:58,490.5,490.5,490.5,490.5,123388,158.0,110228,-62.0,6071340000.0,7750000.0,2207,6538,2018-09-10 10:58:00
20180910 10:59,490.5,490.5,490.5,490.5,124276,888.0,109776,-452.0,6114890000.0,43550000.0,2120,9468,2018-09-10 10:59:00
20180910 11:00,490.5,491.0,490.5,491.0,124584,308.0,109752,-24.0,6130010000.0,15120000.0,5106,3449,2018-09-10 11:00:00
20180910 11:01,491.0,491.5,491.0,491.0,125426,842.0,109420,-332.0,6171350000.0,41340000.0,3768,3116,2018-09-10 11:01:00
20180910 11:02,491.0,491.0,491.0,491.0,126304,878.0,109954,534.0,6214460000.0,43110000.0,5069,1335,2018-09-10 11:02:00
20180910 11:03,491.0,491.0,490.5,490.5,127264,960.0,109490,-464.0,6261550000.0,47090000.0,1961,5410,2018-09-10 11:03:00
20180910 11:04,490.5,491.0,490.5,491.0,127268,4.0,109490,0.0,6261740000.0,190000.0,1344,821,2018-09-10 11:04:00
20180910 11:05,491.0,491.5,491.0,491.5,127276,8.0,109486,-4.0,6262140000.0,400000.0,2580,1733,2018-09-10 11:05:00
20180910 11:06,491.5,491.5,491.0,491.0,127378,102.0,109514,28.0,6267150000.0,5010000.0,1892,1804,2018-09-10 11:06:00
20180910 11:07,491.0,491.0,491.0,491.0,127456,78.0,109506,-8.0,6270980000.0,3830000.0,997,902,2018-09-10 11:07:00
20180910 11:08,491.0,491.5,491.0,491.5,127460,4.0,109502,-4.0,6271170000.0,190000.0,1421,963,2018-09-10 11:08:00
20180910 11:09,491.5,491.5,491.5,491.5,127464,4.0,109502,0.0,6271370000.0,200000.0,1018,784,2018-09-10 11:09:00
20180910 11:10,491.5,491.5,491.5,491.5,127478,14.0,109512,10.0,6272060000.0,690000.0,676,514,2018-09-10 11:10:00
20180910 11:11,491.5,491.5,491.5,491.5,127480,2.0,109512,0.0,6272150000.0,90000.0,606,597,2018-09-10 11:11:00
20180910 11:12,491.5,492.0,491.5,491.5,128294,814.0,110032,520.0,6312160000.0,40010000.0,2112,1790,2018-09-10 11:12:00
20180910 11:13,491.5,492.0,491.5,492.0,128358,64.0,110004,-28.0,6315310000.0,3150000.0,1348,2324,2018-09-10 11:13:00
20180910 11:14,492.0,492.0,492.0,492.0,128374,16.0,110014,10.0,6316100000.0,790000.0,1355,2393,2018-09-10 11:14:00
20180910 11:15,492.0,492.0,491.5,492.0,128382,8.0,110018,4.0,6316490000.0,390000.0,1545,1580,2018-09-10 11:15:00
20180910 11:16,492.0,492.0,491.5,491.5,128386,4.0,110018,0.0,6316690000.0,200000.0,552,321,2018-09-10 11:16:00
20180910 11:17,491.5,492.0,491.5,492.0,128390,4.0,110018,0.0,6316890000.0,200000.0,1079,832,2018-09-10 11:17:00
20180910 11:18,492.0,492.0,492.0,492.0,128394,4.0,110018,0.0,6317080000.0,190000.0,1294,1207,2018-09-10 11:18:00
20180910 11:19,492.0,492.0,492.0,492.0,128398,4.0,110018,0.0,6317280000.0,200000.0,877,571,2018-09-10 11:19:00
20180910 11:20,492.0,492.0,491.5,491.5,129284,886.0,109584,-434.0,6360830000.0,43550000.0,1293,1540,2018-09-10 11:20:00
20180910 11:21,491.5,491.5,491.0,491.0,130032,748.0,110012,428.0,6397550000.0,36720000.0,2005,4688,2018-09-10 11:21:00
20180910 11:22,491.0,491.0,490.5,490.5,130244,212.0,110066,54.0,6407950000.0,10400000.0,5126,7789,2018-09-10 11:22:00
20180910 11:23,490.5,490.5,490.5,490.5,131260,1016.0,109844,-222.0,6457790000.0,49840000.0,7074,8269,2018-09-10 11:23:00
20180910 11:24,490.5,490.5,490.5,490.5,131294,34.0,109856,12.0,6459450000.0,1660000.0,1328,2677,2018-09-10 11:24:00
20180910 11:25,490.5,490.5,490.5,490.5,131316,22.0,109856,0.0,6460530000.0,1080000.0,1430,2579,2018-09-10 11:25:00
20180910 11:26,490.5,490.5,490.5,490.5,131596,280.0,109930,74.0,6474270000.0,13740000.0,1041,1864,2018-09-10 11:26:00
20180910 11:27,490.5,491.0,490.5,491.0,131616,20.0,109922,-8.0,6475250000.0,980000.0,719,2322,2018-09-10 11:27:00
20180910 11:28,491.0,491.5,491.0,491.5,132276,660.0,110250,328.0,6507660000.0,32410000.0,4746,1442,2018-09-10 11:28:00
20180910 11:29,491.5,492.0,491.5,492.0,133008,732.0,109950,-300.0,6543640000.0,35980000.0,3305,1836,2018-09-10 11:29:00
20180910 13:30,492.0,492.0,491.0,491.5,133304,296.0,109852,-98.0,6558190000.0,14550000.0,3880,2367,2018-09-10 13:30:00
20180910 13:31,491.5,492.0,491.5,492.0,134002,698.0,110208,356.0,6592500000.0,34310000.0,3182,2909,2018-09-10 13:31:00
20180910 13:32,492.0,492.0,492.0,492.0,134006,4.0,110208,0.0,6592690000.0,190000.0,1255,1625,2018-09-10 13:32:00
20180910 13:33,492.0,492.0,492.0,492.0,134072,66.0,110188,-20.0,6595940000.0,3250000.0,748,1257,2018-09-10 13:33:00
20180910 13:34,492.0,492.5,492.0,492.0,134834,762.0,109836,-352.0,6633430000.0,37490000.0,3709,1968,2018-09-10 13:34:00
20180910 13:35,492.0,492.0,492.0,492.0,134838,4.0,109836,0.0,6633630000.0,200000.0,1086,2117,2018-09-10 13:35:00
20180910 13:36,492.0,492.0,491.0,491.5,135048,210.0,109924,88.0,6643950000.0,10320000.0,1398,1744,2018-09-10 13:36:00
20180910 13:37,491.5,491.5,491.5,491.5,135052,4.0,109924,0.0,6644140000.0,190000.0,758,800,2018-09-10 13:37:00
20180910 13:38,491.5,492.0,491.5,492.0,135156,104.0,109920,-4.0,6649260000.0,5120000.0,2038,1630,2018-09-10 13:38:00
20180910 13:39,492.0,492.0,492.0,492.0,135158,2.0,109920,0.0,6649350000.0,90000.0,1226,1200,2018-09-10 13:39:00
20180910 13:40,492.0,492.0,491.5,491.5,135300,142.0,110034,114.0,6656330000.0,6980000.0,751,1054,2018-09-10 13:40:00
20180910 13:41,491.5,491.5,491.0,491.5,135306,6.0,110034,0.0,6656630000.0,300000.0,1365,843,2018-09-10 13:41:00
20180910 13:42,491.5,491.5,491.5,491.5,135310,4.0,110030,-4.0,6656830000.0,200000.0,606,349,2018-09-10 13:42:00
20180910 13:43,491.5,491.5,491.5,491.5,135434,124.0,109954,-76.0,6662920000.0,6090000.0,1195,1676,2018-09-10 13:43:00
20180910 13:44,491.5,492.0,491.5,492.0,135440,6.0,109950,-4.0,6663210000.0,290000.0,2001,1687,2018-09-10 13:44:00
20180910 13:45,492.0,492.0,491.5,492.0,135488,48.0,109948,-2.0,6665570000.0,2360000.0,1831,1322,2018-09-10 13:45:00
20180910 13:46,492.0,492.0,492.0,492.0,135492,4.0,109948,0.0,6665770000.0,200000.0,653,600,2018-09-10 13:46:00
20180910 13:47,492.0,492.0,492.0,492.0,135496,4.0,109948,0.0,6665970000.0,200000.0,545,498,2018-09-10 13:47:00
20180910 13:48,492.0,492.0,492.0,492.0,135498,2.0,109948,0.0,6666070000.0,100000.0,322,296,2018-09-10 13:48:00
20180910 13:49,492.0,492.0,491.0,491.0,135700,202.0,110026,78.0,6675990000.0,9920000.0,922,812,2018-09-10 13:49:00
20180910 13:50,491.0,491.5,491.0,491.0,135706,6.0,110022,-4.0,6676290000.0,300000.0,905,598,2018-09-10 13:50:00
20180910 13:51,491.0,492.0,491.0,491.5,136604,898.0,110416,394.0,6720430000.0,44140000.0,2188,2223,2018-09-10 13:51:00
20180910 13:52,491.5,492.0,491.5,492.0,136660,56.0,110454,38.0,6723180000.0,2750000.0,1940,3164,2018-09-10 13:52:00
20180910 13:53,492.0,492.0,492.0,492.0,136662,2.0,110452,-2.0,6723280000.0,100000.0,206,472,2018-09-10 13:53:00
20180910 13:54,492.0,492.0,492.0,492.0,136666,4.0,110448,-4.0,6723480000.0,200000.0,443,694,2018-09-10 13:54:00
20180910 13:55,492.0,492.0,492.0,492.0,136670,4.0,110444,-4.0,6723670000.0,190000.0,148,168,2018-09-10 13:55:00
20180910 13:56,492.0,492.0,492.0,492.0,136674,4.0,110440,-4.0,6723870000.0,200000.0,180,224,2018-09-10 13:56:00
20180910 13:57,492.0,492.0,491.5,491.5,136720,46.0,110428,-12.0,6726130000.0,2260000.0,1572,1724,2018-09-10 13:57:00
20180910 13:58,491.5,492.0,491.5,492.0,136730,10.0,110428,0.0,6726620000.0,490000.0,836,718,2018-09-10 13:58:00
20180910 13:59,492.0,492.0,492.0,492.0,136734,4.0,110426,-2.0,6726820000.0,200000.0,616,737,2018-09-10 13:59:00
20180910 14:00,492.0,492.0,491.5,492.0,137444,710.0,110816,390.0,6761750000.0,34930000.0,1146,2195,2018-09-10 14:00:00
20180910 14:01,492.0,492.0,492.0,492.0,137748,304.0,110810,-6.0,6776710000.0,14960000.0,1640,2763,2018-09-10 14:01:00
20180910 14:02,492.0,492.0,492.0,492.0,138656,908.0,110320,-490.0,6821380000.0,44670000.0,1875,3046,2018-09-10 14:02:00
20180910 14:03,492.0,492.0,492.0,492.0,138660,4.0,110316,-4.0,6821580000.0,200000.0,551,1583,2018-09-10 14:03:00
20180910 14:04,492.0,492.0,492.0,492.0,140366,1706.0,110164,-152.0,6905510000.0,83930000.0,2122,5766,2018-09-10 14:04:00
20180910 14:05,492.0,492.0,492.0,492.0,141490,1124.0,110334,170.0,6960810000.0,55300000.0,3509,7218,2018-09-10 14:05:00
20180910 14:06,492.0,492.5,492.0,492.5,141506,16.0,110320,-14.0,6961600000.0,790000.0,2622,2600,2018-09-10 14:06:00
20180910 14:07,492.5,492.5,492.5,492.5,141510,4.0,110316,-4.0,6961800000.0,200000.0,1372,1664,2018-09-10 14:07:00
20180910 14:08,492.5,492.5,492.5,492.5,141516,6.0,110312,-4.0,6962090000.0,290000.0,2096,2061,2018-09-10 14:08:00
20180910 14:09,492.5,492.5,492.5,492.5,142184,668.0,110500,188.0,6994990000.0,32900000.0,2847,3995,2018-09-10 14:09:00
20180910 14:10,492.5,492.5,492.5,492.5,142188,4.0,110496,-4.0,6995190000.0,200000.0,3424,3332,2018-09-10 14:10:00
20180910 14:11,492.5,492.5,492.5,492.5,142192,4.0,110494,-2.0,6995390000.0,200000.0,757,984,2018-09-10 14:11:00
20180910 14:12,492.5,492.5,492.0,492.5,142236,44.0,110490,-4.0,6997550000.0,2160000.0,1123,1032,2018-09-10 14:12:00
20180910 14:13,492.5,492.5,492.5,492.5,142244,8.0,110486,-4.0,6997950000.0,400000.0,776,867,2018-09-10 14:13:00
20180910 14:14,492.5,492.5,492.0,492.0,143144,900.0,110128,-358.0,7042270000.0,44320000.0,1724,2085,2018-09-10 14:14:00
20180910 14:15,492.0,492.5,492.0,492.5,143194,50.0,110152,24.0,7044730000.0,2460000.0,855,1448,2018-09-10 14:15:00
20180910 14:16,492.5,492.5,492.5,492.5,143304,110.0,110158,6.0,7050150000.0,5420000.0,1360,2262,2018-09-10 14:16:00
20180910 14:17,492.5,493.0,492.5,493.0,143350,46.0,110190,32.0,7052420000.0,2270000.0,1922,1500,2018-09-10 14:17:00
20180910 14:18,493.0,493.0,492.5,493.0,143356,6.0,110188,-2.0,7052710000.0,290000.0,837,978,2018-09-10 14:18:00
20180910 14:19,493.0,493.5,493.0,493.5,143472,116.0,110220,32.0,7058440000.0,5730000.0,1514,3766,2018-09-10 14:19:00
20180910 14:20,493.5,493.5,493.5,493.5,144202,730.0,110484,264.0,7094460000.0,36020000.0,6202,3545,2018-09-10 14:20:00
20180910 14:21,493.5,494.0,493.5,493.5,144272,70.0,110432,-52.0,7097920000.0,3460000.0,4212,2396,2018-09-10 14:21:00
20180910 14:22,493.5,494.0,493.5,494.0,144276,4.0,110428,-4.0,7098110000.0,190000.0,1676,2185,2018-09-10 14:22:00
20180910 14:23,494.0,494.0,494.0,494.0,144280,4.0,110424,-4.0,7098310000.0,200000.0,705,613,2018-09-10 14:23:00
20180910 14:24,494.0,494.0,493.5,493.5,144286,6.0,110418,-6.0,7098610000.0,300000.0,665,622,2018-09-10 14:24:00
20180910 14:25,493.5,494.0,493.5,493.5,144402,116.0,110458,40.0,7104330000.0,5720000.0,1487,1578,2018-09-10 14:25:00
20180910 14:26,493.5,493.5,493.5,493.5,144456,54.0,110454,-4.0,7107000000.0,2670000.0,637,1410,2018-09-10 14:26:00
20180910 14:27,493.5,493.5,493.5,493.5,144460,4.0,110454,0.0,7107200000.0,200000.0,182,384,2018-09-10 14:27:00
20180910 14:28,493.5,494.0,493.5,494.0,145074,614.0,110326,-128.0,7137500000.0,30300000.0,738,1626,2018-09-10 14:28:00
20180910 14:29,494.0,494.0,494.0,494.0,145076,2.0,110324,-2.0,7137590000.0,90000.0,296,438,2018-09-10 14:29:00
20180910 14:30,494.0,494.0,494.0,494.0,145118,42.0,110326,2.0,7139670000.0,2080000.0,681,1383,2018-09-10 14:30:00
20180910 14:31,494.0,494.0,494.0,494.0,145124,6.0,110328,2.0,7139970000.0,300000.0,426,716,2018-09-10 14:31:00
20180910 14:32,494.0,494.0,493.5,493.5,145248,124.0,110322,-6.0,7146090000.0,6120000.0,978,1519,2018-09-10 14:32:00
20180910 14:33,493.5,493.5,493.5,493.5,145292,44.0,110358,36.0,7148260000.0,2170000.0,768,877,2018-09-10 14:33:00
20180910 14:34,493.5,493.5,493.0,493.0,146848,1556.0,110756,398.0,7224970000.0,76710000.0,5068,4446,2018-09-10 14:34:00
20180910 14:35,493.0,493.5,493.0,493.5,146852,4.0,110756,0.0,7225170000.0,200000.0,1254,463,2018-09-10 14:35:00
20180910 14:36,493.5,493.5,493.0,493.0,146868,16.0,110750,-6.0,7225950000.0,780000.0,406,198,2018-09-10 14:36:00
20180910 14:37,493.0,493.5,493.0,493.5,146896,28.0,110750,0.0,7227340000.0,1390000.0,791,261,2018-09-10 14:37:00
20180910 14:38,493.5,493.5,493.0,493.0,147006,110.0,110712,-38.0,7232760000.0,5420000.0,598,589,2018-09-10 14:38:00
20180910 14:39,493.0,493.5,493.0,493.5,147582,576.0,110894,182.0,7261160000.0,28400000.0,1300,1455,2018-09-10 14:39:00
20180910 14:40,493.5,493.5,493.5,493.5,147586,4.0,110894,0.0,7261350000.0,190000.0,432,232,2018-09-10 14:40:00
20180910 14:41,493.5,493.5,493.5,493.5,147592,6.0,110896,2.0,7261650000.0,300000.0,338,264,2018-09-10 14:41:00
20180910 14:42,493.5,493.5,493.5,493.5,147600,8.0,110900,4.0,7262040000.0,390000.0,514,437,2018-09-10 14:42:00
20180910 14:43,493.5,493.5,493.0,493.0,147606,6.0,110898,-2.0,7262340000.0,300000.0,172,145,2018-09-10 14:43:00
20180910 14:44,493.0,494.0,493.0,494.0,148656,1050.0,111032,134.0,7314180000.0,51840000.0,1534,2975,2018-09-10 14:44:00
20180910 14:45,494.0,494.0,493.5,493.5,148662,6.0,111028,-4.0,7314480000.0,300000.0,1477,1588,2018-09-10 14:45:00
20180910 14:46,493.5,494.0,493.5,494.0,149222,560.0,111244,216.0,7342140000.0,27660000.0,1449,3262,2018-09-10 14:46:00
20180910 14:47,494.0,494.0,492.5,493.0,149954,732.0,111202,-42.0,7378240000.0,36100000.0,2258,4778,2018-09-10 14:47:00
20180910 14:48,493.0,493.0,492.0,492.0,150054,100.0,111158,-44.0,7383160000.0,4920000.0,1973,1943,2018-09-10 14:48:00
20180910 14:49,492.0,492.5,492.0,492.5,150070,16.0,111154,-4.0,7383950000.0,790000.0,1365,1426,2018-09-10 14:49:00
20180910 14:50,492.5,492.5,492.0,492.0,150140,70.0,111136,-18.0,7387390000.0,3440000.0,797,1576,2018-09-10 14:50:00
20180910 14:51,492.0,492.5,492.0,492.5,150218,78.0,111120,-16.0,7391230000.0,3840000.0,623,699,2018-09-10 14:51:00
20180910 14:52,492.5,492.5,492.5,492.5,150220,2.0,111120,0.0,7391330000.0,100000.0,102,193,2018-09-10 14:52:00
20180910 14:53,492.5,492.5,492.5,492.5,150224,4.0,111120,0.0,7391530000.0,200000.0,133,202,2018-09-10 14:53:00
20180910 14:54,492.5,492.5,492.0,492.5,150630,406.0,110880,-240.0,7411500000.0,19970000.0,1133,1904,2018-09-10 14:54:00
20180910 14:55,492.5,493.0,492.5,492.5,150876,246.0,110828,-52.0,7423620000.0,12120000.0,1257,3076,2018-09-10 14:55:00
20180910 14:56,492.5,492.5,492.0,492.0,150908,32.0,110826,-2.0,7425190000.0,1570000.0,361,148,2018-09-10 14:56:00
20180910 14:57,492.0,492.0,492.0,492.0,151056,148.0,110854,28.0,7432480000.0,7290000.0,762,1934,2018-09-10 14:57:00
20180910 14:58,492.0,493.0,492.0,492.5,151242,186.0,111000,146.0,7441630000.0,9150000.0,641,3341,2018-09-10 14:58:00
20180910 14:59,492.5,493.5,492.5,492.5,151322,80.0,110978,-22.0,7445580000.0,3950000.0,832,372,2018-09-10 14:59:00
20180910 15:00,492.5,492.5,492.5,492.5,151322,0.0,110978,0.0,7445580000.0,0.0,28,38,2018-09-10 15:00:00
20180910 20:59,492.0,492.0,492.0,492.0,3898,3898.0,111012,34.0,191782000.0,191782000.0,2,5,2018-09-10 20:59:00
20180910 21:00,492.5,492.5,491.0,491.5,4296,398.0,110858,-154.0,211345000.0,19563000.0,2063,6417,2018-09-10 21:00:00
20180910 21:01,491.5,491.5,491.0,491.0,4326,30.0,110838,-20.0,212819000.0,1474000.0,661,2388,2018-09-10 21:01:00
20180910 21:02,491.0,491.5,491.0,491.0,4630,304.0,110790,-48.0,227747000.0,14928000.0,2350,5642,2018-09-10 21:02:00
20180910 21:03,491.0,491.5,491.0,491.5,4632,2.0,110790,0.0,227846000.0,99000.0,1178,839,2018-09-10 21:03:00
20180910 21:04,491.5,492.0,491.5,492.0,4742,110.0,110788,-2.0,233252000.0,5406000.0,1733,4180,2018-09-10 21:04:00
20180910 21:05,492.0,492.0,491.5,491.5,4800,58.0,110806,18.0,236104000.0,2852000.0,880,2020,2018-09-10 21:05:00
20180910 21:06,491.5,491.5,491.5,491.5,4822,22.0,110790,-16.0,237185000.0,1081000.0,2254,2168,2018-09-10 21:06:00
20180910 21:07,491.5,492.5,491.5,492.5,4902,80.0,110758,-32.0,241121000.0,3936000.0,2356,3766,2018-09-10 21:07:00
20180910 21:08,492.5,493.0,492.0,492.5,5080,178.0,110670,-88.0,249886000.0,8765000.0,3092,2799,2018-09-10 21:08:00
20180910 21:09,492.5,493.0,492.5,493.0,5188,108.0,110566,-104.0,255211000.0,5325000.0,1812,1397,2018-09-10 21:09:00
20180910 21:10,492.5,493.0,492.5,492.5,5204,16.0,110562,-4.0,255999000.0,788000.0,824,746,2018-09-10 21:10:00
20180910 21:11,492.5,492.5,492.5,492.5,5254,50.0,110572,10.0,258461000.0,2462000.0,1496,1250,2018-09-10 21:11:00
20180910 21:12,492.5,493.0,492.5,492.5,6132,878.0,111172,600.0,301703000.0,43242000.0,2291,1736,2018-09-10 21:12:00
20180910 21:13,492.5,492.5,492.5,492.5,6132,0.0,111172,0.0,301703000.0,0.0,472,420,2018-09-10 21:13:00
20180910 21:14,492.5,492.5,492.5,492.5,6136,4.0,111176,4.0,301900000.0,197000.0,1697,679,2018-09-10 21:14:00
20180910 21:15,492.5,492.5,492.0,492.0,6140,4.0,111176,0.0,302097000.0,197000.0,1530,610,2018-09-10 21:15:00
20180910 21:16,492.0,492.5,492.0,492.5,6162,22.0,111190,14.0,303180000.0,1083000.0,1439,993,2018-09-10 21:16:00
20180910 21:17,492.5,492.5,492.5,492.5,6162,0.0,111190,0.0,303180000.0,0.0,626,669,2018-09-10 21:17:00
20180910 21:18,492.5,492.5,492.5,492.5,6162,0.0,111190,0.0,303180000.0,0.0,383,443,2018-09-10 21:18:00
20180910 21:19,492.0,492.0,491.5,491.5,6870,708.0,111098,-92.0,338013000.0,34833000.0,2157,4365,2018-09-10 21:19:00
20180910 21:20,491.5,491.5,491.5,491.5,6870,0.0,111098,0.0,338013000.0,0.0,502,1097,2018-09-10 21:20:00
20180910 21:21,491.5,492.0,491.5,492.0,6982,112.0,111090,-8.0,343524000.0,5511000.0,1805,1451,2018-09-10 21:21:00
20180910 21:22,492.0,492.5,492.0,492.5,6984,2.0,111092,2.0,343622000.0,98000.0,1826,768,2018-09-10 21:22:00
20180910 21:23,492.5,492.5,492.5,492.5,6984,0.0,111092,0.0,343622000.0,0.0,1052,595,2018-09-10 21:23:00
20180910 21:24,492.5,493.0,492.5,493.0,8328,1344.0,111262,170.0,409873000.0,66251000.0,2816,2077,2018-09-10 21:24:00
20180910 21:25,493.0,493.0,492.5,492.5,9148,820.0,110556,-706.0,450258000.0,40385000.0,1316,1938,2018-09-10 21:25:00
20180910 21:26,492.5,492.5,492.5,492.5,9158,10.0,110552,-4.0,450750000.0,492000.0,455,444,2018-09-10 21:26:00
20180910 21:27,492.5,492.5,492.5,492.5,9158,0.0,110552,0.0,450750000.0,0.0,407,311,2018-09-10 21:27:00
20180910 21:28,492.5,492.5,492.5,492.5,9278,120.0,110492,-60.0,456660000.0,5910000.0,1468,687,2018-09-10 21:28:00
20180910 21:29,492.5,492.5,492.5,492.5,9374,96.0,110532,40.0,461388000.0,4728000.0,1264,540,2018-09-10 21:29:00
20180910 21:30,492.5,492.5,492.5,492.5,11022,1648.0,110642,110.0,542552000.0,81164000.0,1131,2114,2018-09-10 21:30:00
20180910 21:31,492.5,493.0,492.5,493.0,11126,104.0,110632,-10.0,547678000.0,5126000.0,5520,1018,2018-09-10 21:31:00
20180910 21:32,493.0,493.0,493.0,493.0,11188,62.0,110630,-2.0,550735000.0,3057000.0,6158,1640,2018-09-10 21:32:00
20180910 21:33,493.0,493.0,492.5,492.5,12022,834.0,109892,-738.0,591809000.0,41074000.0,1097,6964,2018-09-10 21:33:00
20180910 21:34,492.5,492.5,492.0,492.0,12024,2.0,109894,2.0,591908000.0,99000.0,1333,2184,2018-09-10 21:34:00
20180910 21:35,492.0,492.5,492.0,492.5,12942,918.0,110796,902.0,637119000.0,45211000.0,249,1277,2018-09-10 21:35:00
20180910 21:36,492.5,492.5,492.5,492.5,13122,180.0,110846,50.0,645984000.0,8865000.0,521,1730,2018-09-10 21:36:00
20180910 21:37,492.5,492.5,492.5,492.5,13584,462.0,110900,54.0,668738000.0,22754000.0,415,1860,2018-09-10 21:37:00
20180910 21:38,492.5,492.5,492.0,492.0,14000,416.0,110694,-206.0,689214000.0,20476000.0,1119,5908,2018-09-10 21:38:00
20180910 21:39,492.0,492.5,492.0,492.5,14092,92.0,110664,-30.0,693741000.0,4527000.0,1265,4218,2018-09-10 21:39:00
20180910 21:40,492.5,492.5,492.5,492.5,15744,1652.0,110590,-74.0,775102000.0,81361000.0,7930,3815,2018-09-10 21:40:00
20180910 21:41,492.5,492.5,492.5,492.5,19222,3478.0,110144,-446.0,946393000.0,171291000.0,3997,4123,2018-09-10 21:41:00
20180910 21:42,492.5,493.0,492.5,492.5,19232,10.0,110152,8.0,946886000.0,493000.0,14777,1910,2018-09-10 21:42:00
20180910 21:43,492.5,492.5,492.5,492.5,19304,72.0,110136,-16.0,950432000.0,3546000.0,13684,2876,2018-09-10 21:43:00
20180910 21:44,492.5,492.5,492.5,492.5,19304,0.0,110136,0.0,950432000.0,0.0,4688,1060,2018-09-10 21:44:00
20180910 21:45,492.5,492.5,491.5,492.0,20930,1626.0,111280,1144.0,1030430000.0,79998000.0,5159,7392,2018-09-10 21:45:00
20180910 21:46,492.0,492.0,492.0,492.0,22750,1820.0,110134,-1146.0,1119980000.0,89550000.0,4405,938,2018-09-10 21:46:00
20180910 21:47,492.0,492.0,492.0,492.0,22776,26.0,110160,26.0,1121250000.0,1270000.0,9814,1202,2018-09-10 21:47:00
20180910 21:48,492.0,492.0,492.0,492.0,23782,1006.0,110610,450.0,1170750000.0,49500000.0,8142,866,2018-09-10 21:48:00
20180910 21:49,492.0,492.0,492.0,492.0,23892,110.0,110664,54.0,1176160000.0,5410000.0,4180,2863,2018-09-10 21:49:00
20180910 21:50,492.0,492.0,491.0,491.0,25530,1638.0,110880,216.0,1256590000.0,80430000.0,6610,3282,2018-09-10 21:50:00
20180910 21:51,491.0,491.0,489.5,490.0,26332,802.0,111062,182.0,1295910000.0,39320000.0,5975,3385,2018-09-10 21:51:00
20180910 21:52,490.0,490.5,490.0,490.5,26466,134.0,111044,-18.0,1302470000.0,6560000.0,4288,1969,2018-09-10 21:52:00
20180910 21:53,490.5,490.5,490.5,490.5,26490,24.0,111044,0.0,1303650000.0,1180000.0,1232,401,2018-09-10 21:53:00
20180910 21:54,490.5,490.5,490.5,490.5,26786,296.0,111034,-10.0,1318170000.0,14520000.0,8174,2855,2018-09-10 21:54:00
20180910 21:55,490.5,491.0,490.5,491.0,26798,12.0,111028,-6.0,1318760000.0,590000.0,5968,3808,2018-09-10 21:55:00
20180910 21:56,491.0,491.0,491.0,491.0,26954,156.0,111132,104.0,1326420000.0,7660000.0,12394,3974,2018-09-10 21:56:00
20180910 21:57,491.0,491.0,491.0,491.0,26966,12.0,111132,0.0,1327010000.0,590000.0,2803,852,2018-09-10 21:57:00
20180910 21:58,491.0,491.0,491.0,491.0,26966,0.0,111132,0.0,1327010000.0,0.0,10625,2984,2018-09-10 21:58:00
20180910 21:59,491.0,491.0,491.0,491.0,26968,2.0,111134,2.0,1327110000.0,100000.0,5619,1772,2018-09-10 21:59:00
20180910 22:00,491.0,491.0,491.0,491.0,26968,0.0,111134,0.0,1327110000.0,0.0,3737,1429,2018-09-10 22:00:00
20180910 22:01,491.0,491.0,491.0,491.0,26978,10.0,111132,-2.0,1327600000.0,490000.0,13940,5971,2018-09-10 22:01:00
20180910 22:02,491.0,491.0,491.0,491.0,26980,2.0,111132,0.0,1327700000.0,100000.0,913,1214,2018-09-10 22:02:00
20180910 22:03,491.0,491.0,491.0,491.0,27004,24.0,111112,-20.0,1328870000.0,1170000.0,3330,4273,2018-09-10 22:03:00
20180910 22:04,491.0,491.0,491.0,491.0,27598,594.0,111008,-104.0,1358040000.0,29170000.0,9414,11185,2018-09-10 22:04:00
20180910 22:05,491.0,491.0,491.0,491.0,27650,52.0,111002,-6.0,1360590000.0,2550000.0,1567,1081,2018-09-10 22:05:00
20180910 22:06,491.0,491.0,491.0,491.0,27654,4.0,111006,4.0,1360790000.0,200000.0,2140,1003,2018-09-10 22:06:00
20180910 22:07,491.0,491.0,491.0,491.0,27656,2.0,111006,0.0,1360890000.0,100000.0,1923,1340,2018-09-10 22:07:00
20180910 22:08,491.0,491.0,491.0,491.0,27658,2.0,111008,2.0,1360990000.0,100000.0,3935,2814,2018-09-10 22:08:00
20180910 22:09,491.0,491.0,491.0,491.0,27658,0.0,111008,0.0,1360990000.0,0.0,4251,3061,2018-09-10 22:09:00
20180910 22:10,491.0,491.0,491.0,491.0,27664,6.0,111014,6.0,1361280000.0,290000.0,2210,1650,2018-09-10 22:10:00
20180910 22:11,491.0,491.0,491.0,491.0,27664,0.0,111014,0.0,1361280000.0,0.0,3492,2574,2018-09-10 22:11:00
20180910 22:12,491.0,491.0,491.0,491.0,27668,4.0,111018,4.0,1361480000.0,200000.0,423,332,2018-09-10 22:12:00
20180910 22:13,491.0,491.0,491.0,491.0,27668,0.0,111018,0.0,1361480000.0,0.0,93,67,2018-09-10 22:13:00
20180910 22:14,491.0,491.0,491.0,491.0,27668,0.0,111018,0.0,1361480000.0,0.0,651,343,2018-09-10 22:14:00
20180910 22:15,491.0,491.5,491.0,491.5,27760,92.0,110976,-42.0,1365990000.0,4510000.0,702,698,2018-09-10 22:15:00
20180910 22:16,491.5,491.5,491.0,491.0,27916,156.0,110936,-40.0,1373650000.0,7660000.0,380,467,2018-09-10 22:16:00
20180910 22:17,491.0,491.0,491.0,491.0,27916,0.0,110936,0.0,1373650000.0,0.0,228,223,2018-09-10 22:17:00
20180910 22:18,491.0,491.5,491.0,491.5,30370,2454.0,110218,-718.0,1494190000.0,120540000.0,3564,2533,2018-09-10 22:18:00
20180910 22:19,491.5,491.5,491.0,491.0,31560,1190.0,110994,776.0,1552620000.0,58430000.0,1424,860,2018-09-10 22:19:00
20180910 22:20,491.0,491.0,491.0,491.0,31976,416.0,110956,-38.0,1573040000.0,20420000.0,1360,791,2018-09-10 22:20:00
20180910 22:21,491.0,491.0,491.0,491.0,31976,0.0,110956,0.0,1573040000.0,0.0,186,177,2018-09-10 22:21:00
20180910 22:22,491.0,491.0,491.0,491.0,31976,0.0,110956,0.0,1573040000.0,0.0,354,198,2018-09-10 22:22:00
20180910 22:23,491.0,491.0,490.5,490.5,32024,48.0,110952,-4.0,1575400000.0,2360000.0,1053,3515,2018-09-10 22:23:00
20180910 22:24,490.5,490.5,490.5,490.5,32024,0.0,110952,0.0,1575400000.0,0.0,190,1063,2018-09-10 22:24:00
20180910 22:25,490.5,490.5,490.5,490.5,32962,938.0,110368,-584.0,1621410000.0,46010000.0,1174,2239,2018-09-10 22:25:00
20180910 22:26,490.5,490.5,490.5,490.5,33166,204.0,110388,20.0,1631410000.0,10000000.0,964,3879,2018-09-10 22:26:00
20180910 22:27,490.5,490.5,490.5,490.5,33166,0.0,110388,0.0,1631410000.0,0.0,136,705,2018-09-10 22:27:00
20180910 22:28,490.5,490.5,490.5,490.5,33374,208.0,110292,-96.0,1641610000.0,10200000.0,172,1410,2018-09-10 22:28:00
20180910 22:29,490.5,490.5,490.5,490.5,33392,18.0,110292,0.0,1642500000.0,890000.0,1689,685,2018-09-10 22:29:00
20180910 22:30,490.5,491.0,490.5,491.0,33398,6.0,110290,-2.0,1642790000.0,290000.0,823,687,2018-09-10 22:30:00
20180910 22:31,491.0,491.0,491.0,491.0,33398,0.0,110290,0.0,1642790000.0,0.0,457,500,2018-09-10 22:31:00
20180910 22:32,491.0,491.0,491.0,491.0,33398,0.0,110290,0.0,1642790000.0,0.0,470,1023,2018-09-10 22:32:00
20180910 22:33,491.0,491.0,491.0,491.0,33398,0.0,110290,0.0,1642790000.0,0.0,394,744,2018-09-10 22:33:00
20180910 22:34,491.0,491.0,491.0,491.0,33398,0.0,110290,0.0,1642790000.0,0.0,661,778,2018-09-10 22:34:00
20180910 22:35,491.0,491.0,491.0,491.0,33398,0.0,110290,0.0,1642790000.0,0.0,524,628,2018-09-10 22:35:00
20180910 22:36,491.0,491.0,491.0,491.0,33398,0.0,110290,0.0,1642790000.0,0.0,728,805,2018-09-10 22:36:00
20180910 22:37,491.0,491.0,491.0,491.0,33402,4.0,110286,-4.0,1642990000.0,200000.0,575,564,2018-09-10 22:37:00
20180910 22:38,491.0,491.0,491.0,491.0,33442,40.0,110308,22.0,1644950000.0,1960000.0,321,532,2018-09-10 22:38:00
20180910 22:39,491.0,491.0,491.0,491.0,34106,664.0,110822,514.0,1677550000.0,32600000.0,319,808,2018-09-10 22:39:00
20180910 22:40,491.0,491.0,490.5,491.0,37096,2990.0,111094,272.0,1824360000.0,146810000.0,6866,1633,2018-09-10 22:40:00
20180910 22:41,491.0,491.0,491.0,491.0,37102,6.0,111100,6.0,1824660000.0,300000.0,2188,357,2018-09-10 22:41:00
20180910 22:42,491.0,491.5,491.0,491.5,37212,110.0,111098,-2.0,1830060000.0,5400000.0,2126,1787,2018-09-10 22:42:00
20180910 22:43,491.5,491.5,491.5,491.5,37212,0.0,111098,0.0,1830060000.0,0.0,778,746,2018-09-10 22:43:00
20180910 22:44,491.5,493.0,491.5,492.0,39048,1836.0,110540,-558.0,1920470000.0,90410000.0,2578,2797,2018-09-10 22:44:00
20180910 22:45,492.0,492.5,492.0,492.0,39144,96.0,110542,2.0,1925190000.0,4720000.0,989,1192,2018-09-10 22:45:00
20180910 22:46,492.0,492.0,492.0,492.0,39146,2.0,110542,0.0,1925290000.0,100000.0,671,2687,2018-09-10 22:46:00
20180910 22:47,492.0,492.5,492.0,492.5,39212,66.0,110544,2.0,1928540000.0,3250000.0,1055,675,2018-09-10 22:47:00
20180910 22:48,492.5,492.5,492.5,492.5,39212,0.0,110544,0.0,1928540000.0,0.0,1761,885,2018-09-10 22:48:00
20180910 22:49,492.5,492.5,492.5,492.5,39212,0.0,110544,0.0,1928540000.0,0.0,1441,889,2018-09-10 22:49:00
20180910 22:50,492.5,492.5,492.5,492.5,40226,1014.0,111038,494.0,1978480000.0,49940000.0,1536,1976,2018-09-10 22:50:00
20180910 22:51,492.5,493.0,492.5,493.0,41080,854.0,110310,-728.0,2020540000.0,42060000.0,5948,1758,2018-09-10 22:51:00
20180910 22:52,493.0,493.5,493.0,493.5,42188,1108.0,111020,710.0,2075170000.0,54630000.0,1719,1335,2018-09-10 22:52:00
20180910 22:53,493.0,493.0,493.0,493.0,42190,2.0,111018,-2.0,2075260000.0,90000.0,165,504,2018-09-10 22:53:00
20180910 22:54,493.5,493.5,493.5,493.5,44442,2252.0,110240,-778.0,2186400000.0,111140000.0,1685,1615,2018-09-10 22:54:00
20180910 22:55,493.5,494.0,493.0,493.0,45544,1102.0,111042,802.0,2240790000.0,54390000.0,3004,1689,2018-09-10 22:55:00
20180910 22:56,493.0,493.0,493.0,493.0,45544,0.0,111042,0.0,2240790000.0,0.0,626,509,2018-09-10 22:56:00
20180910 22:57,492.5,492.5,492.0,492.0,46440,896.0,110270,-772.0,2284910000.0,44120000.0,2225,2615,2018-09-10 22:57:00
20180910 22:58,492.0,492.5,491.5,492.0,46704,264.0,110170,-100.0,2297900000.0,12990000.0,2509,2097,2018-09-10 22:58:00
20180910 22:59,492.0,492.0,492.0,492.0,46704,0.0,110170,0.0,2297900000.0,0.0,2112,1885,2018-09-10 22:59:00
20180910 23:00,492.0,493.0,492.0,493.0,46796,92.0,110140,-30.0,2302430000.0,4530000.0,1598,965,2018-09-10 23:00:00
20180910 23:01,493.0,493.0,493.0,493.0,50280,3484.0,111388,1248.0,2474190000.0,171760000.0,1856,3891,2018-09-10 23:01:00
20180910 23:02,493.0,493.0,493.0,493.0,50282,2.0,111386,-2.0,2474290000.0,100000.0,419,239,2018-09-10 23:02:00
20180910 23:03,493.0,493.0,493.0,493.0,50282,0.0,111386,0.0,2474290000.0,0.0,451,535,2018-09-10 23:03:00
20180910 23:04,493.0,493.0,493.0,493.0,50282,0.0,111386,0.0,2474290000.0,0.0,496,590,2018-09-10 23:04:00
20180910 23:05,493.5,494.0,493.5,494.0,50398,116.0,111418,32.0,2480020000.0,5730000.0,885,861,2018-09-10 23:05:00
20180910 23:06,494.0,494.0,494.0,494.0,50412,14.0,111418,0.0,2480710000.0,690000.0,264,461,2018-09-10 23:06:00
20180910 23:07,494.5,495.0,494.5,495.0,50466,54.0,111420,2.0,2483380000.0,2670000.0,1103,738,2018-09-10 23:07:00
20180910 23:08,495.0,495.0,494.5,494.5,52506,2040.0,110120,-1300.0,2584260000.0,100880000.0,755,1014,2018-09-10 23:08:00
20180910 23:09,494.0,494.5,494.0,494.5,53158,652.0,110642,522.0,2616500000.0,32240000.0,596,775,2018-09-10 23:09:00
20180910 23:10,494.0,495.0,494.0,495.0,54152,994.0,111370,728.0,2665700000.0,49200000.0,1810,1446,2018-09-10 23:10:00
20180910 23:11,495.0,495.5,495.0,495.0,54212,60.0,111358,-12.0,2668670000.0,2970000.0,669,1011,2018-09-10 23:11:00
20180910 23:12,495.0,495.0,495.0,495.0,54214,2.0,111358,0.0,2668770000.0,100000.0,1645,1781,2018-09-10 23:12:00
20180910 23:13,495.0,495.0,494.5,495.0,54862,648.0,110858,-500.0,2700810000.0,32040000.0,2362,1766,2018-09-10 23:13:00
20180910 23:14,495.0,495.0,494.5,494.5,54868,6.0,110856,-2.0,2701110000.0,300000.0,811,639,2018-09-10 23:14:00
20180910 23:15,494.5,494.5,494.5,494.5,54868,0.0,110856,0.0,2701110000.0,0.0,509,360,2018-09-10 23:15:00
20180910 23:16,494.5,494.5,494.5,494.5,56654,1786.0,110662,-194.0,2789420000.0,88310000.0,1356,744,2018-09-10 23:16:00
20180910 23:17,494.5,494.5,494.5,494.5,57112,458.0,110666,4.0,2812070000.0,22650000.0,685,3576,2018-09-10 23:17:00
20180910 23:18,494.0,494.0,494.0,494.0,57114,2.0,110666,0.0,2812170000.0,100000.0,114,1144,2018-09-10 23:18:00
20180910 23:19,494.0,495.0,494.0,494.5,57936,822.0,110086,-580.0,2852820000.0,40650000.0,2063,7452,2018-09-10 23:19:00
20180910 23:20,494.5,494.5,494.5,494.5,60504,2568.0,110642,556.0,2979810000.0,126990000.0,2690,3897,2018-09-10 23:20:00
20180910 23:21,494.5,495.0,494.5,494.5,60530,26.0,110666,24.0,2981100000.0,1290000.0,628,204,2018-09-10 23:21:00
20180910 23:22,494.5,494.5,494.5,494.5,60598,68.0,110710,44.0,2984460000.0,3360000.0,945,404,2018-09-10 23:22:00
20180910 23:23,494.5,494.5,494.0,494.0,60616,18.0,110692,-18.0,2985350000.0,890000.0,189,103,2018-09-10 23:23:00
20180910 23:24,494.0,494.5,494.0,494.5,61338,722.0,110182,-510.0,3021050000.0,35700000.0,1450,976,2018-09-10 23:24:00
20180910 23:25,494.5,495.0,494.5,495.0,62468,1130.0,110564,382.0,3076980000.0,55930000.0,881,4093,2018-09-10 23:25:00
20180910 23:26,495.0,495.0,495.0,495.0,63362,894.0,110558,-6.0,3121240000.0,44260000.0,3713,3253,2018-09-10 23:26:00
20180910 23:27,495.0,495.0,495.0,495.0,63376,14.0,110544,-14.0,3121930000.0,690000.0,98,143,2018-09-10 23:27:00
20180910 23:28,495.0,495.0,494.5,494.5,63398,22.0,110526,-18.0,3123020000.0,1090000.0,71,96,2018-09-10 23:28:00
20180910 23:29,494.5,496.0,494.5,495.0,64230,832.0,109976,-550.0,3164210000.0,41190000.0,3787,2077,2018-09-10 23:29:00
20180910 23:30,495.0,495.0,495.0,495.0,64230,0.0,109976,0.0,3164210000.0,0.0,3,861,2018-09-10 23:30:00
20180911 09:00,490.0,491.0,489.5,491.0,95396,31166.0,110160,184.0,4697290000.0,1533080000.0,2459,5437,2018-09-11 09:00:00
20180911 09:01,490.5,491.5,490.5,491.0,95572,176.0,110204,44.0,4705930000.0,8640000.0,4512,1842,2018-09-11 09:01:00
20180911 09:02,490.5,490.5,490.5,490.5,95652,80.0,110210,6.0,4709860000.0,3930000.0,3162,3409,2018-09-11 09:02:00
20180911 09:03,490.5,490.5,490.0,490.0,95776,124.0,110216,6.0,4715930000.0,6070000.0,2612,3562,2018-09-11 09:03:00
20180911 09:04,490.0,490.0,490.0,490.0,95854,78.0,110190,-26.0,4719760000.0,3830000.0,1857,3000,2018-09-11 09:04:00
20180911 09:05,490.0,490.5,490.0,490.5,96026,172.0,110160,-30.0,4728190000.0,8430000.0,2348,1764,2018-09-11 09:05:00
20180911 09:06,490.5,490.5,489.5,490.5,96144,118.0,110192,32.0,4733980000.0,5790000.0,2636,3391,2018-09-11 09:06:00
20180911 09:07,490.5,490.5,489.5,489.5,96316,172.0,110116,-76.0,4742400000.0,8420000.0,1712,3520,2018-09-11 09:07:00
20180911 09:08,489.5,490.0,489.5,490.0,96344,28.0,110106,-10.0,4743770000.0,1370000.0,1277,1571,2018-09-11 09:08:00
20180911 09:09,490.0,490.0,489.5,490.0,96560,216.0,110068,-38.0,4754360000.0,10590000.0,2172,3053,2018-09-11 09:09:00
20180911 09:10,490.0,490.5,490.0,490.0,96694,134.0,110080,12.0,4760920000.0,6560000.0,1424,2576,2018-09-11 09:10:00
20180911 09:11,490.0,490.5,490.0,490.5,96732,38.0,110096,16.0,4762790000.0,1870000.0,748,818,2018-09-11 09:11:00
20180911 09:12,490.5,490.5,490.5,490.5,96772,40.0,110108,12.0,4764750000.0,1960000.0,1039,802,2018-09-11 09:12:00
20180911 09:13,490.5,490.5,490.5,490.5,96772,0.0,110108,0.0,4764750000.0,0.0,648,395,2018-09-11 09:13:00
20180911 09:14,490.5,491.0,490.5,491.0,96880,108.0,110106,-2.0,4770050000.0,5300000.0,1548,1123,2018-09-11 09:14:00
20180911 09:15,491.5,491.5,491.0,491.0,97026,146.0,110064,-42.0,4777220000.0,7170000.0,2073,1751,2018-09-11 09:15:00
20180911 09:16,491.0,492.0,491.0,491.5,97228,202.0,110014,-50.0,4787150000.0,9930000.0,2435,4606,2018-09-11 09:16:00
20180911 09:17,491.5,491.5,491.0,491.0,97392,164.0,110006,-8.0,4795210000.0,8060000.0,1712,1527,2018-09-11 09:17:00
20180911 09:18,491.0,491.0,490.5,490.5,97898,506.0,110136,130.0,4820030000.0,24820000.0,1551,7969,2018-09-11 09:18:00
20180911 09:19,490.5,491.0,490.5,491.0,97960,62.0,110160,24.0,4823070000.0,3040000.0,2131,2974,2018-09-11 09:19:00
20180911 09:20,491.0,491.0,491.0,491.0,97990,30.0,110154,-6.0,4824550000.0,1480000.0,758,1373,2018-09-11 09:20:00
20180911 09:21,491.0,491.0,489.0,489.0,100206,2216.0,111418,1264.0,4933050000.0,108500000.0,871,2981,2018-09-11 09:21:00
20180911 09:22,489.5,489.5,489.0,489.5,100384,178.0,111424,6.0,4941760000.0,8710000.0,1836,1303,2018-09-11 09:22:00
20180911 09:23,489.5,489.5,489.0,489.0,100462,78.0,111438,14.0,4945570000.0,3810000.0,1441,1568,2018-09-11 09:23:00
20180911 09:24,489.0,489.0,489.0,489.0,100544,82.0,111418,-20.0,4949580000.0,4010000.0,1981,2133,2018-09-11 09:24:00
20180911 09:25,489.0,489.0,489.0,489.0,100594,50.0,111418,0.0,4952030000.0,2450000.0,768,830,2018-09-11 09:25:00
20180911 09:26,489.0,489.0,488.5,488.5,100622,28.0,111400,-18.0,4953390000.0,1360000.0,1261,537,2018-09-11 09:26:00
20180911 09:27,488.5,488.5,488.5,488.5,100880,258.0,111418,18.0,4966000000.0,12610000.0,3497,1867,2018-09-11 09:27:00
20180911 09:28,488.5,488.5,488.0,488.0,100972,92.0,111468,50.0,4970490000.0,4490000.0,2369,1418,2018-09-11 09:28:00
20180911 09:29,488.0,488.0,488.0,488.0,101054,82.0,111520,52.0,4974490000.0,4000000.0,602,2580,2018-09-11 09:29:00
20180911 09:30,488.0,488.0,487.5,487.5,101166,112.0,111520,0.0,4979960000.0,5470000.0,1903,2599,2018-09-11 09:30:00
20180911 09:31,487.5,488.0,487.5,488.0,101168,2.0,111522,2.0,4980050000.0,90000.0,965,1015,2018-09-11 09:31:00
20180911 09:32,488.0,488.0,488.0,488.0,101168,0.0,111522,0.0,4980050000.0,0.0,291,282,2018-09-11 09:32:00
20180911 09:33,488.0,488.0,488.0,488.0,101268,100.0,111610,88.0,4984930000.0,4880000.0,1416,1258,2018-09-11 09:33:00
20180911 09:34,488.0,488.0,488.0,488.0,101272,4.0,111614,4.0,4985130000.0,200000.0,1251,1125,2018-09-11 09:34:00
20180911 09:35,488.0,488.0,488.0,488.0,103460,2188.0,111746,132.0,5091900000.0,106770000.0,3440,2599,2018-09-11 09:35:00
20180911 09:36,488.0,488.0,488.0,488.0,104034,574.0,111674,-72.0,5119920000.0,28020000.0,1804,3269,2018-09-11 09:36:00
20180911 09:37,488.5,488.5,488.5,488.5,105324,1290.0,111820,146.0,5182930000.0,63010000.0,1671,2008,2018-09-11 09:37:00
20180911 09:38,488.5,489.0,488.5,489.0,105342,18.0,111834,14.0,5183810000.0,880000.0,469,756,2018-09-11 09:38:00
20180911 09:39,489.0,489.0,489.0,489.0,105342,0.0,111834,0.0,5183810000.0,0.0,309,1036,2018-09-11 09:39:00
20180911 09:40,489.0,489.0,488.5,488.5,107020,1678.0,111782,-52.0,5265850000.0,82040000.0,2190,1966,2018-09-11 09:40:00
20180911 09:41,488.5,489.0,488.5,488.5,107472,452.0,111788,6.0,5287950000.0,22100000.0,1826,1312,2018-09-11 09:41:00
20180911 09:42,488.5,488.5,488.5,488.5,108816,1344.0,111800,12.0,5353600000.0,65650000.0,1581,2189,2018-09-11 09:42:00
20180911 09:43,488.5,488.5,488.5,488.5,108956,140.0,111844,44.0,5360440000.0,6840000.0,1213,1705,2018-09-11 09:43:00
20180911 09:44,488.5,488.5,488.5,488.5,108960,4.0,111844,0.0,5360640000.0,200000.0,838,702,2018-09-11 09:44:00
20180911 09:45,488.5,489.0,488.5,488.5,109160,200.0,111872,28.0,5370410000.0,9770000.0,1959,2542,2018-09-11 09:45:00
20180911 09:46,488.5,489.0,488.5,489.0,109184,24.0,111850,-22.0,5371580000.0,1170000.0,1672,835,2018-09-11 09:46:00
20180911 09:47,489.0,489.0,488.5,488.5,109206,22.0,111854,4.0,5372650000.0,1070000.0,1980,1278,2018-09-11 09:47:00
20180911 09:48,489.0,489.0,488.0,488.5,113454,4248.0,111834,-20.0,5580170000.0,207520000.0,2985,6811,2018-09-11 09:48:00
20180911 09:49,488.5,488.5,488.5,488.5,113474,20.0,111850,16.0,5581140000.0,970000.0,2091,1067,2018-09-11 09:49:00
20180911 09:50,488.5,489.0,488.5,489.0,113504,30.0,111870,20.0,5582610000.0,1470000.0,1155,1971,2018-09-11 09:50:00
20180911 09:51,489.0,489.0,489.0,489.0,114024,520.0,111726,-144.0,5608040000.0,25430000.0,2178,3256,2018-09-11 09:51:00
20180911 09:52,489.0,489.5,489.0,489.5,114096,72.0,111764,38.0,5611560000.0,3520000.0,3855,2549,2018-09-11 09:52:00
20180911 09:53,489.5,489.5,489.5,489.5,114096,0.0,111764,0.0,5611560000.0,0.0,1272,1095,2018-09-11 09:53:00
20180911 09:54,489.5,489.5,489.0,489.0,114320,224.0,111754,-10.0,5622510000.0,10950000.0,2420,2071,2018-09-11 09:54:00
20180911 09:55,489.0,489.0,488.5,489.0,114760,440.0,111914,160.0,5644030000.0,21520000.0,1972,1532,2018-09-11 09:55:00
20180911 09:56,489.0,489.0,489.0,489.0,114998,238.0,111922,8.0,5655670000.0,11640000.0,3011,1423,2018-09-11 09:56:00
20180911 09:57,489.0,489.0,489.0,489.0,115048,50.0,111972,50.0,5658110000.0,2440000.0,1504,211,2018-09-11 09:57:00
20180911 09:58,489.0,489.0,487.0,487.0,116600,1552.0,111990,18.0,5733990000.0,75880000.0,4399,3751,2018-09-11 09:58:00
20180911 09:59,487.0,487.5,487.0,487.5,116672,72.0,112000,10.0,5737500000.0,3510000.0,2483,1054,2018-09-11 09:59:00
20180911 10:00,487.5,487.5,487.5,487.5,117404,732.0,112024,24.0,5773180000.0,35680000.0,1748,4303,2018-09-11 10:00:00
20180911 10:01,487.5,487.5,487.5,487.5,117412,8.0,112024,0.0,5773570000.0,390000.0,1592,510,2018-09-11 10:01:00
20180911 10:02,487.5,487.5,487.5,487.5,117412,0.0,112024,0.0,5773570000.0,0.0,556,208,2018-09-11 10:02:00
20180911 10:03,487.5,487.5,487.5,487.5,117528,116.0,111978,-46.0,5779230000.0,5660000.0,1019,928,2018-09-11 10:03:00
20180911 10:04,487.5,487.5,487.0,487.0,118048,520.0,111886,-92.0,5804550000.0,25320000.0,1512,1153,2018-09-11 10:04:00
20180911 10:05,487.0,487.0,487.0,487.0,118048,0.0,111886,0.0,5804550000.0,0.0,354,299,2018-09-11 10:05:00
20180911 10:06,487.0,487.0,487.0,487.0,118144,96.0,111906,20.0,5809220000.0,4670000.0,927,1956,2018-09-11 10:06:00
20180911 10:07,487.0,487.0,487.0,487.0,118144,0.0,111906,0.0,5809220000.0,0.0,640,503,2018-09-11 10:07:00
20180911 10:08,487.0,487.0,487.0,487.0,118394,250.0,111872,-34.0,5821400000.0,12180000.0,814,554,2018-09-11 10:08:00
20180911 10:09,487.0,487.5,487.0,487.5,118398,4.0,111876,4.0,5821590000.0,190000.0,280,369,2018-09-11 10:09:00
20180911 10:10,487.5,487.5,487.5,487.5,118872,474.0,112062,186.0,5844700000.0,23110000.0,1412,1527,2018-09-11 10:10:00
20180911 10:11,487.5,487.5,487.5,487.5,119218,346.0,111942,-120.0,5861570000.0,16870000.0,1175,1423,2018-09-11 10:11:00
20180911 10:12,487.5,487.5,487.5,487.5,119644,426.0,112082,140.0,5882340000.0,20770000.0,1394,2139,2018-09-11 10:12:00
20180911 10:13,487.5,488.5,487.5,488.5,120458,814.0,112110,28.0,5922060000.0,39720000.0,2346,1207,2018-09-11 10:13:00
20180911 10:14,488.5,488.5,488.0,488.0,120954,496.0,111938,-172.0,5946290000.0,24230000.0,2545,2388,2018-09-11 10:14:00
20180911 10:15,488.0,488.0,488.0,488.0,120954,0.0,111938,0.0,5946290000.0,0.0,91,49,2018-09-11 10:15:00
20180911 10:30,488.0,488.0,488.0,488.0,121016,62.0,111970,32.0,5949320000.0,3030000.0,1439,688,2018-09-11 10:30:00
20180911 10:31,488.0,488.0,487.5,488.0,121138,122.0,111988,18.0,5955270000.0,5950000.0,1943,4802,2018-09-11 10:31:00
20180911 10:32,488.0,488.0,487.5,487.5,121286,148.0,112042,54.0,5962480000.0,7210000.0,1429,2274,2018-09-11 10:32:00
20180911 10:33,487.5,487.5,487.5,487.5,121286,0.0,112042,0.0,5962480000.0,0.0,78,78,2018-09-11 10:33:00
20180911 10:34,487.5,487.5,487.5,487.5,121286,0.0,112042,0.0,5962480000.0,0.0,756,1183,2018-09-11 10:34:00
20180911 10:35,487.5,488.0,487.5,488.0,121788,502.0,112096,54.0,5986980000.0,24500000.0,2773,1259,2018-09-11 10:35:00
20180911 10:36,488.0,488.0,488.0,488.0,121788,0.0,112096,0.0,5986980000.0,0.0,1398,1115,2018-09-11 10:36:00
20180911 10:37,488.0,488.0,488.0,488.0,122278,490.0,111924,-172.0,6010890000.0,23910000.0,1896,1703,2018-09-11 10:37:00
20180911 10:38,488.0,488.0,488.0,488.0,122278,0.0,111924,0.0,6010890000.0,0.0,686,522,2018-09-11 10:38:00
20180911 10:39,488.0,488.0,488.0,488.0,122278,0.0,111924,0.0,6010890000.0,0.0,294,637,2018-09-11 10:39:00
20180911 10:40,488.0,488.5,488.0,488.5,122764,486.0,112054,130.0,6034630000.0,23740000.0,3302,2935,2018-09-11 10:40:00
20180911 10:41,488.5,488.5,488.5,488.5,122764,0.0,112054,0.0,6034630000.0,0.0,166,189,2018-09-11 10:41:00
20180911 10:42,488.5,488.5,488.5,488.5,123554,790.0,111598,-456.0,6073230000.0,38600000.0,3087,1245,2018-09-11 10:42:00
20180911 10:43,488.5,489.0,488.5,489.0,124020,466.0,111824,226.0,6096010000.0,22780000.0,1917,1015,2018-09-11 10:43:00
20180911 10:44,489.0,489.0,489.0,489.0,124120,100.0,111774,-50.0,6100900000.0,4890000.0,1030,849,2018-09-11 10:44:00
20180911 10:45,489.0,489.0,489.0,489.0,124382,262.0,111728,-46.0,6113720000.0,12820000.0,1041,1736,2018-09-11 10:45:00
20180911 10:46,489.0,489.0,489.0,489.0,124482,100.0,111790,62.0,6118610000.0,4890000.0,1011,1412,2018-09-11 10:46:00
20180911 10:47,489.0,489.0,489.0,489.0,124918,436.0,111644,-146.0,6139930000.0,21320000.0,1327,1391,2018-09-11 10:47:00
20180911 10:48,489.0,489.0,489.0,489.0,125680,762.0,111766,122.0,6177190000.0,37260000.0,2510,2577,2018-09-11 10:48:00
20180911 10:49,489.0,489.5,489.0,489.5,126124,444.0,111564,-202.0,6198920000.0,21730000.0,1910,883,2018-09-11 10:49:00
20180911 10:50,489.5,489.5,489.5,489.5,126146,22.0,111544,-20.0,6200000000.0,1080000.0,870,1174,2018-09-11 10:50:00
20180911 10:51,489.5,489.5,489.5,489.5,126146,0.0,111544,0.0,6200000000.0,0.0,891,1148,2018-09-11 10:51:00
20180911 10:52,489.0,489.0,488.5,488.5,126362,216.0,111600,56.0,6210560000.0,10560000.0,2185,672,2018-09-11 10:52:00
20180911 10:53,488.5,488.5,488.0,488.0,126514,152.0,111620,20.0,6217980000.0,7420000.0,1097,3116,2018-09-11 10:53:00
20180911 10:54,488.0,488.0,488.0,488.0,127466,952.0,111546,-74.0,6264430000.0,46450000.0,3157,3192,2018-09-11 10:54:00
20180911 10:55,488.0,488.0,488.0,488.0,128028,562.0,111730,184.0,6291860000.0,27430000.0,1705,2236,2018-09-11 10:55:00
20180911 10:56,488.0,488.5,488.0,488.5,128034,6.0,111730,0.0,6292150000.0,290000.0,1605,493,2018-09-11 10:56:00
20180911 10:57,488.5,488.5,488.0,488.0,128098,64.0,111728,-2.0,6295280000.0,3130000.0,476,1586,2018-09-11 10:57:00
20180911 10:58,488.0,488.0,488.0,488.0,128228,130.0,111736,8.0,6301620000.0,6340000.0,2669,3511,2018-09-11 10:58:00
20180911 10:59,488.0,488.5,488.0,488.5,128312,84.0,111764,28.0,6305720000.0,4100000.0,3193,5723,2018-09-11 10:59:00
20180911 11:00,488.5,488.5,488.0,488.0,128476,164.0,111910,146.0,6313720000.0,8000000.0,796,1792,2018-09-11 11:00:00
20180911 11:01,488.0,488.0,487.5,487.5,128478,2.0,111908,-2.0,6313820000.0,100000.0,417,1057,2018-09-11 11:01:00
20180911 11:02,487.5,487.5,487.5,487.5,128478,0.0,111908,0.0,6313820000.0,0.0,77,123,2018-09-11 11:02:00
20180911 11:03,488.0,488.0,488.0,488.0,128488,10.0,111908,0.0,6314310000.0,490000.0,137,246,2018-09-11 11:03:00
20180911 11:04,488.0,488.0,488.0,488.0,128488,0.0,111908,0.0,6314310000.0,0.0,144,243,2018-09-11 11:04:00
20180911 11:05,488.0,488.0,487.5,487.5,128914,426.0,111732,-176.0,6335080000.0,20770000.0,1271,2408,2018-09-11 11:05:00
20180911 11:06,487.5,487.5,487.5,487.5,128918,4.0,111730,-2.0,6335270000.0,190000.0,877,2315,2018-09-11 11:06:00
20180911 11:07,487.5,487.5,487.5,487.5,128918,0.0,111730,0.0,6335270000.0,0.0,54,258,2018-09-11 11:07:00
20180911 11:08,487.5,487.5,487.5,487.5,128994,76.0,111726,-4.0,6338980000.0,3710000.0,979,2575,2018-09-11 11:08:00
20180911 11:09,487.5,488.5,487.5,488.5,129028,34.0,111724,-2.0,6340640000.0,1660000.0,1059,2060,2018-09-11 11:09:00
20180911 11:10,488.5,488.5,488.5,488.5,129092,64.0,111726,2.0,6343760000.0,3120000.0,365,1090,2018-09-11 11:10:00
20180911 11:11,488.5,488.5,488.5,488.5,129532,440.0,111926,200.0,6365260000.0,21500000.0,1810,2470,2018-09-11 11:11:00
20180911 11:12,488.5,488.5,488.5,488.5,129534,2.0,111926,0.0,6365350000.0,90000.0,554,375,2018-09-11 11:12:00
20180911 11:13,488.5,489.0,488.5,489.0,129924,390.0,111732,-194.0,6384430000.0,19080000.0,2915,2460,2018-09-11 11:13:00
20180911 11:14,489.0,489.0,489.0,489.0,130078,154.0,111790,58.0,6391960000.0,7530000.0,1467,1751,2018-09-11 11:14:00
20180911 11:15,489.0,489.0,489.0,489.0,130082,4.0,111786,-4.0,6392150000.0,190000.0,2006,807,2018-09-11 11:15:00
20180911 11:16,489.0,489.5,489.0,489.5,130242,160.0,111786,0.0,6399980000.0,7830000.0,2571,1790,2018-09-11 11:16:00
20180911 11:17,489.5,490.0,489.5,490.0,131270,1028.0,111770,-16.0,6450360000.0,50380000.0,3415,4351,2018-09-11 11:17:00
20180911 11:18,490.0,490.0,490.0,490.0,131306,36.0,111792,22.0,6452120000.0,1760000.0,749,1001,2018-09-11 11:18:00
20180911 11:19,490.0,490.0,490.0,490.0,131358,52.0,111780,-12.0,6454670000.0,2550000.0,2282,2272,2018-09-11 11:19:00
20180911 11:20,490.0,490.0,489.5,489.5,133012,1654.0,111760,-20.0,6535630000.0,80960000.0,2685,1967,2018-09-11 11:20:00
20180911 11:21,489.5,489.5,489.5,489.5,133488,476.0,112036,276.0,6558930000.0,23300000.0,1616,3698,2018-09-11 11:21:00
20180911 11:22,489.5,489.5,489.5,489.5,134102,614.0,111758,-278.0,6588990000.0,30060000.0,3183,5420,2018-09-11 11:22:00
20180911 11:23,489.5,489.5,489.5,489.5,134102,0.0,111758,0.0,6588990000.0,0.0,224,632,2018-09-11 11:23:00
20180911 11:24,489.5,489.5,489.0,489.0,134228,126.0,111784,26.0,6595150000.0,6160000.0,1524,4356,2018-09-11 11:24:00
20180911 11:25,489.0,489.5,489.0,489.0,134652,424.0,111796,12.0,6615890000.0,20740000.0,3777,4008,2018-09-11 11:25:00
20180911 11:26,489.0,489.0,489.0,489.0,134810,158.0,111758,-38.0,6623620000.0,7730000.0,1248,720,2018-09-11 11:26:00
20180911 11:27,489.0,489.5,489.0,489.0,134878,68.0,111728,-30.0,6626940000.0,3320000.0,1571,368,2018-09-11 11:27:00
20180911 11:28,489.0,489.0,488.5,488.5,135226,348.0,111810,82.0,6643950000.0,17010000.0,2003,1558,2018-09-11 11:28:00
20180911 11:29,488.5,489.0,488.5,489.0,135322,96.0,111760,-50.0,6648650000.0,4700000.0,2334,1291,2018-09-11 11:29:00
20180911 13:30,489.0,489.0,488.0,489.0,135668,346.0,111664,-96.0,6665560000.0,16910000.0,2545,3062,2018-09-11 13:30:00
20180911 13:31,489.0,489.0,489.0,489.0,135754,86.0,111670,6.0,6669760000.0,4200000.0,1569,3362,2018-09-11 13:31:00
20180911 13:32,489.0,489.0,489.0,489.0,135754,0.0,111670,0.0,6669760000.0,0.0,626,291,2018-09-11 13:32:00
20180911 13:33,488.5,488.5,488.5,488.5,135808,54.0,111672,2.0,6672400000.0,2640000.0,935,839,2018-09-11 13:33:00
20180911 13:34,488.5,488.5,488.5,488.5,135808,0.0,111672,0.0,6672400000.0,0.0,637,946,2018-09-11 13:34:00
20180911 13:35,488.5,488.5,488.5,488.5,135808,0.0,111672,0.0,6672400000.0,0.0,732,453,2018-09-11 13:35:00
20180911 13:36,488.5,488.5,488.5,488.5,136250,442.0,111600,-72.0,6693990000.0,21590000.0,2772,1265,2018-09-11 13:36:00
20180911 13:37,488.5,488.5,488.5,488.5,136250,0.0,111600,0.0,6693990000.0,0.0,1071,594,2018-09-11 13:37:00
20180911 13:38,488.5,488.5,488.5,488.5,136250,0.0,111600,0.0,6693990000.0,0.0,509,340,2018-09-11 13:38:00
20180911 13:39,488.5,488.5,488.5,488.5,136430,180.0,111614,14.0,6702780000.0,8790000.0,1393,1859,2018-09-11 13:39:00
20180911 13:40,488.5,488.5,488.5,488.5,136520,90.0,111584,-30.0,6707180000.0,4400000.0,3506,1430,2018-09-11 13:40:00
20180911 13:41,488.5,489.0,488.5,489.0,136560,40.0,111612,28.0,6709140000.0,1960000.0,1465,1750,2018-09-11 13:41:00
20180911 13:42,489.0,489.0,489.0,489.0,136592,32.0,111582,-30.0,6710700000.0,1560000.0,139,855,2018-09-11 13:42:00
20180911 13:43,489.0,489.0,489.0,489.0,136762,170.0,111670,88.0,6719010000.0,8310000.0,2287,1699,2018-09-11 13:43:00
20180911 13:44,489.0,489.5,489.0,489.5,136774,12.0,111674,4.0,6719600000.0,590000.0,1897,1769,2018-09-11 13:44:00
20180911 13:45,489.5,489.5,489.0,489.0,136878,104.0,111634,-40.0,6724690000.0,5090000.0,1736,3039,2018-09-11 13:45:00
20180911 13:46,489.0,489.0,489.0,489.0,136878,0.0,111634,0.0,6724690000.0,0.0,106,321,2018-09-11 13:46:00
20180911 13:47,489.0,489.0,489.0,489.0,137152,274.0,111728,94.0,6738090000.0,13400000.0,914,813,2018-09-11 13:47:00
20180911 13:48,489.0,489.0,489.0,489.0,137156,4.0,111726,-2.0,6738280000.0,190000.0,711,1036,2018-09-11 13:48:00
20180911 13:49,489.0,489.0,489.0,489.0,137156,0.0,111726,0.0,6738280000.0,0.0,718,1010,2018-09-11 13:49:00
20180911 13:50,489.0,489.0,489.0,489.0,137156,0.0,111726,0.0,6738280000.0,0.0,74,78,2018-09-11 13:50:00
20180911 13:52,489.0,489.0,489.0,489.0,137158,2.0,111724,-2.0,6738380000.0,100000.0,125,309,2018-09-11 13:52:00
20180911 13:53,489.0,489.0,489.0,489.0,137160,2.0,111722,-2.0,6738480000.0,100000.0,477,541,2018-09-11 13:53:00
20180911 13:54,489.0,489.0,489.0,489.0,137160,0.0,111722,0.0,6738480000.0,0.0,82,78,2018-09-11 13:54:00
20180911 13:55,489.0,489.0,489.0,489.0,137162,2.0,111720,-2.0,6738580000.0,100000.0,407,356,2018-09-11 13:55:00
20180911 13:56,489.0,489.0,489.0,489.0,137162,0.0,111720,0.0,6738580000.0,0.0,358,497,2018-09-11 13:56:00
20180911 13:57,489.0,489.0,489.0,489.0,137162,0.0,111720,0.0,6738580000.0,0.0,519,506,2018-09-11 13:57:00
20180911 13:58,489.0,489.0,489.0,489.0,137162,0.0,111720,0.0,6738580000.0,0.0,322,300,2018-09-11 13:58:00
20180911 13:59,489.0,489.0,489.0,489.0,137162,0.0,111720,0.0,6738580000.0,0.0,536,762,2018-09-11 13:59:00
20180911 14:00,489.0,489.0,489.0,489.0,137164,2.0,111718,-2.0,6738680000.0,100000.0,145,474,2018-09-11 14:00:00
20180911 14:01,489.0,489.0,489.0,489.0,137348,184.0,111568,-150.0,6747670000.0,8990000.0,811,1627,2018-09-11 14:01:00
20180911 14:02,489.0,489.0,489.0,489.0,137986,638.0,111062,-506.0,6778870000.0,31200000.0,1954,2461,2018-09-11 14:02:00
20180911 14:03,489.0,489.0,489.0,489.0,137986,0.0,111062,0.0,6778870000.0,0.0,485,1634,2018-09-11 14:03:00
20180911 14:04,489.0,489.0,489.0,489.0,138036,50.0,111054,-8.0,6781320000.0,2450000.0,2267,623,2018-09-11 14:04:00
20180911 14:05,489.0,489.0,489.0,489.0,138054,18.0,111072,18.0,6782200000.0,880000.0,828,481,2018-09-11 14:05:00
20180911 14:06,489.0,489.0,489.0,489.0,138054,0.0,111072,0.0,6782200000.0,0.0,70,44,2018-09-11 14:06:00
20180911 14:07,489.0,489.0,489.0,489.0,138056,2.0,111074,2.0,6782290000.0,90000.0,951,447,2018-09-11 14:07:00
20180911 14:08,489.0,489.0,489.0,489.0,138056,0.0,111074,0.0,6782290000.0,0.0,485,282,2018-09-11 14:08:00
20180911 14:09,489.0,489.0,489.0,489.0,139826,1770.0,110798,-276.0,6868850000.0,86560000.0,2164,1665,2018-09-11 14:09:00
20180911 14:10,489.0,489.0,489.0,489.0,139866,40.0,110838,40.0,6870800000.0,1950000.0,579,862,2018-09-11 14:10:00
20180911 14:11,489.0,489.0,488.5,488.5,139932,66.0,110824,-14.0,6874030000.0,3230000.0,1755,1391,2018-09-11 14:11:00
20180911 14:12,488.5,489.0,488.5,489.0,141948,2016.0,110820,-4.0,6972610000.0,98580000.0,3757,2406,2018-09-11 14:12:00
20180911 14:13,489.0,489.0,489.0,489.0,141956,8.0,110812,-8.0,6973000000.0,390000.0,412,925,2018-09-11 14:13:00
20180911 14:14,489.0,489.0,488.5,488.5,142002,46.0,110852,40.0,6975250000.0,2250000.0,222,312,2018-09-11 14:14:00
20180911 14:15,488.5,488.5,488.5,488.5,142002,0.0,110852,0.0,6975250000.0,0.0,234,284,2018-09-11 14:15:00
20180911 14:16,488.5,488.5,488.0,488.5,142668,666.0,111050,198.0,7007780000.0,32530000.0,2361,4232,2018-09-11 14:16:00
20180911 14:17,488.5,488.5,488.5,488.5,142716,48.0,111080,30.0,7010130000.0,2350000.0,1308,785,2018-09-11 14:17:00
20180911 14:18,488.5,488.5,488.0,488.0,142722,6.0,111082,2.0,7010420000.0,290000.0,1165,612,2018-09-11 14:18:00
20180911 14:19,488.0,488.0,488.0,488.0,142722,0.0,111082,0.0,7010420000.0,0.0,471,232,2018-09-11 14:19:00
20180911 14:20,488.0,489.0,488.0,489.0,143306,584.0,111300,218.0,7038950000.0,28530000.0,2361,2609,2018-09-11 14:20:00
20180911 14:21,489.0,491.5,489.0,491.0,143726,420.0,111304,4.0,7059550000.0,20600000.0,2003,1411,2018-09-11 14:21:00
20180911 14:22,491.5,491.5,490.5,490.5,144046,320.0,111270,-34.0,7075260000.0,15710000.0,3750,6631,2018-09-11 14:22:00
20180911 14:23,490.5,490.5,490.5,490.5,144132,86.0,111240,-30.0,7079480000.0,4220000.0,3121,4696,2018-09-11 14:23:00
20180911 14:24,490.5,491.0,490.5,490.5,144656,524.0,111422,182.0,7105180000.0,25700000.0,4075,7552,2018-09-11 14:24:00
20180911 14:25,490.5,490.5,490.5,490.5,144736,80.0,111420,-2.0,7109110000.0,3930000.0,926,8003,2018-09-11 14:25:00
20180911 14:26,490.5,490.5,490.5,490.5,144736,0.0,111420,0.0,7109110000.0,0.0,433,3104,2018-09-11 14:26:00
20180911 14:27,490.5,490.5,489.5,489.5,144952,216.0,111410,-10.0,7119690000.0,10580000.0,1759,10068,2018-09-11 14:27:00
20180911 14:28,489.5,489.5,489.5,489.5,145338,386.0,111496,86.0,7138580000.0,18890000.0,3241,6248,2018-09-11 14:28:00
20180911 14:29,489.5,489.5,489.0,489.0,146570,1232.0,111656,160.0,7198830000.0,60250000.0,3738,1950,2018-09-11 14:29:00
20180911 14:30,489.0,489.5,489.0,489.5,146578,8.0,111648,-8.0,7199220000.0,390000.0,2058,3410,2018-09-11 14:30:00
20180911 14:31,489.5,490.0,489.5,490.0,146586,8.0,111640,-8.0,7199610000.0,390000.0,765,5291,2018-09-11 14:31:00
20180911 14:32,490.0,490.0,489.5,489.5,147244,658.0,111648,8.0,7231820000.0,32210000.0,2467,6668,2018-09-11 14:32:00
20180911 14:33,489.5,489.5,489.0,489.5,147656,412.0,111762,114.0,7251990000.0,20170000.0,3036,7655,2018-09-11 14:33:00
20180911 14:34,489.5,489.5,489.5,489.5,147762,106.0,111768,6.0,7257180000.0,5190000.0,2363,8112,2018-09-11 14:34:00
20180911 14:35,489.5,489.5,489.5,489.5,147774,12.0,111774,6.0,7257770000.0,590000.0,960,2693,2018-09-11 14:35:00
20180911 14:36,489.5,489.5,489.5,489.5,147778,4.0,111774,0.0,7257960000.0,190000.0,631,1736,2018-09-11 14:36:00
20180911 14:37,489.5,489.5,489.5,489.5,148204,426.0,111848,74.0,7278810000.0,20850000.0,1415,1803,2018-09-11 14:37:00
20180911 14:38,489.5,489.5,489.5,489.5,148288,84.0,111854,6.0,7282930000.0,4120000.0,2271,3560,2018-09-11 14:38:00
20180911 14:39,489.5,489.5,489.0,489.0,148380,92.0,111830,-24.0,7287420000.0,4490000.0,1754,3528,2018-09-11 14:39:00
20180911 14:40,489.0,489.5,489.0,489.5,148522,142.0,111842,12.0,7294380000.0,6960000.0,2679,3595,2018-09-11 14:40:00
20180911 14:41,489.5,490.0,489.5,489.5,148600,78.0,111782,-60.0,7298200000.0,3820000.0,2544,2244,2018-09-11 14:41:00
20180911 14:42,489.5,490.0,489.5,490.0,148770,170.0,111788,6.0,7306520000.0,8320000.0,2530,2720,2018-09-11 14:42:00
20180911 14:43,490.0,490.0,489.5,490.0,148906,136.0,111766,-22.0,7313180000.0,6660000.0,2199,3995,2018-09-11 14:43:00
20180911 14:44,490.0,490.0,489.5,489.5,149322,416.0,111850,84.0,7333550000.0,20370000.0,2196,5810,2018-09-11 14:44:00
20180911 14:45,489.5,490.0,489.5,490.0,149484,162.0,111824,-26.0,7341480000.0,7930000.0,1328,5552,2018-09-11 14:45:00
20180911 14:46,490.0,490.0,490.0,490.0,149484,0.0,111824,0.0,7341480000.0,0.0,2645,3403,2018-09-11 14:46:00
20180911 14:47,490.0,490.0,489.5,489.5,149512,28.0,111834,10.0,7342850000.0,1370000.0,2625,2552,2018-09-11 14:47:00
20180911 14:48,489.5,489.5,489.5,489.5,150912,1400.0,111828,-6.0,7411380000.0,68530000.0,2108,2777,2018-09-11 14:48:00
20180911 14:49,489.5,489.5,489.5,489.5,158684,7772.0,111698,-130.0,7791820000.0,380440000.0,3706,8230,2018-09-11 14:49:00
20180911 14:50,489.5,489.5,489.5,489.5,158686,2.0,111700,2.0,7791920000.0,100000.0,592,2024,2018-09-11 14:50:00
20180911 14:51,489.5,489.5,489.5,489.5,158686,0.0,111700,0.0,7791920000.0,0.0,483,1660,2018-09-11 14:51:00
20180911 14:52,489.5,489.5,489.0,489.0,158944,258.0,111752,52.0,7804540000.0,12620000.0,1777,4266,2018-09-11 14:52:00
20180911 14:53,489.0,489.0,488.5,488.5,159086,142.0,111704,-48.0,7811470000.0,6930000.0,2921,3188,2018-09-11 14:53:00
20180911 14:54,488.0,488.5,487.0,487.0,159232,146.0,111704,0.0,7818590000.0,7120000.0,4795,2544,2018-09-11 14:54:00
20180911 14:55,486.5,488.5,486.5,487.5,159654,422.0,111626,-78.0,7839170000.0,20580000.0,5124,4006,2018-09-11 14:55:00
20180911 14:56,487.5,488.0,487.5,488.0,160004,350.0,111518,-108.0,7856250000.0,17080000.0,3396,1720,2018-09-11 14:56:00
20180911 14:57,488.0,488.5,488.0,488.5,160192,188.0,111528,10.0,7865440000.0,9190000.0,1674,2478,2018-09-11 14:57:00
20180911 14:58,488.5,488.5,487.0,487.0,160346,154.0,111506,-22.0,7872950000.0,7510000.0,1213,1221,2018-09-11 14:58:00
20180911 14:59,487.0,487.0,486.0,486.5,160460,114.0,111494,-12.0,7878490000.0,5540000.0,1523,344,2018-09-11 14:59:00
20180911 15:00,486.5,486.5,486.5,486.5,160460,0.0,111494,0.0,7878490000.0,0.0,146,12,2018-09-11 15:00:00
20180911 20:59,492.5,492.5,492.5,492.5,358,358.0,110620,-874.0,17631500.0,17631500.0,4,1,2018-09-11 20:59:00
20180911 21:00,492.5,493.5,492.0,492.5,906,548.0,110392,-228.0,44621400.0,26989900.0,1839,2298,2018-09-11 21:00:00
20180911 21:01,492.5,492.5,492.0,492.0,1106,200.0,110320,-72.0,54463900.0,9842500.0,1611,1354,2018-09-11 21:01:00
20180911 21:02,492.5,493.0,492.5,493.0,1296,190.0,110216,-104.0,63828100.0,9364200.0,1518,871,2018-09-11 21:02:00
20180911 21:03,493.5,493.5,493.5,493.5,2580,1284.0,110380,164.0,127194000.0,63365900.0,2119,2968,2018-09-11 21:03:00
20180911 21:04,493.5,494.0,493.5,494.0,3478,898.0,109958,-422.0,171555000.0,44361000.0,3944,2802,2018-09-11 21:04:00
20180911 21:05,494.0,494.5,494.0,494.5,4046,568.0,110288,330.0,199642000.0,28087000.0,3475,1783,2018-09-11 21:05:00
20180911 21:06,494.5,494.5,494.0,494.0,4218,172.0,110254,-34.0,208146000.0,8504000.0,1764,1913,2018-09-11 21:06:00
20180911 21:07,494.0,494.5,494.0,494.0,4346,128.0,110304,50.0,214469000.0,6323000.0,2784,1825,2018-09-11 21:07:00
20180911 21:08,494.0,494.0,493.0,493.5,5556,1210.0,109888,-416.0,274172000.0,59703000.0,4087,2988,2018-09-11 21:08:00
20180911 21:09,493.5,493.5,493.0,493.0,5860,304.0,109898,10.0,289173000.0,15001000.0,4799,2991,2018-09-11 21:09:00
20180911 21:10,493.0,493.0,491.5,491.5,6694,834.0,110312,414.0,330188000.0,41015000.0,2700,1969,2018-09-11 21:10:00
20180911 21:11,491.5,492.5,491.0,491.5,7966,1272.0,109558,-754.0,392740000.0,62552000.0,2135,2622,2018-09-11 21:11:00
20180911 21:12,491.0,491.5,490.0,491.0,9416,1450.0,110448,890.0,463929000.0,71189000.0,3388,1969,2018-09-11 21:12:00
20180911 21:13,491.5,491.5,491.0,491.0,11314,1898.0,109520,-928.0,557215000.0,93286000.0,2624,2313,2018-09-11 21:13:00
20180911 21:14,491.0,491.5,491.0,491.5,12842,1528.0,109774,254.0,632317000.0,75102000.0,2477,1488,2018-09-11 21:14:00
20180911 21:15,491.5,491.5,491.5,491.5,14146,1304.0,109242,-532.0,696408000.0,64091000.0,1721,2017,2018-09-11 21:15:00
20180911 21:16,491.5,492.0,491.5,492.0,16802,2656.0,108982,-260.0,827038000.0,130630000.0,6309,5211,2018-09-11 21:16:00
20180911 21:17,492.0,492.0,492.0,492.0,17388,586.0,109292,310.0,855869000.0,28831000.0,3712,5214,2018-09-11 21:17:00
20180911 21:18,492.0,492.0,492.0,492.0,17388,0.0,109292,0.0,855869000.0,0.0,2536,2058,2018-09-11 21:18:00
20180911 21:19,492.0,492.5,492.0,492.5,17682,294.0,109178,-114.0,870336000.0,14467000.0,931,1192,2018-09-11 21:19:00
20180911 21:20,492.5,492.5,492.5,492.5,17688,6.0,109178,0.0,870631000.0,295000.0,1169,1507,2018-09-11 21:20:00
20180911 21:21,492.5,492.5,492.5,492.5,18334,646.0,108806,-372.0,902447000.0,31816000.0,3197,2875,2018-09-11 21:21:00
20180911 21:22,492.5,494.0,492.5,494.0,19394,1060.0,109214,408.0,954698000.0,52251000.0,5173,4883,2018-09-11 21:22:00
20180911 21:23,494.0,494.5,494.0,494.5,19980,586.0,108934,-280.0,983646000.0,28948000.0,2049,2362,2018-09-11 21:23:00
20180911 21:24,494.5,494.5,494.0,494.0,20620,640.0,109190,256.0,1015260000.0,31614000.0,2608,2271,2018-09-11 21:24:00
20180911 21:25,494.0,494.0,494.0,494.0,21188,568.0,108976,-214.0,1043320000.0,28060000.0,898,3622,2018-09-11 21:25:00
20180911 21:26,494.0,495.5,494.0,495.5,23618,2430.0,108648,-328.0,1163690000.0,120370000.0,4108,3874,2018-09-11 21:26:00
20180911 21:27,495.5,496.0,495.0,495.5,25828,2210.0,108982,334.0,1273200000.0,109510000.0,4115,2904,2018-09-11 21:27:00
20180911 21:28,495.5,495.5,495.5,495.5,26586,758.0,109554,572.0,1310750000.0,37550000.0,1905,992,2018-09-11 21:28:00
20180911 21:29,495.5,495.5,495.0,495.0,26620,34.0,109546,-8.0,1312440000.0,1690000.0,740,888,2018-09-11 21:29:00
20180911 21:30,495.0,495.5,495.0,495.5,27348,728.0,109306,-240.0,1348500000.0,36060000.0,1672,1367,2018-09-11 21:30:00
20180911 21:31,495.5,495.5,495.5,495.5,27352,4.0,109308,2.0,1348700000.0,200000.0,824,676,2018-09-11 21:31:00
20180911 21:32,495.5,495.5,495.0,495.0,28576,1224.0,108892,-416.0,1409290000.0,60590000.0,1499,2789,2018-09-11 21:32:00
20180911 21:33,495.0,495.0,495.0,495.0,28606,30.0,108894,2.0,1410780000.0,1490000.0,593,1864,2018-09-11 21:33:00
20180911 21:34,495.0,495.0,494.5,494.5,29994,1388.0,109300,406.0,1479410000.0,68630000.0,1125,2126,2018-09-11 21:34:00
20180911 21:35,494.5,494.5,494.5,494.5,30096,102.0,109300,0.0,1484460000.0,5050000.0,3078,1517,2018-09-11 21:35:00
20180911 21:36,494.5,495.0,494.5,495.0,31430,1334.0,108896,-404.0,1550490000.0,66030000.0,2849,1352,2018-09-11 21:36:00
20180911 21:37,495.0,495.0,495.0,495.0,31950,520.0,108522,-374.0,1576230000.0,25740000.0,3249,1305,2018-09-11 21:37:00
20180911 21:38,495.0,495.0,494.5,494.5,32060,110.0,108556,34.0,1581670000.0,5440000.0,1880,3746,2018-09-11 21:38:00
20180911 21:39,494.5,494.5,494.5,494.5,33996,1936.0,108710,154.0,1677410000.0,95740000.0,804,1391,2018-09-11 21:39:00
20180911 21:40,494.5,494.5,494.5,494.5,34420,424.0,108428,-282.0,1698370000.0,20960000.0,1557,494,2018-09-11 21:40:00
20180911 21:41,494.5,494.5,494.5,494.5,34420,0.0,108428,0.0,1698370000.0,0.0,1124,324,2018-09-11 21:41:00
20180911 21:42,494.5,495.0,494.5,495.0,34982,562.0,108700,272.0,1726190000.0,27820000.0,2641,841,2018-09-11 21:42:00
20180911 21:43,495.0,495.0,495.0,495.0,34988,6.0,108700,0.0,1726490000.0,300000.0,3204,626,2018-09-11 21:43:00
20180911 21:44,495.0,495.0,495.0,495.0,35782,794.0,109430,730.0,1765790000.0,39300000.0,1889,1838,2018-09-11 21:44:00
20180911 21:45,495.0,495.0,495.0,495.0,42404,6622.0,109436,6.0,2093580000.0,327790000.0,2527,3632,2018-09-11 21:45:00
20180911 21:46,495.0,495.0,495.0,495.0,42406,2.0,109438,2.0,2093680000.0,100000.0,2464,2061,2018-09-11 21:46:00
20180911 21:47,495.0,495.0,494.5,494.5,42574,168.0,109344,-94.0,2101990000.0,8310000.0,820,674,2018-09-11 21:47:00
20180911 21:48,494.5,494.5,494.5,494.5,42576,2.0,109344,0.0,2102090000.0,100000.0,638,496,2018-09-11 21:48:00
20180911 21:49,494.5,494.5,494.5,494.5,42576,0.0,109344,0.0,2102090000.0,0.0,105,90,2018-09-11 21:49:00
20180911 21:50,494.5,494.5,494.5,494.5,42576,0.0,109344,0.0,2102090000.0,0.0,474,650,2018-09-11 21:50:00
20180911 21:51,494.5,494.5,493.5,493.5,43206,630.0,109010,-334.0,2133180000.0,31090000.0,1837,1867,2018-09-11 21:51:00
20180911 21:52,493.5,493.5,493.5,493.5,43208,2.0,109010,0.0,2133280000.0,100000.0,1238,747,2018-09-11 21:52:00
20180911 21:53,493.5,493.5,493.5,493.5,43208,0.0,109010,0.0,2133280000.0,0.0,727,501,2018-09-11 21:53:00
20180911 21:55,493.5,494.0,493.5,494.0,43212,4.0,109010,0.0,2133480000.0,200000.0,758,849,2018-09-11 21:55:00
20180911 21:56,494.0,494.0,494.0,494.0,43724,512.0,109352,342.0,2158770000.0,25290000.0,956,839,2018-09-11 21:56:00
20180911 21:57,494.0,494.0,494.0,494.0,43754,30.0,109372,20.0,2160250000.0,1480000.0,626,838,2018-09-11 21:57:00
20180911 21:58,494.0,494.0,494.0,494.0,43754,0.0,109372,0.0,2160250000.0,0.0,230,731,2018-09-11 21:58:00
20180911 21:59,494.0,494.0,494.0,494.0,44190,436.0,109074,-298.0,2181790000.0,21540000.0,1155,1194,2018-09-11 21:59:00
20180911 22:00,494.0,494.0,494.0,494.0,44688,498.0,109384,310.0,2206390000.0,24600000.0,1842,2128,2018-09-11 22:00:00
20180911 22:01,494.0,494.0,494.0,494.0,44688,0.0,109384,0.0,2206390000.0,0.0,412,745,2018-09-11 22:01:00
20180911 22:02,494.0,494.0,494.0,494.0,44688,0.0,109384,0.0,2206390000.0,0.0,712,1343,2018-09-11 22:02:00
20180911 22:03,494.0,494.0,492.5,493.0,45302,614.0,109276,-108.0,2236670000.0,30280000.0,2091,1507,2018-09-11 22:03:00
20180911 22:04,493.0,493.0,492.5,493.0,46216,914.0,109942,666.0,2281720000.0,45050000.0,1561,1331,2018-09-11 22:04:00
20180911 22:05,493.0,493.0,493.0,493.0,46216,0.0,109942,0.0,2281720000.0,0.0,926,650,2018-09-11 22:05:00
20180911 22:06,493.0,493.0,492.5,492.5,46288,72.0,109982,40.0,2285270000.0,3550000.0,1473,571,2018-09-11 22:06:00
20180911 22:07,492.5,492.5,492.5,492.5,46770,482.0,110262,280.0,2309010000.0,23740000.0,662,678,2018-09-11 22:07:00
20180911 22:08,492.5,492.5,490.5,491.0,49586,2816.0,110448,186.0,2447400000.0,138390000.0,8589,2065,2018-09-11 22:08:00
20180911 22:09,491.0,492.0,491.0,492.0,50036,450.0,110266,-182.0,2469520000.0,22120000.0,3839,907,2018-09-11 22:09:00
20180911 22:10,491.5,492.0,491.5,492.0,50046,10.0,110266,0.0,2470010000.0,490000.0,2056,906,2018-09-11 22:10:00
20180911 22:11,492.0,492.0,491.5,491.5,50050,4.0,110266,0.0,2470210000.0,200000.0,4213,1732,2018-09-11 22:11:00
20180911 22:12,491.5,491.5,491.5,491.5,50050,0.0,110266,0.0,2470210000.0,0.0,772,247,2018-09-11 22:12:00
20180911 22:13,491.5,491.5,491.5,491.5,50050,0.0,110266,0.0,2470210000.0,0.0,1568,500,2018-09-11 22:13:00
20180911 22:14,491.5,492.0,491.5,492.0,50056,6.0,110266,0.0,2470510000.0,300000.0,797,304,2018-09-11 22:14:00
20180911 22:15,492.0,492.0,492.0,492.0,54184,4128.0,110144,-122.0,2673600000.0,203090000.0,9271,3014,2018-09-11 22:15:00
20180911 22:16,492.0,492.5,492.0,492.5,54190,6.0,110144,0.0,2673900000.0,300000.0,2051,542,2018-09-11 22:16:00
20180911 22:17,492.5,492.5,492.0,492.0,54324,134.0,110156,12.0,2680490000.0,6590000.0,3640,1439,2018-09-11 22:17:00
20180911 22:18,492.0,492.0,492.0,492.0,54324,0.0,110156,0.0,2680490000.0,0.0,1971,1391,2018-09-11 22:18:00
20180911 22:20,492.0,492.0,492.0,492.0,57198,2874.0,109472,-684.0,2821890000.0,141400000.0,5266,2420,2018-09-11 22:20:00
20180911 22:21,492.0,492.0,492.0,492.0,57202,4.0,109472,0.0,2822090000.0,200000.0,2131,718,2018-09-11 22:21:00
20180911 22:22,492.0,492.0,492.0,492.0,57202,0.0,109472,0.0,2822090000.0,0.0,5328,1686,2018-09-11 22:22:00
20180911 22:23,492.0,492.0,492.0,492.0,59558,2356.0,109722,250.0,2938000000.0,115910000.0,1302,3464,2018-09-11 22:23:00
20180911 22:24,492.0,492.0,492.0,492.0,64106,4548.0,109206,-516.0,3161770000.0,223770000.0,5396,2211,2018-09-11 22:24:00
20180911 22:25,492.0,492.0,492.0,492.0,64108,2.0,109206,0.0,3161860000.0,90000.0,264,58,2018-09-11 22:25:00
20180911 22:26,492.0,492.0,492.0,492.0,73078,8970.0,109582,376.0,3603190000.0,441330000.0,6514,11113,2018-09-11 22:26:00
20180911 22:27,492.0,492.0,492.0,492.0,73078,0.0,109582,0.0,3603190000.0,0.0,316,1774,2018-09-11 22:27:00
20180911 22:28,492.0,492.0,492.0,492.0,73098,20.0,109602,20.0,3604170000.0,980000.0,593,2024,2018-09-11 22:28:00
20180911 22:29,492.0,492.0,491.5,491.5,73776,678.0,109312,-290.0,3637500000.0,33330000.0,1204,3131,2018-09-11 22:29:00
20180911 22:30,491.5,491.5,491.5,491.5,73776,0.0,109312,0.0,3637500000.0,0.0,421,1827,2018-09-11 22:30:00
20180911 22:31,491.5,491.5,491.5,491.5,74242,466.0,109534,222.0,3660400000.0,22900000.0,824,1748,2018-09-11 22:31:00
20180911 22:32,491.5,491.5,491.5,491.5,74248,6.0,109534,0.0,3660690000.0,290000.0,594,1285,2018-09-11 22:32:00
20180911 22:33,491.5,491.5,491.0,491.0,74270,22.0,109534,0.0,3661770000.0,1080000.0,3770,1324,2018-09-11 22:33:00
20180911 22:34,491.0,491.0,491.0,491.0,74270,0.0,109534,0.0,3661770000.0,0.0,406,962,2018-09-11 22:34:00
20180911 22:35,491.0,491.5,491.0,491.5,74274,4.0,109530,-4.0,3661970000.0,200000.0,324,690,2018-09-11 22:35:00
20180911 22:36,491.5,491.5,491.5,491.5,74274,0.0,109530,0.0,3661970000.0,0.0,644,903,2018-09-11 22:36:00
20180911 22:37,491.5,491.5,491.5,491.5,74322,48.0,109514,-16.0,3664330000.0,2360000.0,1505,1008,2018-09-11 22:37:00
20180911 22:38,491.5,491.5,491.5,491.5,74828,506.0,109200,-314.0,3689200000.0,24870000.0,889,1162,2018-09-11 22:38:00
20180911 22:39,491.5,491.5,491.5,491.5,74828,0.0,109200,0.0,3689200000.0,0.0,650,904,2018-09-11 22:39:00
20180911 22:40,491.5,491.5,491.5,491.5,74830,2.0,109200,0.0,3689300000.0,100000.0,464,692,2018-09-11 22:40:00
20180911 22:41,491.5,491.5,491.5,491.5,74836,6.0,109200,0.0,3689590000.0,290000.0,498,757,2018-09-11 22:41:00
20180911 22:42,491.5,491.5,491.5,491.5,74918,82.0,109152,-48.0,3693620000.0,4030000.0,1284,1081,2018-09-11 22:42:00
20180911 22:43,491.5,491.5,491.5,491.5,74918,0.0,109152,0.0,3693620000.0,0.0,1026,686,2018-09-11 22:43:00
20180911 22:44,491.5,491.5,491.5,491.5,74918,0.0,109152,0.0,3693620000.0,0.0,228,103,2018-09-11 22:44:00
20180911 22:45,491.5,491.5,491.5,491.5,75518,600.0,109496,344.0,3723110000.0,29490000.0,1840,1285,2018-09-11 22:45:00
20180911 22:46,491.5,491.5,491.5,491.5,75642,124.0,109562,66.0,3729210000.0,6100000.0,729,1091,2018-09-11 22:46:00
20180911 22:47,491.5,491.5,491.5,491.5,75642,0.0,109562,0.0,3729210000.0,0.0,807,660,2018-09-11 22:47:00
20180911 22:48,491.0,491.0,490.5,490.5,76346,704.0,109376,-186.0,3763750000.0,34540000.0,1511,3326,2018-09-11 22:48:00
20180911 22:49,490.5,491.5,490.5,491.5,76552,206.0,109448,72.0,3773860000.0,10110000.0,2513,3867,2018-09-11 22:49:00
20180911 22:50,491.5,491.5,491.0,491.5,77026,474.0,109762,314.0,3797130000.0,23270000.0,1528,2244,2018-09-11 22:50:00
20180911 22:51,491.5,492.0,491.0,491.5,77264,238.0,109878,116.0,3808830000.0,11700000.0,1643,3599,2018-09-11 22:51:00
20180911 22:52,491.5,491.5,491.5,491.5,78476,1212.0,109954,76.0,3868400000.0,59570000.0,1379,2134,2018-09-11 22:52:00
20180911 22:53,491.5,491.5,491.0,491.0,79102,626.0,109720,-234.0,3899130000.0,30730000.0,1412,5220,2018-09-11 22:53:00
20180911 22:54,491.0,491.0,491.0,491.0,79108,6.0,109720,0.0,3899430000.0,300000.0,303,2580,2018-09-11 22:54:00
20180911 22:55,491.0,491.0,491.0,491.0,79644,536.0,109998,278.0,3925750000.0,26320000.0,1020,2663,2018-09-11 22:55:00
20180911 22:56,491.0,491.0,491.0,491.0,80140,496.0,109738,-260.0,3950100000.0,24350000.0,1696,2316,2018-09-11 22:56:00
20180911 22:57,491.0,491.0,491.0,491.0,80140,0.0,109738,0.0,3950100000.0,0.0,900,642,2018-09-11 22:57:00
20180911 22:58,491.0,491.5,491.0,491.5,80236,96.0,109688,-50.0,3954820000.0,4720000.0,1342,537,2018-09-11 22:58:00
20180911 22:59,491.0,491.0,491.0,491.0,80288,52.0,109708,20.0,3957370000.0,2550000.0,951,875,2018-09-11 22:59:00
20180911 23:00,490.5,490.5,489.5,489.5,80436,148.0,109760,52.0,3964630000.0,7260000.0,1554,730,2018-09-11 23:00:00
20180911 23:01,489.5,489.5,489.0,489.5,81426,990.0,109714,-46.0,4013060000.0,48430000.0,1992,4979,2018-09-11 23:01:00
20180911 23:02,489.5,490.0,489.0,490.0,81688,262.0,109696,-18.0,4025890000.0,12830000.0,1664,3460,2018-09-11 23:02:00
20180911 23:03,490.0,490.0,490.0,490.0,81690,2.0,109698,2.0,4025990000.0,100000.0,207,2221,2018-09-11 23:03:00
20180911 23:04,490.0,490.0,490.0,490.0,82586,896.0,109648,-50.0,4069890000.0,43900000.0,1384,3705,2018-09-11 23:04:00
20180911 23:05,490.0,490.0,490.0,490.0,82586,0.0,109648,0.0,4069890000.0,0.0,973,3335,2018-09-11 23:05:00
20180911 23:06,490.5,490.5,490.0,490.5,89374,6788.0,109950,302.0,4402850000.0,332960000.0,1365,3174,2018-09-11 23:06:00
20180911 23:07,490.5,490.5,490.5,490.5,89440,66.0,109976,26.0,4406080000.0,3230000.0,1111,1288,2018-09-11 23:07:00
20180911 23:08,490.5,490.5,490.0,490.0,89442,2.0,109974,-2.0,4406180000.0,100000.0,632,593,2018-09-11 23:08:00
20180911 23:09,490.0,490.0,490.0,490.0,89442,0.0,109974,0.0,4406180000.0,0.0,628,559,2018-09-11 23:09:00
20180911 23:10,490.0,490.0,490.0,490.0,89442,0.0,109974,0.0,4406180000.0,0.0,660,477,2018-09-11 23:10:00
20180911 23:11,490.0,490.0,490.0,490.0,89442,0.0,109974,0.0,4406180000.0,0.0,326,241,2018-09-11 23:11:00
20180911 23:12,490.0,490.0,490.0,490.0,89442,0.0,109974,0.0,4406180000.0,0.0,570,430,2018-09-11 23:12:00
20180911 23:13,490.0,490.0,490.0,490.0,89442,0.0,109974,0.0,4406180000.0,0.0,413,279,2018-09-11 23:13:00
20180911 23:14,490.0,490.0,490.0,490.0,89898,456.0,110276,302.0,4428530000.0,22350000.0,893,864,2018-09-11 23:14:00
20180911 23:15,490.0,490.0,489.5,489.5,90350,452.0,110048,-228.0,4450650000.0,22120000.0,1564,1123,2018-09-11 23:15:00
20180911 23:16,489.5,489.5,489.5,489.5,90350,0.0,110048,0.0,4450650000.0,0.0,804,577,2018-09-11 23:16:00
20180911 23:17,489.5,489.5,489.5,489.5,91744,1394.0,110250,202.0,4518890000.0,68240000.0,3532,707,2018-09-11 23:17:00
20180911 23:18,489.5,489.5,487.5,488.0,92488,744.0,110460,210.0,4555230000.0,36340000.0,6588,2914,2018-09-11 23:18:00
20180911 23:19,488.0,488.0,488.0,488.0,92530,42.0,110486,26.0,4557270000.0,2040000.0,1876,1539,2018-09-11 23:19:00
20180911 23:20,488.0,488.0,487.5,487.5,92576,46.0,110488,2.0,4559520000.0,2250000.0,2535,1266,2018-09-11 23:20:00
20180911 23:21,487.5,488.0,487.5,488.0,92656,80.0,110408,-80.0,4563420000.0,3900000.0,401,223,2018-09-11 23:21:00
20180911 23:22,488.0,488.0,487.5,488.0,93582,926.0,110412,4.0,4608610000.0,45190000.0,1007,793,2018-09-11 23:22:00
20180911 23:23,488.0,488.0,487.5,488.0,94084,502.0,110092,-320.0,4633080000.0,24470000.0,778,758,2018-09-11 23:23:00
20180911 23:24,488.0,488.0,488.0,488.0,94088,4.0,110090,-2.0,4633280000.0,200000.0,97,936,2018-09-11 23:24:00
20180911 23:25,488.0,488.0,487.5,488.0,94130,42.0,110092,2.0,4635330000.0,2050000.0,500,1267,2018-09-11 23:25:00
20180911 23:26,488.5,489.0,488.5,489.0,94608,478.0,110268,176.0,4658700000.0,23370000.0,1284,1240,2018-09-11 23:26:00
20180911 23:27,489.0,489.5,489.0,489.5,94616,8.0,110266,-2.0,4659090000.0,390000.0,204,169,2018-09-11 23:27:00
20180911 23:28,489.5,489.5,489.0,489.0,94638,22.0,110264,-2.0,4660170000.0,1080000.0,136,116,2018-09-11 23:28:00
20180911 23:29,489.0,490.0,489.0,489.5,94714,76.0,110270,6.0,4663890000.0,3720000.0,598,428,2018-09-11 23:29:00
20180911 23:30,489.5,489.5,489.5,489.5,94728,14.0,110270,0.0,4664570000.0,680000.0,270,314,2018-09-11 23:30:00
20180912 20:59,486.0,486.0,486.0,486.0,894,894.0,111224,954.0,43448400.0,43448400.0,1,17,2018-09-12 20:59:00
20180912 21:00,486.0,488.0,486.0,487.0,1414,520.0,110940,-284.0,68768300.0,25319900.0,1321,3539,2018-09-12 21:00:00
20180912 21:01,487.0,488.5,487.0,488.0,1530,116.0,110948,8.0,74426000.0,5657700.0,735,1433,2018-09-12 21:01:00
20180912 21:02,488.0,488.0,487.0,487.0,1692,162.0,110900,-48.0,82325700.0,7899700.0,2189,2151,2018-09-12 21:02:00
20180912 21:03,487.0,487.0,487.0,487.0,1838,146.0,110988,88.0,89435900.0,7110200.0,1055,1839,2018-09-12 21:03:00
20180912 21:04,487.0,487.5,487.0,487.5,1932,94.0,110974,-14.0,94018300.0,4582400.0,2184,4087,2018-09-12 21:04:00
20180912 21:05,487.5,487.5,487.5,487.5,1966,34.0,110966,-8.0,95675800.0,1657500.0,1769,2363,2018-09-12 21:05:00
20180912 21:06,487.5,487.5,487.5,487.5,2140,174.0,110912,-54.0,104158000.0,8482200.0,2044,3337,2018-09-12 21:06:00
20180912 21:07,487.5,487.5,487.0,487.0,2212,72.0,110898,-14.0,107666000.0,3508000.0,1242,2458,2018-09-12 21:07:00
20180912 21:08,487.0,487.0,486.5,486.5,2456,244.0,110864,-34.0,119543000.0,11877000.0,1623,2531,2018-09-12 21:08:00
20180912 21:09,486.5,486.5,486.0,486.0,2838,382.0,110872,8.0,138121000.0,18578000.0,3727,2400,2018-09-12 21:09:00
20180912 21:10,486.0,487.0,486.0,487.0,3016,178.0,110826,-46.0,146776000.0,8655000.0,2151,1587,2018-09-12 21:10:00
20180912 21:11,487.0,487.0,486.5,486.5,4068,1052.0,111530,704.0,197963000.0,51187000.0,2916,2639,2018-09-12 21:11:00
20180912 21:12,486.5,487.0,486.5,487.0,4162,94.0,111538,8.0,202540000.0,4577000.0,1574,3028,2018-09-12 21:12:00
20180912 21:13,487.0,487.0,487.0,487.0,4164,2.0,111536,-2.0,202638000.0,98000.0,791,597,2018-09-12 21:13:00
20180912 21:14,487.0,487.0,487.0,487.0,4168,4.0,111536,0.0,202833000.0,195000.0,1056,833,2018-09-12 21:14:00
20180912 21:15,487.0,487.0,487.0,487.0,4174,6.0,111534,-2.0,203125000.0,292000.0,720,1516,2018-09-12 21:15:00
20180912 21:16,487.0,487.0,487.0,487.0,4174,0.0,111534,0.0,203125000.0,0.0,386,347,2018-09-12 21:16:00
20180912 21:17,487.0,487.0,486.5,486.5,4292,118.0,111526,-8.0,208865000.0,5740000.0,1178,1703,2018-09-12 21:17:00
20180912 21:18,486.5,487.0,486.5,487.0,5356,1064.0,110618,-908.0,260682000.0,51817000.0,2443,1984,2018-09-12 21:18:00
20180912 21:19,487.0,487.5,487.0,487.5,6152,796.0,111332,714.0,299487000.0,38805000.0,601,837,2018-09-12 21:19:00
20180912 21:20,487.5,487.5,487.5,487.5,6152,0.0,111332,0.0,299487000.0,0.0,671,396,2018-09-12 21:20:00
20180912 21:21,487.5,487.5,487.5,487.5,6152,0.0,111332,0.0,299487000.0,0.0,608,443,2018-09-12 21:21:00
20180912 21:22,487.5,487.5,487.5,487.5,6154,2.0,111332,0.0,299585000.0,98000.0,681,501,2018-09-12 21:22:00
20180912 21:23,487.5,487.5,487.5,487.5,6154,0.0,111332,0.0,299585000.0,0.0,664,587,2018-09-12 21:23:00
20180912 21:24,487.5,488.0,487.5,488.0,6254,100.0,111310,-22.0,304465000.0,4880000.0,5627,1349,2018-09-12 21:24:00
20180912 21:25,488.0,488.0,488.0,488.0,6306,52.0,111284,-26.0,307002000.0,2537000.0,2521,1388,2018-09-12 21:25:00
20180912 21:26,488.0,488.0,488.0,488.0,7102,796.0,110524,-760.0,345847000.0,38845000.0,3301,1760,2018-09-12 21:26:00
20180912 21:27,488.0,488.0,488.0,488.0,7112,10.0,110530,6.0,346335000.0,488000.0,593,1255,2018-09-12 21:27:00
20180912 21:28,488.0,488.0,488.0,488.0,8588,1476.0,110528,-2.0,418364000.0,72029000.0,1825,1281,2018-09-12 21:28:00
20180912 21:29,488.0,488.0,487.5,487.5,9458,870.0,111222,694.0,460776000.0,42412000.0,1611,1662,2018-09-12 21:29:00
20180912 21:30,487.5,488.0,487.5,488.0,11780,2322.0,110474,-748.0,574090000.0,113314000.0,3486,1529,2018-09-12 21:30:00
20180912 21:31,488.0,488.0,488.0,488.0,13244,1464.0,110464,-10.0,645533000.0,71443000.0,1525,1101,2018-09-12 21:31:00
20180912 21:32,488.0,488.0,488.0,488.0,17682,4438.0,110478,14.0,862108000.0,216575000.0,2896,1861,2018-09-12 21:32:00
20180912 21:33,488.0,488.0,488.0,488.0,22084,4402.0,110478,0.0,1076930000.0,214822000.0,5523,1983,2018-09-12 21:33:00
20180912 21:34,488.0,489.0,488.0,489.0,22140,56.0,110434,-44.0,1079660000.0,2730000.0,2257,557,2018-09-12 21:34:00
20180912 21:35,489.0,489.0,489.0,489.0,22140,0.0,110434,0.0,1079660000.0,0.0,2261,978,2018-09-12 21:35:00
20180912 21:36,489.0,489.0,489.0,489.0,23164,1024.0,111192,758.0,1129740000.0,50080000.0,2397,1113,2018-09-12 21:36:00
20180912 21:37,489.0,489.0,489.0,489.0,23960,796.0,110480,-712.0,1168660000.0,38920000.0,962,1726,2018-09-12 21:37:00
20180912 21:38,489.0,489.0,488.5,488.5,23962,2.0,110480,0.0,1168760000.0,100000.0,242,778,2018-09-12 21:38:00
20180912 21:39,488.5,489.0,488.5,489.0,24030,68.0,110492,12.0,1172080000.0,3320000.0,891,1111,2018-09-12 21:39:00
20180912 21:40,489.0,489.0,489.0,489.0,24040,10.0,110486,-6.0,1172570000.0,490000.0,291,504,2018-09-12 21:40:00
20180912 21:41,489.0,489.0,489.0,489.0,25644,1604.0,110440,-46.0,1251010000.0,78440000.0,743,1704,2018-09-12 21:41:00
20180912 21:42,489.0,489.0,489.0,489.0,25644,0.0,110440,0.0,1251010000.0,0.0,309,222,2018-09-12 21:42:00
20180912 21:43,489.0,489.0,488.5,488.5,25690,46.0,110426,-14.0,1253250000.0,2240000.0,161,324,2018-09-12 21:43:00
20180912 21:44,488.5,488.5,488.5,488.5,26052,362.0,110330,-96.0,1270940000.0,17690000.0,930,748,2018-09-12 21:44:00
20180912 21:45,488.5,488.5,488.5,488.5,26054,2.0,110332,2.0,1271040000.0,100000.0,800,158,2018-09-12 21:45:00
20180912 21:48,489.0,489.0,489.0,489.0,26158,104.0,110356,24.0,1276120000.0,5080000.0,1452,315,2018-09-12 21:48:00
20180912 21:49,489.0,489.0,489.0,489.0,27548,1390.0,110910,554.0,1344090000.0,67970000.0,987,554,2018-09-12 21:49:00
20180912 21:50,489.0,489.0,489.0,489.0,29688,2140.0,110444,-466.0,1448740000.0,104650000.0,158,104,2018-09-12 21:50:00
20180912 21:55,488.5,488.5,488.5,488.5,32052,2364.0,109704,-740.0,1564260000.0,115520000.0,159,384,2018-09-12 21:55:00
20180912 21:56,488.5,488.5,488.5,488.5,32056,4.0,109704,0.0,1564450000.0,190000.0,215,555,2018-09-12 21:56:00
20180912 21:57,488.0,488.0,488.0,488.0,32058,2.0,109702,-2.0,1564550000.0,100000.0,32,89,2018-09-12 21:57:00
20180912 22:00,488.0,488.5,488.0,488.5,32072,14.0,109702,0.0,1565230000.0,680000.0,122,394,2018-09-12 22:00:00
20180912 22:04,488.5,488.5,488.0,488.0,32074,2.0,109700,-2.0,1565330000.0,100000.0,76,202,2018-09-12 22:04:00
20180912 22:10,489.0,489.0,489.0,489.0,34874,2800.0,110606,906.0,1702110000.0,136780000.0,133,199,2018-09-12 22:10:00
20180912 22:11,489.0,489.0,489.0,489.0,34874,0.0,110606,0.0,1702110000.0,0.0,44,68,2018-09-12 22:11:00
20180912 22:13,489.0,489.0,489.0,489.0,36188,1314.0,109520,-1086.0,1766370000.0,64260000.0,540,78,2018-09-12 22:13:00
20180912 22:14,489.0,489.0,489.0,489.0,36216,28.0,109520,0.0,1767740000.0,1370000.0,463,934,2018-09-12 22:14:00
20180912 22:17,489.0,489.0,489.0,489.0,36236,20.0,109504,-16.0,1768710000.0,970000.0,138,239,2018-09-12 22:17:00
20180912 22:18,489.0,489.0,489.0,489.0,36236,0.0,109504,0.0,1768710000.0,0.0,79,131,2018-09-12 22:18:00
20180912 22:21,489.0,489.0,489.0,489.0,36906,670.0,109788,284.0,1801480000.0,32770000.0,566,1271,2018-09-12 22:21:00
20180912 22:22,489.0,489.0,489.0,489.0,36906,0.0,109788,0.0,1801480000.0,0.0,216,109,2018-09-12 22:22:00
20180912 22:23,489.0,489.0,489.0,489.0,36920,14.0,109788,0.0,1802160000.0,680000.0,78,20,2018-09-12 22:23:00
20180912 22:28,488.5,488.5,488.5,488.5,37350,430.0,109666,-122.0,1823180000.0,21020000.0,182,1925,2018-09-12 22:28:00
20180912 22:29,488.5,488.5,488.5,488.5,37350,0.0,109666,0.0,1823180000.0,0.0,77,642,2018-09-12 22:29:00
20180912 22:30,488.5,488.5,488.5,488.5,37350,0.0,109666,0.0,1823180000.0,0.0,214,1188,2018-09-12 22:30:00
20180912 22:35,487.0,487.0,487.0,487.0,38200,850.0,109342,-324.0,1864640000.0,41460000.0,1441,2262,2018-09-12 22:35:00
20180912 22:36,487.0,487.0,485.5,486.0,38326,126.0,109330,-12.0,1870770000.0,6130000.0,1701,3275,2018-09-12 22:36:00
20180912 22:37,486.0,486.0,485.0,485.0,38368,42.0,109342,12.0,1872810000.0,2040000.0,250,390,2018-09-12 22:37:00
20180912 22:38,485.0,485.5,485.0,485.5,39336,968.0,109602,260.0,1919770000.0,46960000.0,1652,1869,2018-09-12 22:38:00
20180912 22:39,485.5,486.0,485.5,486.0,41920,2584.0,109566,-36.0,2045330000.0,125560000.0,2809,3221,2018-09-12 22:39:00
20180912 22:42,486.5,486.5,486.5,486.5,42490,570.0,109256,-310.0,2073030000.0,27700000.0,105,98,2018-09-12 22:42:00
20180912 22:43,486.5,486.5,486.5,486.5,42522,32.0,109276,20.0,2074590000.0,1560000.0,665,399,2018-09-12 22:43:00
20180912 22:44,486.5,486.5,486.5,486.5,42522,0.0,109276,0.0,2074590000.0,0.0,165,34,2018-09-12 22:44:00
20180912 22:50,484.0,484.0,484.0,484.0,45748,3226.0,109478,202.0,2231460000.0,156870000.0,367,529,2018-09-12 22:50:00
20180912 22:51,484.0,484.5,484.0,484.5,45958,210.0,109346,-132.0,2241630000.0,10170000.0,547,1090,2018-09-12 22:51:00
20180913 09:58,494.5,494.5,494.5,494.5,85352,39394.0,110832,1486.0,4214250000.0,1972620000.0,251,76,2018-09-13 09:58:00
20180913 09:59,494.5,494.5,494.0,494.0,85396,44.0,110844,12.0,4216420000.0,2170000.0,1847,590,2018-09-13 09:59:00
20180913 10:00,494.0,494.5,494.0,494.0,85400,4.0,110848,4.0,4216620000.0,200000.0,4448,1857,2018-09-13 10:00:00
20180913 10:01,494.0,494.5,494.0,494.0,86500,1100.0,110074,-774.0,4270960000.0,54340000.0,4340,2851,2018-09-13 10:01:00
20180913 10:02,494.0,494.5,494.0,494.5,86510,10.0,110076,2.0,4271450000.0,490000.0,1969,494,2018-09-13 10:02:00
20180913 10:03,494.5,494.5,494.5,494.5,86510,0.0,110076,0.0,4271450000.0,0.0,864,322,2018-09-13 10:03:00
20180913 10:04,494.5,494.5,494.5,494.5,86512,2.0,110078,2.0,4271550000.0,100000.0,862,322,2018-09-13 10:04:00
20180913 10:05,494.5,494.5,494.0,494.0,86566,54.0,110096,18.0,4274220000.0,2670000.0,1949,485,2018-09-13 10:05:00
20180913 10:06,494.0,494.5,494.0,494.0,88286,1720.0,110512,416.0,4359190000.0,84970000.0,3634,2586,2018-09-13 10:06:00
20180913 10:07,494.0,494.0,494.0,494.0,88286,0.0,110512,0.0,4359190000.0,0.0,2580,1013,2018-09-13 10:07:00
20180913 10:08,494.0,494.0,494.0,494.0,88286,0.0,110512,0.0,4359190000.0,0.0,864,288,2018-09-13 10:08:00
20180913 10:09,494.0,494.5,494.0,494.5,88314,28.0,110522,10.0,4360570000.0,1380000.0,2680,1235,2018-09-13 10:09:00
20180913 10:10,494.5,494.5,494.5,494.5,88314,0.0,110522,0.0,4360570000.0,0.0,682,600,2018-09-13 10:10:00
20180913 10:11,494.5,494.5,494.5,494.5,88314,0.0,110522,0.0,4360570000.0,0.0,1407,645,2018-09-13 10:11:00
20180913 10:12,494.5,494.5,494.5,494.5,88314,0.0,110522,0.0,4360570000.0,0.0,1214,495,2018-09-13 10:12:00
20180913 10:13,494.5,494.5,494.5,494.5,88314,0.0,110522,0.0,4360570000.0,0.0,406,177,2018-09-13 10:13:00
20180913 10:14,494.5,494.5,494.5,494.5,88370,56.0,110522,0.0,4363340000.0,2770000.0,1162,545,2018-09-13 10:14:00
20180913 10:30,494.5,494.5,493.5,493.5,88848,478.0,110742,220.0,4386940000.0,23600000.0,4421,1551,2018-09-13 10:30:00
20180913 10:31,493.5,493.5,493.0,493.0,88932,84.0,110748,6.0,4391080000.0,4140000.0,797,888,2018-09-13 10:31:00
20180913 10:32,493.0,493.5,493.0,493.5,91298,2366.0,111210,462.0,4507850000.0,116770000.0,8555,5667,2018-09-13 10:32:00
20180913 10:33,493.5,493.5,493.5,493.5,96114,4816.0,110824,-386.0,4745520000.0,237670000.0,8714,8490,2018-09-13 10:33:00
20180913 10:34,493.5,493.5,492.5,493.0,96598,484.0,111028,204.0,4769370000.0,23850000.0,2814,4775,2018-09-13 10:34:00
20180913 10:35,493.0,493.0,493.0,493.0,96738,140.0,111000,-28.0,4776270000.0,6900000.0,4930,4691,2018-09-13 10:35:00
20180913 10:36,493.0,493.0,493.0,493.0,97172,434.0,110992,-8.0,4797670000.0,21400000.0,2040,2005,2018-09-13 10:36:00
20180913 10:37,493.0,493.0,492.0,492.0,100870,3698.0,111084,92.0,4979980000.0,182310000.0,1749,2238,2018-09-13 10:37:00
20180913 10:38,492.5,492.5,492.0,492.0,101126,256.0,111226,142.0,4992570000.0,12590000.0,2339,2951,2018-09-13 10:38:00
20180913 10:39,492.0,492.0,491.5,491.5,101654,528.0,111634,408.0,5018530000.0,25960000.0,1915,1803,2018-09-13 10:39:00
20180913 10:40,491.0,491.0,490.5,491.0,102884,1230.0,111820,186.0,5078890000.0,60360000.0,2273,2253,2018-09-13 10:40:00
20180913 10:41,491.0,491.0,491.0,491.0,103416,532.0,111722,-98.0,5105010000.0,26120000.0,1648,1917,2018-09-13 10:41:00
20180913 10:42,491.0,491.0,490.5,491.0,103514,98.0,111794,72.0,5109820000.0,4810000.0,1081,2205,2018-09-13 10:42:00
20180913 10:43,491.0,491.0,491.0,491.0,103860,346.0,112082,288.0,5126810000.0,16990000.0,911,1380,2018-09-13 10:43:00
20180913 10:44,491.0,491.0,491.0,491.0,103880,20.0,112096,14.0,5127790000.0,980000.0,384,821,2018-09-13 10:44:00
20180913 10:45,490.5,490.5,490.5,490.5,104546,666.0,111938,-158.0,5160460000.0,32670000.0,215,538,2018-09-13 10:45:00
20180913 10:46,490.5,491.0,490.5,491.0,105068,522.0,112304,366.0,5186060000.0,25600000.0,957,769,2018-09-13 10:46:00
20180913 10:47,491.0,491.5,491.0,491.5,105452,384.0,112556,252.0,5204930000.0,18870000.0,1959,1005,2018-09-13 10:47:00
20180913 10:48,491.0,491.0,491.0,491.0,105454,2.0,112558,2.0,5205030000.0,100000.0,117,53,2018-09-13 10:48:00
20180913 10:49,491.5,491.5,491.5,491.5,105484,30.0,112588,30.0,5206500000.0,1470000.0,96,229,2018-09-13 10:49:00
20180913 10:50,491.5,492.5,491.5,492.5,105930,446.0,112920,332.0,5228440000.0,21940000.0,1331,2664,2018-09-13 10:50:00
20180913 10:51,492.5,492.5,492.5,492.5,105974,44.0,112946,26.0,5230610000.0,2170000.0,99,74,2018-09-13 10:51:00
20180913 10:53,493.0,493.0,492.5,492.5,107850,1876.0,113214,268.0,5323090000.0,92480000.0,422,299,2018-09-13 10:53:00
20180913 10:54,492.5,492.5,492.5,492.5,107850,0.0,113214,0.0,5323090000.0,0.0,182,85,2018-09-13 10:54:00
20180913 10:56,492.0,492.0,491.5,491.5,109028,1178.0,113476,262.0,5381060000.0,57970000.0,1825,959,2018-09-13 10:56:00
20180913 10:57,492.0,492.0,492.0,492.0,109032,4.0,113478,2.0,5381260000.0,200000.0,69,253,2018-09-13 10:57:00
20180913 11:01,494.0,494.0,494.0,494.0,110288,1256.0,112646,-832.0,5443220000.0,61960000.0,215,317,2018-09-13 11:01:00
20180913 11:02,494.0,494.0,493.5,493.5,110682,394.0,112950,304.0,5462680000.0,19460000.0,2219,1123,2018-09-13 11:02:00
20180913 11:03,493.5,494.0,493.5,494.0,110846,164.0,113078,128.0,5470780000.0,8100000.0,671,312,2018-09-13 11:03:00
20180913 11:04,494.0,494.0,494.0,494.0,113978,3132.0,112834,-244.0,5625500000.0,154720000.0,1294,2113,2018-09-13 11:04:00
20180913 11:06,494.0,494.0,494.0,494.0,114066,88.0,112820,-14.0,5629850000.0,4350000.0,538,234,2018-09-13 11:06:00
20180913 11:07,494.0,494.5,494.0,494.5,114576,510.0,113108,288.0,5655040000.0,25190000.0,498,231,2018-09-13 11:07:00
20180913 11:09,493.5,493.5,493.5,493.5,116510,1934.0,113196,88.0,5750580000.0,95540000.0,113,363,2018-09-13 11:09:00
20180913 11:10,493.5,494.0,493.5,494.0,118606,2096.0,112944,-252.0,5854120000.0,103540000.0,1870,2084,2018-09-13 11:10:00
20180913 11:11,494.0,494.0,494.0,494.0,118606,0.0,112944,0.0,5854120000.0,0.0,479,356,2018-09-13 11:11:00
20180913 11:16,494.5,494.5,494.5,494.5,123514,4908.0,113060,116.0,6096690000.0,242570000.0,1748,553,2018-09-13 11:16:00
20180913 11:17,494.5,494.5,494.5,494.5,123516,2.0,113060,0.0,6096790000.0,100000.0,1217,483,2018-09-13 11:17:00
20180913 11:18,494.5,494.5,494.5,494.5,123622,106.0,113148,88.0,6102030000.0,5240000.0,1024,581,2018-09-13 11:18:00
20180913 11:22,495.0,495.0,495.0,495.0,126794,3172.0,113212,64.0,6258900000.0,156870000.0,2966,838,2018-09-13 11:22:00
20180913 11:23,495.0,495.0,495.0,495.0,126854,60.0,113194,-18.0,6261870000.0,2970000.0,2643,1325,2018-09-13 11:23:00
20180913 11:25,495.5,495.5,494.5,495.0,130582,3728.0,113154,-40.0,6446410000.0,184540000.0,3405,1334,2018-09-13 11:25:00
20180913 11:26,494.5,494.5,494.5,494.5,130608,26.0,113154,0.0,6447690000.0,1280000.0,153,782,2018-09-13 11:26:00
20180913 11:28,495.0,495.0,494.5,494.5,130978,370.0,113354,200.0,6465990000.0,18300000.0,2934,838,2018-09-13 11:28:00
20180913 11:29,495.0,495.5,495.0,495.5,131492,514.0,113830,476.0,6491440000.0,25450000.0,782,457,2018-09-13 11:29:00
20180913 13:31,495.0,495.0,494.0,494.5,132218,726.0,113678,-152.0,6527410000.0,35970000.0,561,791,2018-09-13 13:31:00
20180913 13:32,494.5,494.5,494.5,494.5,132286,68.0,113672,-6.0,6530770000.0,3360000.0,511,487,2018-09-13 13:32:00
20180913 13:33,495.0,495.0,495.0,495.0,132356,70.0,113660,-12.0,6534230000.0,3460000.0,5,809,2018-09-13 13:33:00
20180914 09:00,494.5,495.5,494.5,495.0,80058,80058.0,112190,-1470.0,3973090000.0,3973090000.0,628,1468,2018-09-14 09:00:00
20180914 09:01,495.0,495.0,495.0,495.0,80164,106.0,112194,4.0,3978340000.0,5250000.0,659,2095,2018-09-14 09:01:00
20180914 09:02,495.0,495.0,495.0,495.0,80244,80.0,112190,-4.0,3982300000.0,3960000.0,1442,1197,2018-09-14 09:02:00
20180914 09:03,495.0,496.0,495.0,495.5,80304,60.0,112178,-12.0,3985270000.0,2970000.0,1620,1053,2018-09-14 09:03:00
20180914 09:04,495.5,496.0,495.5,496.0,80390,86.0,112162,-16.0,3989540000.0,4270000.0,2780,2106,2018-09-14 09:04:00
20180914 09:05,496.0,496.0,496.0,496.0,80464,74.0,112146,-16.0,3993210000.0,3670000.0,1543,1560,2018-09-14 09:05:00
20180914 09:06,496.0,496.5,495.5,495.5,80502,38.0,112108,-38.0,3995090000.0,1880000.0,1029,798,2018-09-14 09:06:00
20180914 09:07,495.5,495.5,495.5,495.5,80504,2.0,112106,-2.0,3995190000.0,100000.0,1465,391,2018-09-14 09:07:00
20180914 09:08,496.0,496.0,495.5,495.5,80924,420.0,112200,94.0,4016020000.0,20830000.0,1153,936,2018-09-14 09:08:00
20180914 09:09,495.5,495.5,495.5,495.5,80924,0.0,112200,0.0,4016020000.0,0.0,625,358,2018-09-14 09:09:00
20180914 09:10,495.5,495.5,495.5,495.5,80924,0.0,112200,0.0,4016020000.0,0.0,206,295,2018-09-14 09:10:00
20180914 09:11,495.5,496.0,495.5,496.0,80926,2.0,112200,0.0,4016120000.0,100000.0,747,638,2018-09-14 09:11:00
20180914 09:12,496.0,496.0,496.0,496.0,80926,0.0,112200,0.0,4016120000.0,0.0,365,482,2018-09-14 09:12:00
20180914 09:13,496.0,496.0,496.0,496.0,80926,0.0,112200,0.0,4016120000.0,0.0,808,1179,2018-09-14 09:13:00
20180914 09:14,496.0,496.0,495.5,495.5,81006,80.0,112172,-28.0,4020080000.0,3960000.0,1011,1146,2018-09-14 09:14:00
20180914 09:15,495.5,495.5,495.0,495.0,81600,594.0,112290,118.0,4049500000.0,29420000.0,2043,2570,2018-09-14 09:15:00
20180914 09:16,495.0,495.0,495.0,495.0,81608,8.0,112298,8.0,4049890000.0,390000.0,811,1394,2018-09-14 09:16:00
20180914 09:17,495.0,495.5,495.0,495.5,82180,572.0,112306,8.0,4078220000.0,28330000.0,2445,1458,2018-09-14 09:17:00
20180914 09:18,495.5,495.5,495.5,495.5,82388,208.0,112132,-174.0,4088520000.0,10300000.0,3294,1690,2018-09-14 09:18:00
20180914 09:19,495.5,495.5,495.5,495.5,82874,486.0,112364,232.0,4112610000.0,24090000.0,2271,1313,2018-09-14 09:19:00
20180914 09:20,495.5,495.5,495.5,495.5,83030,156.0,112208,-156.0,4120330000.0,7720000.0,624,710,2018-09-14 09:20:00
20180914 09:21,495.5,495.5,495.5,495.5,83030,0.0,112208,0.0,4120330000.0,0.0,1085,683,2018-09-14 09:21:00
20180914 09:22,495.5,495.5,495.5,495.5,83544,514.0,112348,140.0,4145800000.0,25470000.0,1284,2501,2018-09-14 09:22:00
20180914 09:23,495.5,496.5,495.5,496.0,84266,722.0,112026,-322.0,4181630000.0,35830000.0,1005,1326,2018-09-14 09:23:00
20180914 09:24,496.0,496.5,496.0,496.5,84456,190.0,112088,62.0,4191060000.0,9430000.0,1079,2705,2018-09-14 09:24:00
20180914 09:25,496.5,497.0,496.5,496.5,84884,428.0,112286,198.0,4212310000.0,21250000.0,2564,1109,2018-09-14 09:25:00
20180914 09:26,496.5,496.5,496.5,496.5,84884,0.0,112286,0.0,4212310000.0,0.0,1019,738,2018-09-14 09:26:00
20180914 09:27,496.5,496.5,496.5,496.5,84884,0.0,112286,0.0,4212310000.0,0.0,360,300,2018-09-14 09:27:00
20180914 09:28,496.5,496.5,496.5,496.5,87274,2390.0,112818,532.0,4330980000.0,118670000.0,3159,4214,2018-09-14 09:28:00
20180914 09:29,496.5,496.5,496.5,496.5,88394,1120.0,112408,-410.0,4386580000.0,55600000.0,2291,3757,2018-09-14 09:29:00
20180914 09:30,496.5,496.5,496.0,496.0,89058,664.0,112150,-258.0,4419530000.0,32950000.0,1606,3737,2018-09-14 09:30:00
20180914 09:31,496.0,497.0,496.0,497.0,89550,492.0,112248,98.0,4443950000.0,24420000.0,2893,2757,2018-09-14 09:31:00
20180914 09:32,497.0,497.0,496.5,496.5,89990,440.0,112266,18.0,4465800000.0,21850000.0,2242,1883,2018-09-14 09:32:00
20180914 09:33,496.5,496.5,496.5,496.5,90524,534.0,112240,-26.0,4492310000.0,26510000.0,2420,1605,2018-09-14 09:33:00
20180914 09:34,496.5,496.5,496.5,496.5,90524,0.0,112240,0.0,4492310000.0,0.0,906,385,2018-09-14 09:34:00
20180914 09:35,497.0,497.0,497.0,497.0,90816,292.0,112278,38.0,4506820000.0,14510000.0,2679,1456,2018-09-14 09:35:00
20180914 09:36,497.0,497.5,497.0,497.0,90854,38.0,112244,-34.0,4508710000.0,1890000.0,2550,825,2018-09-14 09:36:00
20180914 09:37,497.0,497.0,497.0,497.0,90856,2.0,112242,-2.0,4508810000.0,100000.0,1473,1023,2018-09-14 09:37:00
20180914 09:39,497.0,497.0,496.5,496.5,91702,846.0,112292,50.0,4550820000.0,42010000.0,2888,3991,2018-09-14 09:39:00
20180914 09:40,496.5,496.5,496.5,496.5,92272,570.0,112266,-26.0,4579120000.0,28300000.0,3337,2401,2018-09-14 09:40:00
20180914 09:41,496.5,496.5,496.5,496.5,92338,66.0,112332,66.0,4582400000.0,3280000.0,2544,1141,2018-09-14 09:41:00
20180914 09:42,496.5,496.5,496.0,496.0,92390,52.0,112332,0.0,4584980000.0,2580000.0,1779,1314,2018-09-14 09:42:00
20180914 09:43,496.0,496.5,496.0,496.5,92524,134.0,112288,-44.0,4591630000.0,6650000.0,3304,1222,2018-09-14 09:43:00
20180914 09:44,496.5,496.5,496.5,496.5,92548,24.0,112288,0.0,4592820000.0,1190000.0,814,465,2018-09-14 09:44:00
20180914 09:45,496.5,496.5,496.0,496.5,92566,18.0,112288,0.0,4593710000.0,890000.0,995,609,2018-09-14 09:45:00
20180914 09:46,496.5,496.5,496.0,496.0,92850,284.0,112240,-48.0,4607800000.0,14090000.0,2539,2396,2018-09-14 09:46:00
20180914 09:47,496.0,496.0,496.0,496.0,92910,60.0,112228,-12.0,4610770000.0,2970000.0,1663,1967,2018-09-14 09:47:00
20180914 09:48,496.0,496.0,496.0,496.0,92924,14.0,112228,0.0,4611470000.0,700000.0,563,756,2018-09-14 09:48:00
20180914 09:49,496.0,496.0,496.0,496.0,92930,6.0,112228,0.0,4611770000.0,300000.0,265,372,2018-09-14 09:49:00
20180914 09:50,496.0,496.0,496.0,496.0,92932,2.0,112228,0.0,4611870000.0,100000.0,271,415,2018-09-14 09:50:00
20180914 09:51,496.0,496.0,496.0,496.0,93206,274.0,112032,-196.0,4625460000.0,13590000.0,951,700,2018-09-14 09:51:00
20180914 09:52,496.0,496.0,496.0,496.0,93206,0.0,112032,0.0,4625460000.0,0.0,599,847,2018-09-14 09:52:00
20180914 09:53,496.0,496.0,496.0,496.0,93206,0.0,112032,0.0,4625460000.0,0.0,151,395,2018-09-14 09:53:00
20180914 09:54,496.0,496.0,496.0,496.0,93208,2.0,112032,0.0,4625550000.0,90000.0,251,674,2018-09-14 09:54:00
20180914 09:55,496.0,496.5,496.0,496.5,93966,758.0,112788,756.0,4663190000.0,37640000.0,1747,1374,2018-09-14 09:55:00
20180914 09:56,496.5,496.5,496.5,496.5,95144,1178.0,112310,-478.0,4721680000.0,58490000.0,2950,2602,2018-09-14 09:56:00
20180914 09:57,496.5,496.5,496.5,496.5,95144,0.0,112310,0.0,4721680000.0,0.0,103,132,2018-09-14 09:57:00
20180914 09:58,496.5,496.5,496.5,496.5,95144,0.0,112310,0.0,4721680000.0,0.0,686,1059,2018-09-14 09:58:00
20180914 09:59,496.5,496.5,496.5,496.5,95296,152.0,112316,6.0,4729220000.0,7540000.0,622,1241,2018-09-14 09:59:00
20180914 10:00,496.5,496.5,496.5,496.5,95300,4.0,112312,-4.0,4729420000.0,200000.0,1269,1805,2018-09-14 10:00:00
20180914 10:01,496.5,496.5,496.5,496.5,95304,4.0,112312,0.0,4729620000.0,200000.0,500,830,2018-09-14 10:01:00
20180914 10:02,496.5,496.5,496.0,496.0,95332,28.0,112306,-6.0,4731010000.0,1390000.0,910,873,2018-09-14 10:02:00
20180914 10:03,496.0,496.5,496.0,496.5,95338,6.0,112300,-6.0,4731310000.0,300000.0,484,468,2018-09-14 10:03:00
20180914 10:04,496.5,496.5,496.5,496.5,95346,8.0,112292,-8.0,4731710000.0,400000.0,514,773,2018-09-14 10:04:00
20180914 10:05,496.5,496.5,496.5,496.5,96082,736.0,112206,-86.0,4768250000.0,36540000.0,3014,3119,2018-09-14 10:05:00
20180914 10:06,496.5,496.5,496.5,496.5,97252,1170.0,112058,-148.0,4826340000.0,58090000.0,404,3801,2018-09-14 10:06:00
20180914 10:07,496.5,496.5,496.5,496.5,97406,154.0,112194,136.0,4833980000.0,7640000.0,566,1957,2018-09-14 10:07:00
20180914 10:08,496.5,496.5,496.5,496.5,97880,474.0,112118,-76.0,4857520000.0,23540000.0,3729,3399,2018-09-14 10:08:00
20180914 10:09,496.5,496.5,496.0,496.5,97906,26.0,112122,4.0,4858810000.0,1290000.0,775,2110,2018-09-14 10:09:00
20180914 10:10,496.5,497.0,496.5,497.0,98440,534.0,112148,26.0,4885350000.0,26540000.0,1990,2028,2018-09-14 10:10:00
20180914 10:11,497.0,497.0,497.0,497.0,98628,188.0,112126,-22.0,4894690000.0,9340000.0,413,477,2018-09-14 10:11:00
20180914 10:12,497.0,497.0,497.0,497.0,98810,182.0,111986,-140.0,4903740000.0,9050000.0,1752,323,2018-09-14 10:12:00
20180914 10:13,497.0,497.0,497.0,497.0,98854,44.0,111968,-18.0,4905920000.0,2180000.0,239,668,2018-09-14 10:13:00
20180914 10:14,497.0,497.0,497.0,497.0,98872,18.0,111964,-4.0,4906820000.0,900000.0,399,973,2018-09-14 10:14:00
20180914 10:15,497.0,497.0,497.0,497.0,98880,8.0,111964,0.0,4907220000.0,400000.0,313,104,2018-09-14 10:15:00
20180914 10:30,497.0,497.0,497.0,497.0,98998,118.0,112000,36.0,4913080000.0,5860000.0,2435,1244,2018-09-14 10:30:00
20180914 10:31,497.0,497.0,497.0,497.0,98998,0.0,112000,0.0,4913080000.0,0.0,552,792,2018-09-14 10:31:00
20180914 10:32,497.0,497.0,496.5,496.5,99002,4.0,111998,-2.0,4913280000.0,200000.0,1309,1127,2018-09-14 10:32:00
20180914 10:33,496.5,496.5,496.5,496.5,99002,0.0,111998,0.0,4913280000.0,0.0,228,222,2018-09-14 10:33:00
20180914 10:34,496.5,496.5,496.5,496.5,99788,786.0,112366,368.0,4952300000.0,39020000.0,1227,1753,2018-09-14 10:34:00
20180914 10:35,496.5,496.5,496.5,496.5,99788,0.0,112366,0.0,4952300000.0,0.0,706,769,2018-09-14 10:35:00
20180914 10:36,496.5,496.5,496.5,496.5,101304,1516.0,112260,-106.0,5027570000.0,75270000.0,1600,2869,2018-09-14 10:36:00
20180914 10:37,496.5,496.5,496.5,496.5,101314,10.0,112260,0.0,5028070000.0,500000.0,454,314,2018-09-14 10:37:00
20180914 10:38,496.5,498.0,496.5,498.0,101872,558.0,112554,294.0,5055840000.0,27770000.0,4977,3007,2018-09-14 10:38:00
20180914 10:39,498.0,498.0,498.0,498.0,102120,248.0,112618,64.0,5068190000.0,12350000.0,2600,7666,2018-09-14 10:39:00
20180914 10:40,498.0,498.0,498.0,498.0,102122,2.0,112618,0.0,5068290000.0,100000.0,1159,1105,2018-09-14 10:40:00
20180914 10:41,498.0,498.0,498.0,498.0,102152,30.0,112648,30.0,5069790000.0,1500000.0,1516,718,2018-09-14 10:41:00
20180914 10:42,498.0,498.5,497.5,497.5,102610,458.0,112696,48.0,5092600000.0,22810000.0,1220,1316,2018-09-14 10:42:00
20180914 10:43,497.5,498.0,497.5,498.0,102620,10.0,112696,0.0,5093100000.0,500000.0,798,1555,2018-09-14 10:43:00
20180914 10:44,498.0,498.0,498.0,498.0,104760,2140.0,113274,578.0,5199670000.0,106570000.0,10078,5915,2018-09-14 10:44:00
20180914 10:45,498.0,498.0,498.0,498.0,104766,6.0,113274,0.0,5199970000.0,300000.0,1011,1830,2018-09-14 10:45:00
20180914 10:46,498.0,498.0,498.0,498.0,105736,970.0,113344,70.0,5248270000.0,48300000.0,2475,6860,2018-09-14 10:46:00
20180914 10:47,498.0,498.0,497.5,497.5,107704,1968.0,113518,174.0,5346280000.0,98010000.0,3000,1998,2018-09-14 10:47:00
20180914 10:48,497.5,498.0,497.5,497.5,107814,110.0,113518,0.0,5351750000.0,5470000.0,1263,2180,2018-09-14 10:48:00
20180914 10:49,497.5,497.5,496.5,497.5,108108,294.0,113520,2.0,5366370000.0,14620000.0,2989,2296,2018-09-14 10:49:00
20180914 10:50,497.5,497.5,497.0,497.5,108326,218.0,113592,72.0,5377200000.0,10830000.0,1910,1392,2018-09-14 10:50:00
20180914 10:51,497.0,497.0,497.0,497.0,108376,50.0,113596,4.0,5379690000.0,2490000.0,677,1306,2018-09-14 10:51:00
20180914 10:52,497.0,497.0,497.0,497.0,108500,124.0,113576,-20.0,5385850000.0,6160000.0,4854,504,2018-09-14 10:52:00
20180914 10:53,497.0,497.5,497.0,497.5,108502,2.0,113574,-2.0,5385950000.0,100000.0,3670,830,2018-09-14 10:53:00
20180914 10:54,497.5,497.5,497.5,497.5,108504,2.0,113572,-2.0,5386050000.0,100000.0,1078,338,2018-09-14 10:54:00
20180914 10:55,497.5,497.5,497.5,497.5,108504,0.0,113572,0.0,5386050000.0,0.0,529,172,2018-09-14 10:55:00
20180914 10:56,497.5,497.5,497.5,497.5,108504,0.0,113572,0.0,5386050000.0,0.0,798,262,2018-09-14 10:56:00
20180914 10:57,497.5,497.5,497.5,497.5,108738,234.0,113552,-20.0,5397690000.0,11640000.0,3260,584,2018-09-14 10:57:00
20180914 10:58,497.5,498.0,497.5,498.0,108748,10.0,113562,10.0,5398190000.0,500000.0,2859,611,2018-09-14 10:58:00
20180914 10:59,498.0,498.0,498.0,498.0,108748,0.0,113562,0.0,5398190000.0,0.0,1391,408,2018-09-14 10:59:00
20180914 11:00,498.0,498.0,497.5,497.5,108782,34.0,113572,10.0,5399880000.0,1690000.0,2893,895,2018-09-14 11:00:00
20180914 11:01,497.5,497.5,497.5,497.5,108782,0.0,113572,0.0,5399880000.0,0.0,576,183,2018-09-14 11:01:00
20180914 11:02,497.5,497.5,497.5,497.5,108838,56.0,113574,2.0,5402670000.0,2790000.0,2300,459,2018-09-14 11:02:00
20180914 11:03,497.5,497.5,497.5,497.5,108838,0.0,113574,0.0,5402670000.0,0.0,861,129,2018-09-14 11:03:00
20180914 11:04,497.5,497.5,497.5,497.5,108838,0.0,113574,0.0,5402670000.0,0.0,287,49,2018-09-14 11:04:00
20180914 11:05,497.5,497.5,497.0,497.5,110410,1572.0,113970,396.0,5480870000.0,78200000.0,354,2546,2018-09-14 11:05:00
20180914 11:06,497.5,497.5,497.5,497.5,110414,4.0,113970,0.0,5481070000.0,200000.0,272,865,2018-09-14 11:06:00
20180914 11:08,497.5,497.5,497.5,497.5,110874,460.0,113824,-146.0,5503960000.0,22890000.0,2892,695,2018-09-14 11:08:00
20180914 11:09,497.5,497.5,497.5,497.5,111210,336.0,113856,32.0,5520670000.0,16710000.0,4742,2785,2018-09-14 11:09:00
20180914 11:10,497.5,497.5,497.5,497.5,111210,0.0,113856,0.0,5520670000.0,0.0,1545,306,2018-09-14 11:10:00
20180914 11:11,497.5,497.5,497.5,497.5,111210,0.0,113856,0.0,5520670000.0,0.0,930,153,2018-09-14 11:11:00
20180914 11:12,497.5,497.5,497.0,497.0,114010,2800.0,114294,438.0,5659960000.0,139290000.0,3797,7520,2018-09-14 11:12:00
20180914 11:13,497.0,497.5,497.0,497.0,114182,172.0,114182,-112.0,5668510000.0,8550000.0,5735,1409,2018-09-14 11:13:00
20180914 11:14,497.0,497.0,497.0,497.0,114182,0.0,114182,0.0,5668510000.0,0.0,1212,302,2018-09-14 11:14:00
20180914 11:15,497.0,497.0,497.0,497.0,114182,0.0,114182,0.0,5668510000.0,0.0,670,138,2018-09-14 11:15:00
20180914 11:16,496.5,496.5,496.5,496.5,114342,160.0,114172,-10.0,5676460000.0,7950000.0,3207,1241,2018-09-14 11:16:00
20180914 11:17,496.5,496.5,496.5,496.5,114714,372.0,114050,-122.0,5694930000.0,18470000.0,5450,5312,2018-09-14 11:17:00
20180914 11:18,496.5,496.5,496.0,496.0,115068,354.0,113916,-134.0,5712490000.0,17560000.0,6707,5745,2018-09-14 11:18:00
20180914 11:19,496.0,496.0,495.5,495.5,116570,1502.0,113894,-22.0,5786910000.0,74420000.0,5114,6629,2018-09-14 11:19:00
20180914 11:20,495.5,496.0,495.5,496.0,117228,658.0,113914,20.0,5819520000.0,32610000.0,4045,3676,2018-09-14 11:20:00
20180914 11:21,496.0,496.5,496.0,496.0,120196,2968.0,112980,-934.0,5966780000.0,147260000.0,8452,1891,2018-09-14 11:21:00
20180914 11:22,496.0,496.5,496.0,496.5,120382,186.0,112918,-62.0,5976010000.0,9230000.0,3121,529,2018-09-14 11:22:00
20180914 11:23,496.5,496.5,496.0,496.0,120412,30.0,112888,-30.0,5977500000.0,1490000.0,2726,1576,2018-09-14 11:23:00
20180914 11:24,496.0,496.0,496.0,496.0,120470,58.0,112920,32.0,5980380000.0,2880000.0,1131,670,2018-09-14 11:24:00
20180914 11:25,496.0,496.0,496.0,496.0,120470,0.0,112920,0.0,5980380000.0,0.0,685,196,2018-09-14 11:25:00
20180914 11:26,496.0,496.0,495.5,495.5,122452,1982.0,112958,38.0,6078590000.0,98210000.0,2913,3779,2018-09-14 11:26:00
20180914 11:27,495.5,496.0,495.5,496.0,122574,122.0,112912,-46.0,6084640000.0,6050000.0,2356,1609,2018-09-14 11:27:00
20180914 11:28,496.0,497.0,496.0,496.5,122772,198.0,112818,-94.0,6094470000.0,9830000.0,2615,922,2018-09-14 11:28:00
20180914 11:29,496.5,496.5,496.5,496.5,122848,76.0,112768,-50.0,6098240000.0,3770000.0,753,687,2018-09-14 11:29:00
20180914 13:30,496.5,497.0,496.5,497.0,123016,168.0,112680,-88.0,6106590000.0,8350000.0,2986,1263,2018-09-14 13:30:00
20180914 13:31,497.0,497.5,496.5,496.5,123174,158.0,112694,14.0,6114450000.0,7860000.0,4919,3115,2018-09-14 13:31:00
20180914 13:32,496.5,496.5,496.5,496.5,123180,6.0,112696,2.0,6114740000.0,290000.0,1273,1146,2018-09-14 13:32:00
20180914 13:33,496.5,497.0,496.5,497.0,123200,20.0,112696,0.0,6115740000.0,1000000.0,764,760,2018-09-14 13:33:00
20180914 13:34,497.0,497.0,497.0,497.0,123200,0.0,112696,0.0,6115740000.0,0.0,830,1129,2018-09-14 13:34:00
20180914 13:35,497.0,497.0,496.5,496.5,123422,222.0,112680,-16.0,6126760000.0,11020000.0,1241,2855,2018-09-14 13:35:00
20180914 13:36,496.5,496.5,496.5,496.5,125068,1646.0,112600,-80.0,6208480000.0,81720000.0,5424,2395,2018-09-14 13:36:00
20180914 13:37,496.5,496.5,496.5,496.5,127614,2546.0,113946,1346.0,6334890000.0,126410000.0,1796,1797,2018-09-14 13:37:00
20180914 13:38,496.5,497.0,496.5,497.0,128602,988.0,113298,-648.0,6383950000.0,49060000.0,2701,2003,2018-09-14 13:38:00
20180914 13:39,497.0,497.5,497.0,497.5,128778,176.0,113256,-42.0,6392710000.0,8760000.0,1148,1376,2018-09-14 13:39:00
20180914 13:40,497.5,497.5,497.0,497.0,130340,1562.0,113310,54.0,6470340000.0,77630000.0,2860,4159,2018-09-14 13:40:00
20180914 13:41,497.0,497.0,497.0,497.0,132442,2102.0,113672,362.0,6574810000.0,104470000.0,3679,3964,2018-09-14 13:41:00
20180914 13:42,497.0,499.0,497.0,498.5,133418,976.0,113848,176.0,6623400000.0,48590000.0,4587,7021,2018-09-14 13:42:00
20180914 13:43,498.5,499.5,498.5,499.5,134448,1030.0,114588,740.0,6674780000.0,51380000.0,3923,10909,2018-09-14 13:43:00
20180914 13:44,499.5,499.5,499.0,499.5,134950,502.0,114672,84.0,6699850000.0,25070000.0,2512,4942,2018-09-14 13:44:00
20180914 13:45,499.5,499.5,499.0,499.0,135122,172.0,114724,52.0,6708430000.0,8580000.0,2384,2278,2018-09-14 13:45:00
20180914 13:46,499.0,499.5,498.5,499.5,135218,96.0,114718,-6.0,6713220000.0,4790000.0,2321,4446,2018-09-14 13:46:00
20180914 13:47,499.5,499.5,499.0,499.5,135436,218.0,114832,114.0,6724110000.0,10890000.0,4131,4807,2018-09-14 13:47:00
20180914 13:48,499.5,500.0,499.5,499.5,135714,278.0,114842,10.0,6737990000.0,13880000.0,3929,4081,2018-09-14 13:48:00
20180914 13:49,499.5,500.0,499.5,500.0,136070,356.0,114948,106.0,6755780000.0,17790000.0,5374,6786,2018-09-14 13:49:00
20180914 13:50,500.0,500.0,499.5,500.0,136350,280.0,115028,80.0,6769770000.0,13990000.0,1627,7053,2018-09-14 13:50:00
20180914 13:51,500.0,500.0,499.0,499.0,136600,250.0,115046,18.0,6782270000.0,12500000.0,6954,5236,2018-09-14 13:51:00
20180914 13:52,499.0,499.5,499.0,499.5,136728,128.0,114998,-48.0,6788660000.0,6390000.0,1573,4352,2018-09-14 13:52:00
20180914 13:53,499.5,501.5,499.5,501.0,137748,1020.0,115484,486.0,6839740000.0,51080000.0,4260,4211,2018-09-14 13:53:00
20180914 13:54,501.0,501.0,499.5,500.0,137962,214.0,115566,82.0,6850450000.0,10710000.0,8187,5180,2018-09-14 13:54:00
20180914 13:55,500.0,501.0,500.0,500.5,138368,406.0,115534,-32.0,6870770000.0,20320000.0,9537,7482,2018-09-14 13:55:00
20180914 13:56,500.5,500.5,500.0,500.0,138524,156.0,115598,64.0,6878570000.0,7800000.0,3636,4207,2018-09-14 13:56:00
20180914 13:57,500.0,500.5,500.0,500.0,138800,276.0,115600,2.0,6892370000.0,13800000.0,4076,2517,2018-09-14 13:57:00
20180914 13:58,500.0,500.5,500.0,500.5,138934,134.0,115636,36.0,6899080000.0,6710000.0,3005,2233,2018-09-14 13:58:00
20180914 13:59,500.5,500.5,500.5,500.5,139040,106.0,115698,62.0,6904380000.0,5300000.0,3844,3205,2018-09-14 13:59:00
20180914 14:00,500.5,500.5,500.5,500.5,139166,126.0,115718,20.0,6910690000.0,6310000.0,4571,5051,2018-09-14 14:00:00
20180914 14:01,500.5,500.5,500.0,500.0,139218,52.0,115738,20.0,6913290000.0,2600000.0,2606,2409,2018-09-14 14:01:00
20180914 14:02,500.0,500.0,500.0,500.0,139332,114.0,115722,-16.0,6918990000.0,5700000.0,4570,1531,2018-09-14 14:02:00
20180914 14:03,500.0,500.0,500.0,500.0,139498,166.0,115756,34.0,6927290000.0,8300000.0,2523,5247,2018-09-14 14:03:00
20180914 14:04,500.0,500.0,499.5,499.5,141936,2438.0,116300,544.0,7049070000.0,121780000.0,4539,7507,2018-09-14 14:04:00
20180914 14:05,499.5,499.5,499.5,499.5,141978,42.0,116264,-36.0,7051160000.0,2090000.0,1400,3452,2018-09-14 14:05:00
20180914 14:06,499.5,499.5,499.5,499.5,142316,338.0,116422,158.0,7068050000.0,16890000.0,10481,4496,2018-09-14 14:06:00
20180914 14:07,499.5,499.5,499.5,499.5,142386,70.0,116382,-40.0,7071540000.0,3490000.0,7844,3459,2018-09-14 14:07:00
20180914 14:08,499.5,499.5,499.5,499.5,142388,2.0,116382,0.0,7071640000.0,100000.0,524,1975,2018-09-14 14:08:00
20180914 14:09,499.5,500.0,499.5,500.0,142472,84.0,116364,-18.0,7075840000.0,4200000.0,3469,1442,2018-09-14 14:09:00
20180914 14:10,500.0,500.0,500.0,500.0,142474,2.0,116364,0.0,7075940000.0,100000.0,3200,645,2018-09-14 14:10:00
20180914 14:11,500.0,500.0,500.0,500.0,142474,0.0,116364,0.0,7075940000.0,0.0,1918,363,2018-09-14 14:11:00
20180914 14:12,500.0,500.0,500.0,500.0,142480,6.0,116360,-4.0,7076240000.0,300000.0,1788,327,2018-09-14 14:12:00
20180914 14:13,500.0,500.0,500.0,500.0,142480,0.0,116360,0.0,7076240000.0,0.0,2040,695,2018-09-14 14:13:00
20180914 14:14,500.0,500.5,500.0,500.5,143040,560.0,116530,170.0,7104270000.0,28030000.0,2243,1821,2018-09-14 14:14:00
20180914 14:15,500.5,500.5,500.5,500.5,143918,878.0,116468,-62.0,7148220000.0,43950000.0,2192,3457,2018-09-14 14:15:00
20180914 14:16,500.5,500.5,500.5,500.5,143918,0.0,116468,0.0,7148220000.0,0.0,433,424,2018-09-14 14:16:00
20180914 14:17,500.5,500.5,499.5,499.5,143974,56.0,116460,-8.0,7151020000.0,2800000.0,1077,513,2018-09-14 14:17:00
20180914 14:18,499.5,500.0,499.5,499.5,144288,314.0,116342,-118.0,7166710000.0,15690000.0,1136,1337,2018-09-14 14:18:00
20180914 14:19,499.5,499.5,499.0,499.0,144360,72.0,116348,6.0,7170300000.0,3590000.0,2022,2704,2018-09-14 14:19:00
20180914 14:20,499.0,500.0,499.0,500.0,144492,132.0,116444,96.0,7176900000.0,6600000.0,4228,1305,2018-09-14 14:20:00
20180914 14:21,500.0,500.0,499.5,500.0,146662,2170.0,116536,92.0,7285290000.0,108390000.0,3247,1636,2018-09-14 14:21:00
20180914 14:22,500.0,500.0,498.5,498.5,147058,396.0,116426,-110.0,7305060000.0,19770000.0,3182,2185,2018-09-14 14:22:00
20180914 14:23,498.5,498.5,498.0,498.0,147446,388.0,116410,-16.0,7324390000.0,19330000.0,7709,4509,2018-09-14 14:23:00
20180914 14:24,498.0,498.0,497.5,498.0,149588,2142.0,116510,100.0,7431060000.0,106670000.0,4116,2669,2018-09-14 14:24:00
20180914 14:25,498.0,498.0,498.0,498.0,152014,2426.0,116556,46.0,7551870000.0,120810000.0,8333,5214,2018-09-14 14:25:00
20180914 14:26,498.0,498.0,497.5,498.0,152030,16.0,116560,4.0,7552670000.0,800000.0,1946,2589,2018-09-14 14:26:00
20180914 14:27,498.0,498.0,498.0,498.0,152042,12.0,116562,2.0,7553270000.0,600000.0,1155,1672,2018-09-14 14:27:00
20180914 14:28,498.0,498.0,498.0,498.0,152994,952.0,116132,-430.0,7600680000.0,47410000.0,2487,2765,2018-09-14 14:28:00
20180914 14:29,498.0,498.0,498.0,498.0,153188,194.0,116318,186.0,7610340000.0,9660000.0,2448,782,2018-09-14 14:29:00
20180914 14:30,498.0,498.0,498.0,498.0,153292,104.0,116274,-44.0,7615520000.0,5180000.0,853,1560,2018-09-14 14:30:00
20180914 14:31,498.0,498.0,498.0,498.0,153494,202.0,116214,-60.0,7625580000.0,10060000.0,1423,874,2018-09-14 14:31:00
20180914 14:32,498.0,498.0,498.0,498.0,157860,4366.0,116148,-66.0,7843000000.0,217420000.0,5288,2062,2018-09-14 14:32:00
20180914 14:33,498.0,498.0,498.0,498.0,157860,0.0,116148,0.0,7843000000.0,0.0,185,774,2018-09-14 14:33:00
20180914 14:34,498.0,498.0,498.0,498.0,157860,0.0,116148,0.0,7843000000.0,0.0,561,965,2018-09-14 14:34:00
20180914 14:35,498.0,498.0,498.0,498.0,158068,208.0,116296,148.0,7853360000.0,10360000.0,2673,1374,2018-09-14 14:35:00
20180914 14:36,498.0,498.0,498.0,498.0,158074,6.0,116296,0.0,7853660000.0,300000.0,642,148,2018-09-14 14:36:00
20180914 14:37,498.0,498.0,498.0,498.0,160620,2546.0,116062,-234.0,7980450000.0,126790000.0,2562,2066,2018-09-14 14:37:00
20180914 14:38,498.0,498.5,497.5,498.5,160836,216.0,116100,38.0,7991210000.0,10760000.0,2896,2295,2018-09-14 14:38:00
20180914 14:39,498.5,498.5,498.5,498.5,160862,26.0,116122,22.0,7992510000.0,1300000.0,3164,1354,2018-09-14 14:39:00
20180914 14:40,498.5,498.5,498.5,498.5,160866,4.0,116126,4.0,7992710000.0,200000.0,1073,426,2018-09-14 14:40:00
20180914 14:41,498.5,498.5,498.0,498.0,160948,82.0,116090,-36.0,7996790000.0,4080000.0,1213,761,2018-09-14 14:41:00
20180914 14:42,498.0,498.0,497.5,497.5,161082,134.0,116062,-28.0,8003460000.0,6670000.0,3296,2554,2018-09-14 14:42:00
20180914 14:43,497.5,497.5,497.5,497.5,161380,298.0,116100,38.0,8018280000.0,14820000.0,2713,2385,2018-09-14 14:43:00
20180914 14:44,497.5,497.5,497.0,497.0,163860,2480.0,116152,52.0,8141540000.0,123260000.0,5064,4951,2018-09-14 14:44:00
20180914 14:45,497.0,497.5,497.0,497.0,165762,1902.0,117112,960.0,8236080000.0,94540000.0,11342,3903,2018-09-14 14:45:00
20180914 14:46,497.0,497.0,497.0,497.0,168280,2518.0,117294,182.0,8361220000.0,125140000.0,5604,7972,2018-09-14 14:46:00
20180914 14:47,497.0,497.5,497.0,497.5,168498,218.0,117104,-190.0,8372070000.0,10850000.0,4604,2655,2018-09-14 14:47:00
20180914 14:48,497.5,497.5,497.0,497.0,168826,328.0,117218,114.0,8388370000.0,16300000.0,4384,8142,2018-09-14 14:48:00
20180914 14:49,497.0,497.5,495.5,496.5,170986,2160.0,117434,216.0,8495680000.0,107310000.0,7627,10112,2018-09-14 14:49:00
20180914 14:50,496.5,497.0,496.5,497.0,171394,408.0,117258,-176.0,8515950000.0,20270000.0,7598,3647,2018-09-14 14:50:00
20180914 14:51,497.5,497.5,496.5,496.5,173506,2112.0,117104,-154.0,8620820000.0,104870000.0,9105,3619,2018-09-14 14:51:00
20180914 14:52,496.5,497.0,496.5,496.5,173688,182.0,117026,-78.0,8629850000.0,9030000.0,3814,1328,2018-09-14 14:52:00
20180914 14:53,496.5,497.0,496.5,497.0,173694,6.0,117028,2.0,8630150000.0,300000.0,2693,415,2018-09-14 14:53:00
20180914 14:54,497.0,497.0,496.5,496.5,173732,38.0,117008,-20.0,8632040000.0,1890000.0,6489,973,2018-09-14 14:54:00
20180914 14:55,496.5,497.0,496.5,497.0,173736,4.0,117008,0.0,8632240000.0,200000.0,2555,546,2018-09-14 14:55:00
20180914 14:56,497.0,497.0,496.5,497.0,173776,40.0,116986,-22.0,8634230000.0,1990000.0,3823,955,2018-09-14 14:56:00
20180914 14:57,497.0,497.0,496.5,496.5,174092,316.0,117006,20.0,8649920000.0,15690000.0,4162,599,2018-09-14 14:57:00
20180914 14:58,496.5,496.5,496.5,496.5,174370,278.0,117096,90.0,8663720000.0,13800000.0,7130,2126,2018-09-14 14:58:00
20180914 14:59,496.0,496.5,496.0,496.0,174724,354.0,117118,22.0,8681290000.0,17570000.0,612,2271,2018-09-14 14:59:00
20180914 15:00,496.0,496.0,496.0,496.0,174724,0.0,117118,0.0,8681290000.0,0.0,30,24,2018-09-14 15:00:00
20180917 09:00,500.0,500.0,497.0,498.0,108794,108794.0,114276,-2842.0,5409290000.0,5409290000.0,7351,5524,2018-09-17 09:00:00
20180917 09:01,498.0,499.0,498.0,499.0,108868,74.0,114268,-8.0,5412980000.0,3690000.0,839,489,2018-09-17 09:01:00
20180917 09:02,499.0,499.0,498.5,498.5,109022,154.0,114254,-14.0,5420660000.0,7680000.0,1527,14708,2018-09-17 09:02:00
20180917 09:03,498.5,498.5,498.5,498.5,109284,262.0,114308,54.0,5433720000.0,13060000.0,1654,21052,2018-09-17 09:03:00
20180917 09:04,498.5,498.5,497.5,498.0,109850,566.0,114298,-10.0,5461910000.0,28190000.0,2699,18002,2018-09-17 09:04:00
20180917 09:05,498.0,498.0,498.0,498.0,110190,340.0,114404,106.0,5478840000.0,16930000.0,2095,9271,2018-09-17 09:05:00
20180917 09:06,498.0,498.5,498.0,498.5,110288,98.0,114366,-38.0,5483730000.0,4890000.0,1841,3040,2018-09-17 09:06:00
20180917 09:07,498.5,498.5,498.0,498.0,110290,2.0,114366,0.0,5483820000.0,90000.0,979,861,2018-09-17 09:07:00
20180917 09:08,498.0,498.0,498.0,498.0,110290,0.0,114366,0.0,5483820000.0,0.0,734,1019,2018-09-17 09:08:00
20180917 09:09,498.0,498.0,497.5,497.5,110548,258.0,114344,-22.0,5496670000.0,12850000.0,1477,1353,2018-09-17 09:09:00
20180917 09:10,497.5,497.5,497.5,497.5,110654,106.0,114306,-38.0,5501940000.0,5270000.0,843,3153,2018-09-17 09:10:00
20180917 09:11,497.5,498.0,497.5,497.5,110826,172.0,114266,-40.0,5510500000.0,8560000.0,1756,5255,2018-09-17 09:11:00
20180917 09:12,497.5,497.5,497.0,497.0,110956,130.0,114308,42.0,5516960000.0,6460000.0,1759,3352,2018-09-17 09:12:00
20180917 09:13,497.0,497.0,496.5,496.5,111096,140.0,114320,12.0,5523920000.0,6960000.0,1363,2045,2018-09-17 09:13:00
20180917 09:14,497.0,497.0,496.5,496.5,111108,12.0,114316,-4.0,5524510000.0,590000.0,669,1912,2018-09-17 09:14:00
20180917 09:15,496.5,496.5,496.5,496.5,111358,250.0,114322,6.0,5536930000.0,12420000.0,901,1252,2018-09-17 09:15:00
20180917 09:16,496.5,497.0,496.5,497.0,111418,60.0,114344,22.0,5539910000.0,2980000.0,1751,1477,2018-09-17 09:16:00
20180917 09:17,497.0,497.0,496.5,497.0,111494,76.0,114380,36.0,5543680000.0,3770000.0,196,1293,2018-09-17 09:17:00
20180917 09:18,497.0,497.0,496.5,497.0,111724,230.0,114332,-48.0,5555110000.0,11430000.0,6109,724,2018-09-17 09:18:00
20180917 09:19,497.0,497.0,497.0,497.0,112006,282.0,114168,-164.0,5569130000.0,14020000.0,8040,1902,2018-09-17 09:19:00
20180917 09:20,497.0,497.0,497.0,497.0,112206,200.0,114168,0.0,5579070000.0,9940000.0,2410,1984,2018-09-17 09:20:00
20180917 09:21,497.0,497.0,496.5,496.5,112254,48.0,114140,-28.0,5581450000.0,2380000.0,1105,712,2018-09-17 09:21:00
20180917 09:22,496.0,496.0,496.0,496.0,112272,18.0,114142,2.0,5582350000.0,900000.0,491,335,2018-09-17 09:22:00
20180917 09:23,496.5,496.5,496.5,496.5,112304,32.0,114144,2.0,5583930000.0,1580000.0,501,270,2018-09-17 09:23:00
20180917 09:24,496.0,496.0,496.0,496.0,112522,218.0,114146,2.0,5594750000.0,10820000.0,1550,2791,2018-09-17 09:24:00
20180917 09:25,496.0,496.5,496.0,496.5,112590,68.0,114132,-14.0,5598120000.0,3370000.0,679,1604,2018-09-17 09:25:00
20180917 09:26,496.5,496.5,496.5,496.5,113474,884.0,114828,696.0,5642010000.0,43890000.0,1144,3724,2018-09-17 09:26:00
20180917 09:27,496.5,496.5,496.5,496.5,114616,1142.0,114556,-272.0,5698710000.0,56700000.0,3087,12826,2018-09-17 09:27:00
20180917 09:28,496.5,497.5,496.5,497.0,115778,1162.0,115394,838.0,5756430000.0,57720000.0,2715,10068,2018-09-17 09:28:00
20180917 09:29,497.0,498.5,497.0,498.0,116162,384.0,115316,-78.0,5775550000.0,19120000.0,12930,2601,2018-09-17 09:29:00
20180917 09:30,498.0,498.0,497.5,498.0,116284,122.0,115340,24.0,5781630000.0,6080000.0,8896,1346,2018-09-17 09:30:00
20180917 09:31,498.0,498.0,497.5,497.5,116646,362.0,115366,26.0,5799660000.0,18030000.0,6091,3466,2018-09-17 09:31:00
20180917 09:32,497.5,497.5,497.5,497.5,116646,0.0,115366,0.0,5799660000.0,0.0,295,894,2018-09-17 09:32:00
20180917 09:33,497.5,498.0,497.5,498.0,116760,114.0,115406,40.0,5805330000.0,5670000.0,5062,1929,2018-09-17 09:33:00
20180917 09:34,498.0,498.0,497.5,497.5,116762,2.0,115406,0.0,5805430000.0,100000.0,107,309,2018-09-17 09:34:00
20180917 09:35,497.5,497.5,497.5,497.5,116862,100.0,115336,-70.0,5810410000.0,4980000.0,726,847,2018-09-17 09:35:00
20180917 09:36,497.5,497.5,497.5,497.5,116862,0.0,115336,0.0,5810410000.0,0.0,272,260,2018-09-17 09:36:00
20180917 09:37,497.5,497.5,497.5,497.5,116968,106.0,115408,72.0,5815680000.0,5270000.0,1559,1363,2018-09-17 09:37:00
20180917 09:38,497.5,498.0,497.5,498.0,116972,4.0,115412,4.0,5815880000.0,200000.0,2016,930,2018-09-17 09:38:00
20180917 09:39,498.0,498.0,498.0,498.0,116972,0.0,115412,0.0,5815880000.0,0.0,375,217,2018-09-17 09:39:00
20180917 09:40,498.0,498.0,498.0,498.0,116972,0.0,115412,0.0,5815880000.0,0.0,122,73,2018-09-17 09:40:00
20180917 09:41,498.0,498.0,498.0,498.0,116972,0.0,115412,0.0,5815880000.0,0.0,618,372,2018-09-17 09:41:00
20180917 09:42,498.0,498.0,498.0,498.0,116990,18.0,115430,18.0,5816780000.0,900000.0,233,149,2018-09-17 09:42:00
20180917 09:43,498.0,498.0,497.5,497.5,116994,4.0,115430,0.0,5816980000.0,200000.0,1091,634,2018-09-17 09:43:00
20180917 09:44,497.5,497.5,497.5,497.5,116994,0.0,115430,0.0,5816980000.0,0.0,1259,667,2018-09-17 09:44:00
20180917 09:45,497.5,497.5,497.5,497.5,116994,0.0,115430,0.0,5816980000.0,0.0,256,133,2018-09-17 09:45:00
20180917 09:46,497.5,497.5,497.5,497.5,116994,0.0,115430,0.0,5816980000.0,0.0,128,85,2018-09-17 09:46:00
20180917 09:47,497.5,497.5,497.5,497.5,117008,14.0,115426,-4.0,5817670000.0,690000.0,1256,809,2018-09-17 09:47:00
20180917 09:48,497.5,497.5,497.5,497.5,117010,2.0,115428,2.0,5817770000.0,100000.0,388,235,2018-09-17 09:48:00
20180917 09:50,497.5,497.5,497.5,497.5,117012,2.0,115430,2.0,5817870000.0,100000.0,398,234,2018-09-17 09:50:00
20180917 09:51,497.5,497.5,497.5,497.5,117012,0.0,115430,0.0,5817870000.0,0.0,271,158,2018-09-17 09:51:00
20180917 09:52,497.5,498.0,497.5,498.0,117016,4.0,115432,2.0,5818070000.0,200000.0,812,405,2018-09-17 09:52:00
20180917 09:53,498.0,498.0,497.5,497.5,117828,812.0,115144,-288.0,5858470000.0,40400000.0,2021,1796,2018-09-17 09:53:00
20180917 09:54,497.5,497.5,497.5,497.5,117828,0.0,115144,0.0,5858470000.0,0.0,670,359,2018-09-17 09:54:00
20180917 09:55,497.5,497.5,497.5,497.5,117828,0.0,115144,0.0,5858470000.0,0.0,536,313,2018-09-17 09:55:00
20180917 09:56,497.5,497.5,497.5,497.5,117828,0.0,115144,0.0,5858470000.0,0.0,144,88,2018-09-17 09:56:00
20180917 09:58,497.5,498.0,497.5,498.0,117840,12.0,115142,-2.0,5859070000.0,600000.0,864,516,2018-09-17 09:58:00
20180917 09:59,498.0,498.0,498.0,498.0,117864,24.0,115130,-12.0,5860260000.0,1190000.0,1122,577,2018-09-17 09:59:00
20180917 10:00,498.0,498.0,497.5,498.0,117872,8.0,115128,-2.0,5860660000.0,400000.0,2934,1250,2018-09-17 10:00:00
20180917 10:01,498.0,498.0,497.5,497.5,117874,2.0,115128,0.0,5860760000.0,100000.0,1516,688,2018-09-17 10:01:00
20180917 10:02,497.5,497.5,497.5,497.5,117874,0.0,115128,0.0,5860760000.0,0.0,1005,444,2018-09-17 10:02:00
20180917 10:03,497.5,497.5,497.0,497.0,119072,1198.0,116006,878.0,5920320000.0,59560000.0,3323,2876,2018-09-17 10:03:00
20180917 10:04,497.0,497.0,497.0,497.0,120812,1740.0,115780,-226.0,6006800000.0,86480000.0,6688,4769,2018-09-17 10:04:00
20180917 10:05,497.0,497.0,497.0,497.0,120814,2.0,115782,2.0,6006900000.0,100000.0,747,279,2018-09-17 10:05:00
20180917 10:06,497.0,497.0,497.0,497.0,120814,0.0,115782,0.0,6006900000.0,0.0,500,175,2018-09-17 10:06:00
20180917 10:07,497.0,497.0,497.0,497.0,120814,0.0,115782,0.0,6006900000.0,0.0,1006,317,2018-09-17 10:07:00
20180917 10:08,497.0,497.0,497.0,497.0,120814,0.0,115782,0.0,6006900000.0,0.0,1254,434,2018-09-17 10:08:00
20180917 10:09,497.0,497.0,497.0,497.0,120834,20.0,115792,10.0,6007890000.0,990000.0,3470,1092,2018-09-17 10:09:00
20180917 10:10,497.0,497.5,497.0,497.0,121694,860.0,115514,-278.0,6050630000.0,42740000.0,4939,2177,2018-09-17 10:10:00
20180917 10:11,497.0,497.0,497.0,497.0,121694,0.0,115514,0.0,6050630000.0,0.0,1269,410,2018-09-17 10:11:00
20180917 10:12,497.5,497.5,496.0,496.0,123284,1590.0,116356,842.0,6129580000.0,78950000.0,1708,5255,2018-09-17 10:12:00
20180917 10:13,496.0,496.0,494.5,494.5,124126,842.0,116454,98.0,6171330000.0,41750000.0,4136,4660,2018-09-17 10:13:00
20180917 10:14,494.5,495.0,494.0,494.0,124532,406.0,116492,38.0,6191400000.0,20070000.0,3673,5138,2018-09-17 10:14:00
20180917 10:30,493.5,494.5,493.0,494.5,125056,524.0,116396,-96.0,6217260000.0,25860000.0,3155,5581,2018-09-17 10:30:00
20180917 10:31,494.5,494.5,493.5,494.0,125314,258.0,116454,58.0,6230010000.0,12750000.0,3048,3889,2018-09-17 10:31:00
20180917 10:32,494.0,494.5,494.0,494.0,125348,34.0,116440,-14.0,6231690000.0,1680000.0,805,1873,2018-09-17 10:32:00
20180917 10:33,494.0,494.0,493.0,493.5,126424,1076.0,116778,338.0,6284790000.0,53100000.0,2515,11928,2018-09-17 10:33:00
20180917 10:34,493.0,494.0,493.0,494.0,129022,2598.0,117694,916.0,6413120000.0,128330000.0,3124,7908,2018-09-17 10:34:00
20180917 10:35,494.0,494.0,494.0,494.0,129442,420.0,117958,264.0,6433870000.0,20750000.0,4049,2099,2018-09-17 10:35:00
20180917 10:36,494.0,494.5,494.0,494.5,131592,2150.0,117668,-290.0,6540080000.0,106210000.0,7457,2730,2018-09-17 10:36:00
20180917 10:37,494.5,494.5,494.0,494.5,136944,5352.0,118150,482.0,6804730000.0,264650000.0,9522,3517,2018-09-17 10:37:00
20180917 10:38,494.5,494.5,494.5,494.5,141924,4980.0,118340,190.0,7051000000.0,246270000.0,8169,1553,2018-09-17 10:38:00
20180917 10:39,494.5,495.0,494.5,495.0,144952,3028.0,118362,22.0,7200730000.0,149730000.0,8622,788,2018-09-17 10:39:00
20180917 10:40,495.0,495.0,494.5,494.5,145042,90.0,118384,22.0,7205180000.0,4450000.0,1131,1019,2018-09-17 10:40:00
20180917 10:41,494.5,494.5,494.0,494.0,145356,314.0,118422,38.0,7220700000.0,15520000.0,1340,2074,2018-09-17 10:41:00
20180917 10:42,494.0,494.5,494.0,494.0,145966,610.0,118386,-36.0,7250850000.0,30150000.0,4826,2554,2018-09-17 10:42:00
20180917 10:43,494.0,494.5,494.0,494.5,147346,1380.0,118250,-136.0,7319090000.0,68240000.0,552,2342,2018-09-17 10:43:00
20180917 10:44,494.5,494.5,494.5,494.5,147388,42.0,118248,-2.0,7321160000.0,2070000.0,896,2732,2018-09-17 10:44:00
20180917 10:45,494.5,495.0,494.5,495.0,147508,120.0,118234,-14.0,7327100000.0,5940000.0,3124,1240,2018-09-17 10:45:00
20180917 10:46,495.0,495.0,495.0,495.0,147510,2.0,118232,-2.0,7327200000.0,100000.0,1633,389,2018-09-17 10:46:00
20180917 10:47,495.0,495.5,495.0,495.5,150770,3260.0,118034,-198.0,7488710000.0,161510000.0,12528,3924,2018-09-17 10:47:00
20180917 10:48,495.5,495.5,495.5,495.5,151518,748.0,118334,300.0,7525770000.0,37060000.0,1848,2651,2018-09-17 10:48:00
20180917 10:49,495.5,495.5,495.0,495.5,151606,88.0,118400,66.0,7530130000.0,4360000.0,979,3842,2018-09-17 10:49:00
20180917 10:50,495.5,495.5,495.5,495.5,151608,2.0,118400,0.0,7530230000.0,100000.0,288,383,2018-09-17 10:50:00
20180917 10:51,495.5,496.0,495.5,496.0,151698,90.0,118364,-36.0,7534690000.0,4460000.0,1437,224,2018-09-17 10:51:00
20180917 10:52,495.5,495.5,495.0,495.0,153762,2064.0,117866,-498.0,7636900000.0,102210000.0,6295,3003,2018-09-17 10:52:00
20180917 10:53,495.0,495.0,494.0,494.0,153876,114.0,117858,-8.0,7642540000.0,5640000.0,5677,1378,2018-09-17 10:53:00
20180917 10:54,494.0,494.5,494.0,494.5,153880,4.0,117858,0.0,7642730000.0,190000.0,225,377,2018-09-17 10:54:00
20180917 10:55,494.5,494.5,494.5,494.5,153880,0.0,117858,0.0,7642730000.0,0.0,504,345,2018-09-17 10:55:00
20180917 10:56,494.5,494.5,494.5,494.5,153980,100.0,117876,18.0,7647680000.0,4950000.0,349,617,2018-09-17 10:56:00
20180917 10:57,494.5,495.0,494.5,495.0,155084,1104.0,118280,404.0,7702330000.0,54650000.0,1434,1217,2018-09-17 10:57:00
20180917 10:58,495.0,495.0,495.0,495.0,155970,886.0,117968,-312.0,7746180000.0,43850000.0,3594,1845,2018-09-17 10:58:00
20180917 10:59,495.0,495.0,495.0,495.0,156722,752.0,118390,422.0,7783410000.0,37230000.0,1734,839,2018-09-17 10:59:00
20180917 11:00,495.0,495.0,495.0,495.0,157348,626.0,118722,332.0,7814390000.0,30980000.0,1005,831,2018-09-17 11:00:00
20180917 11:01,495.0,495.0,495.0,495.0,158226,878.0,117962,-760.0,7857860000.0,43470000.0,2764,1153,2018-09-17 11:01:00
20180917 11:02,495.0,495.0,495.0,495.0,158698,472.0,117636,-326.0,7881220000.0,23360000.0,1553,537,2018-09-17 11:02:00
20180917 11:03,495.0,495.0,494.5,494.5,159064,366.0,117754,118.0,7899320000.0,18100000.0,927,2423,2018-09-17 11:03:00
20180917 11:04,494.5,494.5,494.5,494.5,159064,0.0,117754,0.0,7899320000.0,0.0,430,305,2018-09-17 11:04:00
20180917 11:05,494.5,494.5,494.5,494.5,159064,0.0,117754,0.0,7899320000.0,0.0,145,221,2018-09-17 11:05:00
20180917 11:06,494.5,495.0,494.5,495.0,162182,3118.0,117600,-154.0,8053660000.0,154340000.0,6437,2571,2018-09-17 11:06:00
20180917 11:07,495.0,495.0,495.0,495.0,164636,2454.0,118048,448.0,8175130000.0,121470000.0,4541,2077,2018-09-17 11:07:00
20180917 11:08,495.0,495.0,494.5,494.5,165012,376.0,117986,-62.0,8193730000.0,18600000.0,1894,4395,2018-09-17 11:08:00
20180917 11:09,494.5,494.5,494.5,494.5,165758,746.0,118052,66.0,8230620000.0,36890000.0,2450,8210,2018-09-17 11:09:00
20180917 11:10,494.5,494.5,494.0,494.0,166220,462.0,118114,62.0,8253440000.0,22820000.0,2565,11136,2018-09-17 11:10:00
20180917 11:11,494.0,494.0,494.0,494.0,168052,1832.0,118076,-38.0,8343940000.0,90500000.0,2226,3481,2018-09-17 11:11:00
20180917 11:12,494.0,494.5,494.0,494.5,168248,196.0,117880,-196.0,8353630000.0,9690000.0,1041,531,2018-09-17 11:12:00
20180917 11:13,494.5,494.5,494.5,494.5,168296,48.0,117920,40.0,8356000000.0,2370000.0,533,401,2018-09-17 11:13:00
20180917 11:14,494.5,494.5,494.0,494.0,171224,2928.0,118020,100.0,8500650000.0,144650000.0,2900,5670,2018-09-17 11:14:00
20180917 11:15,494.0,494.5,494.0,494.5,175752,4528.0,117784,-236.0,8724340000.0,223690000.0,5505,4646,2018-09-17 11:15:00
20180917 11:16,494.5,495.0,494.5,495.0,175932,180.0,117876,92.0,8733250000.0,8910000.0,913,1566,2018-09-17 11:16:00
20180917 11:17,495.0,495.0,495.0,495.0,177262,1330.0,117540,-336.0,8799090000.0,65840000.0,1639,7309,2018-09-17 11:17:00
20180917 11:18,495.0,495.5,495.0,495.5,178004,742.0,117588,48.0,8835830000.0,36740000.0,1960,6787,2018-09-17 11:18:00
20180917 11:19,495.5,495.5,495.5,495.5,178784,780.0,117668,80.0,8874480000.0,38650000.0,1692,4269,2018-09-17 11:19:00
20180917 11:20,495.5,495.5,495.5,495.5,179230,446.0,117370,-298.0,8896580000.0,22100000.0,4089,3589,2018-09-17 11:20:00
20180917 11:21,495.5,495.5,495.5,495.5,179230,0.0,117370,0.0,8896580000.0,0.0,49,55,2018-09-17 11:21:00
20180917 11:22,495.5,496.0,495.5,496.0,179664,434.0,117394,24.0,8918090000.0,21510000.0,4926,1555,2018-09-17 11:22:00
20180917 11:23,496.0,496.0,495.5,495.5,179888,224.0,117392,-2.0,8929200000.0,11110000.0,5738,725,2018-09-17 11:23:00
20180917 11:24,495.5,496.0,495.5,496.0,179940,52.0,117386,-6.0,8931780000.0,2580000.0,6099,1530,2018-09-17 11:24:00
20180917 11:25,496.0,496.0,495.5,495.5,180216,276.0,117436,50.0,8945450000.0,13670000.0,4332,1098,2018-09-17 11:25:00
20180917 11:26,495.5,495.5,495.5,495.5,181084,868.0,117348,-88.0,8988460000.0,43010000.0,7980,1702,2018-09-17 11:26:00
20180917 11:27,495.5,496.0,495.5,496.0,181626,542.0,117370,22.0,9015330000.0,26870000.0,7160,2013,2018-09-17 11:27:00
20180917 11:28,496.0,496.0,495.5,495.5,181634,8.0,117362,-8.0,9015720000.0,390000.0,1536,287,2018-09-17 11:28:00
20180917 11:29,496.0,496.0,495.5,495.5,181658,24.0,117340,-22.0,9016910000.0,1190000.0,2718,514,2018-09-17 11:29:00
20180917 13:30,495.5,495.5,495.0,495.0,181734,76.0,117328,-12.0,9020680000.0,3770000.0,5115,539,2018-09-17 13:30:00
20180917 13:31,495.0,495.5,495.0,495.5,182914,1180.0,117248,-80.0,9079150000.0,58470000.0,4668,2768,2018-09-17 13:31:00
20180917 13:32,495.5,495.5,495.0,495.5,183406,492.0,117030,-218.0,9103510000.0,24360000.0,5929,1968,2018-09-17 13:32:00
20180917 13:33,495.5,495.5,495.0,495.0,183948,542.0,117020,-10.0,9130330000.0,26820000.0,3686,1571,2018-09-17 13:33:00
20180917 13:34,495.0,495.0,495.0,495.0,184514,566.0,117038,18.0,9158350000.0,28020000.0,2893,3296,2018-09-17 13:34:00
20180917 13:35,495.0,495.0,494.5,495.0,186520,2006.0,117060,22.0,9257620000.0,99270000.0,3881,2436,2018-09-17 13:35:00
20180917 13:36,495.0,495.0,495.0,495.0,187264,744.0,117646,586.0,9294450000.0,36830000.0,2662,1093,2018-09-17 13:36:00
20180917 13:37,495.0,495.0,495.0,495.0,187264,0.0,117646,0.0,9294450000.0,0.0,853,501,2018-09-17 13:37:00
20180917 13:38,495.0,495.0,495.0,495.0,188286,1022.0,117186,-460.0,9345040000.0,50590000.0,5038,2360,2018-09-17 13:38:00
20180917 13:39,495.0,495.0,495.0,495.0,192232,3946.0,117510,324.0,9540370000.0,195330000.0,7098,4391,2018-09-17 13:39:00
20180917 13:40,495.0,495.0,495.0,495.0,196256,4024.0,116990,-520.0,9739560000.0,199190000.0,13461,4929,2018-09-17 13:40:00
20180917 13:41,495.0,495.0,495.0,495.0,196444,188.0,117062,72.0,9748860000.0,9300000.0,1357,1558,2018-09-17 13:41:00
20180917 13:42,495.0,495.0,495.0,495.0,196446,2.0,117062,0.0,9748960000.0,100000.0,277,382,2018-09-17 13:42:00
20180917 13:43,495.0,495.0,495.0,495.0,196446,0.0,117062,0.0,9748960000.0,0.0,151,435,2018-09-17 13:43:00
20180917 13:44,495.0,495.5,495.0,495.5,196470,24.0,117040,-22.0,9750150000.0,1190000.0,596,383,2018-09-17 13:44:00
20180917 13:45,495.5,495.5,495.5,495.5,196470,0.0,117040,0.0,9750150000.0,0.0,469,753,2018-09-17 13:45:00
20180917 13:46,495.5,495.5,495.5,495.5,196470,0.0,117040,0.0,9750150000.0,0.0,278,778,2018-09-17 13:46:00
20180917 13:47,495.5,495.5,495.0,495.0,196584,114.0,117058,18.0,9755790000.0,5640000.0,655,668,2018-09-17 13:47:00
20180917 13:48,495.0,495.0,495.0,495.0,197136,552.0,117576,518.0,9783120000.0,27330000.0,2870,1315,2018-09-17 13:48:00
20180917 13:49,495.0,495.0,495.0,495.0,197516,380.0,117288,-288.0,9801930000.0,18810000.0,2477,1604,2018-09-17 13:49:00
20180917 13:50,495.0,495.0,494.5,494.5,197610,94.0,117276,-12.0,9806580000.0,4650000.0,3527,1695,2018-09-17 13:50:00
20180917 13:51,494.5,494.5,494.5,494.5,197756,146.0,117246,-30.0,9813800000.0,7220000.0,4315,987,2018-09-17 13:51:00
20180917 13:52,494.5,494.5,494.5,494.5,197826,70.0,117226,-20.0,9817260000.0,3460000.0,2530,476,2018-09-17 13:52:00
20180917 13:53,494.5,494.5,494.5,494.5,197826,0.0,117226,0.0,9817260000.0,0.0,3015,409,2018-09-17 13:53:00
20180917 13:54,494.5,494.5,494.5,494.5,197890,64.0,117246,20.0,9820420000.0,3160000.0,3120,451,2018-09-17 13:54:00
20180917 13:55,494.5,494.5,494.5,494.5,197948,58.0,117246,0.0,9823290000.0,2870000.0,4766,1403,2018-09-17 13:55:00
20180917 13:56,494.5,495.5,494.5,495.5,198120,172.0,117116,-130.0,9831800000.0,8510000.0,6993,1961,2018-09-17 13:56:00
20180917 13:57,495.5,496.0,495.5,495.5,198230,110.0,117108,-8.0,9837250000.0,5450000.0,5227,3321,2018-09-17 13:57:00
20180917 13:58,495.5,495.5,495.5,495.5,198252,22.0,117106,-2.0,9838340000.0,1090000.0,1648,1129,2018-09-17 13:58:00
20180917 13:59,495.5,496.0,495.5,496.0,198268,16.0,117104,-2.0,9839140000.0,800000.0,4244,844,2018-09-17 13:59:00
20180917 14:00,496.0,496.5,495.5,496.5,199100,832.0,116792,-312.0,9880440000.0,41300000.0,6681,4238,2018-09-17 14:00:00
20180917 14:01,496.5,496.5,496.0,496.0,199446,346.0,116644,-148.0,9897620000.0,17180000.0,6419,4189,2018-09-17 14:01:00
20180917 14:02,496.0,496.0,496.0,496.0,199638,192.0,116670,26.0,9907140000.0,9520000.0,3622,2823,2018-09-17 14:02:00
20180917 14:03,496.0,496.0,496.0,496.0,199644,6.0,116670,0.0,9907440000.0,300000.0,2342,849,2018-09-17 14:03:00
20180917 14:04,496.0,496.0,496.0,496.0,199702,58.0,116666,-4.0,9910310000.0,2870000.0,1715,693,2018-09-17 14:04:00
20180917 14:05,496.0,496.0,496.0,496.0,199702,0.0,116666,0.0,9910310000.0,0.0,758,402,2018-09-17 14:05:00
20180917 14:06,496.0,496.0,496.0,496.0,199820,118.0,116632,-34.0,9916170000.0,5860000.0,2327,3506,2018-09-17 14:06:00
20180917 14:07,496.0,496.5,496.0,496.5,199824,4.0,116632,0.0,9916370000.0,200000.0,1408,952,2018-09-17 14:07:00
20180917 14:08,496.5,496.5,496.5,496.5,199824,0.0,116632,0.0,9916370000.0,0.0,1232,677,2018-09-17 14:08:00
20180917 14:09,496.5,496.5,496.5,496.5,199824,0.0,116632,0.0,9916370000.0,0.0,948,317,2018-09-17 14:09:00
20180917 14:10,496.0,496.0,496.0,496.0,199890,66.0,116650,18.0,9919640000.0,3270000.0,1838,840,2018-09-17 14:10:00
20180917 14:11,496.0,496.0,496.0,496.0,199890,0.0,116650,0.0,9919640000.0,0.0,1172,485,2018-09-17 14:11:00
20180917 14:12,496.0,496.0,496.0,496.0,199930,40.0,116672,22.0,9921620000.0,1980000.0,2681,2776,2018-09-17 14:12:00
20180917 14:13,495.5,496.0,495.5,496.0,200072,142.0,116730,58.0,9928660000.0,7040000.0,2189,1397,2018-09-17 14:13:00
20180917 14:14,495.5,495.5,495.5,495.5,200758,686.0,117172,442.0,9962650000.0,33990000.0,2822,2746,2018-09-17 14:14:00
20180917 14:15,495.5,495.5,495.5,495.5,201440,682.0,116620,-552.0,9996440000.0,33790000.0,1702,2580,2018-09-17 14:15:00
20180917 14:16,495.5,495.5,495.5,495.5,201440,0.0,116620,0.0,9996440000.0,0.0,949,777,2018-09-17 14:16:00
20180917 14:17,495.5,496.0,495.5,496.0,201486,46.0,116614,-6.0,9998730000.0,2290000.0,1374,816,2018-09-17 14:17:00
20180917 14:18,496.0,496.0,496.0,496.0,201486,0.0,116614,0.0,9998730000.0,0.0,829,480,2018-09-17 14:18:00
20180917 14:19,496.5,496.5,496.5,496.5,201562,76.0,116626,12.0,10002500000.0,3770000.0,1795,1922,2018-09-17 14:19:00
20180917 14:20,496.5,496.5,496.0,496.0,201638,76.0,116678,52.0,10006300000.0,3800000.0,2700,6379,2018-09-17 14:20:00
20180917 14:21,496.0,496.5,496.0,496.5,201688,50.0,116706,28.0,10008700000.0,2400000.0,2088,654,2018-09-17 14:21:00
20180917 14:22,496.5,496.5,496.5,496.5,201706,18.0,116724,18.0,10009600000.0,900000.0,539,302,2018-09-17 14:22:00
20180917 14:23,496.5,496.5,496.5,496.5,201716,10.0,116726,2.0,10010100000.0,500000.0,1008,425,2018-09-17 14:23:00
20180917 14:24,496.5,496.5,496.5,496.5,201716,0.0,116726,0.0,10010100000.0,0.0,1265,250,2018-09-17 14:24:00
20180917 14:25,496.5,496.5,496.5,496.5,201822,106.0,116744,18.0,10015400000.0,5300000.0,3878,4953,2018-09-17 14:25:00
20180917 14:26,496.5,496.5,496.5,496.5,201828,6.0,116744,0.0,10015700000.0,300000.0,1186,1973,2018-09-17 14:26:00
20180917 14:27,496.0,496.0,496.0,496.0,201830,2.0,116742,-2.0,10015800000.0,100000.0,172,22,2018-09-17 14:27:00
20180917 14:28,496.0,496.0,496.0,496.0,202754,924.0,116894,152.0,10061600000.0,45800000.0,3471,6331,2018-09-17 14:28:00
20180917 14:29,496.0,496.0,496.0,496.0,202846,92.0,116986,92.0,10066200000.0,4600000.0,1209,422,2018-09-17 14:29:00
20180917 14:30,496.0,496.0,496.0,496.0,202918,72.0,116996,10.0,10069800000.0,3600000.0,1504,1021,2018-09-17 14:30:00
20180917 14:31,496.0,496.0,496.0,496.0,203220,302.0,117078,82.0,10084700000.0,14900000.0,3338,5214,2018-09-17 14:31:00
20180917 14:32,496.0,496.0,495.5,495.5,203360,140.0,117024,-54.0,10091700000.0,7000000.0,3337,2802,2018-09-17 14:32:00
20180917 14:33,495.5,495.5,495.0,495.5,203512,152.0,117052,28.0,10099200000.0,7500000.0,681,1059,2018-09-17 14:33:00
20180917 14:34,495.0,495.5,495.0,495.5,203574,62.0,117058,6.0,10102300000.0,3100000.0,798,1078,2018-09-17 14:34:00
20180917 14:35,495.5,495.5,495.5,495.5,203594,20.0,117058,0.0,10103300000.0,1000000.0,285,454,2018-09-17 14:35:00
20180917 14:36,495.5,495.5,495.5,495.5,203594,0.0,117058,0.0,10103300000.0,0.0,115,221,2018-09-17 14:36:00
20180917 14:37,495.5,495.5,495.5,495.5,203594,0.0,117058,0.0,10103300000.0,0.0,38,87,2018-09-17 14:37:00
20180917 14:38,495.5,495.5,495.5,495.5,203594,0.0,117058,0.0,10103300000.0,0.0,407,715,2018-09-17 14:38:00
20180917 14:39,495.5,495.5,495.5,495.5,203594,0.0,117058,0.0,10103300000.0,0.0,39,87,2018-09-17 14:39:00
20180917 14:40,495.5,495.5,495.0,495.5,203848,254.0,117038,-20.0,10115900000.0,12600000.0,1010,2689,2018-09-17 14:40:00
20180917 14:41,495.5,495.5,495.5,495.5,203880,32.0,117034,-4.0,10117500000.0,1600000.0,124,971,2018-09-17 14:41:00
20180917 14:42,495.5,495.5,495.5,495.5,203902,22.0,117040,6.0,10118500000.0,1000000.0,488,1523,2018-09-17 14:42:00
20180917 14:43,495.5,497.0,495.5,497.0,204070,168.0,117038,-2.0,10126900000.0,8400000.0,1329,4631,2018-09-17 14:43:00
20180917 14:44,497.0,497.0,497.0,497.0,204124,54.0,117038,0.0,10129600000.0,2700000.0,265,1366,2018-09-17 14:44:00
20180917 14:45,497.0,497.0,496.5,496.5,204154,30.0,117014,-24.0,10131100000.0,1500000.0,649,1564,2018-09-17 14:45:00
20180917 14:46,496.5,496.5,495.5,495.5,204350,196.0,116988,-26.0,10140800000.0,9700000.0,1568,1828,2018-09-17 14:46:00
20180917 14:47,495.5,495.5,495.5,495.5,204370,20.0,116970,-18.0,10141800000.0,1000000.0,609,1422,2018-09-17 14:47:00
20180917 14:48,495.5,495.5,495.5,495.5,204582,212.0,117090,120.0,10152300000.0,10500000.0,407,1499,2018-09-17 14:48:00
20180917 14:49,495.5,495.5,495.5,495.5,204666,84.0,117084,-6.0,10156400000.0,4100000.0,2623,2697,2018-09-17 14:49:00
20180917 14:50,495.5,496.0,495.5,496.0,204780,114.0,117104,20.0,10162100000.0,5700000.0,3776,2798,2018-09-17 14:50:00
20180917 14:51,496.0,496.0,496.0,496.0,204882,102.0,117102,-2.0,10167100000.0,5000000.0,3968,1573,2018-09-17 14:51:00
20180917 14:52,496.0,496.0,496.0,496.0,204912,30.0,117124,22.0,10168600000.0,1500000.0,1447,1520,2018-09-17 14:52:00
20180917 14:53,496.0,496.0,495.5,496.0,204952,40.0,117126,2.0,10170600000.0,2000000.0,1239,6009,2018-09-17 14:53:00
20180917 14:54,496.0,496.0,495.5,495.5,204988,36.0,117120,-6.0,10172400000.0,1800000.0,1539,5059,2018-09-17 14:54:00
20180917 14:55,495.5,496.0,495.5,496.0,205390,402.0,117158,38.0,10192300000.0,19900000.0,5836,2889,2018-09-17 14:55:00
20180917 14:56,496.0,496.0,495.5,496.0,205560,170.0,117138,-20.0,10200800000.0,8500000.0,3288,1735,2018-09-17 14:56:00
20180917 14:57,496.0,496.5,496.0,496.5,205610,50.0,117124,-14.0,10203300000.0,2500000.0,2308,2311,2018-09-17 14:57:00
20180917 14:58,496.5,496.5,495.5,496.0,205622,12.0,117116,-8.0,10203800000.0,500000.0,3198,2868,2018-09-17 14:58:00
20180917 14:59,496.0,496.0,495.5,496.0,205692,70.0,117088,-28.0,10207300000.0,3500000.0,3482,3159,2018-09-17 14:59:00
20180917 15:00,496.0,496.0,496.0,496.0,205692,0.0,117088,0.0,10207300000.0,0.0,208,252,2018-09-17 15:00:00
20180917 20:59,496.5,496.5,496.5,496.5,1908,1908.0,116022,-1066.0,94732200.0,94732200.0,1,10,2018-09-17 20:59:00
20180917 21:00,496.5,497.5,496.5,497.0,1966,58.0,116018,-4.0,97617000.0,2884800.0,186,764,2018-09-17 21:00:00
20180917 21:01,497.0,497.0,496.0,496.5,2104,138.0,115976,-42.0,104469000.0,6852000.0,491,818,2018-09-17 21:01:00
20180917 21:02,496.5,496.5,496.5,496.5,2230,126.0,115934,-42.0,110725000.0,6256000.0,4253,694,2018-09-17 21:02:00
20180917 21:03,496.5,497.0,496.5,497.0,2278,48.0,115936,2.0,113110000.0,2385000.0,4021,657,2018-09-17 21:03:00
20180917 21:04,497.0,497.0,497.0,497.0,2288,10.0,115932,-4.0,113607000.0,497000.0,1382,926,2018-09-17 21:04:00
20180917 21:05,497.0,497.0,497.0,497.0,2314,26.0,115928,-4.0,114899000.0,1292000.0,4341,1241,2018-09-17 21:05:00
20180917 21:06,497.0,497.0,496.5,496.5,2456,142.0,115864,-64.0,121950000.0,7051000.0,3155,2293,2018-09-17 21:06:00
20180917 21:07,496.5,496.5,496.5,496.5,3978,1522.0,115866,2.0,197517000.0,75567000.0,3287,3761,2018-09-17 21:07:00
20180917 21:08,496.5,496.5,496.5,496.5,3978,0.0,115866,0.0,197517000.0,0.0,985,1977,2018-09-17 21:08:00
20180917 21:09,496.5,496.5,496.0,496.0,4878,900.0,116522,656.0,242157000.0,44640000.0,745,735,2018-09-17 21:09:00
20180917 21:10,496.0,496.0,496.0,496.0,4878,0.0,116522,0.0,242157000.0,0.0,744,647,2018-09-17 21:10:00
20180917 21:11,496.0,496.0,496.0,496.0,4878,0.0,116522,0.0,242157000.0,0.0,483,716,2018-09-17 21:11:00
20180917 21:12,496.0,496.5,496.0,496.5,4880,2.0,116522,0.0,242256000.0,99000.0,225,318,2018-09-17 21:12:00
20180917 21:13,496.5,496.5,496.5,496.5,4880,0.0,116522,0.0,242256000.0,0.0,357,527,2018-09-17 21:13:00
20180917 21:14,496.5,496.5,496.5,496.5,4880,0.0,116522,0.0,242256000.0,0.0,319,379,2018-09-17 21:14:00
20180917 21:15,496.5,496.5,496.5,496.5,4894,14.0,116508,-14.0,242952000.0,696000.0,293,734,2018-09-17 21:15:00
20180917 21:16,496.5,496.5,496.0,496.0,11802,6908.0,115840,-668.0,585588000.0,342636000.0,2281,3613,2018-09-17 21:16:00
20180917 21:17,496.0,496.0,496.0,496.0,13438,1636.0,115852,12.0,666734000.0,81146000.0,2228,1996,2018-09-17 21:17:00
20180917 21:18,496.0,496.5,496.0,496.5,13568,130.0,115804,-48.0,673188000.0,6454000.0,2290,3996,2018-09-17 21:18:00
20180917 21:19,496.5,496.5,496.5,496.5,13592,24.0,115814,10.0,674380000.0,1192000.0,694,467,2018-09-17 21:19:00
20180917 21:20,496.5,496.5,496.5,496.5,13696,104.0,115790,-24.0,679544000.0,5164000.0,7098,1661,2018-09-17 21:20:00
20180917 21:21,496.5,496.5,496.5,496.5,13696,0.0,115790,0.0,679544000.0,0.0,455,1176,2018-09-17 21:21:00
20180917 21:22,496.0,496.0,496.0,496.0,13764,68.0,115806,16.0,682916000.0,3372000.0,2020,1468,2018-09-17 21:22:00
20180917 21:23,496.0,496.0,496.0,496.0,13798,34.0,115820,14.0,684603000.0,1687000.0,694,1553,2018-09-17 21:23:00
20180917 21:24,496.0,496.0,496.0,496.0,14610,812.0,116586,766.0,724878000.0,40275000.0,3338,873,2018-09-17 21:24:00
20180917 21:25,496.0,496.0,496.0,496.0,15522,912.0,115824,-762.0,770113000.0,45235000.0,6932,13399,2018-09-17 21:25:00
20180917 21:26,496.0,497.0,496.0,496.5,16402,880.0,116590,766.0,813806000.0,43693000.0,3415,2101,2018-09-17 21:26:00
20180917 21:27,496.5,496.5,496.5,496.5,16434,32.0,116582,-8.0,815395000.0,1589000.0,2202,989,2018-09-17 21:27:00
20180917 21:28,496.5,497.0,496.5,497.0,16494,60.0,116558,-24.0,818377000.0,2982000.0,1717,2323,2018-09-17 21:28:00
20180917 21:29,497.0,497.0,497.0,497.0,16494,0.0,116558,0.0,818377000.0,0.0,422,591,2018-09-17 21:29:00
20180917 21:30,497.0,497.0,497.0,497.0,16494,0.0,116558,0.0,818377000.0,0.0,403,565,2018-09-17 21:30:00
20180917 21:31,497.0,497.0,497.0,497.0,16494,0.0,116558,0.0,818377000.0,0.0,281,425,2018-09-17 21:31:00
20180917 21:32,497.0,497.0,496.5,496.5,18960,2466.0,115814,-744.0,940814000.0,122437000.0,2222,18200,2018-09-17 21:32:00
20180917 21:33,496.5,497.0,496.5,497.0,19116,156.0,115804,-10.0,948567000.0,7753000.0,3613,19497,2018-09-17 21:33:00
20180917 21:34,497.0,497.0,497.0,497.0,19116,0.0,115804,0.0,948567000.0,0.0,768,184,2018-09-17 21:34:00
20180917 21:35,497.0,498.5,497.0,497.5,19470,354.0,115666,-138.0,966187000.0,17620000.0,1870,1984,2018-09-17 21:35:00
20180917 21:36,497.5,498.5,497.5,498.0,20372,902.0,116370,704.0,1011100000.0,44913000.0,3421,1895,2018-09-17 21:36:00
20180917 21:37,498.0,498.0,498.0,498.0,20372,0.0,116370,0.0,1011100000.0,0.0,413,761,2018-09-17 21:37:00
20180917 21:38,498.0,498.0,498.0,498.0,20372,0.0,116370,0.0,1011100000.0,0.0,130,244,2018-09-17 21:38:00
20180917 21:39,498.0,498.0,498.0,498.0,20372,0.0,116370,0.0,1011100000.0,0.0,290,427,2018-09-17 21:39:00
20180917 21:40,498.0,498.0,498.0,498.0,20372,0.0,116370,0.0,1011100000.0,0.0,124,241,2018-09-17 21:40:00
20180917 21:41,498.0,498.0,497.5,498.0,21530,1158.0,115334,-1036.0,1068760000.0,57660000.0,1170,1263,2018-09-17 21:41:00
20180917 21:42,498.0,498.5,498.0,498.5,23992,2462.0,114604,-730.0,1191370000.0,122610000.0,10510,2964,2018-09-17 21:42:00
20180917 21:43,498.5,498.5,498.5,498.5,24046,54.0,114574,-30.0,1194060000.0,2690000.0,1160,1361,2018-09-17 21:43:00
20180917 21:44,498.5,498.5,498.5,498.5,24206,160.0,114722,148.0,1202040000.0,7980000.0,1306,1398,2018-09-17 21:44:00
20180917 21:45,498.5,498.5,498.5,498.5,24206,0.0,114722,0.0,1202040000.0,0.0,502,847,2018-09-17 21:45:00
20180917 21:46,498.5,498.5,498.0,498.0,24304,98.0,114640,-82.0,1206920000.0,4880000.0,1127,866,2018-09-17 21:46:00
20180917 21:47,497.5,497.5,497.5,497.5,29828,5524.0,114674,34.0,1481740000.0,274820000.0,2829,18642,2018-09-17 21:47:00
20180917 21:48,497.5,497.5,497.5,497.5,29828,0.0,114674,0.0,1481740000.0,0.0,1114,963,2018-09-17 21:48:00
20180917 21:49,497.5,497.5,497.5,497.5,29828,0.0,114674,0.0,1481740000.0,0.0,1039,954,2018-09-17 21:49:00
20180917 21:50,497.5,497.5,497.5,497.5,29828,0.0,114674,0.0,1481740000.0,0.0,331,156,2018-09-17 21:50:00
20180917 21:51,497.5,497.5,497.5,497.5,29828,0.0,114674,0.0,1481740000.0,0.0,817,346,2018-09-17 21:51:00
20180917 21:52,497.5,497.5,497.0,497.0,30866,1038.0,115464,790.0,1533380000.0,51640000.0,3910,39239,2018-09-17 21:52:00
20180917 21:53,497.0,497.5,497.0,497.5,30868,2.0,115462,-2.0,1533480000.0,100000.0,5284,64067,2018-09-17 21:53:00
20180917 21:54,497.5,497.5,497.5,497.5,39108,8240.0,114956,-506.0,1943420000.0,409940000.0,4571,35362,2018-09-17 21:54:00
20180917 21:55,497.5,497.5,497.5,497.5,40150,1042.0,115796,840.0,1995260000.0,51840000.0,3287,38981,2018-09-17 21:55:00
20180917 21:56,497.5,497.5,497.5,497.5,40276,126.0,115870,74.0,2001530000.0,6270000.0,1136,2321,2018-09-17 21:56:00
20180917 21:57,497.5,497.5,497.5,497.5,40276,0.0,115870,0.0,2001530000.0,0.0,1127,620,2018-09-17 21:57:00
20180917 21:58,497.5,497.5,497.5,497.5,46256,5980.0,115346,-524.0,2299030000.0,297500000.0,3206,25542,2018-09-17 21:58:00
20180917 21:59,497.5,497.5,497.5,497.5,48264,2008.0,115060,-286.0,2398930000.0,99900000.0,1969,21909,2018-09-17 21:59:00
20180917 22:00,497.5,497.5,497.5,497.5,50158,1894.0,114968,-92.0,2493160000.0,94230000.0,5732,15139,2018-09-17 22:00:00
20180917 22:01,497.5,497.5,497.5,497.5,53524,3366.0,114734,-234.0,2660620000.0,167460000.0,5953,13706,2018-09-17 22:01:00
20180917 22:02,497.5,497.5,497.5,497.5,53524,0.0,114734,0.0,2660620000.0,0.0,1825,1046,2018-09-17 22:02:00
20180917 22:03,497.5,498.0,497.5,498.0,54716,1192.0,115004,270.0,2719980000.0,59360000.0,4523,3128,2018-09-17 22:03:00
20180917 22:04,498.0,498.0,498.0,498.0,54730,14.0,114996,-8.0,2720670000.0,690000.0,632,133,2018-09-17 22:04:00
20180917 22:05,498.0,498.0,498.0,498.0,55066,336.0,115214,218.0,2737410000.0,16740000.0,1774,958,2018-09-17 22:05:00
20180917 22:06,498.0,498.0,498.0,498.0,55068,2.0,115216,2.0,2737510000.0,100000.0,691,388,2018-09-17 22:06:00
20180917 22:07,498.0,498.0,498.0,498.0,55068,0.0,115216,0.0,2737510000.0,0.0,625,455,2018-09-17 22:07:00
20180917 22:08,498.0,498.0,498.0,498.0,55622,554.0,114956,-260.0,2765100000.0,27590000.0,2175,898,2018-09-17 22:08:00
20180917 22:09,498.0,498.0,497.5,497.5,55626,4.0,114956,0.0,2765300000.0,200000.0,1665,682,2018-09-17 22:09:00
20180917 22:10,497.5,497.5,497.5,497.5,55976,350.0,114750,-206.0,2782710000.0,17410000.0,3126,1577,2018-09-17 22:10:00
20180917 22:11,497.5,497.5,497.5,497.5,56056,80.0,114750,0.0,2786690000.0,3980000.0,1848,2118,2018-09-17 22:11:00
20180917 22:12,497.5,497.5,497.5,497.5,56072,16.0,114750,0.0,2787480000.0,790000.0,1234,1399,2018-09-17 22:12:00
20180917 22:13,497.5,497.5,497.5,497.5,56092,20.0,114750,0.0,2788480000.0,1000000.0,920,1228,2018-09-17 22:13:00
20180917 22:14,497.5,497.5,497.5,497.5,56092,0.0,114750,0.0,2788480000.0,0.0,446,693,2018-09-17 22:14:00
20180917 22:15,497.5,497.5,497.5,497.5,56748,656.0,115082,332.0,2821110000.0,32630000.0,1576,1797,2018-09-17 22:15:00
20180917 22:16,497.5,497.5,497.5,497.5,56748,0.0,115082,0.0,2821110000.0,0.0,497,581,2018-09-17 22:16:00
20180917 22:17,497.5,497.5,497.5,497.5,56748,0.0,115082,0.0,2821110000.0,0.0,720,454,2018-09-17 22:17:00
20180917 22:18,497.5,497.5,497.5,497.5,56748,0.0,115082,0.0,2821110000.0,0.0,651,312,2018-09-17 22:18:00
20180917 22:19,497.5,497.5,497.0,497.0,56752,4.0,115086,4.0,2821310000.0,200000.0,1089,615,2018-09-17 22:19:00
20180917 22:20,497.0,497.0,497.0,497.0,57974,1222.0,114920,-166.0,2882050000.0,60740000.0,2927,1059,2018-09-17 22:20:00
20180917 22:21,497.0,497.0,497.0,497.0,58066,92.0,114896,-24.0,2886620000.0,4570000.0,756,3101,2018-09-17 22:21:00
20180917 22:22,497.0,497.0,497.0,497.0,59254,1188.0,115076,180.0,2945660000.0,59040000.0,2299,884,2018-09-17 22:22:00
20180917 22:23,497.0,497.0,497.0,497.0,61662,2408.0,114866,-210.0,3065340000.0,119680000.0,2947,645,2018-09-17 22:23:00
20180917 22:24,497.0,497.0,496.5,496.5,65166,3504.0,114704,-162.0,3239380000.0,174040000.0,7219,3035,2018-09-17 22:24:00
20180917 22:25,496.5,496.5,496.5,496.5,65240,74.0,114704,0.0,3243050000.0,3670000.0,1963,2858,2018-09-17 22:25:00
20180917 22:26,496.5,496.5,496.5,496.5,65266,26.0,114704,0.0,3244340000.0,1290000.0,1093,1974,2018-09-17 22:26:00
20180917 22:27,496.5,496.5,496.5,496.5,66584,1318.0,114842,138.0,3309780000.0,65440000.0,4581,2522,2018-09-17 22:27:00
20180917 22:28,496.5,496.5,496.5,496.5,66868,284.0,114578,-264.0,3323880000.0,14100000.0,2961,832,2018-09-17 22:28:00
20180917 22:29,496.5,496.5,496.5,496.5,66868,0.0,114578,0.0,3323880000.0,0.0,916,296,2018-09-17 22:29:00
20180917 22:30,496.5,496.5,496.0,496.0,66938,70.0,114640,62.0,3327360000.0,3480000.0,2025,862,2018-09-17 22:30:00
20180917 22:31,496.0,496.0,494.0,495.0,68030,1092.0,114696,56.0,3381420000.0,54060000.0,2168,6208,2018-09-17 22:31:00
20180917 22:32,495.0,496.0,495.0,496.0,68174,144.0,114656,-40.0,3388550000.0,7130000.0,1812,5599,2018-09-17 22:32:00
20180917 22:33,496.0,496.5,496.0,496.0,68730,556.0,114842,186.0,3416130000.0,27580000.0,2066,3548,2018-09-17 22:33:00
20180917 22:34,495.5,496.5,495.5,496.5,69166,436.0,114804,-38.0,3437750000.0,21620000.0,1778,3244,2018-09-17 22:34:00
20180917 22:35,496.5,497.0,496.5,497.0,69172,6.0,114806,2.0,3438050000.0,300000.0,561,3293,2018-09-17 22:35:00
20180917 22:36,497.0,497.0,497.0,497.0,71982,2810.0,114610,-196.0,3577700000.0,139650000.0,3443,4971,2018-09-17 22:36:00
20180917 22:37,497.0,497.0,496.5,496.5,72460,478.0,114776,166.0,3601430000.0,23730000.0,1787,4135,2018-09-17 22:37:00
20180917 22:38,496.5,496.5,496.0,496.0,72474,14.0,114776,0.0,3602130000.0,700000.0,1968,830,2018-09-17 22:38:00
20180917 22:39,496.0,496.0,495.5,496.0,75794,3320.0,114930,154.0,3766800000.0,164670000.0,5718,4692,2018-09-17 22:39:00
20180917 22:40,496.0,496.0,496.0,496.0,78822,3028.0,114882,-48.0,3916990000.0,150190000.0,2370,4518,2018-09-17 22:40:00
20180917 22:41,496.0,496.0,496.0,496.0,79586,764.0,114706,-176.0,3954880000.0,37890000.0,1428,1634,2018-09-17 22:41:00
20180917 22:42,496.0,496.0,496.0,496.0,79586,0.0,114706,0.0,3954880000.0,0.0,414,512,2018-09-17 22:42:00
20180917 22:43,496.0,496.0,496.0,496.0,79588,2.0,114704,-2.0,3954980000.0,100000.0,437,516,2018-09-17 22:43:00
20180917 22:44,496.0,496.0,496.0,496.0,79668,80.0,114630,-74.0,3958950000.0,3970000.0,1006,1067,2018-09-17 22:44:00
20180917 22:45,496.0,496.0,496.0,496.0,79678,10.0,114624,-6.0,3959450000.0,500000.0,1074,594,2018-09-17 22:45:00
20180917 22:46,496.0,496.0,496.0,496.0,80258,580.0,114706,82.0,3988220000.0,28770000.0,2366,1308,2018-09-17 22:46:00
20180917 22:47,496.0,496.5,496.0,496.5,80370,112.0,114670,-36.0,3993780000.0,5560000.0,1303,1109,2018-09-17 22:47:00
20180917 22:48,496.5,497.0,496.5,496.5,80386,16.0,114658,-12.0,3994570000.0,790000.0,903,985,2018-09-17 22:48:00
20180917 22:49,496.5,496.5,496.5,496.5,80386,0.0,114658,0.0,3994570000.0,0.0,409,492,2018-09-17 22:49:00
20180917 22:50,496.5,496.5,496.5,496.5,80386,0.0,114658,0.0,3994570000.0,0.0,286,648,2018-09-17 22:50:00
20180917 22:51,497.0,497.5,497.0,497.5,84896,4510.0,114558,-100.0,4218910000.0,224340000.0,12068,7210,2018-09-17 22:51:00
20180917 22:52,497.5,497.5,497.0,497.0,86588,1692.0,114526,-32.0,4303020000.0,84110000.0,4551,4580,2018-09-17 22:52:00
20180917 22:53,497.5,497.5,497.0,497.0,89210,2622.0,114624,98.0,4433330000.0,130310000.0,1002,3965,2018-09-17 22:53:00
20180917 22:54,497.0,497.0,496.0,496.0,91120,1910.0,114616,-8.0,4528150000.0,94820000.0,3738,3717,2018-09-17 22:54:00
20180917 22:55,496.0,496.5,496.0,496.5,93672,2552.0,114860,244.0,4654850000.0,126700000.0,2398,4054,2018-09-17 22:55:00
20180917 22:56,496.5,497.5,496.5,497.0,95680,2008.0,114756,-104.0,4754580000.0,99730000.0,5771,2510,2018-09-17 22:56:00
20180917 22:57,497.0,497.5,497.0,497.0,96834,1154.0,114680,-76.0,4811970000.0,57390000.0,6176,3012,2018-09-17 22:57:00
20180917 22:58,497.0,497.0,496.5,497.0,99430,2596.0,114720,40.0,4940990000.0,129020000.0,8069,11486,2018-09-17 22:58:00
20180917 22:59,497.0,498.0,497.0,498.0,100538,1108.0,114762,42.0,4996160000.0,55170000.0,4845,9587,2018-09-17 22:59:00
20180917 23:00,498.0,499.5,498.0,499.0,101626,1088.0,114608,-154.0,5050370000.0,54210000.0,2456,16044,2018-09-17 23:00:00
20180917 23:01,499.0,499.0,498.5,499.0,101666,40.0,114608,0.0,5052370000.0,2000000.0,5213,11272,2018-09-17 23:01:00
20180917 23:02,499.0,499.5,498.5,498.5,102008,342.0,114724,116.0,5069430000.0,17060000.0,2526,25864,2018-09-17 23:02:00
20180917 23:03,498.5,498.5,498.5,498.5,102012,4.0,114724,0.0,5069630000.0,200000.0,805,1069,2018-09-17 23:03:00
20180917 23:04,498.5,499.0,498.5,499.0,102124,112.0,114688,-36.0,5075220000.0,5590000.0,1121,3824,2018-09-17 23:04:00
20180917 23:05,499.0,499.5,499.0,499.5,102210,86.0,114686,-2.0,5079510000.0,4290000.0,1224,10242,2018-09-17 23:05:00
20180917 23:06,499.5,499.5,499.5,499.5,102224,14.0,114686,0.0,5080210000.0,700000.0,809,502,2018-09-17 23:06:00
20180917 23:07,500.0,503.0,500.0,502.0,103336,1112.0,114410,-276.0,5136000000.0,55790000.0,6593,6955,2018-09-17 23:07:00
20180917 23:08,502.0,502.5,501.0,502.0,103762,426.0,114372,-38.0,5157370000.0,21370000.0,3973,3937,2018-09-17 23:08:00
20180917 23:09,501.5,501.5,501.0,501.5,103838,76.0,114342,-30.0,5161180000.0,3810000.0,2733,33818,2018-09-17 23:09:00
20180917 23:10,501.5,501.5,500.5,500.5,103982,144.0,114346,4.0,5168400000.0,7220000.0,2754,49124,2018-09-17 23:10:00
20180917 23:11,500.5,501.0,500.5,501.0,103984,2.0,114348,2.0,5168500000.0,100000.0,1577,49589,2018-09-17 23:11:00
20180917 23:12,501.0,501.0,500.5,500.5,104052,68.0,114336,-12.0,5171900000.0,3400000.0,2588,34977,2018-09-17 23:12:00
20180917 23:13,500.5,500.5,500.5,500.5,104098,46.0,114326,-10.0,5174200000.0,2300000.0,1662,4955,2018-09-17 23:13:00
20180917 23:14,500.5,500.5,500.5,500.5,104120,22.0,114318,-8.0,5175310000.0,1110000.0,681,13347,2018-09-17 23:14:00
20180917 23:15,500.5,501.0,500.5,500.5,104474,354.0,114432,114.0,5193030000.0,17720000.0,2997,28088,2018-09-17 23:15:00
20180917 23:16,500.5,501.0,500.5,501.0,106428,1954.0,114502,70.0,5290930000.0,97900000.0,2246,23039,2018-09-17 23:16:00
20180917 23:17,501.0,501.5,501.0,501.0,106480,52.0,114476,-26.0,5293530000.0,2600000.0,2624,1920,2018-09-17 23:17:00
20180917 23:18,501.5,501.5,501.5,501.5,106500,20.0,114472,-4.0,5294540000.0,1010000.0,1231,618,2018-09-17 23:18:00
20180917 23:19,501.5,501.5,501.0,501.0,106510,10.0,114468,-4.0,5295040000.0,500000.0,1555,656,2018-09-17 23:19:00
20180917 23:20,501.0,501.5,501.0,501.5,106704,194.0,114384,-84.0,5304770000.0,9730000.0,1349,638,2018-09-17 23:20:00
20180917 23:21,501.5,501.5,501.0,501.0,106708,4.0,114384,0.0,5304970000.0,200000.0,668,324,2018-09-17 23:21:00
20180917 23:22,501.0,501.5,501.0,501.0,106762,54.0,114372,-12.0,5307670000.0,2700000.0,1083,361,2018-09-17 23:22:00
20180917 23:23,501.0,501.5,501.0,501.5,106766,4.0,114374,2.0,5307870000.0,200000.0,1026,317,2018-09-17 23:23:00
20180917 23:24,501.5,501.5,501.5,501.5,106834,68.0,114372,-2.0,5311280000.0,3410000.0,321,8178,2018-09-17 23:24:00
20180917 23:25,501.5,501.5,501.0,501.0,106850,16.0,114372,0.0,5312090000.0,810000.0,702,390,2018-09-17 23:25:00
20180917 23:26,501.0,501.0,500.5,500.5,106884,34.0,114360,-12.0,5313790000.0,1700000.0,902,6241,2018-09-17 23:26:00
20180917 23:27,500.5,501.0,500.5,501.0,107168,284.0,114352,-8.0,5328010000.0,14220000.0,962,11116,2018-09-17 23:27:00
20180917 23:28,501.0,501.5,499.5,499.5,107264,96.0,114304,-48.0,5332810000.0,4800000.0,600,24872,2018-09-17 23:28:00
20180917 23:29,499.5,501.0,499.5,500.5,108354,1090.0,114306,2.0,5387370000.0,54560000.0,389,15602,2018-09-17 23:29:00
20180917 23:30,500.5,500.5,500.5,500.5,108354,0.0,114306,0.0,5387370000.0,0.0,13,1,2018-09-17 23:30:00
20180918 09:00,498.0,498.5,498.0,498.0,55560,55560.0,117416,3110.0,2770780000.0,2770780000.0,4054,6215,2018-09-18 09:00:00
20180918 09:01,498.0,498.0,497.0,497.5,55854,294.0,117354,-62.0,2785410000.0,14630000.0,2321,1075,2018-09-18 09:01:00
20180918 09:02,497.5,497.5,497.5,497.5,55854,0.0,117354,0.0,2785410000.0,0.0,578,186,2018-09-18 09:02:00
20180918 09:03,497.5,498.0,497.5,498.0,55900,46.0,117326,-28.0,2787700000.0,2290000.0,1022,860,2018-09-18 09:03:00
20180918 09:04,498.0,498.0,497.5,498.0,55992,92.0,117360,34.0,2792280000.0,4580000.0,1225,509,2018-09-18 09:04:00
20180918 09:05,498.0,498.0,498.0,498.0,56232,240.0,117440,80.0,2804240000.0,11960000.0,1955,9502,2018-09-18 09:05:00
20180918 09:06,498.0,498.0,498.0,498.0,56544,312.0,117448,8.0,2819770000.0,15530000.0,1485,9117,2018-09-18 09:06:00
20180918 09:07,498.0,498.0,498.0,498.0,56544,0.0,117448,0.0,2819770000.0,0.0,165,1320,2018-09-18 09:07:00
20180918 09:08,498.0,498.0,497.5,497.5,56560,16.0,117450,2.0,2820570000.0,800000.0,1543,1783,2018-09-18 09:08:00
20180918 09:09,497.5,497.5,497.5,497.5,56620,60.0,117448,-2.0,2823560000.0,2990000.0,1132,2352,2018-09-18 09:09:00
20180918 09:10,497.5,498.0,497.5,498.0,57130,510.0,117822,374.0,2848930000.0,25370000.0,724,949,2018-09-18 09:10:00
20180918 09:11,498.0,498.0,498.0,498.0,57130,0.0,117822,0.0,2848930000.0,0.0,584,770,2018-09-18 09:11:00
20180918 09:12,498.0,498.0,497.5,497.5,57238,108.0,117824,2.0,2854310000.0,5380000.0,3077,1608,2018-09-18 09:12:00
20180918 09:13,497.5,497.5,497.5,497.5,57238,0.0,117824,0.0,2854310000.0,0.0,379,625,2018-09-18 09:13:00
20180918 09:14,497.5,497.5,497.5,497.5,57238,0.0,117824,0.0,2854310000.0,0.0,23,78,2018-09-18 09:14:00
20180918 09:15,497.5,497.5,497.0,497.0,57254,16.0,117824,0.0,2855100000.0,790000.0,404,739,2018-09-18 09:15:00
20180918 09:16,497.0,497.0,497.0,497.0,57568,314.0,117520,-304.0,2870710000.0,15610000.0,1532,887,2018-09-18 09:16:00
20180918 09:17,497.0,497.0,496.5,496.5,57574,6.0,117514,-6.0,2871010000.0,300000.0,176,529,2018-09-18 09:17:00
20180918 09:18,496.5,496.5,496.0,496.0,57716,142.0,117500,-14.0,2878050000.0,7040000.0,851,1700,2018-09-18 09:18:00
20180918 09:19,496.0,496.0,495.5,495.5,57872,156.0,117544,44.0,2885780000.0,7730000.0,1780,1457,2018-09-18 09:19:00
20180918 09:20,495.5,496.0,494.5,495.0,58036,164.0,117464,-80.0,2893900000.0,8120000.0,1066,1770,2018-09-18 09:20:00
20180918 09:21,495.0,495.0,495.0,495.0,58036,0.0,117464,0.0,2893900000.0,0.0,332,405,2018-09-18 09:21:00
20180918 09:22,495.0,495.0,495.0,495.0,58094,58.0,117422,-42.0,2896770000.0,2870000.0,507,478,2018-09-18 09:22:00
20180918 09:23,495.0,495.5,495.0,495.5,58532,438.0,117346,-76.0,2918470000.0,21700000.0,3801,2292,2018-09-18 09:23:00
20180918 09:24,495.5,495.5,495.5,495.5,58566,34.0,117340,-6.0,2920150000.0,1680000.0,3625,1110,2018-09-18 09:24:00
20180918 09:25,495.5,496.0,495.5,496.0,58640,74.0,117326,-14.0,2923820000.0,3670000.0,5348,1484,2018-09-18 09:25:00
20180918 09:26,495.5,495.5,495.5,495.5,58788,148.0,117296,-30.0,2931150000.0,7330000.0,5305,1794,2018-09-18 09:26:00
20180918 09:27,495.5,496.5,495.5,496.5,59140,352.0,117362,66.0,2948610000.0,17460000.0,4986,1729,2018-09-18 09:27:00
20180918 09:28,496.5,497.0,496.0,497.0,59272,132.0,117368,6.0,2955170000.0,6560000.0,6227,1927,2018-09-18 09:28:00
20180918 09:29,497.0,497.0,497.0,497.0,61174,1902.0,117380,12.0,3049700000.0,94530000.0,4273,2551,2018-09-18 09:29:00
20180918 09:30,497.0,497.0,497.0,497.0,61590,416.0,117750,370.0,3070370000.0,20670000.0,4355,1396,2018-09-18 09:30:00
20180918 09:31,497.0,497.5,497.0,497.5,62168,578.0,117476,-274.0,3099130000.0,28760000.0,7670,2414,2018-09-18 09:31:00
20180918 09:32,497.5,497.5,497.5,497.5,62208,40.0,117476,0.0,3101120000.0,1990000.0,830,1344,2018-09-18 09:32:00
20180918 09:33,497.5,497.5,497.5,497.5,62214,6.0,117470,-6.0,3101420000.0,300000.0,292,445,2018-09-18 09:33:00
20180918 09:34,497.5,497.5,497.5,497.5,62330,116.0,117448,-22.0,3107190000.0,5770000.0,3072,1481,2018-09-18 09:34:00
20180918 09:35,498.0,498.5,498.0,498.5,63948,1618.0,117700,252.0,3187800000.0,80610000.0,9650,2889,2018-09-18 09:35:00
20180918 09:36,498.5,498.5,498.0,498.0,64620,672.0,117712,12.0,3221260000.0,33460000.0,7824,2687,2018-09-18 09:36:00
20180918 09:37,498.0,498.5,498.0,498.5,65352,732.0,117462,-250.0,3257750000.0,36490000.0,12351,3477,2018-09-18 09:37:00
20180918 09:38,498.5,498.5,498.0,498.0,65670,318.0,117758,296.0,3273590000.0,15840000.0,3020,1838,2018-09-18 09:38:00
20180918 09:39,498.0,498.0,498.0,498.0,66308,638.0,117718,-40.0,3305360000.0,31770000.0,1482,2543,2018-09-18 09:39:00
20180918 09:40,498.0,498.0,498.0,498.0,66308,0.0,117718,0.0,3305360000.0,0.0,469,551,2018-09-18 09:40:00
20180918 09:41,498.0,498.0,498.0,498.0,66344,36.0,117686,-32.0,3307150000.0,1790000.0,512,951,2018-09-18 09:41:00
20180918 09:42,498.0,498.0,498.0,498.0,66344,0.0,117686,0.0,3307150000.0,0.0,157,321,2018-09-18 09:42:00
20180918 09:43,498.0,498.0,498.0,498.0,66380,36.0,117680,-6.0,3308950000.0,1800000.0,530,1171,2018-09-18 09:43:00
20180918 09:44,497.5,497.5,497.0,497.0,66468,88.0,117704,24.0,3313330000.0,4380000.0,1424,1788,2018-09-18 09:44:00
20180918 09:45,497.0,497.5,497.0,497.0,67158,690.0,117428,-276.0,3347620000.0,34290000.0,2155,13581,2018-09-18 09:45:00
20180918 09:46,497.0,497.5,497.0,497.5,67404,246.0,117392,-36.0,3359860000.0,12240000.0,1697,10813,2018-09-18 09:46:00
20180918 09:47,497.5,497.5,497.5,497.5,67654,250.0,117216,-176.0,3372300000.0,12440000.0,1656,6876,2018-09-18 09:47:00
20180918 09:48,497.5,497.5,497.5,497.5,67738,84.0,117208,-8.0,3376480000.0,4180000.0,2176,4694,2018-09-18 09:48:00
20180918 09:49,497.5,497.5,497.5,497.5,67828,90.0,117192,-16.0,3380950000.0,4470000.0,926,952,2018-09-18 09:49:00
20180918 09:50,497.5,497.5,497.5,497.5,67846,18.0,117200,8.0,3381850000.0,900000.0,831,1359,2018-09-18 09:50:00
20180918 09:51,497.5,497.5,497.5,497.5,67846,0.0,117200,0.0,3381850000.0,0.0,364,194,2018-09-18 09:51:00
20180918 09:52,497.5,497.5,497.0,497.0,67848,2.0,117200,0.0,3381950000.0,100000.0,1051,501,2018-09-18 09:52:00
20180918 09:53,497.0,497.5,497.0,497.5,67954,106.0,117210,10.0,3387220000.0,5270000.0,1047,12928,2018-09-18 09:53:00
20180918 09:54,497.5,497.5,497.5,497.5,67964,10.0,117210,0.0,3387720000.0,500000.0,806,245,2018-09-18 09:54:00
20180918 09:55,497.5,498.0,497.5,498.0,67966,2.0,117210,0.0,3387820000.0,100000.0,945,646,2018-09-18 09:55:00
20180918 09:56,498.0,498.0,498.0,498.0,67970,4.0,117208,-2.0,3388020000.0,200000.0,611,768,2018-09-18 09:56:00
20180918 09:57,498.0,498.0,498.0,498.0,67972,2.0,117210,2.0,3388120000.0,100000.0,519,498,2018-09-18 09:57:00
20180918 09:58,498.0,498.0,498.0,498.0,67972,0.0,117210,0.0,3388120000.0,0.0,609,832,2018-09-18 09:58:00
20180918 09:59,498.0,498.0,498.0,498.0,67972,0.0,117210,0.0,3388120000.0,0.0,225,390,2018-09-18 09:59:00
20180918 10:00,498.0,498.0,497.5,497.5,68454,482.0,117548,338.0,3412100000.0,23980000.0,1602,1899,2018-09-18 10:00:00
20180918 10:01,497.5,497.5,497.5,497.5,68454,0.0,117548,0.0,3412100000.0,0.0,341,476,2018-09-18 10:01:00
20180918 10:02,497.5,497.5,497.5,497.5,68454,0.0,117548,0.0,3412100000.0,0.0,35,82,2018-09-18 10:02:00
20180918 10:03,497.5,498.5,497.5,498.5,69118,664.0,117358,-190.0,3445200000.0,33100000.0,5478,2261,2018-09-18 10:03:00
20180918 10:04,498.5,499.5,498.5,499.5,69974,856.0,117274,-84.0,3487910000.0,42710000.0,8340,2854,2018-09-18 10:04:00
20180918 10:05,499.5,500.0,499.5,500.0,70184,210.0,117236,-38.0,3498400000.0,10490000.0,7040,3237,2018-09-18 10:05:00
20180918 10:06,500.0,500.0,499.5,499.5,71638,1454.0,117242,6.0,3571080000.0,72680000.0,3662,5579,2018-09-18 10:06:00
20180918 10:07,499.5,499.5,499.0,499.0,71762,124.0,117254,12.0,3577270000.0,6190000.0,1216,3693,2018-09-18 10:07:00
20180918 10:08,499.0,499.0,499.0,499.0,71806,44.0,117238,-16.0,3579460000.0,2190000.0,946,647,2018-09-18 10:08:00
20180918 10:09,499.0,499.0,499.0,499.0,71940,134.0,117268,30.0,3586150000.0,6690000.0,2004,1314,2018-09-18 10:09:00
20180918 10:10,499.0,499.0,499.0,499.0,71966,26.0,117276,8.0,3587450000.0,1300000.0,3668,15026,2018-09-18 10:10:00
20180918 10:11,498.5,499.5,498.5,499.0,72286,320.0,117162,-114.0,3603410000.0,15960000.0,1987,6030,2018-09-18 10:11:00
20180918 10:12,499.0,499.5,499.0,499.0,72360,74.0,117120,-42.0,3607110000.0,3700000.0,1986,14259,2018-09-18 10:12:00
20180918 10:13,499.0,499.0,499.0,499.0,72364,4.0,117116,-4.0,3607310000.0,200000.0,1199,6660,2018-09-18 10:13:00
20180918 10:14,499.0,500.0,499.0,500.0,72544,180.0,117156,40.0,3616300000.0,8990000.0,1669,8819,2018-09-18 10:14:00
20180918 10:30,500.0,500.5,499.0,499.0,72978,434.0,117262,106.0,3637970000.0,21670000.0,2504,7025,2018-09-18 10:30:00
20180918 10:31,499.0,499.0,499.0,499.0,73034,56.0,117248,-14.0,3640760000.0,2790000.0,639,294,2018-09-18 10:31:00
20180918 10:32,499.0,499.5,499.0,499.5,73084,50.0,117254,6.0,3643260000.0,2500000.0,865,557,2018-09-18 10:32:00
20180918 10:33,499.5,500.0,499.5,500.0,73174,90.0,117232,-22.0,3647760000.0,4500000.0,2491,908,2018-09-18 10:33:00
20180918 10:34,500.0,500.0,499.5,499.5,73176,2.0,117234,2.0,3647860000.0,100000.0,991,350,2018-09-18 10:34:00
20180918 10:35,499.5,500.0,499.5,499.5,73672,496.0,117042,-192.0,3672640000.0,24780000.0,3108,16914,2018-09-18 10:35:00
20180918 10:36,499.5,499.5,499.5,499.5,76014,2342.0,117062,20.0,3789620000.0,116980000.0,2042,8232,2018-09-18 10:36:00
20180918 10:37,500.0,500.0,499.5,499.5,78530,2516.0,117514,452.0,3915290000.0,125670000.0,1482,891,2018-09-18 10:37:00
20180918 10:38,499.5,500.0,499.5,500.0,78532,2.0,117514,0.0,3915390000.0,100000.0,513,237,2018-09-18 10:38:00
20180918 10:39,500.0,500.0,499.5,499.5,79154,622.0,117280,-234.0,3946460000.0,31070000.0,963,5144,2018-09-18 10:39:00
20180918 10:40,499.5,500.0,499.5,500.0,79222,68.0,117288,8.0,3949860000.0,3400000.0,1364,796,2018-09-18 10:40:00
20180918 10:41,500.0,500.0,500.0,500.0,79222,0.0,117288,0.0,3949860000.0,0.0,291,424,2018-09-18 10:41:00
20180918 10:42,500.0,500.0,500.0,500.0,79222,0.0,117288,0.0,3949860000.0,0.0,380,434,2018-09-18 10:42:00
20180918 10:43,500.0,500.0,500.0,500.0,79222,0.0,117288,0.0,3949860000.0,0.0,386,431,2018-09-18 10:43:00
20180918 10:44,500.0,500.0,500.0,500.0,79226,4.0,117288,0.0,3950060000.0,200000.0,451,523,2018-09-18 10:44:00
20180918 10:45,500.0,500.0,500.0,500.0,79228,2.0,117290,2.0,3950160000.0,100000.0,404,624,2018-09-18 10:45:00
20180918 10:46,500.0,500.0,500.0,500.0,79230,2.0,117290,0.0,3950260000.0,100000.0,617,887,2018-09-18 10:46:00
20180918 10:47,499.5,499.5,499.0,499.0,79388,158.0,117276,-14.0,3958150000.0,7890000.0,591,1614,2018-09-18 10:47:00
20180918 10:48,499.0,499.0,499.0,499.0,80400,1012.0,117606,330.0,4008650000.0,50500000.0,2110,4126,2018-09-18 10:48:00
20180918 10:49,499.0,499.0,499.0,499.0,80400,0.0,117606,0.0,4008650000.0,0.0,130,177,2018-09-18 10:49:00
20180918 10:50,499.5,499.5,499.5,499.5,80520,120.0,117564,-42.0,4014650000.0,6000000.0,625,1600,2018-09-18 10:50:00
20180918 10:51,499.5,499.5,499.5,499.5,80520,0.0,117564,0.0,4014650000.0,0.0,88,76,2018-09-18 10:51:00
20180918 10:52,499.5,499.5,498.5,498.5,81020,500.0,117594,30.0,4039570000.0,24920000.0,1370,285,2018-09-18 10:52:00
20180918 10:53,498.5,498.5,498.5,498.5,81074,54.0,117624,30.0,4042260000.0,2690000.0,2278,847,2018-09-18 10:53:00
20180918 10:54,498.5,498.5,498.5,498.5,82506,1432.0,117356,-268.0,4113650000.0,71390000.0,1942,3923,2018-09-18 10:54:00
20180918 10:55,498.5,498.5,498.5,498.5,82536,30.0,117386,30.0,4115150000.0,1500000.0,440,91,2018-09-18 10:55:00
20180918 10:56,498.5,499.0,498.5,499.0,82772,236.0,117214,-172.0,4126910000.0,11760000.0,566,5566,2018-09-18 10:56:00
20180918 10:57,499.0,499.5,499.0,499.5,82916,144.0,117160,-54.0,4134100000.0,7190000.0,1668,8715,2018-09-18 10:57:00
20180918 10:58,499.5,499.5,499.5,499.5,82916,0.0,117160,0.0,4134100000.0,0.0,222,306,2018-09-18 10:58:00
20180918 10:59,499.5,499.5,499.5,499.5,82928,12.0,117164,4.0,4134700000.0,600000.0,199,400,2018-09-18 10:59:00
20180918 11:00,499.5,499.5,499.5,499.5,83018,90.0,117178,14.0,4139200000.0,4500000.0,752,838,2018-09-18 11:00:00
20180918 11:01,499.5,499.5,499.5,499.5,83564,546.0,117590,412.0,4166470000.0,27270000.0,955,1143,2018-09-18 11:01:00
20180918 11:02,499.5,499.5,499.5,499.5,83570,6.0,117590,0.0,4166770000.0,300000.0,526,266,2018-09-18 11:02:00
20180918 11:03,499.5,499.5,499.5,499.5,83570,0.0,117590,0.0,4166770000.0,0.0,250,135,2018-09-18 11:03:00
20180918 11:04,499.5,499.5,499.5,499.5,83570,0.0,117590,0.0,4166770000.0,0.0,262,162,2018-09-18 11:04:00
20180918 11:05,499.5,499.5,499.5,499.5,83570,0.0,117590,0.0,4166770000.0,0.0,41,27,2018-09-18 11:05:00
20180918 11:07,499.5,499.5,499.5,499.5,83570,0.0,117590,0.0,4166770000.0,0.0,47,27,2018-09-18 11:07:00
20180918 11:08,499.5,499.5,499.5,499.5,83572,2.0,117590,0.0,4166870000.0,100000.0,209,131,2018-09-18 11:08:00
20180918 11:09,499.5,499.5,499.5,499.5,83596,24.0,117588,-2.0,4168070000.0,1200000.0,393,937,2018-09-18 11:09:00
20180918 11:10,499.5,499.5,499.5,499.5,84136,540.0,117266,-322.0,4195040000.0,26970000.0,540,873,2018-09-18 11:10:00
20180918 11:11,499.5,499.5,499.5,499.5,84136,0.0,117266,0.0,4195040000.0,0.0,272,680,2018-09-18 11:11:00
20180918 11:12,499.5,499.5,499.0,499.0,84934,798.0,117622,356.0,4234900000.0,39860000.0,4754,18079,2018-09-18 11:12:00
20180918 11:13,499.0,499.5,499.0,499.5,85016,82.0,117704,82.0,4239000000.0,4100000.0,6884,24932,2018-09-18 11:13:00
20180918 11:14,499.5,499.5,499.0,499.5,85068,52.0,117756,52.0,4241590000.0,2590000.0,2894,3094,2018-09-18 11:14:00
20180918 11:15,499.5,499.5,499.5,499.5,85078,10.0,117766,10.0,4242090000.0,500000.0,1376,551,2018-09-18 11:15:00
20180918 11:16,499.5,499.5,499.5,499.5,85080,2.0,117768,2.0,4242190000.0,100000.0,100,48,2018-09-18 11:16:00
20180918 11:17,499.5,499.5,499.5,499.5,85082,2.0,117770,2.0,4242290000.0,100000.0,398,312,2018-09-18 11:17:00
20180918 11:18,499.5,499.5,499.5,499.5,85084,2.0,117772,2.0,4242390000.0,100000.0,394,312,2018-09-18 11:18:00
20180918 11:19,499.5,499.5,499.0,499.0,85192,108.0,117758,-14.0,4247780000.0,5390000.0,514,4891,2018-09-18 11:19:00
20180918 11:20,499.0,499.0,499.0,499.0,85194,2.0,117758,0.0,4247880000.0,100000.0,580,6409,2018-09-18 11:20:00
20180918 11:21,499.0,499.0,499.0,499.0,85194,0.0,117758,0.0,4247880000.0,0.0,266,2504,2018-09-18 11:21:00
20180918 11:22,499.0,499.0,498.0,498.0,86220,1026.0,117386,-372.0,4299060000.0,51180000.0,2290,15070,2018-09-18 11:22:00
20180918 11:23,498.0,498.5,498.0,498.5,86652,432.0,117318,-68.0,4320590000.0,21530000.0,2006,15859,2018-09-18 11:23:00
20180918 11:24,498.5,498.5,498.5,498.5,86970,318.0,117394,76.0,4336440000.0,15850000.0,1717,3822,2018-09-18 11:24:00
20180918 11:25,498.5,499.0,498.5,499.0,87580,610.0,117346,-48.0,4366860000.0,30420000.0,3700,3444,2018-09-18 11:25:00
20180918 11:26,499.0,499.0,498.5,499.0,90826,3246.0,117354,8.0,4528680000.0,161820000.0,6697,10422,2018-09-18 11:26:00
20180918 11:27,499.0,499.0,499.0,499.0,90830,4.0,117354,0.0,4528880000.0,200000.0,1491,403,2018-09-18 11:27:00
20180918 11:28,498.5,498.5,498.5,498.5,90836,6.0,117354,0.0,4529180000.0,300000.0,1220,987,2018-09-18 11:28:00
20180918 11:29,498.5,499.0,498.5,499.0,91188,352.0,117106,-248.0,4546740000.0,17560000.0,1485,1956,2018-09-18 11:29:00
20180918 13:30,499.0,499.0,499.0,499.0,91892,704.0,117210,104.0,4581870000.0,35130000.0,5494,1485,2018-09-18 13:30:00
20180918 13:31,499.0,499.5,499.0,499.5,92200,308.0,117098,-112.0,4597240000.0,15370000.0,4337,3117,2018-09-18 13:31:00
20180918 13:32,499.5,499.5,499.0,499.0,92252,52.0,117054,-44.0,4599840000.0,2600000.0,982,5003,2018-09-18 13:32:00
20180918 13:33,499.0,499.0,499.0,499.0,92494,242.0,117080,26.0,4611910000.0,12070000.0,3187,5257,2018-09-18 13:33:00
20180918 13:34,499.0,499.0,499.0,499.0,92494,0.0,117080,0.0,4611910000.0,0.0,1844,757,2018-09-18 13:34:00
20180918 13:35,499.0,500.0,499.0,500.0,92810,316.0,117180,100.0,4627700000.0,15790000.0,2897,6203,2018-09-18 13:35:00
20180918 13:36,500.0,500.0,500.0,500.0,95664,2854.0,117322,142.0,4770400000.0,142700000.0,858,8361,2018-09-18 13:36:00
20180918 13:37,500.0,500.0,500.0,500.0,96622,958.0,117350,28.0,4818300000.0,47900000.0,2429,4246,2018-09-18 13:37:00
20180918 13:38,500.0,500.0,499.5,500.0,96834,212.0,117340,-10.0,4828900000.0,10600000.0,908,5838,2018-09-18 13:38:00
20180918 13:39,500.0,500.5,500.0,500.0,97700,866.0,117666,326.0,4872200000.0,43300000.0,1567,8167,2018-09-18 13:39:00
20180918 13:40,500.0,500.5,500.0,500.0,97724,24.0,117666,0.0,4873410000.0,1210000.0,178,3551,2018-09-18 13:40:00
20180918 13:41,500.0,500.5,500.0,500.0,97962,238.0,117542,-124.0,4885320000.0,11910000.0,1335,6938,2018-09-18 13:41:00
20180918 13:42,500.0,500.5,499.5,500.0,98934,972.0,117696,154.0,4933920000.0,48600000.0,2250,4894,2018-09-18 13:42:00
20180918 13:43,500.0,500.0,500.0,500.0,106202,7268.0,117260,-436.0,5297320000.0,363400000.0,4905,15567,2018-09-18 13:43:00
20180918 13:44,500.0,500.0,500.0,500.0,110220,4018.0,117254,-6.0,5498220000.0,200900000.0,2837,12548,2018-09-18 13:44:00
20180918 13:45,500.0,500.0,500.0,500.0,110396,176.0,117312,58.0,5507020000.0,8800000.0,1568,4372,2018-09-18 13:45:00
20180918 13:46,500.0,500.0,500.0,500.0,110554,158.0,117238,-74.0,5514920000.0,7900000.0,1622,676,2018-09-18 13:46:00
20180918 13:47,500.0,500.5,500.0,500.5,110566,12.0,117248,10.0,5515520000.0,600000.0,2270,700,2018-09-18 13:47:00
20180918 13:48,500.5,500.5,500.0,500.0,110586,20.0,117248,0.0,5516520000.0,1000000.0,514,86,2018-09-18 13:48:00
20180918 13:49,500.0,500.5,500.0,500.0,110686,100.0,117200,-48.0,5521520000.0,5000000.0,1944,12931,2018-09-18 13:49:00
20180918 13:50,500.0,500.5,500.0,500.0,111096,410.0,117424,224.0,5542040000.0,20520000.0,2892,6809,2018-09-18 13:50:00
20180918 13:51,500.0,500.5,500.0,500.5,111214,118.0,117384,-40.0,5547950000.0,5910000.0,1618,4407,2018-09-18 13:51:00
20180918 13:52,500.5,500.5,500.5,500.5,111214,0.0,117384,0.0,5547950000.0,0.0,1145,373,2018-09-18 13:52:00
20180918 13:53,500.5,501.5,500.5,501.5,111538,324.0,117084,-300.0,5564190000.0,16240000.0,1988,1124,2018-09-18 13:53:00
20180918 13:54,502.5,504.0,502.5,503.0,112186,648.0,117240,156.0,5596790000.0,32600000.0,3933,7399,2018-09-18 13:54:00
20180918 13:55,503.0,503.0,502.5,503.0,112412,226.0,117314,74.0,5608150000.0,11360000.0,2653,7693,2018-09-18 13:55:00
20180918 13:56,503.0,503.0,502.0,502.5,112548,136.0,117304,-10.0,5614990000.0,6840000.0,2893,9289,2018-09-18 13:56:00
20180918 13:57,502.5,503.0,502.5,502.5,112820,272.0,117240,-64.0,5628650000.0,13660000.0,3308,11552,2018-09-18 13:57:00
20180918 13:58,502.5,502.5,502.5,502.5,113004,184.0,117306,66.0,5637900000.0,9250000.0,2868,6891,2018-09-18 13:58:00
20180918 13:59,502.0,502.5,502.0,502.5,113110,106.0,117310,4.0,5643220000.0,5320000.0,2438,4050,2018-09-18 13:59:00
20180918 14:00,502.5,503.0,502.5,503.0,113128,18.0,117306,-4.0,5644130000.0,910000.0,2364,530,2018-09-18 14:00:00
20180918 14:01,503.0,503.0,503.0,503.0,113130,2.0,117306,0.0,5644230000.0,100000.0,1103,510,2018-09-18 14:01:00
20180918 14:02,503.0,503.0,503.0,503.0,113164,34.0,117302,-4.0,5645940000.0,1710000.0,1482,602,2018-09-18 14:02:00
20180918 14:03,503.0,503.0,502.5,502.5,113200,36.0,117312,10.0,5647750000.0,1810000.0,2006,5136,2018-09-18 14:03:00
20180918 14:04,502.5,502.5,502.0,502.0,113206,6.0,117314,2.0,5648050000.0,300000.0,235,1687,2018-09-18 14:04:00
20180918 14:05,502.0,502.0,502.0,502.0,113210,4.0,117318,4.0,5648250000.0,200000.0,586,2362,2018-09-18 14:05:00
20180918 14:06,502.0,502.0,502.0,502.0,113254,44.0,117302,-16.0,5650460000.0,2210000.0,3709,8988,2018-09-18 14:06:00
20180918 14:08,502.5,503.0,502.5,503.0,113442,188.0,117338,36.0,5659910000.0,9450000.0,1168,4680,2018-09-18 14:08:00
20180918 14:09,503.0,503.0,502.5,502.5,113462,20.0,117334,-4.0,5660910000.0,1000000.0,769,3314,2018-09-18 14:09:00
20180918 14:10,503.0,503.0,502.5,502.5,113486,24.0,117326,-8.0,5662120000.0,1210000.0,942,1165,2018-09-18 14:10:00
20180918 14:11,502.5,503.0,502.5,503.0,113594,108.0,117316,-10.0,5667550000.0,5430000.0,2234,1229,2018-09-18 14:11:00
20180918 14:12,503.0,503.0,503.0,503.0,113594,0.0,117316,0.0,5667550000.0,0.0,516,382,2018-09-18 14:12:00
20180918 14:13,503.0,503.0,502.5,502.5,114164,570.0,117108,-208.0,5696200000.0,28650000.0,1025,591,2018-09-18 14:13:00
20180918 14:14,502.5,502.5,502.0,502.0,117050,2886.0,117338,230.0,5841150000.0,144950000.0,4604,10661,2018-09-18 14:14:00
20180918 14:15,502.0,502.0,502.0,502.0,117506,456.0,117288,-50.0,5864040000.0,22890000.0,1623,4755,2018-09-18 14:15:00
20180918 14:16,502.0,502.5,502.0,502.5,119796,2290.0,117350,62.0,5979070000.0,115030000.0,4669,638,2018-09-18 14:16:00
20180918 14:17,502.5,502.5,502.0,502.0,120134,338.0,117062,-288.0,5996060000.0,16990000.0,4856,7635,2018-09-18 14:17:00
20180918 14:18,502.0,502.5,502.0,502.5,120594,460.0,117190,128.0,6019150000.0,23090000.0,5323,3422,2018-09-18 14:18:00
20180918 14:19,502.5,502.5,502.5,502.5,120656,62.0,117184,-6.0,6022270000.0,3120000.0,2004,6044,2018-09-18 14:19:00
20180918 14:20,502.5,502.5,502.5,502.5,120954,298.0,117428,244.0,6037240000.0,14970000.0,1831,1706,2018-09-18 14:20:00
20180918 14:21,502.5,502.5,502.5,502.5,123766,2812.0,117664,236.0,6178550000.0,141310000.0,4944,10314,2018-09-18 14:21:00
20180918 14:22,502.5,502.5,502.5,502.5,124004,238.0,117512,-152.0,6190500000.0,11950000.0,1222,2650,2018-09-18 14:22:00
20180918 14:23,502.0,502.0,502.0,502.0,124174,170.0,117536,24.0,6199040000.0,8540000.0,1766,2363,2018-09-18 14:23:00
20180918 14:24,502.0,502.0,502.0,502.0,124238,64.0,117528,-8.0,6202250000.0,3210000.0,1305,1300,2018-09-18 14:24:00
20180918 14:25,502.0,502.0,502.0,502.0,124238,0.0,117528,0.0,6202250000.0,0.0,1578,417,2018-09-18 14:25:00
20180918 14:26,502.0,502.0,502.0,502.0,124350,112.0,117558,30.0,6207870000.0,5620000.0,910,2712,2018-09-18 14:26:00
20180918 14:27,502.0,502.5,502.0,502.0,125800,1450.0,117534,-24.0,6280660000.0,72790000.0,4587,1549,2018-09-18 14:27:00
20180918 14:28,502.0,502.0,502.0,502.0,127592,1792.0,117554,20.0,6370620000.0,89960000.0,5466,1664,2018-09-18 14:28:00
20180918 14:29,502.0,502.0,502.0,502.0,127592,0.0,117554,0.0,6370620000.0,0.0,2334,3058,2018-09-18 14:29:00
20180918 14:30,502.0,502.5,502.0,502.5,127962,370.0,117548,-6.0,6389220000.0,18600000.0,1729,5697,2018-09-18 14:30:00
20180918 14:31,502.5,502.5,502.5,502.5,127962,0.0,117548,0.0,6389220000.0,0.0,326,799,2018-09-18 14:31:00
20180918 14:32,502.5,502.5,502.5,502.5,128364,402.0,117504,-44.0,6409420000.0,20200000.0,564,1873,2018-09-18 14:32:00
20180918 14:33,502.5,502.5,502.5,502.5,129008,644.0,117512,8.0,6441780000.0,32360000.0,496,4169,2018-09-18 14:33:00
20180918 14:34,502.5,502.5,502.5,502.5,129510,502.0,117518,6.0,6467000000.0,25220000.0,3065,2423,2018-09-18 14:34:00
20180918 14:35,502.5,503.0,502.5,503.0,130470,960.0,117500,-18.0,6515290000.0,48290000.0,1782,1497,2018-09-18 14:35:00
20180918 14:36,503.0,503.0,502.5,502.5,130748,278.0,117598,98.0,6529260000.0,13970000.0,4669,2412,2018-09-18 14:36:00
20180918 14:37,502.5,503.0,502.5,503.0,131038,290.0,117638,40.0,6543850000.0,14590000.0,2983,1981,2018-09-18 14:37:00
20180918 14:38,503.0,503.0,503.0,503.0,132780,1742.0,117562,-76.0,6631470000.0,87620000.0,2860,5192,2018-09-18 14:38:00
20180918 14:39,503.0,503.0,503.0,503.0,132784,4.0,117558,-4.0,6631670000.0,200000.0,908,1331,2018-09-18 14:39:00
20180918 14:40,503.0,503.0,503.0,503.0,132878,94.0,117600,42.0,6636400000.0,4730000.0,1153,1145,2018-09-18 14:40:00
20180918 14:41,502.5,502.5,502.0,502.5,134668,1790.0,117674,74.0,6726340000.0,89940000.0,1854,1962,2018-09-18 14:41:00
20180918 14:42,502.5,503.0,502.5,502.5,135354,686.0,117610,-64.0,6760820000.0,34480000.0,2791,1709,2018-09-18 14:42:00
20180918 14:43,502.5,502.5,502.5,502.5,135380,26.0,117596,-14.0,6762120000.0,1300000.0,563,1854,2018-09-18 14:43:00
20180918 14:44,502.5,502.5,502.5,502.5,135650,270.0,117700,104.0,6775690000.0,13570000.0,914,890,2018-09-18 14:44:00
20180918 14:45,502.5,502.5,502.5,502.5,135808,158.0,117656,-44.0,6783630000.0,7940000.0,1973,3947,2018-09-18 14:45:00
20180918 14:46,502.5,502.5,502.5,502.5,135808,0.0,117656,0.0,6783630000.0,0.0,265,1304,2018-09-18 14:46:00
20180918 14:47,502.5,502.5,500.5,500.5,135922,114.0,117664,8.0,6789350000.0,5720000.0,743,3553,2018-09-18 14:47:00
20180918 14:48,500.5,500.5,500.5,500.5,136036,114.0,117712,48.0,6795050000.0,5700000.0,2229,5956,2018-09-18 14:48:00
20180918 14:49,501.0,501.5,501.0,501.0,136108,72.0,117730,18.0,6798660000.0,3610000.0,1860,3029,2018-09-18 14:49:00
20180918 14:50,501.0,501.0,500.5,500.5,136130,22.0,117728,-2.0,6799760000.0,1100000.0,1034,2284,2018-09-18 14:50:00
20180918 14:51,500.5,500.5,500.5,500.5,136130,0.0,117728,0.0,6799760000.0,0.0,225,978,2018-09-18 14:51:00
20180918 14:52,500.5,501.5,500.5,501.5,136218,88.0,117708,-20.0,6804170000.0,4410000.0,2123,2439,2018-09-18 14:52:00
20180918 14:53,501.5,502.0,501.5,501.5,136324,106.0,117722,14.0,6809490000.0,5320000.0,692,3835,2018-09-18 14:53:00
20180918 14:54,501.5,502.5,501.5,502.5,136442,118.0,117668,-54.0,6815420000.0,5930000.0,2489,1889,2018-09-18 14:54:00
20180918 14:55,502.5,503.0,502.5,502.5,136684,242.0,117462,-206.0,6827580000.0,12160000.0,4275,3303,2018-09-18 14:55:00
20180918 14:56,502.5,503.0,502.5,502.5,136704,20.0,117450,-12.0,6828590000.0,1010000.0,1470,1424,2018-09-18 14:56:00
20180918 14:57,502.5,503.0,502.0,502.5,136752,48.0,117450,0.0,6831000000.0,2410000.0,514,818,2018-09-18 14:57:00
20180918 14:58,502.5,502.5,502.0,502.0,136880,128.0,117446,-4.0,6837430000.0,6430000.0,4163,1268,2018-09-18 14:58:00
20180918 14:59,502.0,502.5,502.0,502.0,136904,24.0,117430,-16.0,6838630000.0,1200000.0,1790,583,2018-09-18 14:59:00
20180918 15:00,502.0,502.0,502.0,502.0,136904,0.0,117430,0.0,6838630000.0,0.0,2,32,2018-09-18 15:00:00
20180918 20:59,496.0,496.0,496.0,496.0,1818,1818.0,118090,660.0,90172800.0,90172800.0,105,1,2018-09-18 20:59:00
20180918 21:00,495.5,495.5,495.5,495.5,1992,174.0,117964,-126.0,98794600.0,8621800.0,432,490,2018-09-18 21:00:00
20180918 21:01,495.5,496.5,495.5,496.5,2188,196.0,117838,-126.0,108514000.0,9719400.0,2769,612,2018-09-18 21:01:00
20180918 21:02,496.5,496.5,496.0,496.0,2214,26.0,117828,-10.0,109804000.0,1290000.0,1748,600,2018-09-18 21:02:00
20180918 21:03,496.0,496.5,496.0,496.5,2232,18.0,117832,4.0,110697000.0,893000.0,696,802,2018-09-18 21:03:00
20180918 21:04,496.5,497.5,496.5,497.0,2430,198.0,117742,-90.0,120537000.0,9840000.0,6495,3473,2018-09-18 21:04:00
20180918 21:05,497.0,497.0,497.0,497.0,2816,386.0,117726,-16.0,139722000.0,19185000.0,5718,4838,2018-09-18 21:05:00
20180918 21:06,497.0,497.5,497.0,497.5,2856,40.0,117726,0.0,141712000.0,1990000.0,1934,2719,2018-09-18 21:06:00
20180918 21:07,497.5,497.5,497.5,497.5,3030,174.0,117668,-58.0,150368000.0,8656000.0,1802,2180,2018-09-18 21:07:00
20180918 21:08,497.5,497.5,497.5,497.5,3032,2.0,117666,-2.0,150468000.0,100000.0,439,134,2018-09-18 21:08:00
20180918 21:09,497.5,498.0,497.5,498.0,3094,62.0,117680,14.0,153555000.0,3087000.0,1536,1220,2018-09-18 21:09:00
20180918 21:10,498.0,498.5,498.0,498.5,3096,2.0,117682,2.0,153655000.0,100000.0,1488,713,2018-09-18 21:10:00
20180918 21:11,498.5,499.0,498.5,499.0,3974,878.0,118414,732.0,197463000.0,43808000.0,1511,10490,2018-09-18 21:11:00
20180918 21:12,499.0,499.0,498.5,498.5,4168,194.0,118396,-18.0,207141000.0,9678000.0,1555,8957,2018-09-18 21:12:00
20180918 21:13,498.5,498.5,498.0,498.5,4206,38.0,118384,-12.0,209035000.0,1894000.0,1662,15410,2018-09-18 21:13:00
20180918 21:14,498.5,498.5,498.5,498.5,5048,842.0,117686,-698.0,251008000.0,41973000.0,1909,3285,2018-09-18 21:14:00
20180918 21:15,498.5,499.0,498.5,498.5,5198,150.0,117746,60.0,258486000.0,7478000.0,2909,4451,2018-09-18 21:15:00
20180918 21:16,498.5,498.5,498.5,498.5,6236,1038.0,118558,812.0,310230000.0,51744000.0,1673,10627,2018-09-18 21:16:00
20180918 21:17,498.5,498.5,498.5,498.5,6238,2.0,118560,2.0,310330000.0,100000.0,1149,7253,2018-09-18 21:17:00
20180918 21:18,498.5,498.5,498.5,498.5,6238,0.0,118560,0.0,310330000.0,0.0,421,2610,2018-09-18 21:18:00
20180918 21:19,498.5,498.5,498.5,498.5,6238,0.0,118560,0.0,310330000.0,0.0,987,5220,2018-09-18 21:19:00
20180918 21:20,498.5,498.5,498.5,498.5,6238,0.0,118560,0.0,310330000.0,0.0,1148,7732,2018-09-18 21:20:00
20180918 21:21,498.5,498.5,498.5,498.5,6378,140.0,118582,22.0,317309000.0,6979000.0,1955,6753,2018-09-18 21:21:00
20180918 21:22,498.5,498.5,498.5,498.5,6384,6.0,118576,-6.0,317608000.0,299000.0,1232,242,2018-09-18 21:22:00
20180918 21:23,499.0,499.0,499.0,499.0,6416,32.0,118570,-6.0,319205000.0,1597000.0,1163,449,2018-09-18 21:23:00
20180918 21:24,499.0,499.0,499.0,499.0,15272,8856.0,117816,-754.0,761119000.0,441914000.0,6716,22562,2018-09-18 21:24:00
20180918 21:25,499.0,499.0,499.0,499.0,20908,5636.0,118646,830.0,1042360000.0,281241000.0,4093,11306,2018-09-18 21:25:00
20180918 21:26,499.0,499.0,498.5,498.5,20936,28.0,118642,-4.0,1043750000.0,1390000.0,1299,540,2018-09-18 21:26:00
20180918 21:27,498.5,498.5,498.5,498.5,20940,4.0,118638,-4.0,1043950000.0,200000.0,1200,267,2018-09-18 21:27:00
20180918 21:28,498.5,498.5,498.5,498.5,20940,0.0,118638,0.0,1043950000.0,0.0,860,292,2018-09-18 21:28:00
20180918 21:29,498.5,498.5,498.5,498.5,20944,4.0,118634,-4.0,1044150000.0,200000.0,2128,942,2018-09-18 21:29:00
20180918 21:30,498.5,499.0,498.5,499.0,20980,36.0,118634,0.0,1045950000.0,1800000.0,459,3866,2018-09-18 21:30:00
20180918 21:31,499.0,499.0,499.0,499.0,21870,890.0,117890,-744.0,1090360000.0,44410000.0,1984,7680,2018-09-18 21:31:00
20180918 21:32,499.0,499.0,499.0,499.0,21872,2.0,117892,2.0,1090460000.0,100000.0,2044,548,2018-09-18 21:32:00
20180918 21:33,499.5,499.5,499.5,499.5,22798,926.0,118718,826.0,1136710000.0,46250000.0,3591,2326,2018-09-18 21:33:00
20180918 21:34,499.5,499.5,499.0,499.0,23598,800.0,117942,-776.0,1176670000.0,39960000.0,1405,3995,2018-09-18 21:34:00
20180918 21:35,499.0,499.0,499.0,499.0,23782,184.0,117966,24.0,1185850000.0,9180000.0,538,1675,2018-09-18 21:35:00
20180918 21:36,499.0,499.0,498.5,498.5,24012,230.0,117846,-120.0,1197320000.0,11470000.0,1776,9806,2018-09-18 21:36:00
20180918 21:37,498.5,499.5,498.5,499.0,24260,248.0,117652,-194.0,1209700000.0,12380000.0,2190,5391,2018-09-18 21:37:00
20180918 21:38,499.0,499.0,499.0,499.0,24264,4.0,117652,0.0,1209900000.0,200000.0,2142,1931,2018-09-18 21:38:00
20180918 21:39,499.0,499.5,499.0,499.5,24574,310.0,117600,-52.0,1225370000.0,15470000.0,6297,2511,2018-09-18 21:39:00
20180918 21:40,499.5,499.5,499.5,499.5,25618,1044.0,118286,686.0,1277520000.0,52150000.0,9759,2740,2018-09-18 21:40:00
20180918 21:41,499.5,499.5,499.5,499.5,25620,2.0,118288,2.0,1277620000.0,100000.0,5360,909,2018-09-18 21:41:00
20180918 21:42,499.5,499.5,499.5,499.5,25660,40.0,118248,-40.0,1279610000.0,1990000.0,6137,1917,2018-09-18 21:42:00
20180918 21:43,499.5,499.5,499.5,499.5,25862,202.0,118238,-10.0,1289700000.0,10090000.0,4620,2650,2018-09-18 21:43:00
20180918 21:44,499.5,499.5,499.5,499.5,26852,990.0,117424,-814.0,1339160000.0,49460000.0,4778,4719,2018-09-18 21:44:00
20180918 21:45,499.5,499.5,499.0,499.0,26856,4.0,117424,0.0,1339350000.0,190000.0,2893,2716,2018-09-18 21:45:00
20180918 21:46,499.0,499.0,499.0,499.0,26856,0.0,117424,0.0,1339350000.0,0.0,2606,1820,2018-09-18 21:46:00
20180918 21:47,499.0,499.0,499.0,499.0,26856,0.0,117424,0.0,1339350000.0,0.0,2214,1520,2018-09-18 21:47:00
20180918 21:48,499.0,499.0,499.0,499.0,26856,0.0,117424,0.0,1339350000.0,0.0,725,818,2018-09-18 21:48:00
20180918 21:49,499.0,499.0,499.0,499.0,26856,0.0,117424,0.0,1339350000.0,0.0,1110,862,2018-09-18 21:49:00
20180918 21:50,499.0,499.0,499.0,499.0,26866,10.0,117414,-10.0,1339850000.0,500000.0,2675,1590,2018-09-18 21:50:00
20180918 21:51,499.0,499.0,499.0,499.0,26866,0.0,117414,0.0,1339850000.0,0.0,2266,1748,2018-09-18 21:51:00
20180918 21:52,499.0,499.5,499.0,499.5,26870,4.0,117410,-4.0,1340050000.0,200000.0,2268,1942,2018-09-18 21:52:00
20180918 21:53,499.5,499.5,499.5,499.5,26870,0.0,117410,0.0,1340050000.0,0.0,454,406,2018-09-18 21:53:00
20180918 21:54,499.5,499.5,499.5,499.5,26870,0.0,117410,0.0,1340050000.0,0.0,1809,1520,2018-09-18 21:54:00
20180918 21:55,499.5,499.5,499.5,499.5,26870,0.0,117410,0.0,1340050000.0,0.0,890,852,2018-09-18 21:55:00
20180918 21:56,499.5,499.5,499.5,499.5,26870,0.0,117410,0.0,1340050000.0,0.0,675,622,2018-09-18 21:56:00
20180918 21:57,499.5,499.5,499.5,499.5,26870,0.0,117410,0.0,1340050000.0,0.0,635,642,2018-09-18 21:57:00
20180918 21:58,499.5,499.5,499.5,499.5,26910,40.0,117410,0.0,1342050000.0,2000000.0,1233,1853,2018-09-18 21:58:00
20180918 21:59,499.5,499.5,499.5,499.5,27048,138.0,117276,-134.0,1348940000.0,6890000.0,1340,2715,2018-09-18 21:59:00
20180918 22:00,499.5,499.5,499.5,499.5,27238,190.0,117122,-154.0,1358440000.0,9500000.0,1493,2547,2018-09-18 22:00:00
20180918 22:01,499.5,499.5,499.5,499.5,27238,0.0,117122,0.0,1358440000.0,0.0,1222,3609,2018-09-18 22:01:00
20180918 22:02,499.5,499.5,499.5,499.5,27278,40.0,117148,26.0,1360430000.0,1990000.0,333,1787,2018-09-18 22:02:00
20180918 22:03,499.5,499.5,499.5,499.5,27280,2.0,117148,0.0,1360530000.0,100000.0,300,1191,2018-09-18 22:03:00
20180918 22:04,499.5,499.5,499.0,499.0,27400,120.0,117090,-58.0,1366520000.0,5990000.0,1708,2196,2018-09-18 22:04:00
20180918 22:05,499.0,499.5,499.0,499.5,28312,912.0,117830,740.0,1412080000.0,45560000.0,3130,1908,2018-09-18 22:05:00
20180918 22:06,499.5,499.5,499.5,499.5,28312,0.0,117830,0.0,1412080000.0,0.0,788,1811,2018-09-18 22:06:00
20180918 22:07,499.5,499.5,499.5,499.5,28322,10.0,117820,-10.0,1412570000.0,490000.0,1187,2562,2018-09-18 22:07:00
20180918 22:08,499.5,499.5,499.0,499.0,29646,1324.0,117088,-732.0,1478640000.0,66070000.0,1927,3682,2018-09-18 22:08:00
20180918 22:09,499.0,499.0,499.0,499.0,29656,10.0,117098,10.0,1479140000.0,500000.0,311,1640,2018-09-18 22:09:00
20180918 22:10,499.0,499.0,499.0,499.0,30578,922.0,117880,782.0,1525150000.0,46010000.0,5189,3062,2018-09-18 22:10:00
20180918 22:11,499.0,499.0,499.0,499.0,32174,1596.0,117866,-14.0,1604790000.0,79640000.0,2417,4885,2018-09-18 22:11:00
20180918 22:12,499.0,499.0,499.0,499.0,32948,774.0,117096,-770.0,1643410000.0,38620000.0,860,3602,2018-09-18 22:12:00
20180918 22:13,499.0,499.0,499.0,499.0,34522,1574.0,117100,4.0,1721950000.0,78540000.0,2418,3690,2018-09-18 22:13:00
20180918 22:14,499.0,499.0,499.0,499.0,36106,1584.0,117116,16.0,1801000000.0,79050000.0,4219,1478,2018-09-18 22:14:00
20180918 22:15,499.0,499.0,499.0,499.0,36106,0.0,117116,0.0,1801000000.0,0.0,1820,282,2018-09-18 22:15:00
20180918 22:16,499.0,499.0,499.0,499.0,36128,22.0,117112,-4.0,1802090000.0,1090000.0,1695,1566,2018-09-18 22:16:00
20180918 22:17,499.0,499.0,498.5,498.5,36132,4.0,117112,0.0,1802290000.0,200000.0,1469,3503,2018-09-18 22:17:00
20180918 22:18,498.5,498.5,498.5,498.5,36132,0.0,117112,0.0,1802290000.0,0.0,1542,2737,2018-09-18 22:18:00
20180918 22:19,498.5,498.5,498.5,498.5,36132,0.0,117112,0.0,1802290000.0,0.0,826,1458,2018-09-18 22:19:00
20180918 22:20,498.5,498.5,498.5,498.5,36172,40.0,117112,0.0,1804290000.0,2000000.0,510,313,2018-09-18 22:20:00
20180918 22:21,498.5,498.5,498.5,498.5,36436,264.0,117198,86.0,1817450000.0,13160000.0,237,4037,2018-09-18 22:21:00
20180918 22:22,498.5,498.5,498.5,498.5,37946,1510.0,116914,-284.0,1892720000.0,75270000.0,608,3471,2018-09-18 22:22:00
20180918 22:23,498.5,498.5,498.5,498.5,37950,4.0,116914,0.0,1892920000.0,200000.0,252,3423,2018-09-18 22:23:00
20180918 22:24,498.5,498.5,498.5,498.5,37990,40.0,116898,-16.0,1894920000.0,2000000.0,311,6317,2018-09-18 22:24:00
20180918 22:25,498.5,498.5,498.5,498.5,37990,0.0,116898,0.0,1894920000.0,0.0,167,2874,2018-09-18 22:25:00
20180918 22:26,498.5,498.5,498.5,498.5,37990,0.0,116898,0.0,1894920000.0,0.0,423,2900,2018-09-18 22:26:00
20180918 22:27,498.5,498.5,498.5,498.5,37990,0.0,116898,0.0,1894920000.0,0.0,431,3386,2018-09-18 22:27:00
20180918 22:28,498.5,498.5,498.5,498.5,37990,0.0,116898,0.0,1894920000.0,0.0,422,6274,2018-09-18 22:28:00
20180918 22:29,498.5,498.5,498.5,498.5,37998,8.0,116898,0.0,1895310000.0,390000.0,2262,1694,2018-09-18 22:29:00
20180918 22:30,498.5,499.0,498.5,499.0,38000,2.0,116898,0.0,1895410000.0,100000.0,785,1653,2018-09-18 22:30:00
20180918 22:31,499.0,499.0,499.0,499.0,38010,10.0,116890,-8.0,1895910000.0,500000.0,215,592,2018-09-18 22:31:00
20180918 22:32,499.0,499.0,499.0,499.0,38010,0.0,116890,0.0,1895910000.0,0.0,490,822,2018-09-18 22:32:00
20180918 22:33,499.0,499.0,499.0,499.0,38010,0.0,116890,0.0,1895910000.0,0.0,265,352,2018-09-18 22:33:00
20180918 22:34,499.0,499.0,499.0,499.0,38012,2.0,116892,2.0,1896010000.0,100000.0,312,585,2018-09-18 22:34:00
20180918 22:35,499.0,499.0,499.0,499.0,38012,0.0,116892,0.0,1896010000.0,0.0,359,585,2018-09-18 22:35:00
20180918 22:36,499.0,499.0,499.0,499.0,38128,116.0,116920,28.0,1901800000.0,5790000.0,2015,1183,2018-09-18 22:36:00
20180918 22:37,499.0,499.5,499.0,499.5,38130,2.0,116920,0.0,1901900000.0,100000.0,1953,2866,2018-09-18 22:37:00
20180918 22:38,499.5,499.5,499.0,499.0,38326,196.0,117020,100.0,1911680000.0,9780000.0,2407,4847,2018-09-18 22:38:00
20180918 22:39,499.0,499.0,498.5,498.5,38602,276.0,116986,-34.0,1925440000.0,13760000.0,2507,13095,2018-09-18 22:39:00
20180918 22:40,498.5,498.5,498.5,498.5,41714,3112.0,117860,874.0,2080570000.0,155130000.0,1366,6873,2018-09-18 22:40:00
20180918 22:41,498.5,498.5,498.5,498.5,45178,3464.0,118260,400.0,2253250000.0,172680000.0,2889,4781,2018-09-18 22:41:00
20180918 22:42,498.5,498.5,498.5,498.5,45334,156.0,118206,-54.0,2261030000.0,7780000.0,1972,3583,2018-09-18 22:42:00
20180918 22:43,498.5,498.5,498.5,498.5,45364,30.0,118236,30.0,2262530000.0,1500000.0,1747,869,2018-09-18 22:43:00
20180918 22:44,498.5,498.5,498.5,498.5,45366,2.0,118238,2.0,2262630000.0,100000.0,814,442,2018-09-18 22:44:00
20180918 22:45,498.5,498.5,498.5,498.5,45366,0.0,118238,0.0,2262630000.0,0.0,712,142,2018-09-18 22:45:00
20180918 22:46,498.5,498.5,498.5,498.5,45366,0.0,118238,0.0,2262630000.0,0.0,1220,316,2018-09-18 22:46:00
20180918 22:47,498.5,498.5,498.5,498.5,45454,88.0,118234,-4.0,2267010000.0,4380000.0,1479,3641,2018-09-18 22:47:00
20180918 22:48,498.5,498.5,498.5,498.5,45490,36.0,118270,36.0,2268810000.0,1800000.0,232,3735,2018-09-18 22:48:00
20180918 22:49,498.5,498.5,498.5,498.5,47898,2408.0,117622,-648.0,2388850000.0,120040000.0,887,846,2018-09-18 22:49:00
20180918 22:50,498.5,498.5,498.5,498.5,47898,0.0,117622,0.0,2388850000.0,0.0,118,20,2018-09-18 22:50:00
20180918 22:51,498.5,498.5,498.5,498.5,47934,36.0,117592,-30.0,2390640000.0,1790000.0,363,2289,2018-09-18 22:51:00
20180918 22:52,498.5,498.5,498.5,498.5,47960,26.0,117618,26.0,2391940000.0,1300000.0,892,2300,2018-09-18 22:52:00
20180918 22:53,498.5,498.5,498.5,498.5,49894,1934.0,118094,476.0,2488350000.0,96410000.0,315,3856,2018-09-18 22:53:00
20180918 22:54,498.5,498.5,498.5,498.5,49894,0.0,118094,0.0,2488350000.0,0.0,740,6599,2018-09-18 22:54:00
20180918 22:55,498.5,498.5,498.5,498.5,49898,4.0,118092,-2.0,2488550000.0,200000.0,468,6008,2018-09-18 22:55:00
20180918 22:56,498.5,498.5,498.5,498.5,49898,0.0,118092,0.0,2488550000.0,0.0,539,5177,2018-09-18 22:56:00
20180918 22:57,498.5,498.5,498.5,498.5,49912,14.0,118092,0.0,2489240000.0,690000.0,185,4506,2018-09-18 22:57:00
20180918 22:58,498.5,498.5,498.0,498.5,50060,148.0,117996,-96.0,2496620000.0,7380000.0,928,3006,2018-09-18 22:58:00
20180918 22:59,498.5,498.5,498.0,498.0,52282,2222.0,117956,-40.0,2607380000.0,110760000.0,327,7060,2018-09-18 22:59:00
20180918 23:00,498.0,499.0,498.0,498.5,52468,186.0,117940,-16.0,2616660000.0,9280000.0,2168,8483,2018-09-18 23:00:00
20180918 23:01,498.5,498.5,498.5,498.5,52468,0.0,117940,0.0,2616660000.0,0.0,167,2249,2018-09-18 23:01:00
20180918 23:02,498.5,498.5,498.5,498.5,52468,0.0,117940,0.0,2616660000.0,0.0,938,5768,2018-09-18 23:02:00
20180918 23:03,498.5,498.5,498.5,498.5,52524,56.0,117936,-4.0,2619450000.0,2790000.0,3087,5943,2018-09-18 23:03:00
20180918 23:04,498.5,498.5,498.5,498.5,52524,0.0,117936,0.0,2619450000.0,0.0,526,221,2018-09-18 23:04:00
20180918 23:05,498.5,498.5,498.5,498.5,54538,2014.0,117848,-88.0,2719850000.0,100400000.0,1209,1577,2018-09-18 23:05:00
20180918 23:06,498.5,498.5,498.5,498.5,54538,0.0,117848,0.0,2719850000.0,0.0,625,753,2018-09-18 23:06:00
20180918 23:07,498.5,498.5,498.5,498.5,54538,0.0,117848,0.0,2719850000.0,0.0,269,540,2018-09-18 23:07:00
20180918 23:08,498.5,498.5,498.5,498.5,54538,0.0,117848,0.0,2719850000.0,0.0,412,624,2018-09-18 23:08:00
20180918 23:09,498.5,498.5,498.5,498.5,54538,0.0,117848,0.0,2719850000.0,0.0,202,418,2018-09-18 23:09:00
20180918 23:10,498.5,498.5,498.5,498.5,54540,2.0,117850,2.0,2719950000.0,100000.0,371,757,2018-09-18 23:10:00
20180918 23:11,498.5,498.5,498.5,498.5,54540,0.0,117850,0.0,2719950000.0,0.0,129,354,2018-09-18 23:11:00
20180918 23:12,498.5,498.5,498.5,498.5,54540,0.0,117850,0.0,2719950000.0,0.0,96,238,2018-09-18 23:12:00
20180918 23:13,498.5,498.5,498.5,498.5,54540,0.0,117850,0.0,2719950000.0,0.0,38,118,2018-09-18 23:13:00
20180918 23:16,498.5,498.5,498.5,498.5,54540,0.0,117850,0.0,2719950000.0,0.0,142,472,2018-09-18 23:16:00
20180918 23:18,498.5,498.5,498.5,498.5,54540,0.0,117850,0.0,2719950000.0,0.0,178,472,2018-09-18 23:18:00
20180918 23:19,498.5,498.5,498.5,498.5,54540,0.0,117850,0.0,2719950000.0,0.0,33,118,2018-09-18 23:19:00
20180918 23:20,498.5,498.5,498.5,498.5,54540,0.0,117850,0.0,2719950000.0,0.0,227,718,2018-09-18 23:20:00
20180918 23:21,498.5,498.5,498.5,498.5,54540,0.0,117850,0.0,2719950000.0,0.0,37,122,2018-09-18 23:21:00
20180918 23:22,498.5,498.5,498.5,498.5,54540,0.0,117850,0.0,2719950000.0,0.0,171,319,2018-09-18 23:22:00
20180918 23:23,498.5,499.0,498.5,499.0,54592,52.0,117844,-6.0,2722540000.0,2590000.0,213,530,2018-09-18 23:23:00
20180918 23:24,499.0,499.0,499.0,499.0,54592,0.0,117844,0.0,2722540000.0,0.0,36,93,2018-09-18 23:24:00
20180918 23:25,498.5,498.5,498.5,498.5,54632,40.0,117844,0.0,2724540000.0,2000000.0,298,430,2018-09-18 23:25:00
20180918 23:26,498.5,498.5,498.5,498.5,54632,0.0,117844,0.0,2724540000.0,0.0,431,3066,2018-09-18 23:26:00
20180918 23:27,498.5,499.0,498.5,498.5,54988,356.0,117750,-94.0,2742280000.0,17740000.0,1791,2668,2018-09-18 23:27:00
20180918 23:28,499.0,499.0,498.0,498.0,55080,92.0,117692,-58.0,2746870000.0,4590000.0,1436,3787,2018-09-18 23:28:00
20180918 23:29,498.0,498.0,498.0,498.0,55112,32.0,117660,-32.0,2748460000.0,1590000.0,154,4937,2018-09-18 23:29:00
20180918 23:30,498.0,498.0,498.0,498.0,55112,0.0,117660,0.0,2748460000.0,0.0,1,483,2018-09-18 23:30:00
20180919 20:59,502.0,502.0,502.0,502.0,1050,1050.0,117808,148.0,52710000.0,52710000.0,1,1,2018-09-19 20:59:00
20180919 21:00,504.0,505.0,504.0,504.5,1436,386.0,117844,36.0,72185900.0,19475900.0,801,2938,2018-09-19 21:00:00
20180919 21:01,504.5,505.5,504.0,504.0,1582,146.0,117832,-12.0,79558000.0,7372100.0,2078,4176,2018-09-19 21:01:00
20180919 21:02,504.0,505.5,504.0,505.5,1916,334.0,117798,-34.0,96421100.0,16863100.0,2492,3097,2018-09-19 21:02:00
20180919 21:03,505.5,508.0,505.5,508.0,2912,996.0,117942,144.0,146961000.0,50539900.0,4402,3669,2018-09-19 21:03:00
20180919 21:04,508.0,509.0,507.5,507.5,3504,592.0,117768,-174.0,177048000.0,30087000.0,9142,2511,2018-09-19 21:04:00
20180919 21:05,507.5,507.5,506.5,506.5,3780,276.0,117718,-50.0,191048000.0,14000000.0,4169,2881,2018-09-19 21:05:00
20180919 21:06,506.5,507.0,506.5,506.5,3842,62.0,117750,32.0,194189000.0,3141000.0,969,931,2018-09-19 21:06:00
20180919 21:07,506.5,507.0,506.5,506.5,4170,328.0,117702,-48.0,210802000.0,16613000.0,1692,2072,2018-09-19 21:07:00
20180919 21:08,506.5,507.0,506.0,507.0,4238,68.0,117704,2.0,214247000.0,3445000.0,2221,2168,2018-09-19 21:08:00
20180919 21:09,507.0,507.5,507.0,507.5,4302,64.0,117684,-20.0,217493000.0,3246000.0,6757,6982,2018-09-19 21:09:00
20180919 21:10,507.5,507.5,507.0,507.5,4354,52.0,117686,2.0,220131000.0,2638000.0,4349,9716,2018-09-19 21:10:00
20180919 21:11,507.5,507.5,506.5,506.5,4574,220.0,117742,56.0,231285000.0,11154000.0,2350,11293,2018-09-19 21:11:00
20180919 21:12,506.5,507.0,506.5,507.0,4816,242.0,117774,32.0,243549000.0,12264000.0,3017,13674,2018-09-19 21:12:00
20180919 21:13,507.0,507.0,507.0,507.0,4866,50.0,117770,-4.0,246084000.0,2535000.0,2919,5332,2018-09-19 21:13:00
20180919 21:14,507.0,507.5,507.0,507.0,4984,118.0,117784,14.0,252071000.0,5987000.0,6894,2328,2018-09-19 21:14:00
20180919 21:15,507.0,507.5,507.0,507.0,5112,128.0,117908,124.0,258567000.0,6496000.0,3746,10803,2018-09-19 21:15:00
20180919 21:16,507.0,507.0,507.0,507.0,5112,0.0,117908,0.0,258567000.0,0.0,1785,6807,2018-09-19 21:16:00
20180919 21:17,507.0,507.0,507.0,507.0,5112,0.0,117908,0.0,258567000.0,0.0,2206,6691,2018-09-19 21:17:00
20180919 21:18,507.0,507.0,507.0,507.0,5112,0.0,117908,0.0,258567000.0,0.0,1078,3740,2018-09-19 21:18:00
20180919 21:19,507.0,507.5,507.0,507.5,5292,180.0,118010,102.0,267702000.0,9135000.0,1773,7168,2018-09-19 21:19:00
20180919 21:20,507.5,508.0,507.5,507.5,5356,64.0,118010,0.0,270950000.0,3248000.0,2230,7624,2018-09-19 21:20:00
20180919 21:21,507.5,507.5,507.0,507.0,6358,1002.0,118894,884.0,321752000.0,50802000.0,1922,7429,2018-09-19 21:21:00
20180919 21:22,507.0,507.5,507.0,507.5,8302,1944.0,118896,2.0,420363000.0,98611000.0,8462,6696,2018-09-19 21:22:00
20180919 21:23,507.5,507.5,507.0,507.0,9348,1046.0,118000,-896.0,473396000.0,53033000.0,2910,4141,2018-09-19 21:23:00
20180919 21:24,507.0,507.0,507.0,507.0,10548,1200.0,118568,568.0,534236000.0,60840000.0,9998,3893,2018-09-19 21:24:00
20180919 21:25,507.0,507.0,507.0,507.0,12000,1452.0,117726,-842.0,607852000.0,73616000.0,3621,9827,2018-09-19 21:25:00
20180919 21:26,507.0,507.0,507.0,507.0,12000,0.0,117726,0.0,607852000.0,0.0,858,4603,2018-09-19 21:26:00
20180919 21:27,507.0,507.0,507.0,507.0,12000,0.0,117726,0.0,607852000.0,0.0,817,4527,2018-09-19 21:27:00
20180919 21:28,507.0,507.0,506.5,506.5,12082,82.0,117708,-18.0,612005000.0,4153000.0,1078,3005,2018-09-19 21:28:00
20180919 21:29,506.5,506.5,506.5,506.5,13310,1228.0,118564,856.0,674204000.0,62199000.0,1603,9121,2018-09-19 21:29:00
20180919 21:30,506.5,506.5,506.5,506.5,13312,2.0,118566,2.0,674305000.0,101000.0,897,4750,2018-09-19 21:30:00
20180919 21:31,506.5,506.5,506.5,506.5,13312,0.0,118566,0.0,674305000.0,0.0,1070,2680,2018-09-19 21:31:00
20180919 21:32,506.5,506.5,506.5,506.5,13312,0.0,118566,0.0,674305000.0,0.0,1115,4183,2018-09-19 21:32:00
20180919 21:33,506.5,506.5,506.5,506.5,14406,1094.0,117728,-838.0,729716000.0,55411000.0,2626,6392,2018-09-19 21:33:00
20180919 21:34,506.5,506.5,506.5,506.5,14548,142.0,117758,30.0,736908000.0,7192000.0,4338,12122,2018-09-19 21:34:00
20180919 21:35,506.5,506.5,506.5,506.5,15574,1026.0,118664,906.0,788875000.0,51967000.0,2041,5896,2018-09-19 21:35:00
20180919 21:36,506.5,506.5,505.5,505.5,17736,2162.0,118700,36.0,898218000.0,109343000.0,3044,8676,2018-09-19 21:36:00
20180919 21:37,505.5,506.0,505.5,506.0,18026,290.0,118678,-22.0,912891000.0,14673000.0,3044,3124,2018-09-19 21:37:00
20180919 21:38,506.0,506.0,506.0,506.0,18038,12.0,118680,2.0,913499000.0,608000.0,1573,574,2018-09-19 21:38:00
20180919 21:39,506.0,506.0,506.0,506.0,18134,96.0,118700,20.0,918356000.0,4857000.0,1354,490,2018-09-19 21:39:00
20180919 21:40,506.0,506.5,506.0,506.5,19368,1234.0,118716,16.0,980858000.0,62502000.0,1413,2250,2018-09-19 21:40:00
20180919 21:41,506.5,506.5,506.0,506.0,19390,22.0,118714,-2.0,981973000.0,1115000.0,2286,1551,2018-09-19 21:41:00
20180919 21:42,506.0,506.0,506.0,506.0,19392,2.0,118714,0.0,982074000.0,101000.0,1779,1077,2018-09-19 21:42:00
20180919 21:43,506.0,506.0,506.0,506.0,19392,0.0,118714,0.0,982074000.0,0.0,1195,651,2018-09-19 21:43:00
20180919 21:44,506.0,506.0,506.0,506.0,19392,0.0,118714,0.0,982074000.0,0.0,1425,796,2018-09-19 21:44:00
20180919 21:45,506.0,506.0,506.0,506.0,19392,0.0,118714,0.0,982074000.0,0.0,732,298,2018-09-19 21:45:00
20180919 21:47,506.0,506.0,506.0,506.0,19392,0.0,118714,0.0,982074000.0,0.0,972,460,2018-09-19 21:47:00
20180919 21:48,506.0,506.5,506.0,506.5,19504,112.0,118658,-56.0,987747000.0,5673000.0,1174,1367,2018-09-19 21:48:00
20180919 21:49,506.5,506.5,506.0,506.5,19512,8.0,118658,0.0,988152000.0,405000.0,1063,1202,2018-09-19 21:49:00
20180919 21:50,506.5,506.5,506.0,506.5,19660,148.0,118516,-142.0,995648000.0,7496000.0,3384,1194,2018-09-19 21:50:00
20180919 21:51,506.5,506.5,506.5,506.5,19708,48.0,118486,-30.0,998079000.0,2431000.0,3099,1584,2018-09-19 21:51:00
20180919 21:52,506.5,506.5,506.5,506.5,19708,0.0,118486,0.0,998079000.0,0.0,820,1106,2018-09-19 21:52:00
20180919 21:53,506.5,506.5,506.5,506.5,19708,0.0,118486,0.0,998079000.0,0.0,578,1014,2018-09-19 21:53:00
20180919 21:54,506.5,506.5,506.5,506.5,19708,0.0,118486,0.0,998079000.0,0.0,566,933,2018-09-19 21:54:00
20180919 21:55,506.5,506.5,506.5,506.5,19708,0.0,118486,0.0,998079000.0,0.0,624,1131,2018-09-19 21:55:00
20180919 21:56,506.5,506.5,506.5,506.5,19708,0.0,118486,0.0,998079000.0,0.0,834,829,2018-09-19 21:56:00
20180919 21:57,506.5,506.5,506.5,506.5,19708,0.0,118486,0.0,998079000.0,0.0,678,842,2018-09-19 21:57:00
20180919 21:58,506.5,506.5,506.5,506.5,19708,0.0,118486,0.0,998079000.0,0.0,666,1231,2018-09-19 21:58:00
20180919 21:59,506.5,506.5,506.5,506.5,19718,10.0,118488,2.0,998585000.0,506000.0,1531,2021,2018-09-19 21:59:00
20180919 22:00,506.5,506.5,506.5,506.5,19734,16.0,118494,6.0,999396000.0,811000.0,1038,561,2018-09-19 22:00:00
20180919 22:02,506.0,506.0,505.5,505.5,19898,164.0,118516,22.0,1007690000.0,8294000.0,1528,3605,2018-09-19 22:02:00
20180919 22:03,505.5,506.0,505.5,506.0,19902,4.0,118516,0.0,1007890000.0,200000.0,956,3114,2018-09-19 22:03:00
20180919 22:04,506.0,506.0,505.5,505.5,20096,194.0,118568,52.0,1017710000.0,9820000.0,4967,4437,2018-09-19 22:04:00
20180919 22:05,505.5,505.5,505.5,505.5,20102,6.0,118568,0.0,1018010000.0,300000.0,5731,2031,2018-09-19 22:05:00
20180919 22:06,505.5,505.5,505.5,505.5,20102,0.0,118568,0.0,1018010000.0,0.0,4048,1396,2018-09-19 22:06:00
20180919 22:07,505.5,505.5,505.0,505.0,20460,358.0,118692,124.0,1036100000.0,18090000.0,7459,1965,2018-09-19 22:07:00
20180919 22:08,505.0,505.0,505.0,505.0,23268,2808.0,117782,-910.0,1177910000.0,141810000.0,4098,3338,2018-09-19 22:08:00
20180919 22:09,505.0,505.0,505.0,505.0,24272,1004.0,118716,934.0,1228610000.0,50700000.0,1547,2320,2018-09-19 22:09:00
20180919 22:10,505.0,505.0,504.5,504.5,25244,972.0,117790,-926.0,1277650000.0,49040000.0,3081,2264,2018-09-19 22:10:00
20180919 22:11,504.5,504.5,504.5,504.5,27192,1948.0,117788,-2.0,1375920000.0,98270000.0,2278,2633,2018-09-19 22:11:00
20180919 22:12,504.5,504.5,504.0,504.5,27230,38.0,117792,4.0,1377840000.0,1920000.0,606,1706,2018-09-19 22:12:00
20180919 22:13,505.0,505.0,505.0,505.0,27240,10.0,117796,4.0,1378340000.0,500000.0,381,1291,2018-09-19 22:13:00
20180919 22:14,505.0,505.0,505.0,505.0,27240,0.0,117796,0.0,1378340000.0,0.0,414,1439,2018-09-19 22:14:00
20180919 22:15,505.0,505.5,505.0,505.5,28412,1172.0,118644,848.0,1437540000.0,59200000.0,4893,1705,2018-09-19 22:15:00
20180919 22:16,505.5,505.5,505.5,505.5,29818,1406.0,118846,202.0,1508610000.0,71070000.0,3133,1047,2018-09-19 22:16:00
20180919 22:17,505.5,505.5,505.5,505.5,29818,0.0,118846,0.0,1508610000.0,0.0,2039,117,2018-09-19 22:17:00
20180919 22:18,505.5,505.5,505.5,505.5,29820,2.0,118846,0.0,1508710000.0,100000.0,2010,126,2018-09-19 22:18:00
20180919 22:19,505.5,505.5,505.5,505.5,29822,2.0,118846,0.0,1508810000.0,100000.0,1492,186,2018-09-19 22:19:00
20180919 22:20,505.5,505.5,505.5,505.5,29822,0.0,118846,0.0,1508810000.0,0.0,756,112,2018-09-19 22:20:00
20180919 22:21,505.5,505.5,505.5,505.5,31116,1294.0,118830,-16.0,1574230000.0,65420000.0,1809,1724,2018-09-19 22:21:00
20180919 22:22,505.5,505.5,505.5,505.5,31372,256.0,118872,42.0,1587170000.0,12940000.0,1762,1536,2018-09-19 22:22:00
20180919 22:23,505.5,505.5,505.5,505.5,31372,0.0,118872,0.0,1587170000.0,0.0,33,121,2018-09-19 22:23:00
20180919 22:24,505.5,505.5,505.5,505.5,31372,0.0,118872,0.0,1587170000.0,0.0,393,815,2018-09-19 22:24:00
20180919 22:25,505.5,505.5,505.5,505.5,31372,0.0,118872,0.0,1587170000.0,0.0,171,325,2018-09-19 22:25:00
20180919 22:26,505.5,506.0,505.5,506.0,33944,2572.0,118998,126.0,1717180000.0,130010000.0,1854,2312,2018-09-19 22:26:00
20180919 22:27,505.5,505.5,505.5,505.5,36130,2186.0,119058,60.0,1827680000.0,110500000.0,4481,634,2018-09-19 22:27:00
20180919 22:28,505.5,505.5,505.0,505.0,36184,54.0,119062,4.0,1830410000.0,2730000.0,4829,578,2018-09-19 22:28:00
20180919 22:29,505.0,505.0,505.0,505.0,36184,0.0,119062,0.0,1830410000.0,0.0,4849,687,2018-09-19 22:29:00
20180919 22:30,505.0,506.0,505.0,506.0,36284,100.0,119154,92.0,1835470000.0,5060000.0,2215,497,2018-09-19 22:30:00
20180919 22:31,505.5,505.5,505.5,505.5,36398,114.0,119118,-36.0,1841240000.0,5770000.0,2140,363,2018-09-19 22:31:00
20180919 22:32,505.5,505.5,505.5,505.5,36398,0.0,119118,0.0,1841240000.0,0.0,2508,497,2018-09-19 22:32:00
20180919 22:33,505.5,505.5,505.0,505.0,36406,8.0,119126,8.0,1841640000.0,400000.0,4812,662,2018-09-19 22:33:00
20180919 22:34,505.0,505.5,505.0,505.0,38422,2016.0,119168,42.0,1943450000.0,101810000.0,6212,847,2018-09-19 22:34:00
20180919 22:35,505.5,505.5,505.5,505.5,38466,44.0,119160,-8.0,1945670000.0,2220000.0,2619,636,2018-09-19 22:35:00
20180919 22:36,505.5,505.5,505.5,505.5,38468,2.0,119158,-2.0,1945770000.0,100000.0,3849,1216,2018-09-19 22:36:00
20180919 22:37,505.5,505.5,505.0,505.0,38804,336.0,119072,-86.0,1962740000.0,16970000.0,5154,1585,2018-09-19 22:37:00
20180919 22:38,505.0,505.0,505.0,505.0,38806,2.0,119072,0.0,1962840000.0,100000.0,3728,1124,2018-09-19 22:38:00
20180919 22:39,505.0,505.0,505.0,505.0,38806,0.0,119072,0.0,1962840000.0,0.0,1912,602,2018-09-19 22:39:00
20180919 22:40,505.5,505.5,505.5,505.5,39836,1030.0,118198,-874.0,2014910000.0,52070000.0,3723,637,2018-09-19 22:40:00
20180919 22:41,505.5,505.5,505.5,505.5,40626,790.0,118950,752.0,2054840000.0,39930000.0,2693,1512,2018-09-19 22:41:00
20180919 22:42,505.5,505.5,505.5,505.5,41482,856.0,118310,-640.0,2098120000.0,43280000.0,2518,1488,2018-09-19 22:42:00
20180919 22:43,505.5,505.5,505.5,505.5,45562,4080.0,118366,56.0,2304360000.0,206240000.0,2267,2436,2018-09-19 22:43:00
20180919 22:44,505.5,505.5,505.5,505.5,47396,1834.0,118384,18.0,2397070000.0,92710000.0,2922,1576,2018-09-19 22:44:00
20180919 22:45,505.5,505.5,505.5,505.5,47478,82.0,118456,72.0,2401210000.0,4140000.0,1269,841,2018-09-19 22:45:00
20180919 22:46,505.5,505.5,505.5,505.5,47518,40.0,118496,40.0,2403230000.0,2020000.0,806,2011,2018-09-19 22:46:00
20180919 22:47,505.5,505.5,505.5,505.5,47586,68.0,118496,0.0,2406670000.0,3440000.0,1525,1545,2018-09-19 22:47:00
20180919 22:48,505.5,505.5,505.0,505.5,50400,2814.0,119412,916.0,2548920000.0,142250000.0,4607,2663,2018-09-19 22:48:00
20180919 22:49,505.5,505.5,505.5,505.5,50440,40.0,119432,20.0,2550940000.0,2020000.0,983,2001,2018-09-19 22:49:00
20180919 22:50,505.5,505.5,505.5,505.5,50440,0.0,119432,0.0,2550940000.0,0.0,528,737,2018-09-19 22:50:00
20180919 22:51,505.5,505.5,505.5,505.5,50440,0.0,119432,0.0,2550940000.0,0.0,560,695,2018-09-19 22:51:00
20180919 22:52,505.5,505.5,505.5,505.5,51586,1146.0,118654,-778.0,2608870000.0,57930000.0,1691,1118,2018-09-19 22:52:00
20180919 22:53,505.5,505.5,505.5,505.5,51710,124.0,118658,4.0,2615140000.0,6270000.0,3620,740,2018-09-19 22:53:00
20180919 22:54,505.5,505.5,505.5,505.5,51730,20.0,118658,0.0,2616150000.0,1010000.0,4776,707,2018-09-19 22:54:00
20180919 22:55,505.5,505.5,504.5,504.5,53264,1534.0,118678,20.0,2693620000.0,77470000.0,2808,2698,2018-09-19 22:55:00
20180919 22:56,504.5,505.0,504.5,505.0,53304,40.0,118684,6.0,2695640000.0,2020000.0,653,1044,2018-09-19 22:56:00
20180919 22:57,505.0,505.0,503.5,504.0,54552,1248.0,117914,-770.0,2758560000.0,62920000.0,2905,3084,2018-09-19 22:57:00
20180919 22:58,504.0,504.5,504.0,504.5,56014,1462.0,117818,-96.0,2832310000.0,73750000.0,2231,2493,2018-09-19 22:58:00
20180919 22:59,504.5,504.5,504.5,504.5,56464,450.0,117858,40.0,2855010000.0,22700000.0,1851,1760,2018-09-19 22:59:00
20180919 23:00,505.0,505.0,505.0,505.0,56576,112.0,117816,-42.0,2860670000.0,5660000.0,790,722,2018-09-19 23:00:00
20180919 23:01,505.0,505.0,505.0,505.0,56576,0.0,117816,0.0,2860670000.0,0.0,204,123,2018-09-19 23:01:00
20180919 23:02,505.0,505.0,505.0,505.0,56586,10.0,117816,0.0,2861180000.0,510000.0,260,152,2018-09-19 23:02:00
20180919 23:03,505.0,505.0,505.0,505.0,56626,40.0,117820,4.0,2863200000.0,2020000.0,416,320,2018-09-19 23:03:00
20180919 23:04,505.0,505.0,505.0,505.0,56626,0.0,117820,0.0,2863200000.0,0.0,41,71,2018-09-19 23:04:00
20180919 23:05,505.0,505.0,505.0,505.0,56636,10.0,117820,0.0,2863700000.0,500000.0,169,247,2018-09-19 23:05:00
20180919 23:06,505.0,505.0,505.0,505.0,56636,0.0,117820,0.0,2863700000.0,0.0,117,131,2018-09-19 23:06:00
20180919 23:07,505.0,505.5,505.0,505.5,56642,6.0,117816,-4.0,2864000000.0,300000.0,140,178,2018-09-19 23:07:00
20180919 23:08,505.5,505.5,505.5,505.5,56642,0.0,117816,0.0,2864000000.0,0.0,58,122,2018-09-19 23:08:00
20180919 23:09,505.5,505.5,505.5,505.5,61810,5168.0,117090,-726.0,3125250000.0,261250000.0,5798,2006,2018-09-19 23:09:00
20180919 23:10,505.5,505.5,505.5,505.5,61810,0.0,117090,0.0,3125250000.0,0.0,260,292,2018-09-19 23:10:00
20180919 23:11,505.5,505.5,505.5,505.5,61812,2.0,117090,0.0,3125350000.0,100000.0,666,803,2018-09-19 23:11:00
20180919 23:12,505.5,505.5,505.5,505.5,61812,0.0,117090,0.0,3125350000.0,0.0,270,249,2018-09-19 23:12:00
20180919 23:13,505.5,506.0,505.0,505.5,61932,120.0,117094,4.0,3131420000.0,6070000.0,343,540,2018-09-19 23:13:00
20180919 23:14,506.0,506.0,506.0,506.0,62920,988.0,117418,324.0,3181410000.0,49990000.0,1359,2853,2018-09-19 23:14:00
20180919 23:15,506.0,506.0,506.0,506.0,62920,0.0,117418,0.0,3181410000.0,0.0,283,152,2018-09-19 23:15:00
20180919 23:16,506.0,506.0,505.5,505.5,63564,644.0,117378,-40.0,3213960000.0,32550000.0,827,795,2018-09-19 23:16:00
20180919 23:17,505.5,505.5,505.5,505.5,63566,2.0,117378,0.0,3214070000.0,110000.0,276,137,2018-09-19 23:17:00
20180919 23:18,505.5,505.5,505.5,505.5,65408,1842.0,117348,-30.0,3307180000.0,93110000.0,1281,2897,2018-09-19 23:18:00
20180919 23:19,505.5,505.5,505.5,505.5,65704,296.0,117056,-292.0,3322140000.0,14960000.0,193,1656,2018-09-19 23:19:00
20180919 23:20,505.5,505.5,505.5,505.5,67560,1856.0,117036,-20.0,3415960000.0,93820000.0,204,2380,2018-09-19 23:20:00
20180919 23:21,505.5,505.5,505.5,505.5,67560,0.0,117036,0.0,3415960000.0,0.0,20,191,2018-09-19 23:21:00
20180919 23:22,505.5,505.5,505.5,505.5,67568,8.0,117036,0.0,3416370000.0,410000.0,108,910,2018-09-19 23:22:00
20180919 23:23,505.5,505.5,505.5,505.5,67568,0.0,117036,0.0,3416370000.0,0.0,18,164,2018-09-19 23:23:00
20180919 23:24,505.5,505.5,505.5,505.5,67568,0.0,117036,0.0,3416370000.0,0.0,223,1319,2018-09-19 23:24:00
20180919 23:25,505.5,505.5,505.5,505.5,67574,6.0,117036,0.0,3416670000.0,300000.0,156,771,2018-09-19 23:25:00
20180919 23:26,505.5,505.5,505.5,505.5,67574,0.0,117036,0.0,3416670000.0,0.0,216,1197,2018-09-19 23:26:00
20180919 23:27,505.5,506.0,505.5,506.0,67856,282.0,116912,-124.0,3430930000.0,14260000.0,4173,2720,2018-09-19 23:27:00
20180919 23:28,506.0,506.0,505.5,505.5,69584,1728.0,116928,16.0,3518280000.0,87350000.0,6038,898,2018-09-19 23:28:00
20180919 23:29,505.5,506.0,505.5,506.0,69642,58.0,116870,-58.0,3521210000.0,2930000.0,9939,437,2018-09-19 23:29:00
20180919 23:30,506.0,506.0,506.0,506.0,69642,0.0,116870,0.0,3521210000.0,0.0,361,3,2018-09-19 23:30:00
20180920 09:00,500.0,500.0,499.5,499.5,77630,7988.0,108712,-8158.0,3879130000.0,357920000.0,1443,1202,2018-09-20 09:00:00
20180920 09:01,499.5,500.0,499.5,500.0,77680,50.0,108740,28.0,3881630000.0,2500000.0,2547,1926,2018-09-20 09:01:00
20180920 09:02,500.0,500.0,500.0,500.0,77714,34.0,108748,8.0,3883330000.0,1700000.0,3012,1055,2018-09-20 09:02:00
20180920 09:03,500.0,500.0,499.5,499.5,77762,48.0,108750,2.0,3885730000.0,2400000.0,2728,2548,2018-09-20 09:03:00
20180920 09:04,500.0,500.0,500.0,500.0,77800,38.0,108774,24.0,3887630000.0,1900000.0,3085,1668,2018-09-20 09:04:00
20180920 09:05,500.0,500.0,500.0,500.0,77800,0.0,108774,0.0,3887630000.0,0.0,1026,441,2018-09-20 09:05:00
20180920 09:06,500.0,500.0,500.0,500.0,77800,0.0,108774,0.0,3887630000.0,0.0,1539,679,2018-09-20 09:06:00
20180920 09:07,500.0,500.0,500.0,500.0,77800,0.0,108774,0.0,3887630000.0,0.0,855,313,2018-09-20 09:07:00
20180920 09:08,500.0,500.0,499.5,499.5,77914,114.0,108870,96.0,3893320000.0,5690000.0,1885,1349,2018-09-20 09:08:00
20180920 09:09,499.5,499.5,499.5,499.5,77972,58.0,108892,22.0,3896220000.0,2900000.0,1952,1312,2018-09-20 09:09:00
20180920 09:10,499.5,499.5,499.5,499.5,77974,2.0,108894,2.0,3896320000.0,100000.0,290,152,2018-09-20 09:10:00
20180920 09:11,499.5,499.5,499.0,499.0,77990,16.0,108894,0.0,3897120000.0,800000.0,654,433,2018-09-20 09:11:00
20180920 09:12,499.5,499.5,499.0,499.5,77998,8.0,108894,0.0,3897520000.0,400000.0,540,432,2018-09-20 09:12:00
20180920 09:13,499.5,500.0,499.5,499.5,78130,132.0,108954,60.0,3904110000.0,6590000.0,5950,4476,2018-09-20 09:13:00
20180920 09:14,499.5,499.5,499.5,499.5,78324,194.0,108960,6.0,3913800000.0,9690000.0,5115,5510,2018-09-20 09:14:00
20180920 09:15,499.5,499.5,499.5,499.5,78444,120.0,108964,4.0,3919800000.0,6000000.0,1890,1602,2018-09-20 09:15:00
20180920 09:16,499.5,499.5,499.5,499.5,78490,46.0,108976,12.0,3922090000.0,2290000.0,2589,1819,2018-09-20 09:16:00
20180920 09:17,499.5,499.5,499.5,499.5,78490,0.0,108976,0.0,3922090000.0,0.0,779,246,2018-09-20 09:17:00
20180920 09:18,499.5,499.5,499.0,499.0,79734,1244.0,109698,722.0,3984170000.0,62080000.0,2168,2098,2018-09-20 09:18:00
20180920 09:19,499.0,499.0,497.0,497.5,81304,1570.0,109152,-546.0,4062310000.0,78140000.0,3013,3814,2018-09-20 09:19:00
20180920 09:20,497.5,497.5,497.5,497.5,81364,60.0,109180,28.0,4065290000.0,2980000.0,1670,1811,2018-09-20 09:20:00
20180920 09:21,497.5,498.0,497.5,497.5,81438,74.0,109176,-4.0,4068980000.0,3690000.0,496,1393,2018-09-20 09:21:00
20180920 09:22,497.5,497.5,497.5,497.5,81444,6.0,109176,0.0,4069280000.0,300000.0,2818,2632,2018-09-20 09:22:00
20180920 09:23,497.5,498.0,497.5,498.0,81450,6.0,109178,2.0,4069570000.0,290000.0,3746,640,2018-09-20 09:23:00
20180920 09:24,497.5,497.5,497.5,497.5,81536,86.0,109240,62.0,4073850000.0,4280000.0,2239,1160,2018-09-20 09:24:00
20180920 09:25,497.5,497.5,497.5,497.5,81540,4.0,109240,0.0,4074050000.0,200000.0,685,173,2018-09-20 09:25:00
20180920 09:26,497.5,497.5,497.0,497.0,82814,1274.0,110154,914.0,4137370000.0,63320000.0,3037,3405,2018-09-20 09:26:00
20180920 09:27,497.0,497.0,495.5,495.5,87760,4946.0,110094,-60.0,4382650000.0,245280000.0,4116,8989,2018-09-20 09:27:00
20180920 09:28,495.5,496.0,495.0,496.0,88286,526.0,110338,244.0,4408710000.0,26060000.0,3034,4646,2018-09-20 09:28:00
20180920 09:29,496.0,496.0,495.5,496.0,90676,2390.0,110564,226.0,4527250000.0,118540000.0,3781,10683,2018-09-20 09:29:00
20180920 09:30,496.0,496.0,496.0,496.0,90910,234.0,110564,0.0,4538860000.0,11610000.0,1813,4137,2018-09-20 09:30:00
20180920 09:31,496.0,496.5,496.0,496.5,92922,2012.0,110080,-484.0,4638750000.0,99890000.0,4406,7596,2018-09-20 09:31:00
20180920 09:32,496.5,496.5,496.5,496.5,93082,160.0,110080,0.0,4646700000.0,7950000.0,595,2398,2018-09-20 09:32:00
20180920 09:33,496.5,496.5,496.5,496.5,93298,216.0,109936,-144.0,4657420000.0,10720000.0,1636,4024,2018-09-20 09:33:00
20180920 09:34,496.5,496.5,496.5,496.5,93302,4.0,109936,0.0,4657620000.0,200000.0,1017,2251,2018-09-20 09:34:00
20180920 09:35,496.5,496.5,496.5,496.5,93302,0.0,109936,0.0,4657620000.0,0.0,165,585,2018-09-20 09:35:00
20180920 09:36,496.5,496.5,496.5,496.5,93322,20.0,109916,-20.0,4658610000.0,990000.0,1145,3389,2018-09-20 09:36:00
20180920 09:37,496.5,496.5,496.5,496.5,93332,10.0,109920,4.0,4659110000.0,500000.0,1726,4540,2018-09-20 09:37:00
20180920 09:38,496.5,496.5,496.0,496.5,93414,82.0,109954,34.0,4663180000.0,4070000.0,1004,3099,2018-09-20 09:38:00
20180920 09:39,496.5,496.5,496.5,496.5,93420,6.0,109950,-4.0,4663480000.0,300000.0,1979,4318,2018-09-20 09:39:00
20180920 09:40,496.5,496.5,496.5,496.5,93424,4.0,109954,4.0,4663670000.0,190000.0,757,1894,2018-09-20 09:40:00
20180920 09:41,496.5,496.5,496.0,496.0,93524,100.0,109994,40.0,4668630000.0,4960000.0,682,2686,2018-09-20 09:41:00
20180920 09:42,496.0,496.0,496.0,496.0,93524,0.0,109994,0.0,4668630000.0,0.0,537,1598,2018-09-20 09:42:00
20180920 09:43,496.0,496.5,496.0,496.5,94060,536.0,110158,164.0,4695230000.0,26600000.0,3267,4264,2018-09-20 09:43:00
20180920 09:44,496.5,496.5,496.5,496.5,94140,80.0,110210,52.0,4699210000.0,3980000.0,1267,567,2018-09-20 09:44:00
20180920 09:45,496.5,496.5,496.0,496.0,94162,22.0,110208,-2.0,4700300000.0,1090000.0,2237,1409,2018-09-20 09:45:00
20180920 09:46,496.0,496.5,496.0,496.5,94444,282.0,110216,8.0,4714300000.0,14000000.0,2538,1458,2018-09-20 09:46:00
20180920 09:47,496.5,496.5,496.5,496.5,94450,6.0,110216,0.0,4714600000.0,300000.0,1585,492,2018-09-20 09:47:00
20180920 09:48,496.5,496.5,496.0,496.0,94832,382.0,110060,-156.0,4733550000.0,18950000.0,1994,3876,2018-09-20 09:48:00
20180920 09:49,496.0,496.0,495.5,496.0,95030,198.0,110164,104.0,4743370000.0,9820000.0,1787,3364,2018-09-20 09:49:00
20180920 09:50,496.0,496.0,496.0,496.0,96382,1352.0,110936,772.0,4810430000.0,67060000.0,1287,1693,2018-09-20 09:50:00
20180920 09:51,496.0,496.0,496.0,496.0,96384,2.0,110938,2.0,4810530000.0,100000.0,595,515,2018-09-20 09:51:00
20180920 09:52,496.0,496.0,496.0,496.0,96392,8.0,110938,0.0,4810920000.0,390000.0,1420,996,2018-09-20 09:52:00
20180920 09:53,496.0,496.5,496.0,496.5,97570,1178.0,110418,-520.0,4869410000.0,58490000.0,1892,2009,2018-09-20 09:53:00
20180920 09:54,496.5,496.5,496.5,496.5,97572,2.0,110418,0.0,4869510000.0,100000.0,1074,937,2018-09-20 09:54:00
20180920 09:55,496.5,496.5,496.5,496.5,97572,0.0,110418,0.0,4869510000.0,0.0,927,1266,2018-09-20 09:55:00
20180920 09:56,496.5,496.5,495.5,496.0,98226,654.0,110494,76.0,4901930000.0,32420000.0,2476,2219,2018-09-20 09:56:00
20180920 09:57,496.0,496.5,496.0,496.0,98420,194.0,110516,22.0,4911550000.0,9620000.0,2229,2369,2018-09-20 09:57:00
20180920 09:58,496.0,496.0,495.5,495.5,98428,8.0,110508,-8.0,4911950000.0,400000.0,1743,1515,2018-09-20 09:58:00
20180920 09:59,495.5,495.5,495.5,495.5,98948,520.0,110600,92.0,4937720000.0,25770000.0,2806,3216,2018-09-20 09:59:00
20180920 10:00,495.5,496.0,495.5,496.0,98958,10.0,110600,0.0,4938210000.0,490000.0,774,1616,2018-09-20 10:00:00
20180920 10:01,496.0,496.0,495.5,495.5,99182,224.0,110562,-38.0,4949310000.0,11100000.0,1314,1438,2018-09-20 10:01:00
20180920 10:02,495.5,496.0,495.5,496.0,100434,1252.0,111188,626.0,5011410000.0,62100000.0,4937,2760,2018-09-20 10:02:00
20180920 10:03,496.0,496.5,496.0,496.5,100512,78.0,111156,-32.0,5015280000.0,3870000.0,2994,1671,2018-09-20 10:03:00
20180920 10:04,496.5,496.5,496.5,496.5,101486,974.0,111180,24.0,5063640000.0,48360000.0,2213,4745,2018-09-20 10:04:00
20180920 10:05,496.5,496.5,496.5,496.5,102272,786.0,111188,8.0,5102670000.0,39030000.0,4633,4821,2018-09-20 10:05:00
20180920 10:06,496.5,496.5,496.5,496.5,102272,0.0,111188,0.0,5102670000.0,0.0,465,1172,2018-09-20 10:06:00
20180920 10:07,496.5,496.5,496.5,496.5,102272,0.0,111188,0.0,5102670000.0,0.0,127,336,2018-09-20 10:07:00
20180920 10:08,496.5,496.5,496.5,496.5,102272,0.0,111188,0.0,5102670000.0,0.0,205,780,2018-09-20 10:08:00
20180920 10:09,496.5,496.5,496.5,496.5,102274,2.0,111188,0.0,5102770000.0,100000.0,267,881,2018-09-20 10:09:00
20180920 10:10,496.5,496.5,496.5,496.5,102278,4.0,111186,-2.0,5102970000.0,200000.0,613,1886,2018-09-20 10:10:00
20180920 10:11,496.5,496.5,496.5,496.5,102278,0.0,111186,0.0,5102970000.0,0.0,156,657,2018-09-20 10:11:00
20180920 10:12,496.5,496.5,496.5,496.5,102524,246.0,111028,-158.0,5115180000.0,12210000.0,1201,1449,2018-09-20 10:12:00
20180920 10:13,496.5,497.0,496.5,496.5,102624,100.0,111058,30.0,5120150000.0,4970000.0,5898,1982,2018-09-20 10:13:00
20180920 10:14,496.5,497.0,496.5,497.0,102672,48.0,111078,20.0,5122530000.0,2380000.0,3560,1217,2018-09-20 10:14:00
20180920 10:30,497.0,497.0,496.5,496.5,103070,398.0,110972,-106.0,5142290000.0,19760000.0,6390,1453,2018-09-20 10:30:00
20180920 10:31,496.5,496.5,496.5,496.5,103110,40.0,110932,-40.0,5144280000.0,1990000.0,3148,1162,2018-09-20 10:31:00
20180920 10:32,496.5,496.5,496.5,496.5,103472,362.0,110920,-12.0,5162250000.0,17970000.0,4223,2509,2018-09-20 10:32:00
20180920 10:33,496.5,496.5,496.5,496.5,103652,180.0,110890,-30.0,5171190000.0,8940000.0,2140,360,2018-09-20 10:33:00
20180920 10:34,496.5,496.5,496.5,496.5,103788,136.0,110886,-4.0,5177940000.0,6750000.0,2250,1816,2018-09-20 10:34:00
20180920 10:35,496.5,496.5,496.5,496.5,103796,8.0,110888,2.0,5178340000.0,400000.0,862,180,2018-09-20 10:35:00
20180920 10:36,496.5,496.5,496.5,496.5,103924,128.0,110942,54.0,5184690000.0,6350000.0,1556,1644,2018-09-20 10:36:00
20180920 10:37,496.5,496.5,496.5,496.5,103924,0.0,110942,0.0,5184690000.0,0.0,1229,609,2018-09-20 10:37:00
20180920 10:38,496.5,497.0,496.5,496.5,104466,542.0,111188,246.0,5211600000.0,26910000.0,3503,7952,2018-09-20 10:38:00
20180920 10:39,496.5,497.5,496.5,497.5,104594,128.0,111284,96.0,5217970000.0,6370000.0,2429,4888,2018-09-20 10:39:00
20180920 10:40,497.5,497.5,497.0,497.0,104978,384.0,111156,-128.0,5237050000.0,19080000.0,4860,4365,2018-09-20 10:40:00
20180920 10:41,497.0,498.0,497.0,498.0,105234,256.0,111324,168.0,5249790000.0,12740000.0,1304,1519,2018-09-20 10:41:00
20180920 10:42,498.0,498.0,497.5,497.5,105252,18.0,111308,-16.0,5250680000.0,890000.0,1746,1674,2018-09-20 10:42:00
20180920 10:43,497.5,497.5,497.5,497.5,105260,8.0,111302,-6.0,5251080000.0,400000.0,1264,1052,2018-09-20 10:43:00
20180920 10:44,498.0,498.0,497.5,497.5,105274,14.0,111290,-12.0,5251780000.0,700000.0,894,892,2018-09-20 10:44:00
20180920 10:45,497.5,497.5,497.5,497.5,105274,0.0,111290,0.0,5251780000.0,0.0,754,787,2018-09-20 10:45:00
20180920 10:46,497.5,498.0,497.5,498.0,105282,8.0,111284,-6.0,5252170000.0,390000.0,693,1017,2018-09-20 10:46:00
20180920 10:47,498.0,498.0,497.5,497.5,105286,4.0,111280,-4.0,5252370000.0,200000.0,564,259,2018-09-20 10:47:00
20180920 10:48,497.5,498.0,497.5,497.5,105310,24.0,111280,0.0,5253570000.0,1200000.0,1374,733,2018-09-20 10:48:00
20180920 10:49,497.5,497.5,497.5,497.5,105314,4.0,111276,-4.0,5253770000.0,200000.0,462,241,2018-09-20 10:49:00
20180920 10:50,497.5,498.0,497.5,497.5,105322,8.0,111272,-4.0,5254170000.0,400000.0,947,651,2018-09-20 10:50:00
20180920 10:51,497.5,497.5,497.5,497.5,105322,0.0,111272,0.0,5254170000.0,0.0,504,400,2018-09-20 10:51:00
20180920 10:52,497.5,497.5,497.5,497.5,105322,0.0,111272,0.0,5254170000.0,0.0,72,77,2018-09-20 10:52:00
20180920 10:53,497.5,497.5,497.5,497.5,105322,0.0,111272,0.0,5254170000.0,0.0,216,146,2018-09-20 10:53:00
20180920 10:54,497.5,497.5,497.5,497.5,105322,0.0,111272,0.0,5254170000.0,0.0,72,40,2018-09-20 10:54:00
20180920 10:55,497.5,497.5,497.5,497.5,105322,0.0,111272,0.0,5254170000.0,0.0,72,78,2018-09-20 10:55:00
20180920 10:56,497.5,497.5,497.5,497.5,105324,2.0,111270,-2.0,5254260000.0,90000.0,361,207,2018-09-20 10:56:00
20180920 10:57,497.5,498.0,497.5,498.0,105388,64.0,111254,-16.0,5257450000.0,3190000.0,2133,1834,2018-09-20 10:57:00
20180920 10:58,498.0,498.0,497.0,497.0,105518,130.0,111232,-22.0,5263920000.0,6470000.0,1078,2647,2018-09-20 10:58:00
20180920 10:59,497.0,497.0,497.0,497.0,105534,16.0,111216,-16.0,5264710000.0,790000.0,711,1456,2018-09-20 10:59:00
20180920 11:00,497.0,497.0,497.0,497.0,105554,20.0,111216,0.0,5265710000.0,1000000.0,941,1613,2018-09-20 11:00:00
20180920 11:01,497.0,497.5,497.0,497.5,105632,78.0,111180,-36.0,5269590000.0,3880000.0,866,679,2018-09-20 11:01:00
20180920 11:02,497.5,498.0,497.5,498.0,105634,2.0,111180,0.0,5269690000.0,100000.0,498,922,2018-09-20 11:02:00
20180920 11:03,498.0,498.0,498.0,498.0,105752,118.0,111164,-16.0,5275560000.0,5870000.0,2894,1338,2018-09-20 11:03:00
20180920 11:04,498.0,498.0,498.0,498.0,105770,18.0,111176,12.0,5276460000.0,900000.0,5540,1869,2018-09-20 11:04:00
20180920 11:05,498.0,498.0,498.0,498.0,105838,68.0,111172,-4.0,5279850000.0,3390000.0,1741,655,2018-09-20 11:05:00
20180920 11:06,498.0,498.0,498.0,498.0,105840,2.0,111172,0.0,5279940000.0,90000.0,2502,1267,2018-09-20 11:06:00
20180920 11:07,498.0,498.0,498.0,498.0,105840,0.0,111172,0.0,5279940000.0,0.0,1218,641,2018-09-20 11:07:00
20180920 11:08,498.0,498.0,498.0,498.0,106028,188.0,111136,-36.0,5289310000.0,9370000.0,3063,1611,2018-09-20 11:08:00
20180920 11:09,498.0,498.0,498.0,498.0,106112,84.0,111076,-60.0,5293490000.0,4180000.0,879,1569,2018-09-20 11:09:00
20180920 11:10,498.0,498.0,498.0,498.0,106112,0.0,111076,0.0,5293490000.0,0.0,3153,1177,2018-09-20 11:10:00
20180920 11:11,498.0,498.0,498.0,498.0,106112,0.0,111076,0.0,5293490000.0,0.0,764,356,2018-09-20 11:11:00
20180920 11:12,498.0,498.0,498.0,498.0,106112,0.0,111076,0.0,5293490000.0,0.0,951,387,2018-09-20 11:12:00
20180920 11:13,498.0,498.0,498.0,498.0,106410,298.0,111240,164.0,5308330000.0,14840000.0,2043,2073,2018-09-20 11:13:00
20180920 11:14,498.0,498.0,498.0,498.0,106410,0.0,111240,0.0,5308330000.0,0.0,754,241,2018-09-20 11:14:00
20180920 11:15,498.0,498.0,497.5,497.5,106414,4.0,111244,4.0,5308530000.0,200000.0,482,144,2018-09-20 11:15:00
20180920 11:16,497.5,497.5,497.5,497.5,106420,6.0,111244,0.0,5308830000.0,300000.0,304,91,2018-09-20 11:16:00
20180920 11:17,497.5,497.5,497.5,497.5,106430,10.0,111254,10.0,5309330000.0,500000.0,1868,333,2018-09-20 11:17:00
20180920 11:18,497.5,497.5,497.5,497.5,106458,28.0,111238,-16.0,5310720000.0,1390000.0,549,861,2018-09-20 11:18:00
20180920 11:19,497.5,497.5,497.5,497.5,106458,0.0,111238,0.0,5310720000.0,0.0,249,578,2018-09-20 11:19:00
20180920 11:20,497.5,497.5,497.5,497.5,106458,0.0,111238,0.0,5310720000.0,0.0,1028,946,2018-09-20 11:20:00
20180920 11:21,497.5,497.5,497.5,497.5,106458,0.0,111238,0.0,5310720000.0,0.0,750,669,2018-09-20 11:21:00
20180920 11:22,497.5,497.5,497.5,497.5,106458,0.0,111238,0.0,5310720000.0,0.0,535,536,2018-09-20 11:22:00
20180920 11:23,497.5,497.5,497.0,497.0,107642,1184.0,111230,-8.0,5369560000.0,58840000.0,2678,1949,2018-09-20 11:23:00
20180920 11:24,497.0,497.0,497.0,497.0,108058,416.0,111372,142.0,5390240000.0,20680000.0,2365,2276,2018-09-20 11:24:00
20180920 11:25,497.0,497.5,497.0,497.0,108492,434.0,111286,-86.0,5411810000.0,21570000.0,1964,1355,2018-09-20 11:25:00
20180920 11:26,497.0,497.0,497.0,497.0,108552,60.0,111270,-16.0,5414790000.0,2980000.0,771,430,2018-09-20 11:26:00
20180920 11:27,497.0,497.5,497.0,497.5,108850,298.0,111204,-66.0,5429620000.0,14830000.0,1609,1242,2018-09-20 11:27:00
20180920 11:28,497.5,497.5,497.0,497.0,108962,112.0,111144,-60.0,5435190000.0,5570000.0,1308,1644,2018-09-20 11:28:00
20180920 11:29,497.0,498.0,497.0,498.0,109064,102.0,111156,12.0,5440260000.0,5070000.0,820,1104,2018-09-20 11:29:00
20180920 13:30,498.0,498.5,498.0,498.5,110376,1312.0,111230,74.0,5505620000.0,65360000.0,2889,2514,2018-09-20 13:30:00
20180920 13:31,498.5,499.0,498.5,498.5,111754,1378.0,111886,656.0,5574370000.0,68750000.0,3896,1850,2018-09-20 13:31:00
20180920 13:32,498.5,498.5,498.0,498.5,114000,2246.0,111724,-162.0,5686340000.0,111970000.0,5603,6016,2018-09-20 13:32:00
20180920 13:33,498.5,498.5,498.5,498.5,115480,1480.0,110898,-826.0,5760110000.0,73770000.0,3632,4676,2018-09-20 13:33:00
20180920 13:34,498.5,498.5,498.5,498.5,115482,2.0,110900,2.0,5760210000.0,100000.0,277,212,2018-09-20 13:34:00
20180920 13:35,498.5,498.5,498.5,498.5,115558,76.0,110876,-24.0,5764000000.0,3790000.0,895,827,2018-09-20 13:35:00
20180920 13:36,498.5,499.0,498.5,499.0,116442,884.0,111050,174.0,5808070000.0,44070000.0,1135,606,2018-09-20 13:36:00
20180920 13:37,499.0,499.0,499.0,499.0,116442,0.0,111050,0.0,5808070000.0,0.0,555,265,2018-09-20 13:37:00
20180920 13:38,499.0,499.0,499.0,499.0,116444,2.0,111050,0.0,5808170000.0,100000.0,363,312,2018-09-20 13:38:00
20180920 13:39,499.0,499.0,499.0,499.0,116982,538.0,111028,-22.0,5835020000.0,26850000.0,2904,2539,2018-09-20 13:39:00
20180920 13:40,499.0,499.5,499.0,499.0,117026,44.0,111032,4.0,5837210000.0,2190000.0,2363,512,2018-09-20 13:40:00
20180920 13:41,499.0,499.5,499.0,499.5,117830,804.0,111070,38.0,5877330000.0,40120000.0,2259,262,2018-09-20 13:41:00
20180920 13:42,499.0,499.5,499.0,499.0,118030,200.0,110886,-184.0,5887310000.0,9980000.0,1805,1442,2018-09-20 13:42:00
20180920 13:43,499.0,499.5,499.0,499.0,118068,38.0,110870,-16.0,5889210000.0,1900000.0,965,714,2018-09-20 13:43:00
20180920 13:44,499.0,500.0,499.0,500.0,118138,70.0,110834,-36.0,5892700000.0,3490000.0,1155,560,2018-09-20 13:44:00
20180920 13:45,500.0,500.0,500.0,500.0,118142,4.0,110834,0.0,5892900000.0,200000.0,579,286,2018-09-20 13:45:00
20180920 13:46,500.0,500.0,499.5,499.5,118176,34.0,110808,-26.0,5894600000.0,1700000.0,1102,493,2018-09-20 13:46:00
20180920 13:47,499.5,499.5,499.0,499.0,118342,166.0,110736,-72.0,5902890000.0,8290000.0,3088,856,2018-09-20 13:47:00
20180920 13:48,499.0,499.5,499.0,499.5,118352,10.0,110730,-6.0,5903390000.0,500000.0,1106,173,2018-09-20 13:48:00
20180920 13:49,499.5,499.5,499.0,499.0,119292,940.0,111190,460.0,5950300000.0,46910000.0,1299,1822,2018-09-20 13:49:00
20180920 13:50,499.0,499.0,499.0,499.0,124642,5350.0,111262,72.0,6217270000.0,266970000.0,2867,4164,2018-09-20 13:50:00
20180920 13:51,499.0,499.5,499.0,499.0,125532,890.0,110796,-466.0,6261680000.0,44410000.0,2438,2562,2018-09-20 13:51:00
20180920 13:52,499.0,499.0,499.0,499.0,125534,2.0,110798,2.0,6261780000.0,100000.0,638,841,2018-09-20 13:52:00
20180920 13:53,499.0,499.0,497.5,498.0,126942,1408.0,110922,124.0,6331900000.0,70120000.0,3111,3796,2018-09-20 13:53:00
20180920 13:54,498.0,498.0,498.0,498.0,126952,10.0,110920,-2.0,6332400000.0,500000.0,538,375,2018-09-20 13:54:00
20180920 13:55,498.0,498.0,497.5,497.5,127250,298.0,111028,108.0,6347220000.0,14820000.0,721,1026,2018-09-20 13:55:00
20180920 13:56,497.5,498.0,497.5,498.0,127810,560.0,111212,184.0,6375080000.0,27860000.0,1162,871,2018-09-20 13:56:00
20180920 13:57,498.0,498.0,497.5,497.5,132596,4786.0,110890,-322.0,6613190000.0,238110000.0,3114,6001,2018-09-20 13:57:00
20180920 13:58,497.5,498.0,497.5,497.5,132608,12.0,110880,-10.0,6613780000.0,590000.0,567,216,2018-09-20 13:58:00
20180920 13:59,497.5,498.0,497.5,498.0,132754,146.0,110848,-32.0,6621050000.0,7270000.0,880,377,2018-09-20 13:59:00
20180920 14:00,498.0,498.0,497.5,498.0,132790,36.0,110828,-20.0,6622850000.0,1800000.0,729,748,2018-09-20 14:00:00
20180920 14:01,498.0,498.0,498.0,498.0,132792,2.0,110828,0.0,6622950000.0,100000.0,189,354,2018-09-20 14:01:00
20180920 14:02,498.0,498.0,498.0,498.0,132792,0.0,110828,0.0,6622950000.0,0.0,346,254,2018-09-20 14:02:00
20180920 14:03,498.0,498.0,497.5,497.5,133890,1098.0,110328,-500.0,6677570000.0,54620000.0,1736,3561,2018-09-20 14:03:00
20180920 14:04,497.5,498.0,497.0,497.0,134428,538.0,110432,104.0,6704310000.0,26740000.0,1491,3242,2018-09-20 14:04:00
20180920 14:05,497.0,497.0,496.5,497.0,135066,638.0,110336,-96.0,6735990000.0,31680000.0,1921,2396,2018-09-20 14:05:00
20180920 14:06,496.5,497.5,496.5,497.5,135340,274.0,110198,-138.0,6749610000.0,13620000.0,2151,1717,2018-09-20 14:06:00
20180920 14:07,497.5,497.5,497.5,497.5,135340,0.0,110198,0.0,6749610000.0,0.0,311,620,2018-09-20 14:07:00
20180920 14:08,497.5,498.0,497.5,498.0,135348,8.0,110190,-8.0,6750010000.0,400000.0,153,2564,2018-09-20 14:08:00
20180920 14:09,498.0,498.0,497.5,497.5,135360,12.0,110198,8.0,6750600000.0,590000.0,3797,8992,2018-09-20 14:09:00
20180920 14:10,497.5,498.0,497.5,497.5,135374,14.0,110204,6.0,6751300000.0,700000.0,1672,3078,2018-09-20 14:10:00
20180920 14:11,497.5,497.5,497.0,497.0,136278,904.0,110154,-50.0,6796260000.0,44960000.0,1139,1650,2018-09-20 14:11:00
20180920 14:12,497.0,497.5,497.0,497.5,137564,1286.0,110062,-92.0,6860240000.0,63980000.0,3434,10562,2018-09-20 14:12:00
20180920 14:13,497.5,497.5,497.5,497.5,137564,0.0,110062,0.0,6860240000.0,0.0,975,2428,2018-09-20 14:13:00
20180920 14:14,497.5,497.5,497.5,497.5,137564,0.0,110062,0.0,6860240000.0,0.0,752,1904,2018-09-20 14:14:00
20180920 14:15,497.5,497.5,497.5,497.5,137568,4.0,110058,-4.0,6860440000.0,200000.0,656,950,2018-09-20 14:15:00
20180920 14:16,497.5,498.0,497.5,498.0,137784,216.0,110086,28.0,6871190000.0,10750000.0,1664,3367,2018-09-20 14:16:00
20180920 14:17,498.0,498.5,498.0,498.5,138334,550.0,110114,28.0,6898580000.0,27390000.0,1514,6063,2018-09-20 14:17:00
20180920 14:18,498.5,498.5,498.0,498.0,139098,764.0,109918,-196.0,6936630000.0,38050000.0,3787,9806,2018-09-20 14:18:00
20180920 14:19,498.0,498.0,498.0,498.0,139122,24.0,109940,22.0,6937830000.0,1200000.0,919,5912,2018-09-20 14:19:00
20180920 14:20,498.0,498.0,497.5,497.5,139128,6.0,109940,0.0,6938120000.0,290000.0,1036,7753,2018-09-20 14:20:00
20180920 14:21,497.5,498.0,497.5,498.0,139622,494.0,110082,142.0,6962720000.0,24600000.0,3632,3260,2018-09-20 14:21:00
20180920 14:22,498.0,498.0,498.0,498.0,139750,128.0,110210,128.0,6969100000.0,6380000.0,2467,550,2018-09-20 14:22:00
20180920 14:23,498.0,498.0,498.0,498.0,139984,234.0,110026,-184.0,6980750000.0,11650000.0,2743,3717,2018-09-20 14:23:00
20180920 14:24,498.0,498.0,498.0,498.0,139984,0.0,110026,0.0,6980750000.0,0.0,234,26,2018-09-20 14:24:00
20180920 14:25,498.0,498.0,498.0,498.0,140176,192.0,110170,144.0,6990310000.0,9560000.0,1267,2629,2018-09-20 14:25:00
20180920 14:26,498.0,498.5,498.0,498.5,140594,418.0,110268,98.0,7011150000.0,20840000.0,1374,1858,2018-09-20 14:26:00
20180920 14:27,498.5,498.5,498.5,498.5,140860,266.0,110090,-178.0,7024410000.0,13260000.0,625,1058,2018-09-20 14:27:00
20180920 14:28,498.5,498.5,498.5,498.5,140928,68.0,110062,-28.0,7027800000.0,3390000.0,1038,1098,2018-09-20 14:28:00
20180920 14:29,498.5,498.5,498.5,498.5,140928,0.0,110062,0.0,7027800000.0,0.0,1495,2603,2018-09-20 14:29:00
20180920 14:30,498.5,498.5,498.5,498.5,140930,2.0,110060,-2.0,7027900000.0,100000.0,484,867,2018-09-20 14:30:00
20180920 14:31,498.5,498.5,498.5,498.5,140930,0.0,110060,0.0,7027900000.0,0.0,225,433,2018-09-20 14:31:00
20180920 14:32,498.5,498.5,498.5,498.5,140934,4.0,110060,0.0,7028100000.0,200000.0,454,862,2018-09-20 14:32:00
20180920 14:33,498.5,498.5,498.5,498.5,140934,0.0,110060,0.0,7028100000.0,0.0,210,431,2018-09-20 14:33:00
20180920 14:34,498.5,498.5,498.5,498.5,140934,0.0,110060,0.0,7028100000.0,0.0,1507,3448,2018-09-20 14:34:00
20180920 14:35,498.5,498.5,498.5,498.5,140934,0.0,110060,0.0,7028100000.0,0.0,331,862,2018-09-20 14:35:00
20180920 14:36,498.5,498.5,498.5,498.5,140934,0.0,110060,0.0,7028100000.0,0.0,198,431,2018-09-20 14:36:00
20180920 14:37,498.5,498.5,498.5,498.5,140934,0.0,110060,0.0,7028100000.0,0.0,165,431,2018-09-20 14:37:00
20180920 14:38,498.5,498.5,498.5,498.5,140934,0.0,110060,0.0,7028100000.0,0.0,165,433,2018-09-20 14:38:00
20180920 14:39,498.5,498.5,498.5,498.5,140938,4.0,110060,0.0,7028300000.0,200000.0,165,431,2018-09-20 14:39:00
20180920 14:40,499.0,499.0,499.0,499.0,140952,14.0,110074,14.0,7029000000.0,700000.0,470,1293,2018-09-20 14:40:00
20180920 14:41,499.0,499.0,499.0,499.0,140956,4.0,110078,4.0,7029200000.0,200000.0,593,1718,2018-09-20 14:41:00
20180920 14:42,499.0,499.0,499.0,499.0,140956,0.0,110078,0.0,7029200000.0,0.0,685,1716,2018-09-20 14:42:00
20180920 14:43,499.0,499.0,499.0,499.0,140956,0.0,110078,0.0,7029200000.0,0.0,928,2578,2018-09-20 14:43:00
20180920 14:44,499.0,499.0,499.0,499.0,140956,0.0,110078,0.0,7029200000.0,0.0,156,429,2018-09-20 14:44:00
20180920 14:45,499.0,499.0,499.0,499.0,140964,8.0,110078,0.0,7029590000.0,390000.0,560,1716,2018-09-20 14:45:00
20180920 14:46,499.0,499.0,498.5,498.5,140966,2.0,110076,-2.0,7029690000.0,100000.0,965,2572,2018-09-20 14:46:00
20180920 14:47,498.5,499.0,498.5,499.0,141020,54.0,110096,20.0,7032390000.0,2700000.0,1084,3848,2018-09-20 14:47:00
20180920 14:48,499.0,499.0,499.0,499.0,141022,2.0,110098,2.0,7032490000.0,100000.0,986,3424,2018-09-20 14:48:00
20180920 14:49,499.0,499.0,499.0,499.0,141022,0.0,110098,0.0,7032490000.0,0.0,723,2996,2018-09-20 14:49:00
20180920 14:50,499.0,499.0,499.0,499.0,141022,0.0,110098,0.0,7032490000.0,0.0,1957,5992,2018-09-20 14:50:00
20180920 14:51,499.0,499.0,498.5,498.5,141032,10.0,110088,-10.0,7032990000.0,500000.0,1417,4255,2018-09-20 14:51:00
20180920 14:52,498.5,498.5,498.5,498.5,141036,4.0,110088,0.0,7033190000.0,200000.0,1366,5074,2018-09-20 14:52:00
20180920 14:53,498.5,499.0,498.5,499.0,141040,4.0,110088,0.0,7033390000.0,200000.0,796,2945,2018-09-20 14:53:00
20180920 14:54,499.0,499.0,498.5,499.0,141096,56.0,110034,-54.0,7036180000.0,2790000.0,1491,5614,2018-09-20 14:54:00
20180920 14:55,499.0,499.0,499.0,499.0,141096,0.0,110034,0.0,7036180000.0,0.0,760,1960,2018-09-20 14:55:00
20180920 14:56,499.0,499.0,499.0,499.0,141104,8.0,110032,-2.0,7036580000.0,400000.0,367,1178,2018-09-20 14:56:00
20180920 14:57,498.5,499.0,498.5,499.0,141196,92.0,110030,-2.0,7041160000.0,4580000.0,1225,3606,2018-09-20 14:57:00
20180920 14:58,499.0,499.0,498.5,498.5,141276,80.0,109960,-70.0,7045150000.0,3990000.0,1754,5034,2018-09-20 14:58:00
20180920 14:59,498.5,499.0,498.5,498.5,142492,1216.0,110558,598.0,7105820000.0,60670000.0,3431,12328,2018-09-20 14:59:00
20180920 15:00,498.5,498.5,498.5,498.5,142492,0.0,110558,0.0,7105820000.0,0.0,195,561,2018-09-20 15:00:00
20180920 20:59,500.0,500.0,500.0,500.0,7430,7430.0,111538,980.0,371500000.0,371500000.0,17,2,2018-09-20 20:59:00
20180920 21:00,500.0,500.5,499.0,500.5,8170,740.0,111624,86.0,408497000.0,36997000.0,1103,4594,2018-09-20 21:00:00
20180920 21:01,500.5,500.5,499.5,499.5,8248,78.0,111588,-36.0,412395000.0,3898000.0,693,1035,2018-09-20 21:01:00
20180920 21:02,499.5,499.5,499.5,499.5,8248,0.0,111588,0.0,412395000.0,0.0,321,513,2018-09-20 21:02:00
20180920 21:03,499.5,499.5,499.5,499.5,8260,12.0,111582,-6.0,412995000.0,600000.0,743,364,2018-09-20 21:03:00
20180920 21:04,499.5,499.5,499.5,499.5,8966,706.0,111430,-152.0,448259000.0,35264000.0,2597,2778,2018-09-20 21:04:00
20180920 21:05,499.5,499.5,499.5,499.5,8968,2.0,111430,0.0,448359000.0,100000.0,795,223,2018-09-20 21:05:00
20180920 21:06,499.5,499.5,499.5,499.5,9494,526.0,110958,-472.0,474633000.0,26274000.0,735,407,2018-09-20 21:06:00
20180920 21:07,499.5,500.0,499.5,500.0,9588,94.0,110902,-56.0,479333000.0,4700000.0,1626,1011,2018-09-20 21:07:00
20180920 21:08,500.0,500.5,500.0,500.5,9958,370.0,110668,-234.0,497847000.0,18514000.0,2206,806,2018-09-20 21:08:00
20180920 21:09,500.5,500.5,499.5,499.5,16586,6628.0,110922,254.0,828945000.0,331098000.0,4098,3290,2018-09-20 21:09:00
20180920 21:10,499.5,499.5,499.5,499.5,20604,4018.0,110816,-106.0,1029640000.0,200695000.0,3571,1896,2018-09-20 21:10:00
20180920 21:11,499.0,499.0,499.0,499.0,20738,134.0,110740,-76.0,1036330000.0,6690000.0,1748,803,2018-09-20 21:11:00
20180920 21:12,499.0,499.0,498.0,498.0,21750,1012.0,111596,856.0,1086730000.0,50400000.0,727,1016,2018-09-20 21:12:00
20180920 21:13,498.0,498.0,498.0,498.0,23574,1824.0,111608,12.0,1177570000.0,90840000.0,1481,1527,2018-09-20 21:13:00
20180920 21:14,498.0,499.0,498.0,499.0,23612,38.0,111578,-30.0,1179460000.0,1890000.0,659,1302,2018-09-20 21:14:00
20180920 21:15,499.0,499.0,499.0,499.0,23638,26.0,111598,20.0,1180760000.0,1300000.0,334,476,2018-09-20 21:15:00
20180920 21:16,499.0,499.5,499.0,499.5,24810,1172.0,110640,-958.0,1239250000.0,58490000.0,2560,1676,2018-09-20 21:16:00
20180920 21:17,499.5,499.5,499.5,499.5,24810,0.0,110640,0.0,1239250000.0,0.0,545,729,2018-09-20 21:17:00
20180920 21:18,499.5,499.5,499.5,499.5,24810,0.0,110640,0.0,1239250000.0,0.0,224,168,2018-09-20 21:18:00
20180920 21:19,499.5,499.5,499.5,499.5,24810,0.0,110640,0.0,1239250000.0,0.0,420,223,2018-09-20 21:19:00
20180920 21:20,499.5,499.5,499.5,499.5,24810,0.0,110640,0.0,1239250000.0,0.0,457,209,2018-09-20 21:20:00
20180920 21:21,499.5,499.5,499.5,499.5,24810,0.0,110640,0.0,1239250000.0,0.0,107,252,2018-09-20 21:21:00
20180920 21:22,500.0,500.0,500.0,500.0,24814,4.0,110644,4.0,1239450000.0,200000.0,54,213,2018-09-20 21:22:00
20180920 21:23,500.0,500.0,499.5,499.5,24818,4.0,110640,-4.0,1239650000.0,200000.0,283,379,2018-09-20 21:23:00
20180920 21:24,499.5,499.5,499.5,499.5,26970,2152.0,111372,732.0,1347140000.0,107490000.0,2751,1061,2018-09-20 21:24:00
20180920 21:25,499.5,499.5,499.5,499.5,26970,0.0,111372,0.0,1347140000.0,0.0,1393,163,2018-09-20 21:25:00
20180920 21:26,499.5,499.5,499.5,499.5,27014,44.0,111374,2.0,1349340000.0,2200000.0,120,399,2018-09-20 21:26:00
20180920 21:27,499.5,499.5,499.0,499.0,27942,928.0,110506,-868.0,1395690000.0,46350000.0,388,886,2018-09-20 21:27:00
20180920 21:28,499.0,499.5,499.0,499.5,27956,14.0,110506,0.0,1396390000.0,700000.0,258,868,2018-09-20 21:28:00
20180920 21:29,499.5,499.5,499.5,499.5,29458,1502.0,110946,440.0,1471420000.0,75030000.0,2387,1288,2018-09-20 21:29:00
20180920 21:30,499.5,499.5,499.5,499.5,29478,20.0,110956,10.0,1472410000.0,990000.0,1728,2547,2018-09-20 21:30:00
20180920 21:31,499.5,499.5,499.5,499.5,29478,0.0,110956,0.0,1472410000.0,0.0,34,133,2018-09-20 21:31:00
20180920 21:32,499.5,499.5,499.5,499.5,30052,574.0,111308,352.0,1501090000.0,28680000.0,518,1661,2018-09-20 21:32:00
20180920 21:33,499.5,499.5,499.5,499.5,30052,0.0,111308,0.0,1501090000.0,0.0,33,133,2018-09-20 21:33:00
20180920 21:34,499.5,499.5,499.5,499.5,30052,0.0,111308,0.0,1501090000.0,0.0,265,1051,2018-09-20 21:34:00
20180920 21:35,499.5,499.5,499.5,499.5,30052,0.0,111308,0.0,1501090000.0,0.0,270,555,2018-09-20 21:35:00
20180920 21:36,499.5,499.5,499.5,499.5,30052,0.0,111308,0.0,1501090000.0,0.0,241,582,2018-09-20 21:36:00
20180920 21:37,499.5,499.5,499.0,499.0,30058,6.0,111306,-2.0,1501380000.0,290000.0,394,1092,2018-09-20 21:37:00
20180920 21:38,499.0,499.5,499.0,499.5,30062,4.0,111302,-4.0,1501580000.0,200000.0,698,1434,2018-09-20 21:38:00
20180920 21:39,499.5,499.5,499.5,499.5,30066,4.0,111302,0.0,1501780000.0,200000.0,207,720,2018-09-20 21:39:00
20180920 21:40,499.5,499.5,499.5,499.5,30134,68.0,111340,38.0,1505180000.0,3400000.0,241,502,2018-09-20 21:40:00
20180920 21:41,499.5,499.5,499.5,499.5,30134,0.0,111340,0.0,1505180000.0,0.0,417,315,2018-09-20 21:41:00
20180920 21:42,499.5,499.5,499.5,499.5,30134,0.0,111340,0.0,1505180000.0,0.0,149,232,2018-09-20 21:42:00
20180920 21:43,499.5,499.5,499.5,499.5,30174,40.0,111340,0.0,1507180000.0,2000000.0,211,463,2018-09-20 21:43:00
20180920 21:44,499.5,499.5,499.5,499.5,30174,0.0,111340,0.0,1507180000.0,0.0,101,237,2018-09-20 21:44:00
20180920 21:45,499.5,499.5,499.5,499.5,30174,0.0,111340,0.0,1507180000.0,0.0,78,180,2018-09-20 21:45:00
20180920 21:46,499.5,499.5,499.5,499.5,30174,0.0,111340,0.0,1507180000.0,0.0,248,287,2018-09-20 21:46:00
20180920 21:47,499.5,499.5,499.5,499.5,30182,8.0,111338,-2.0,1507580000.0,400000.0,400,261,2018-09-20 21:47:00
20180920 21:48,499.5,499.5,499.5,499.5,30182,0.0,111338,0.0,1507580000.0,0.0,143,245,2018-09-20 21:48:00
20180920 21:49,500.0,500.0,500.0,500.0,32276,2094.0,110122,-1216.0,1612280000.0,104700000.0,869,939,2018-09-20 21:49:00
20180920 21:50,500.0,500.0,500.0,500.0,35038,2762.0,109198,-924.0,1750380000.0,138100000.0,497,2350,2018-09-20 21:50:00
20180920 21:51,500.0,500.0,500.0,500.0,35940,902.0,108610,-588.0,1795480000.0,45100000.0,495,1386,2018-09-20 21:51:00
20180920 21:52,499.5,500.0,499.5,500.0,37376,1436.0,109750,1140.0,1867280000.0,71800000.0,1662,1239,2018-09-20 21:52:00
20180920 21:53,500.0,500.0,500.0,500.0,37376,0.0,109750,0.0,1867280000.0,0.0,521,105,2018-09-20 21:53:00
20180920 21:54,500.0,500.0,500.0,500.0,37378,2.0,109752,2.0,1867380000.0,100000.0,832,217,2018-09-20 21:54:00
20180920 21:55,500.0,500.0,500.0,500.0,37378,0.0,109752,0.0,1867380000.0,0.0,322,92,2018-09-20 21:55:00
20180920 21:56,500.0,500.0,499.5,499.5,38378,1000.0,108900,-852.0,1917330000.0,49950000.0,1988,1297,2018-09-20 21:56:00
20180920 21:57,499.5,499.5,499.5,499.5,38380,2.0,108898,-2.0,1917430000.0,100000.0,190,45,2018-09-20 21:57:00
20180920 21:59,499.5,499.5,499.5,499.5,38380,0.0,108898,0.0,1917430000.0,0.0,191,45,2018-09-20 21:59:00
20180920 22:01,499.5,499.5,499.5,499.5,38380,0.0,108898,0.0,1917430000.0,0.0,1146,420,2018-09-20 22:01:00
20180920 22:02,499.5,499.5,499.5,499.5,38522,142.0,108852,-46.0,1924520000.0,7090000.0,1429,1368,2018-09-20 22:02:00
20180920 22:03,499.5,499.5,499.5,499.5,41906,3384.0,109854,1002.0,2093550000.0,169030000.0,3953,3462,2018-09-20 22:03:00
20180920 22:04,499.5,499.5,499.5,499.5,41912,6.0,109848,-6.0,2093850000.0,300000.0,380,78,2018-09-20 22:04:00
20180920 22:05,499.5,499.5,499.5,499.5,41912,0.0,109848,0.0,2093850000.0,0.0,190,32,2018-09-20 22:05:00
20180920 22:06,499.5,499.5,499.5,499.5,41912,0.0,109848,0.0,2093850000.0,0.0,380,50,2018-09-20 22:06:00
20180920 22:07,499.5,499.5,499.5,499.5,42870,958.0,108940,-908.0,2141710000.0,47860000.0,480,1925,2018-09-20 22:07:00
20180920 22:08,499.5,499.5,499.5,499.5,42870,0.0,108940,0.0,2141710000.0,0.0,688,1442,2018-09-20 22:08:00
20180920 22:09,499.5,499.5,499.5,499.5,42870,0.0,108940,0.0,2141710000.0,0.0,7317,4342,2018-09-20 22:09:00
20180920 22:10,499.0,499.0,499.0,499.0,42890,20.0,108920,-20.0,2142700000.0,990000.0,1584,778,2018-09-20 22:10:00
20180920 22:12,499.0,499.0,499.0,499.0,42890,0.0,108920,0.0,2142700000.0,0.0,621,358,2018-09-20 22:12:00
20180920 22:13,499.5,499.5,499.5,499.5,42892,2.0,108920,0.0,2142800000.0,100000.0,844,492,2018-09-20 22:13:00
20180920 22:14,499.5,499.5,499.5,499.5,42892,0.0,108920,0.0,2142800000.0,0.0,1060,600,2018-09-20 22:14:00
20180920 22:15,499.5,499.5,499.5,499.5,42892,0.0,108920,0.0,2142800000.0,0.0,207,123,2018-09-20 22:15:00
20180920 22:16,499.5,499.5,499.5,499.5,42892,0.0,108920,0.0,2142800000.0,0.0,414,165,2018-09-20 22:16:00
20180920 22:17,499.5,499.5,499.5,499.5,43046,154.0,108774,-146.0,2150500000.0,7700000.0,708,249,2018-09-20 22:17:00
20180920 22:18,499.5,499.5,499.5,499.5,44414,1368.0,109636,862.0,2218830000.0,68330000.0,6171,1368,2018-09-20 22:18:00
20180920 22:19,499.5,499.5,499.5,499.5,44414,0.0,109636,0.0,2218830000.0,0.0,1771,370,2018-09-20 22:19:00
20180920 22:20,499.5,499.5,499.5,499.5,44414,0.0,109636,0.0,2218830000.0,0.0,2840,468,2018-09-20 22:20:00
20180920 22:21,499.5,499.5,499.5,499.5,44414,0.0,109636,0.0,2218830000.0,0.0,3195,427,2018-09-20 22:21:00
20180920 22:22,499.5,499.5,499.5,499.5,44414,0.0,109636,0.0,2218830000.0,0.0,710,79,2018-09-20 22:22:00
20180920 22:23,499.5,500.0,499.5,500.0,44766,352.0,109928,292.0,2236430000.0,17600000.0,3869,608,2018-09-20 22:23:00
20180920 22:24,500.0,500.0,500.0,500.0,49456,4690.0,109100,-828.0,2470930000.0,234500000.0,4412,2194,2018-09-20 22:24:00
20180920 22:25,500.0,500.0,500.0,500.0,53294,3838.0,109196,96.0,2662830000.0,191900000.0,3052,2678,2018-09-20 22:25:00
20180920 22:26,500.0,500.0,500.0,500.0,53448,154.0,109042,-154.0,2670530000.0,7700000.0,1217,873,2018-09-20 22:26:00
20180920 22:27,500.0,500.0,500.0,500.0,53448,0.0,109042,0.0,2670530000.0,0.0,127,75,2018-09-20 22:27:00
20180920 22:29,500.0,500.0,500.0,500.0,53448,0.0,109042,0.0,2670530000.0,0.0,484,373,2018-09-20 22:29:00
20180920 22:30,500.0,500.0,500.0,500.0,53448,0.0,109042,0.0,2670530000.0,0.0,947,1000,2018-09-20 22:30:00
20180920 22:31,500.0,500.0,500.0,500.0,53448,0.0,109042,0.0,2670530000.0,0.0,476,404,2018-09-20 22:31:00
20180920 22:32,500.0,500.0,500.0,500.0,53448,0.0,109042,0.0,2670530000.0,0.0,476,413,2018-09-20 22:32:00
20180920 22:33,500.0,500.0,500.0,500.0,53448,0.0,109042,0.0,2670530000.0,0.0,372,277,2018-09-20 22:33:00
20180920 22:34,500.0,500.0,500.0,500.0,53448,0.0,109042,0.0,2670530000.0,0.0,248,177,2018-09-20 22:34:00
20180920 22:35,500.0,500.0,500.0,500.0,53448,0.0,109042,0.0,2670530000.0,0.0,102,100,2018-09-20 22:35:00
20180920 22:36,500.0,500.0,500.0,500.0,53448,0.0,109042,0.0,2670530000.0,0.0,883,1001,2018-09-20 22:36:00
20180920 22:37,500.0,500.0,500.0,500.0,53448,0.0,109042,0.0,2670530000.0,0.0,102,105,2018-09-20 22:37:00
20180920 22:38,500.0,500.0,500.0,500.0,53448,0.0,109042,0.0,2670530000.0,0.0,474,397,2018-09-20 22:38:00
20180920 22:39,500.0,500.0,500.0,500.0,53448,0.0,109042,0.0,2670530000.0,0.0,680,735,2018-09-20 22:39:00
20180920 22:40,500.0,500.0,500.0,500.0,53448,0.0,109042,0.0,2670530000.0,0.0,896,707,2018-09-20 22:40:00
20180920 22:41,500.0,500.0,500.0,500.0,53448,0.0,109042,0.0,2670530000.0,0.0,978,652,2018-09-20 22:41:00
20180920 22:42,500.0,500.0,500.0,500.0,53448,0.0,109042,0.0,2670530000.0,0.0,438,399,2018-09-20 22:42:00
20180920 22:43,500.0,500.0,499.5,499.5,53452,4.0,109038,-4.0,2670730000.0,200000.0,623,708,2018-09-20 22:43:00
20180920 22:44,499.5,499.5,499.5,499.5,53452,0.0,109038,0.0,2670730000.0,0.0,546,473,2018-09-20 22:44:00
20180920 22:45,499.5,499.5,499.5,499.5,53456,4.0,109034,-4.0,2670930000.0,200000.0,546,443,2018-09-20 22:45:00
20180920 22:46,499.5,499.5,499.5,499.5,53456,0.0,109034,0.0,2670930000.0,0.0,973,663,2018-09-20 22:46:00
20180920 22:47,499.5,499.5,499.5,499.5,53456,0.0,109034,0.0,2670930000.0,0.0,127,85,2018-09-20 22:47:00
20180920 22:48,499.5,499.5,499.5,499.5,53456,0.0,109034,0.0,2670930000.0,0.0,796,699,2018-09-20 22:48:00
20180920 22:49,499.5,499.5,499.5,499.5,53456,0.0,109034,0.0,2670930000.0,0.0,1041,685,2018-09-20 22:49:00
20180920 22:50,499.5,499.5,499.5,499.5,53456,0.0,109034,0.0,2670930000.0,0.0,756,350,2018-09-20 22:50:00
20180920 22:51,499.5,499.5,499.5,499.5,53456,0.0,109034,0.0,2670930000.0,0.0,1344,925,2018-09-20 22:51:00
20180920 22:52,499.5,499.5,499.5,499.5,53456,0.0,109034,0.0,2670930000.0,0.0,875,497,2018-09-20 22:52:00
20180920 22:53,499.5,499.5,499.5,499.5,53456,0.0,109034,0.0,2670930000.0,0.0,125,56,2018-09-20 22:53:00
20180920 22:54,499.5,499.5,499.5,499.5,53456,0.0,109034,0.0,2670930000.0,0.0,519,398,2018-09-20 22:54:00
20180920 22:55,499.5,500.0,499.5,500.0,54596,1140.0,109864,830.0,2727930000.0,57000000.0,1701,1521,2018-09-20 22:55:00
20180920 22:56,500.0,500.0,500.0,500.0,56012,1416.0,109952,88.0,2798730000.0,70800000.0,1265,5020,2018-09-20 22:56:00
20180920 22:57,500.0,500.0,500.0,500.0,56012,0.0,109952,0.0,2798730000.0,0.0,359,494,2018-09-20 22:57:00
20180920 22:58,500.0,500.5,500.0,500.5,56154,142.0,109830,-122.0,2805830000.0,7100000.0,292,700,2018-09-20 22:58:00
20180920 22:59,500.5,502.0,500.5,502.0,57968,1814.0,109478,-352.0,2896650000.0,90820000.0,4369,2021,2018-09-20 22:59:00
20180920 23:00,502.0,502.5,502.0,502.0,59520,1552.0,108684,-794.0,2974560000.0,77910000.0,4417,4641,2018-09-20 23:00:00
20180920 23:01,502.0,502.0,501.5,502.0,59572,52.0,108646,-38.0,2977170000.0,2610000.0,1069,925,2018-09-20 23:01:00
20180920 23:02,501.5,501.5,501.5,501.5,59574,2.0,108644,-2.0,2977270000.0,100000.0,913,350,2018-09-20 23:02:00
20180920 23:03,501.5,501.5,501.5,501.5,59752,178.0,108554,-90.0,2986200000.0,8930000.0,942,570,2018-09-20 23:03:00
20180920 23:05,501.5,501.5,501.5,501.5,59752,0.0,108554,0.0,2986200000.0,0.0,450,262,2018-09-20 23:05:00
20180920 23:06,501.5,501.5,501.5,501.5,59752,0.0,108554,0.0,2986200000.0,0.0,292,174,2018-09-20 23:06:00
20180920 23:07,501.0,501.0,501.0,501.0,59754,2.0,108552,-2.0,2986300000.0,100000.0,438,262,2018-09-20 23:07:00
20180920 23:10,501.0,501.5,501.0,501.5,59776,22.0,108552,0.0,2987400000.0,1100000.0,687,427,2018-09-20 23:10:00
20180920 23:13,500.5,500.5,500.5,500.5,60056,280.0,108472,-80.0,3001420000.0,14020000.0,1399,238,2018-09-20 23:13:00
20180920 23:14,500.5,500.5,500.5,500.5,61674,1618.0,108664,192.0,3082400000.0,80980000.0,895,873,2018-09-20 23:14:00
20180920 23:15,500.5,500.5,499.5,499.5,67038,5364.0,108638,-26.0,3350340000.0,267940000.0,2417,4601,2018-09-20 23:15:00
20180920 23:16,499.5,499.5,498.5,498.5,67134,96.0,108574,-64.0,3355130000.0,4790000.0,1168,775,2018-09-20 23:16:00
20180920 23:17,498.5,499.5,498.5,499.5,67746,612.0,108972,398.0,3385700000.0,30570000.0,1113,1475,2018-09-20 23:17:00
20180920 23:18,499.5,499.5,499.5,499.5,67748,2.0,108972,0.0,3385800000.0,100000.0,294,661,2018-09-20 23:18:00
20180920 23:19,499.5,499.5,499.5,499.5,68464,716.0,108580,-392.0,3421560000.0,35760000.0,1062,921,2018-09-20 23:19:00
20180920 23:20,499.5,499.5,499.5,499.5,71322,2858.0,108586,6.0,3564320000.0,142760000.0,869,841,2018-09-20 23:20:00
20180920 23:21,499.5,499.5,499.5,499.5,72322,1000.0,109412,826.0,3614270000.0,49950000.0,234,320,2018-09-20 23:21:00
20180920 23:22,499.5,499.5,499.5,499.5,72322,0.0,109412,0.0,3614270000.0,0.0,267,444,2018-09-20 23:22:00
20180920 23:23,499.5,499.5,499.5,499.5,72328,6.0,109412,0.0,3614570000.0,300000.0,732,584,2018-09-20 23:23:00
20180920 23:24,500.0,500.0,500.0,500.0,72538,210.0,109300,-112.0,3625070000.0,10500000.0,471,1150,2018-09-20 23:24:00
20180920 23:25,500.0,500.0,499.5,499.5,72570,32.0,109300,0.0,3626670000.0,1600000.0,731,1119,2018-09-20 23:25:00
20180920 23:26,499.5,499.5,499.5,499.5,72860,290.0,109512,212.0,3641150000.0,14480000.0,1920,1210,2018-09-20 23:26:00
20180920 23:27,499.5,499.5,498.5,499.0,74514,1654.0,109534,22.0,3723690000.0,82540000.0,374,585,2018-09-20 23:27:00
20180920 23:28,499.0,499.5,498.5,499.0,75598,1084.0,108722,-812.0,3777730000.0,54040000.0,332,757,2018-09-20 23:28:00
20180920 23:29,498.5,500.0,498.5,500.0,77622,2024.0,108706,-16.0,3878730000.0,101000000.0,1164,1181,2018-09-20 23:29:00
20180920 23:30,500.0,500.0,500.0,500.0,77622,0.0,108706,0.0,3878730000.0,0.0,71,13,2018-09-20 23:30:00
20180921 09:00,499.0,499.0,499.0,499.0,58890,58890.0,114796,6090.0,2937950000.0,2937950000.0,617,1236,2018-09-21 09:00:00
20180921 09:01,499.0,499.0,499.0,499.0,58890,0.0,114796,0.0,2937950000.0,0.0,165,413,2018-09-21 09:01:00
20180921 09:02,499.0,499.0,499.0,499.0,58900,10.0,114796,0.0,2938440000.0,490000.0,34,84,2018-09-21 09:02:00
20180921 09:03,499.0,499.0,499.0,499.0,58916,16.0,114792,-4.0,2939240000.0,800000.0,365,781,2018-09-21 09:03:00
20180921 09:04,499.0,499.0,499.0,499.0,58916,0.0,114792,0.0,2939240000.0,0.0,183,546,2018-09-21 09:04:00
20180921 09:05,499.0,499.0,498.5,498.5,58940,24.0,114782,-10.0,2940440000.0,1200000.0,458,1092,2018-09-21 09:05:00
20180921 09:06,498.5,498.5,498.5,498.5,58964,24.0,114778,-4.0,2941640000.0,1200000.0,1002,1387,2018-09-21 09:06:00
20180921 09:07,498.5,498.5,498.5,498.5,58972,8.0,114780,2.0,2942030000.0,390000.0,908,970,2018-09-21 09:07:00
20180921 09:08,498.5,498.5,498.5,498.5,59016,44.0,114776,-4.0,2944230000.0,2200000.0,814,269,2018-09-21 09:08:00
20180921 09:09,498.5,498.5,498.5,498.5,59026,10.0,114770,-6.0,2944730000.0,500000.0,808,497,2018-09-21 09:09:00
20180921 09:10,498.5,498.5,498.5,498.5,59026,0.0,114770,0.0,2944730000.0,0.0,1184,411,2018-09-21 09:10:00
20180921 09:11,498.5,498.5,498.5,498.5,59026,0.0,114770,0.0,2944730000.0,0.0,152,90,2018-09-21 09:11:00
20180921 09:13,498.5,498.5,498.5,498.5,59028,2.0,114768,-2.0,2944830000.0,100000.0,342,177,2018-09-21 09:13:00
20180921 09:14,498.5,498.5,498.5,498.5,59030,2.0,114766,-2.0,2944930000.0,100000.0,475,262,2018-09-21 09:14:00
20180921 09:15,498.5,498.5,498.5,498.5,59034,4.0,114762,-4.0,2945130000.0,200000.0,342,382,2018-09-21 09:15:00
20180921 09:16,498.5,498.5,498.5,498.5,59034,0.0,114762,0.0,2945130000.0,0.0,233,320,2018-09-21 09:16:00
20180921 09:17,498.5,499.0,498.5,499.0,59134,100.0,114754,-8.0,2950120000.0,4990000.0,1907,1545,2018-09-21 09:17:00
20180921 09:18,499.0,499.0,499.0,499.0,59370,236.0,114754,0.0,2961890000.0,11770000.0,1116,1103,2018-09-21 09:18:00
20180921 09:19,499.0,499.0,499.0,499.0,59370,0.0,114754,0.0,2961890000.0,0.0,515,353,2018-09-21 09:19:00
20180921 09:20,499.0,499.0,498.5,498.5,59404,34.0,114760,6.0,2963590000.0,1700000.0,1250,518,2018-09-21 09:20:00
20180921 09:21,498.5,499.0,498.5,499.0,59492,88.0,114734,-26.0,2967980000.0,4390000.0,1110,544,2018-09-21 09:21:00
20180921 09:22,499.0,499.0,499.0,499.0,59506,14.0,114720,-14.0,2968680000.0,700000.0,755,353,2018-09-21 09:22:00
20180921 09:23,499.0,499.5,499.0,499.5,59508,2.0,114718,-2.0,2968780000.0,100000.0,473,303,2018-09-21 09:23:00
20180921 09:24,499.5,499.5,499.0,499.0,59610,102.0,114764,46.0,2973870000.0,5090000.0,1627,741,2018-09-21 09:24:00
20180921 09:25,499.0,499.0,499.0,499.0,59610,0.0,114764,0.0,2973870000.0,0.0,433,318,2018-09-21 09:25:00
20180921 09:26,499.0,499.5,499.0,499.5,59614,4.0,114762,-2.0,2974070000.0,200000.0,714,543,2018-09-21 09:26:00
20180921 09:27,499.5,499.5,499.5,499.5,59614,0.0,114762,0.0,2974070000.0,0.0,537,299,2018-09-21 09:27:00
20180921 09:28,499.5,499.5,499.5,499.5,59616,2.0,114762,0.0,2974170000.0,100000.0,385,76,2018-09-21 09:28:00
20180921 09:29,499.5,499.5,499.0,499.0,59712,96.0,114782,20.0,2978960000.0,4790000.0,776,876,2018-09-21 09:29:00
20180921 09:30,499.0,499.0,499.0,499.0,59712,0.0,114782,0.0,2978960000.0,0.0,1024,756,2018-09-21 09:30:00
20180921 09:31,499.0,499.0,499.0,499.0,59806,94.0,114786,4.0,2983650000.0,4690000.0,841,395,2018-09-21 09:31:00
20180921 09:32,499.0,499.0,499.0,499.0,59972,166.0,114784,-2.0,2991930000.0,8280000.0,952,3474,2018-09-21 09:32:00
20180921 09:33,499.0,499.0,499.0,499.0,59972,0.0,114784,0.0,2991930000.0,0.0,3099,4129,2018-09-21 09:33:00
20180921 09:34,499.0,499.0,499.0,499.0,60188,216.0,114938,154.0,3002710000.0,10780000.0,3760,5993,2018-09-21 09:34:00
20180921 09:35,499.0,499.0,499.0,499.0,60294,106.0,115012,74.0,3008000000.0,5290000.0,1816,5779,2018-09-21 09:35:00
20180921 09:36,499.0,499.0,499.0,499.0,60322,28.0,115000,-12.0,3009390000.0,1390000.0,230,449,2018-09-21 09:36:00
20180921 09:37,499.0,499.5,499.0,499.5,60438,116.0,114952,-48.0,3015180000.0,5790000.0,3348,1389,2018-09-21 09:37:00
20180921 09:38,499.5,499.5,499.0,499.0,60532,94.0,114972,20.0,3019870000.0,4690000.0,3003,3802,2018-09-21 09:38:00
20180921 09:39,499.0,499.0,499.0,499.0,60542,10.0,114972,0.0,3020370000.0,500000.0,453,2042,2018-09-21 09:39:00
20180921 09:40,499.0,499.0,499.0,499.0,60548,6.0,114976,4.0,3020670000.0,300000.0,451,2215,2018-09-21 09:40:00
20180921 09:41,499.0,499.5,499.0,499.0,60680,132.0,114944,-32.0,3027260000.0,6590000.0,4497,1752,2018-09-21 09:41:00
20180921 09:42,499.0,499.5,499.0,499.5,60796,116.0,114988,44.0,3033050000.0,5790000.0,3367,893,2018-09-21 09:42:00
20180921 09:43,499.5,499.5,498.5,498.5,60944,148.0,114988,0.0,3040430000.0,7380000.0,3366,5384,2018-09-21 09:43:00
20180921 09:44,498.5,498.5,498.5,498.5,61144,200.0,114962,-26.0,3050400000.0,9970000.0,4291,2564,2018-09-21 09:44:00
20180921 09:45,498.0,499.0,498.0,499.0,61424,280.0,114956,-6.0,3064360000.0,13960000.0,9960,6483,2018-09-21 09:45:00
20180921 09:46,499.0,499.0,499.0,499.0,63650,2226.0,115004,48.0,3175430000.0,111070000.0,6489,4006,2018-09-21 09:46:00
20180921 09:47,499.0,499.0,498.5,499.0,63680,30.0,115020,16.0,3176930000.0,1500000.0,5025,1699,2018-09-21 09:47:00
20180921 09:48,499.0,499.0,498.5,498.5,65766,2086.0,115036,16.0,3280920000.0,103990000.0,3867,2057,2018-09-21 09:48:00
20180921 09:49,498.5,498.5,498.5,498.5,67754,1988.0,115038,2.0,3380020000.0,99100000.0,303,2704,2018-09-21 09:49:00
20180921 09:50,498.5,498.5,498.5,498.5,69954,2200.0,115138,100.0,3489690000.0,109670000.0,5536,4414,2018-09-21 09:50:00
20180921 09:51,498.5,499.0,498.5,499.0,69958,4.0,115142,4.0,3489890000.0,200000.0,3590,1044,2018-09-21 09:51:00
20180921 09:52,499.0,499.0,498.5,498.5,70638,680.0,115298,156.0,3523790000.0,33900000.0,6488,5923,2018-09-21 09:52:00
20180921 09:53,498.5,498.5,498.5,498.5,74672,4034.0,115242,-56.0,3724880000.0,201090000.0,7885,5828,2018-09-21 09:53:00
20180921 09:54,498.5,498.5,498.5,498.5,75074,402.0,115176,-66.0,3744920000.0,20040000.0,4190,1918,2018-09-21 09:54:00
20180921 09:55,498.5,498.5,498.5,498.5,75198,124.0,115114,-62.0,3751100000.0,6180000.0,3716,1563,2018-09-21 09:55:00
20180921 09:56,498.5,498.5,498.5,498.5,75312,114.0,115132,18.0,3756790000.0,5690000.0,2780,647,2018-09-21 09:56:00
20180921 09:57,498.5,498.5,498.5,498.5,75312,0.0,115132,0.0,3756790000.0,0.0,1083,310,2018-09-21 09:57:00
20180921 09:58,498.5,498.5,498.5,498.5,75316,4.0,115132,0.0,3756990000.0,200000.0,1314,426,2018-09-21 09:58:00
20180921 09:59,498.5,498.5,498.5,498.5,75316,0.0,115132,0.0,3756990000.0,0.0,482,178,2018-09-21 09:59:00
20180921 10:00,498.5,499.0,498.5,499.0,75322,6.0,115132,0.0,3757290000.0,300000.0,1910,703,2018-09-21 10:00:00
20180921 10:01,499.0,499.0,499.0,499.0,75330,8.0,115132,0.0,3757690000.0,400000.0,2826,1127,2018-09-21 10:01:00
20180921 10:02,498.5,499.0,498.5,499.0,75518,188.0,115206,74.0,3767060000.0,9370000.0,2381,629,2018-09-21 10:02:00
20180921 10:03,499.0,499.0,498.5,498.5,76002,484.0,115180,-26.0,3791190000.0,24130000.0,3902,1587,2018-09-21 10:03:00
20180921 10:04,498.5,498.5,498.5,498.5,76096,94.0,115174,-6.0,3795870000.0,4680000.0,3296,1073,2018-09-21 10:04:00
20180921 10:05,498.5,499.0,498.5,499.0,76098,2.0,115174,0.0,3795970000.0,100000.0,788,233,2018-09-21 10:05:00
20180921 10:06,499.0,499.0,499.0,499.0,76098,0.0,115174,0.0,3795970000.0,0.0,471,94,2018-09-21 10:06:00
20180921 10:07,499.0,499.0,498.5,498.5,76350,252.0,115134,-40.0,3808530000.0,12560000.0,4763,1514,2018-09-21 10:07:00
20180921 10:08,498.5,498.5,498.5,498.5,76430,80.0,115144,10.0,3812520000.0,3990000.0,4717,3315,2018-09-21 10:08:00
20180921 10:09,498.5,498.5,498.5,498.5,76436,6.0,115150,6.0,3812820000.0,300000.0,1715,2157,2018-09-21 10:09:00
20180921 10:10,498.5,498.5,498.0,498.0,76900,464.0,115080,-70.0,3835930000.0,23110000.0,2130,2771,2018-09-21 10:10:00
20180921 10:11,498.0,498.0,498.0,498.0,77050,150.0,115126,46.0,3843400000.0,7470000.0,2431,3546,2018-09-21 10:11:00
20180921 10:12,498.0,498.5,498.0,498.5,77654,604.0,115160,34.0,3873480000.0,30080000.0,4420,2600,2018-09-21 10:12:00
20180921 10:13,498.5,498.5,498.5,498.5,78012,358.0,115054,-106.0,3891330000.0,17850000.0,3217,2051,2018-09-21 10:13:00
20180921 10:14,498.5,498.5,498.0,498.5,79264,1252.0,115046,-8.0,3953680000.0,62350000.0,7808,3065,2018-09-21 10:14:00
20180921 10:15,498.5,498.5,498.5,498.5,79264,0.0,115046,0.0,3953680000.0,0.0,106,116,2018-09-21 10:15:00
20180921 10:30,498.5,498.5,498.5,498.5,79264,0.0,115046,0.0,3953680000.0,0.0,8248,3305,2018-09-21 10:30:00
20180921 10:31,498.5,498.5,498.5,498.5,79264,0.0,115046,0.0,3953680000.0,0.0,1390,212,2018-09-21 10:31:00
20180921 10:32,498.5,498.5,498.5,498.5,79264,0.0,115046,0.0,3953680000.0,0.0,1390,259,2018-09-21 10:32:00
20180921 10:33,498.5,498.5,498.0,498.0,79396,132.0,115034,-12.0,3960260000.0,6580000.0,1766,710,2018-09-21 10:33:00
20180921 10:34,498.0,498.0,498.0,498.0,79772,376.0,115154,120.0,3978980000.0,18720000.0,3374,906,2018-09-21 10:34:00
20180921 10:35,498.0,498.0,498.0,498.0,80038,266.0,115094,-60.0,3992230000.0,13250000.0,5326,862,2018-09-21 10:35:00
20180921 10:36,498.0,498.0,498.0,498.0,80038,0.0,115094,0.0,3992230000.0,0.0,3187,523,2018-09-21 10:36:00
20180921 10:37,498.0,498.0,498.0,498.0,80038,0.0,115094,0.0,3992230000.0,0.0,11413,2823,2018-09-21 10:37:00
20180921 10:38,498.0,498.0,498.0,498.0,80280,242.0,115162,68.0,4004280000.0,12050000.0,1560,534,2018-09-21 10:38:00
20180921 10:39,498.0,498.0,497.5,497.5,80888,608.0,115120,-42.0,4034550000.0,30270000.0,5026,2585,2018-09-21 10:39:00
20180921 10:40,497.5,497.5,497.0,497.5,81634,746.0,115040,-80.0,4071660000.0,37110000.0,5444,4364,2018-09-21 10:40:00
20180921 10:41,497.5,497.5,497.5,497.5,81704,70.0,115034,-6.0,4075140000.0,3480000.0,2453,3318,2018-09-21 10:41:00
20180921 10:42,497.5,497.5,497.0,497.0,81708,4.0,115034,0.0,4075340000.0,200000.0,1833,2366,2018-09-21 10:42:00
20180921 10:43,497.5,497.5,497.5,497.5,81996,288.0,115030,-4.0,4089670000.0,14330000.0,2995,2881,2018-09-21 10:43:00
20180921 10:44,497.5,498.0,497.5,498.0,82168,172.0,115008,-22.0,4098240000.0,8570000.0,2828,2452,2018-09-21 10:44:00
20180921 10:45,498.0,498.0,498.0,498.0,82168,0.0,115008,0.0,4098240000.0,0.0,95,486,2018-09-21 10:45:00
20180921 10:46,498.0,498.5,498.0,498.0,84898,2730.0,115114,106.0,4234190000.0,135950000.0,9698,2805,2018-09-21 10:46:00
20180921 10:47,498.0,498.0,498.0,498.0,87090,2192.0,114932,-182.0,4343350000.0,109160000.0,2427,4422,2018-09-21 10:47:00
20180921 10:48,498.0,498.0,498.0,498.0,89748,2658.0,114858,-74.0,4475720000.0,132370000.0,3613,2823,2018-09-21 10:48:00
20180921 10:49,498.0,498.0,498.0,498.0,89748,0.0,114858,0.0,4475720000.0,0.0,463,856,2018-09-21 10:49:00
20180921 10:50,498.0,498.0,497.5,497.5,89912,164.0,114820,-38.0,4483880000.0,8160000.0,576,2275,2018-09-21 10:50:00
20180921 10:51,497.5,497.5,497.5,497.5,89912,0.0,114820,0.0,4483880000.0,0.0,699,1592,2018-09-21 10:51:00
20180921 10:52,497.5,497.5,497.5,497.5,89912,0.0,114820,0.0,4483880000.0,0.0,440,1128,2018-09-21 10:52:00
20180921 10:53,497.5,497.5,497.0,497.0,89928,16.0,114812,-8.0,4484670000.0,790000.0,711,1282,2018-09-21 10:53:00
20180921 10:54,497.0,497.0,497.0,497.0,89928,0.0,114812,0.0,4484670000.0,0.0,380,861,2018-09-21 10:54:00
20180921 10:55,497.0,497.5,497.0,497.5,90074,146.0,114814,2.0,4491940000.0,7270000.0,1309,1335,2018-09-21 10:55:00
20180921 10:56,497.5,498.0,497.5,498.0,90080,6.0,114808,-6.0,4492240000.0,300000.0,1612,1683,2018-09-21 10:56:00
20180921 10:57,498.0,498.0,498.0,498.0,90080,0.0,114808,0.0,4492240000.0,0.0,139,198,2018-09-21 10:57:00
20180921 10:58,498.0,498.0,498.0,498.0,90310,230.0,114876,68.0,4503690000.0,11450000.0,4973,2104,2018-09-21 10:58:00
20180921 10:59,498.0,498.0,497.5,497.5,93988,3678.0,114972,96.0,4686850000.0,183160000.0,9535,6853,2018-09-21 10:59:00
20180921 11:00,497.5,498.0,497.5,498.0,95438,1450.0,115054,82.0,4759040000.0,72190000.0,6308,3743,2018-09-21 11:00:00
20180921 11:01,498.0,498.0,498.0,498.0,95448,10.0,115044,-10.0,4759540000.0,500000.0,295,515,2018-09-21 11:01:00
20180921 11:02,498.0,498.0,498.0,498.0,95448,0.0,115044,0.0,4759540000.0,0.0,447,674,2018-09-21 11:02:00
20180921 11:03,498.0,498.0,498.0,498.0,95562,114.0,115004,-40.0,4765220000.0,5680000.0,4224,1422,2018-09-21 11:03:00
20180921 11:04,498.0,498.0,498.0,498.0,95704,142.0,115012,8.0,4772290000.0,7070000.0,8243,2304,2018-09-21 11:04:00
20180921 11:05,498.0,498.0,498.0,498.0,96040,336.0,114998,-14.0,4789020000.0,16730000.0,10075,4247,2018-09-21 11:05:00
20180921 11:06,498.0,498.0,498.0,498.0,96170,130.0,114898,-100.0,4795500000.0,6480000.0,443,1037,2018-09-21 11:06:00
20180921 11:07,498.0,498.0,498.0,498.0,96320,150.0,114952,54.0,4802970000.0,7470000.0,2917,1738,2018-09-21 11:07:00
20180921 11:08,498.0,498.0,498.0,498.0,98360,2040.0,115012,60.0,4904560000.0,101590000.0,2813,1415,2018-09-21 11:08:00
20180921 11:09,498.0,498.0,498.0,498.0,98384,24.0,115006,-6.0,4905760000.0,1200000.0,303,696,2018-09-21 11:09:00
20180921 11:10,498.0,498.0,498.0,498.0,100636,2252.0,115168,162.0,5017910000.0,112150000.0,2791,1413,2018-09-21 11:10:00
20180921 11:11,498.0,498.0,498.0,498.0,100992,356.0,115160,-8.0,5035630000.0,17720000.0,8923,2768,2018-09-21 11:11:00
20180921 11:12,498.0,498.5,498.0,498.0,101070,78.0,115194,34.0,5039520000.0,3890000.0,1457,2583,2018-09-21 11:12:00
20180921 11:13,498.0,498.0,498.0,498.0,101196,126.0,115234,40.0,5045800000.0,6280000.0,554,1080,2018-09-21 11:13:00
20180921 11:14,498.0,498.0,498.0,498.0,110004,8808.0,115238,4.0,5484430000.0,438630000.0,7671,2661,2018-09-21 11:14:00
20180921 11:15,498.0,498.0,498.0,498.0,110866,862.0,115172,-66.0,5527360000.0,42930000.0,3734,2005,2018-09-21 11:15:00
20180921 11:16,498.0,498.0,498.0,498.0,111664,798.0,115238,66.0,5567100000.0,39740000.0,2369,1449,2018-09-21 11:16:00
20180921 11:17,498.0,498.0,498.0,498.0,111956,292.0,115254,16.0,5581640000.0,14540000.0,1754,967,2018-09-21 11:17:00
20180921 11:18,498.0,498.0,498.0,498.0,111964,8.0,115262,8.0,5582040000.0,400000.0,936,940,2018-09-21 11:18:00
20180921 11:19,498.0,498.0,498.0,498.0,111966,2.0,115264,2.0,5582140000.0,100000.0,948,1127,2018-09-21 11:19:00
20180921 11:20,498.0,498.0,498.0,498.0,111966,0.0,115264,0.0,5582140000.0,0.0,583,962,2018-09-21 11:20:00
20180921 11:21,498.0,498.0,498.0,498.0,111968,2.0,115264,0.0,5582240000.0,100000.0,705,951,2018-09-21 11:21:00
20180921 11:22,498.0,498.0,497.5,497.5,112848,880.0,115316,52.0,5626050000.0,43810000.0,3456,7256,2018-09-21 11:22:00
20180921 11:23,497.5,497.5,497.5,497.5,119600,6752.0,115544,228.0,5961960000.0,335910000.0,5585,17498,2018-09-21 11:23:00
20180921 11:24,497.5,497.5,497.5,497.5,119762,162.0,115506,-38.0,5970020000.0,8060000.0,1541,5924,2018-09-21 11:24:00
20180921 11:25,497.5,497.5,497.5,497.5,120102,340.0,115342,-164.0,5986940000.0,16920000.0,3489,2284,2018-09-21 11:25:00
20180921 11:26,497.5,497.5,497.5,497.5,120104,2.0,115342,0.0,5987030000.0,90000.0,314,1472,2018-09-21 11:26:00
20180921 11:27,497.5,497.5,497.5,497.5,123874,3770.0,115342,0.0,6174590000.0,187560000.0,3703,1086,2018-09-21 11:27:00
20180921 11:28,497.5,497.5,497.5,497.5,123874,0.0,115342,0.0,6174590000.0,0.0,1052,307,2018-09-21 11:28:00
20180921 11:29,497.5,498.0,497.5,497.5,123976,102.0,115280,-62.0,6179670000.0,5080000.0,2507,1019,2018-09-21 11:29:00
20180921 13:30,497.5,498.0,497.5,498.0,124598,622.0,115504,224.0,6210640000.0,30970000.0,2534,2209,2018-09-21 13:30:00
20180921 13:31,498.0,498.0,497.5,497.5,124656,58.0,115484,-20.0,6213520000.0,2880000.0,1146,1968,2018-09-21 13:31:00
20180921 13:32,497.5,497.5,497.0,497.0,124684,28.0,115488,4.0,6214910000.0,1390000.0,2545,3418,2018-09-21 13:32:00
20180921 13:33,497.0,497.5,497.0,497.5,125192,508.0,115538,50.0,6240190000.0,25280000.0,3199,2862,2018-09-21 13:33:00
20180921 13:34,497.5,497.5,497.5,497.5,125196,4.0,115536,-2.0,6240390000.0,200000.0,1245,1216,2018-09-21 13:34:00
20180921 13:35,497.5,497.5,497.0,497.5,125394,198.0,115378,-158.0,6250240000.0,9850000.0,321,1361,2018-09-21 13:35:00
20180921 13:36,497.5,497.5,497.5,497.5,125680,286.0,115468,90.0,6264460000.0,14220000.0,1796,1000,2018-09-21 13:36:00
20180921 13:37,497.5,497.5,497.5,497.5,125694,14.0,115482,14.0,6265160000.0,700000.0,1484,337,2018-09-21 13:37:00
20180921 13:38,497.5,497.5,497.5,497.5,125700,6.0,115476,-6.0,6265460000.0,300000.0,551,139,2018-09-21 13:38:00
20180921 13:39,497.5,497.5,497.5,497.5,125702,2.0,115474,-2.0,6265560000.0,100000.0,228,53,2018-09-21 13:39:00
20180921 13:40,497.5,497.5,497.5,497.5,125702,0.0,115474,0.0,6265560000.0,0.0,228,52,2018-09-21 13:40:00
20180921 13:41,497.5,497.5,497.5,497.5,125796,94.0,115496,22.0,6270240000.0,4680000.0,1368,440,2018-09-21 13:41:00
20180921 13:42,497.5,497.5,497.5,497.5,125798,2.0,115494,-2.0,6270340000.0,100000.0,282,86,2018-09-21 13:42:00
20180921 13:43,497.5,497.5,497.5,497.5,125798,0.0,115494,0.0,6270340000.0,0.0,228,56,2018-09-21 13:43:00
20180921 13:44,497.5,498.5,497.5,498.5,125864,66.0,115466,-28.0,6273620000.0,3280000.0,1400,733,2018-09-21 13:44:00
20180921 13:45,498.5,498.5,497.5,497.5,126214,350.0,115514,48.0,6291050000.0,17430000.0,1647,2619,2018-09-21 13:45:00
20180921 13:46,497.5,498.0,497.5,498.0,126342,128.0,115526,12.0,6297430000.0,6380000.0,3738,1240,2018-09-21 13:46:00
20180921 13:47,498.0,498.5,498.0,498.5,126436,94.0,115488,-38.0,6302110000.0,4680000.0,1314,926,2018-09-21 13:47:00
20180921 13:48,498.5,498.5,498.5,498.5,126442,6.0,115482,-6.0,6302410000.0,300000.0,576,199,2018-09-21 13:48:00
20180921 13:49,498.5,499.0,498.5,499.0,126692,250.0,115540,58.0,6314870000.0,12460000.0,3786,1949,2018-09-21 13:49:00
20180921 13:50,499.0,499.0,499.0,499.0,126772,80.0,115548,8.0,6318870000.0,4000000.0,5432,2246,2018-09-21 13:50:00
20180921 13:51,499.0,499.0,499.0,499.0,126772,0.0,115548,0.0,6318870000.0,0.0,1461,1058,2018-09-21 13:51:00
20180921 13:52,499.0,499.0,498.5,498.5,126950,178.0,115394,-154.0,6327740000.0,8870000.0,2257,2247,2018-09-21 13:52:00
20180921 13:53,498.5,498.5,498.5,498.5,129102,2152.0,115468,74.0,6435020000.0,107280000.0,1825,2145,2018-09-21 13:53:00
20180921 13:54,498.5,498.5,498.5,498.5,129106,4.0,115468,0.0,6435220000.0,200000.0,440,1949,2018-09-21 13:54:00
20180921 13:55,498.5,499.0,498.5,499.0,129744,638.0,115642,174.0,6467050000.0,31830000.0,1573,3582,2018-09-21 13:55:00
20180921 13:56,499.0,499.0,499.0,499.0,129824,80.0,115632,-10.0,6471040000.0,3990000.0,303,1380,2018-09-21 13:56:00
20180921 13:57,499.0,499.5,499.0,499.0,129870,46.0,115608,-24.0,6473340000.0,2300000.0,1323,634,2018-09-21 13:57:00
20180921 13:58,499.0,499.0,499.0,499.0,130310,440.0,115572,-36.0,6495300000.0,21960000.0,5024,4818,2018-09-21 13:58:00
20180921 13:59,499.0,499.0,499.0,499.0,130310,0.0,115572,0.0,6495300000.0,0.0,1092,806,2018-09-21 13:59:00
20180921 14:00,499.0,499.0,499.0,499.0,130314,4.0,115572,0.0,6495500000.0,200000.0,579,1588,2018-09-21 14:00:00
20180921 14:01,499.0,499.0,499.0,499.0,130316,2.0,115574,2.0,6495600000.0,100000.0,419,697,2018-09-21 14:01:00
20180921 14:02,498.5,498.5,498.5,498.5,130318,2.0,115574,0.0,6495700000.0,100000.0,816,1376,2018-09-21 14:02:00
20180921 14:03,498.5,498.5,498.5,498.5,130318,0.0,115574,0.0,6495700000.0,0.0,144,211,2018-09-21 14:03:00
20180921 14:04,498.5,498.5,498.5,498.5,130318,0.0,115574,0.0,6495700000.0,0.0,672,1054,2018-09-21 14:04:00
20180921 14:05,498.5,498.5,498.5,498.5,130320,2.0,115574,0.0,6495800000.0,100000.0,668,1223,2018-09-21 14:05:00
20180921 14:06,498.5,498.5,498.5,498.5,130320,0.0,115574,0.0,6495800000.0,0.0,144,207,2018-09-21 14:06:00
20180921 14:07,498.5,498.5,498.5,498.5,130320,0.0,115574,0.0,6495800000.0,0.0,355,533,2018-09-21 14:07:00
20180921 14:08,498.5,498.5,498.5,498.5,130340,20.0,115594,20.0,6496790000.0,990000.0,333,479,2018-09-21 14:08:00
20180921 14:09,498.5,498.5,498.5,498.5,130378,38.0,115596,2.0,6498690000.0,1900000.0,2759,733,2018-09-21 14:09:00
20180921 14:10,498.5,498.5,498.5,498.5,130998,620.0,115682,86.0,6529590000.0,30900000.0,3268,1502,2018-09-21 14:10:00
20180921 14:11,498.5,498.5,498.5,498.5,131000,2.0,115682,0.0,6529690000.0,100000.0,1961,1000,2018-09-21 14:11:00
20180921 14:12,498.5,498.5,498.5,498.5,131000,0.0,115682,0.0,6529690000.0,0.0,1265,1252,2018-09-21 14:12:00
20180921 14:13,499.0,499.0,499.0,499.0,131090,90.0,115732,50.0,6534180000.0,4490000.0,152,422,2018-09-21 14:13:00
20180921 14:14,499.0,499.0,499.0,499.0,131090,0.0,115732,0.0,6534180000.0,0.0,500,696,2018-09-21 14:14:00
20180921 14:15,499.0,499.0,498.5,499.0,131734,644.0,115756,24.0,6566320000.0,32140000.0,2105,2207,2018-09-21 14:15:00
20180921 14:16,499.0,499.0,499.0,499.0,131758,24.0,115756,0.0,6567520000.0,1200000.0,539,1392,2018-09-21 14:16:00
20180921 14:17,499.0,499.0,499.0,499.0,134420,2662.0,115492,-264.0,6700350000.0,132830000.0,3021,2235,2018-09-21 14:17:00
20180921 14:18,499.0,499.0,499.0,499.0,135242,822.0,115766,274.0,6741370000.0,41020000.0,3927,2246,2018-09-21 14:18:00
20180921 14:19,499.0,499.5,499.0,499.5,135698,456.0,115664,-102.0,6764150000.0,22780000.0,1908,1120,2018-09-21 14:19:00
20180921 14:20,499.5,499.5,499.5,499.5,135838,140.0,115694,30.0,6771140000.0,6990000.0,1288,1643,2018-09-21 14:20:00
20180921 14:21,499.5,499.5,499.5,499.5,135898,60.0,115672,-22.0,6774140000.0,3000000.0,656,918,2018-09-21 14:21:00
20180921 14:22,499.5,499.5,499.5,499.5,135974,76.0,115616,-56.0,6777930000.0,3790000.0,403,659,2018-09-21 14:22:00
20180921 14:23,499.5,499.5,499.5,499.5,135976,2.0,115614,-2.0,6778030000.0,100000.0,672,1098,2018-09-21 14:23:00
20180921 14:24,499.5,499.5,499.0,499.0,136052,76.0,115596,-18.0,6781820000.0,3790000.0,880,1378,2018-09-21 14:24:00
20180921 14:25,499.0,499.0,499.0,499.0,136052,0.0,115596,0.0,6781820000.0,0.0,573,577,2018-09-21 14:25:00
20180921 14:26,499.0,499.0,499.0,499.0,136052,0.0,115596,0.0,6781820000.0,0.0,281,503,2018-09-21 14:26:00
20180921 14:27,499.0,499.0,499.0,499.0,136052,0.0,115596,0.0,6781820000.0,0.0,97,192,2018-09-21 14:27:00
20180921 14:28,499.0,499.0,499.0,499.0,136128,76.0,115652,56.0,6785620000.0,3800000.0,728,894,2018-09-21 14:28:00
20180921 14:29,499.0,499.0,499.0,499.0,136170,42.0,115682,30.0,6787710000.0,2090000.0,251,601,2018-09-21 14:29:00
20180921 14:30,499.0,499.5,499.0,499.5,136818,648.0,115908,226.0,6820080000.0,32370000.0,1034,1540,2018-09-21 14:30:00
20180921 14:31,499.5,499.5,499.5,499.5,136818,0.0,115908,0.0,6820080000.0,0.0,411,401,2018-09-21 14:31:00
20180921 14:32,499.5,499.5,499.5,499.5,136818,0.0,115908,0.0,6820080000.0,0.0,172,245,2018-09-21 14:32:00
20180921 14:34,499.5,499.5,499.5,499.5,136818,0.0,115908,0.0,6820080000.0,0.0,216,408,2018-09-21 14:34:00
20180921 14:35,499.5,499.5,499.5,499.5,136818,0.0,115908,0.0,6820080000.0,0.0,222,445,2018-09-21 14:35:00
20180921 14:36,499.5,499.5,499.5,499.5,136818,0.0,115908,0.0,6820080000.0,0.0,225,498,2018-09-21 14:36:00
20180921 14:37,499.5,499.5,499.5,499.5,136818,0.0,115908,0.0,6820080000.0,0.0,83,166,2018-09-21 14:37:00
20180921 14:38,499.5,499.5,499.5,499.5,136862,44.0,115888,-20.0,6822270000.0,2190000.0,722,909,2018-09-21 14:38:00
20180921 14:39,499.5,499.5,499.5,499.5,136940,78.0,115906,18.0,6826170000.0,3900000.0,2300,1785,2018-09-21 14:39:00
20180921 14:40,499.5,499.5,499.5,499.5,136942,2.0,115904,-2.0,6826270000.0,100000.0,121,448,2018-09-21 14:40:00
20180921 14:41,499.5,499.5,499.5,499.5,137524,582.0,115918,14.0,6855340000.0,29070000.0,1477,1314,2018-09-21 14:41:00
20180921 14:42,499.5,500.0,499.5,500.0,137528,4.0,115918,0.0,6855540000.0,200000.0,2804,1106,2018-09-21 14:42:00
20180921 14:43,500.0,500.0,500.0,500.0,137528,0.0,115918,0.0,6855540000.0,0.0,1140,447,2018-09-21 14:43:00
20180921 14:44,500.0,500.0,499.5,499.5,139538,2010.0,116026,108.0,6955940000.0,100400000.0,1869,858,2018-09-21 14:44:00
20180921 14:45,499.5,499.5,499.5,499.5,139538,0.0,116026,0.0,6955940000.0,0.0,387,184,2018-09-21 14:45:00
20180921 14:46,499.5,500.0,499.5,499.5,139700,162.0,116028,2.0,6964040000.0,8100000.0,2144,2045,2018-09-21 14:46:00
20180921 14:47,499.5,499.5,498.5,498.5,139832,132.0,116000,-28.0,6970620000.0,6580000.0,1677,2098,2018-09-21 14:47:00
20180921 14:48,498.5,498.5,498.5,498.5,143990,4158.0,116070,70.0,7177900000.0,207280000.0,3817,2051,2018-09-21 14:48:00
20180921 14:49,498.5,499.0,498.5,498.5,144678,688.0,115812,-258.0,7212200000.0,34300000.0,1959,1189,2018-09-21 14:49:00
20180921 14:50,498.5,499.0,498.5,499.0,144680,2.0,115812,0.0,7212290000.0,90000.0,1310,856,2018-09-21 14:50:00
20180921 14:51,498.5,498.5,498.5,498.5,144714,34.0,115814,2.0,7213990000.0,1700000.0,536,344,2018-09-21 14:51:00
20180921 14:52,498.5,498.5,498.5,498.5,144714,0.0,115814,0.0,7213990000.0,0.0,808,555,2018-09-21 14:52:00
20180921 14:53,498.5,498.5,498.5,498.5,144738,24.0,115806,-8.0,7215190000.0,1200000.0,160,117,2018-09-21 14:53:00
20180921 14:54,498.5,499.0,498.5,499.0,144808,70.0,115742,-64.0,7218680000.0,3490000.0,420,917,2018-09-21 14:54:00
20180921 14:55,499.0,499.0,498.5,498.5,146514,1706.0,115540,-202.0,7303720000.0,85040000.0,3304,2247,2018-09-21 14:55:00
20180921 14:56,498.5,498.5,498.5,498.5,149182,2668.0,115568,28.0,7436720000.0,133000000.0,3398,2345,2018-09-21 14:56:00
20180921 14:57,498.5,498.5,498.5,498.5,149216,34.0,115570,2.0,7438420000.0,1700000.0,948,411,2018-09-21 14:57:00
20180921 14:58,498.5,499.0,498.5,499.0,149254,38.0,115566,-4.0,7440310000.0,1890000.0,1088,550,2018-09-21 14:58:00
20180921 14:59,499.0,499.0,498.0,498.5,149752,498.0,115562,-4.0,7465140000.0,24830000.0,1783,679,2018-09-21 14:59:00
20180921 15:00,498.5,498.5,498.5,498.5,149752,0.0,115562,0.0,7465140000.0,0.0,280,6,2018-09-21 15:00:00
20180921 20:59,500.0,500.0,500.0,500.0,5488,5488.0,115018,-544.0,274400000.0,274400000.0,50,1,2018-09-21 20:59:00
20180921 21:00,500.0,500.0,499.0,499.0,5722,234.0,115072,54.0,286086000.0,11686000.0,1109,3623,2018-09-21 21:00:00
20180921 21:01,499.5,499.5,499.0,499.0,5816,94.0,115124,52.0,290780000.0,4694000.0,1186,778,2018-09-21 21:01:00
20180921 21:02,499.0,499.5,498.5,498.5,6032,216.0,115094,-30.0,301565000.0,10785000.0,462,2297,2018-09-21 21:02:00
20180921 21:03,499.0,499.0,499.0,499.0,6246,214.0,114904,-190.0,312243000.0,10678000.0,438,1232,2018-09-21 21:03:00
20180921 21:04,499.0,499.0,499.0,499.0,6506,260.0,114912,8.0,325217000.0,12974000.0,1418,1791,2018-09-21 21:04:00
20180921 21:05,499.0,499.0,498.5,498.5,6570,64.0,114920,8.0,328408000.0,3191000.0,993,1580,2018-09-21 21:05:00
20180921 21:06,498.5,498.5,498.5,498.5,6572,2.0,114918,-2.0,328508000.0,100000.0,926,838,2018-09-21 21:06:00
20180921 21:07,498.5,498.5,498.5,498.5,6572,0.0,114918,0.0,328508000.0,0.0,1245,767,2018-09-21 21:07:00
20180921 21:08,498.5,498.5,498.5,498.5,6586,14.0,114932,14.0,329206000.0,698000.0,522,661,2018-09-21 21:08:00
20180921 21:09,498.5,498.5,498.0,498.0,7592,1006.0,115768,836.0,379306000.0,50100000.0,1059,1215,2018-09-21 21:09:00
20180921 21:10,498.0,498.5,498.0,498.5,8494,902.0,114882,-886.0,424271000.0,44965000.0,990,1257,2018-09-21 21:10:00
20180921 21:11,498.5,498.5,498.5,498.5,8500,6.0,114880,-2.0,424570000.0,299000.0,564,605,2018-09-21 21:11:00
20180921 21:12,498.5,498.5,498.5,498.5,9548,1048.0,115720,840.0,476813000.0,52243000.0,1173,852,2018-09-21 21:12:00
20180921 21:13,498.5,498.5,498.5,498.5,9554,6.0,115720,0.0,477112000.0,299000.0,901,470,2018-09-21 21:13:00
20180921 21:14,498.5,498.5,498.5,498.5,9554,0.0,115720,0.0,477112000.0,0.0,683,406,2018-09-21 21:14:00
20180921 21:15,498.5,499.0,498.5,499.0,9560,6.0,115720,0.0,477411000.0,299000.0,423,686,2018-09-21 21:15:00
20180921 21:16,499.0,499.0,499.0,499.0,9610,50.0,115738,18.0,479906000.0,2495000.0,140,408,2018-09-21 21:16:00
20180921 21:17,499.0,499.0,499.0,499.0,10552,942.0,114926,-812.0,526912000.0,47006000.0,816,1030,2018-09-21 21:17:00
20180921 21:18,499.0,499.0,499.0,499.0,10552,0.0,114926,0.0,526912000.0,0.0,287,540,2018-09-21 21:18:00
20180921 21:19,499.0,499.0,499.0,499.0,10564,12.0,114926,0.0,527511000.0,599000.0,415,872,2018-09-21 21:19:00
20180921 21:20,499.0,499.0,499.0,499.0,10610,46.0,114908,-18.0,529806000.0,2295000.0,266,425,2018-09-21 21:20:00
20180921 21:21,499.0,499.0,499.0,499.0,10686,76.0,114850,-58.0,533599000.0,3793000.0,1184,2591,2018-09-21 21:21:00
20180921 21:22,499.0,500.0,499.0,499.5,11642,956.0,115702,852.0,581351000.0,47752000.0,4380,942,2018-09-21 21:22:00
20180921 21:23,499.5,499.5,499.5,499.5,13276,1634.0,114772,-930.0,662969000.0,81618000.0,6793,3974,2018-09-21 21:23:00
20180921 21:24,499.5,499.5,499.5,499.5,16902,3626.0,114650,-122.0,844088000.0,181119000.0,7128,4324,2018-09-21 21:24:00
20180921 21:25,499.5,499.5,499.5,499.5,16902,0.0,114650,0.0,844088000.0,0.0,1229,243,2018-09-21 21:25:00
20180921 21:26,499.5,499.5,499.5,499.5,16902,0.0,114650,0.0,844088000.0,0.0,2822,635,2018-09-21 21:26:00
20180921 21:27,499.5,499.5,499.5,499.5,16902,0.0,114650,0.0,844088000.0,0.0,5686,1312,2018-09-21 21:27:00
20180921 21:29,499.5,499.5,499.5,499.5,16902,0.0,114650,0.0,844088000.0,0.0,3436,1039,2018-09-21 21:29:00
20180921 21:30,499.5,499.5,499.5,499.5,17068,166.0,114656,6.0,852380000.0,8292000.0,3732,3431,2018-09-21 21:30:00
20180921 21:31,499.5,499.5,499.5,499.5,17068,0.0,114656,0.0,852380000.0,0.0,4396,963,2018-09-21 21:31:00
20180921 21:32,499.5,499.5,499.5,499.5,17068,0.0,114656,0.0,852380000.0,0.0,3748,1113,2018-09-21 21:32:00
20180921 21:33,499.5,499.5,499.5,499.5,17068,0.0,114656,0.0,852380000.0,0.0,3374,1115,2018-09-21 21:33:00
20180921 21:34,499.5,499.5,499.5,499.5,17068,0.0,114656,0.0,852380000.0,0.0,1248,404,2018-09-21 21:34:00
20180921 21:35,499.5,499.5,499.5,499.5,17068,0.0,114656,0.0,852380000.0,0.0,4614,1729,2018-09-21 21:35:00
20180921 21:36,499.5,499.5,499.5,499.5,17296,228.0,114594,-62.0,863768000.0,11388000.0,3018,3327,2018-09-21 21:36:00
20180921 21:37,499.5,499.5,499.5,499.5,18406,1110.0,115422,828.0,919213000.0,55445000.0,5250,1957,2018-09-21 21:37:00
20180921 21:38,499.5,499.5,499.5,499.5,18406,0.0,115422,0.0,919213000.0,0.0,538,89,2018-09-21 21:38:00
20180921 21:39,499.5,499.5,499.5,499.5,19542,1136.0,114426,-996.0,975956000.0,56743000.0,2045,4034,2018-09-21 21:39:00
20180921 21:40,499.5,499.5,499.5,499.5,20654,1112.0,115242,816.0,1031500000.0,55544000.0,2763,1495,2018-09-21 21:40:00
20180921 21:41,499.5,499.5,499.5,499.5,21598,944.0,114426,-816.0,1078650000.0,47150000.0,3212,1255,2018-09-21 21:41:00
20180921 21:42,499.5,499.5,499.5,499.5,21598,0.0,114426,0.0,1078650000.0,0.0,2390,836,2018-09-21 21:42:00
20180921 21:43,499.5,499.5,499.5,499.5,21598,0.0,114426,0.0,1078650000.0,0.0,1374,592,2018-09-21 21:43:00
20180921 21:44,499.5,499.5,499.5,499.5,21598,0.0,114426,0.0,1078650000.0,0.0,1195,490,2018-09-21 21:44:00
20180921 21:45,499.5,499.5,499.5,499.5,21638,40.0,114426,0.0,1080650000.0,2000000.0,1673,498,2018-09-21 21:45:00
20180921 21:46,499.5,499.5,499.5,499.5,21786,148.0,114466,40.0,1088040000.0,7390000.0,1969,3786,2018-09-21 21:46:00
20180921 21:47,499.5,499.5,499.5,499.5,25002,3216.0,115622,1156.0,1248680000.0,160640000.0,3415,4736,2018-09-21 21:47:00
20180921 21:48,499.5,499.5,499.5,499.5,25078,76.0,115626,4.0,1252480000.0,3800000.0,2065,3108,2018-09-21 21:48:00
20180921 21:49,499.5,499.5,499.5,499.5,25082,4.0,115626,0.0,1252680000.0,200000.0,2040,1028,2018-09-21 21:49:00
20180921 21:50,499.5,499.5,499.5,499.5,25082,0.0,115626,0.0,1252680000.0,0.0,1461,837,2018-09-21 21:50:00
20180921 21:51,499.5,499.5,499.5,499.5,25086,4.0,115622,-4.0,1252880000.0,200000.0,1360,543,2018-09-21 21:51:00
20180921 21:52,499.5,500.0,499.5,500.0,25112,26.0,115610,-12.0,1254180000.0,1300000.0,2703,1120,2018-09-21 21:52:00
20180921 21:53,500.0,500.0,499.5,499.5,25148,36.0,115610,0.0,1255980000.0,1800000.0,1232,401,2018-09-21 21:53:00
20180921 21:54,499.5,499.5,499.5,499.5,26240,1092.0,114736,-874.0,1310520000.0,54540000.0,1897,1777,2018-09-21 21:54:00
20180921 21:55,499.5,499.5,499.0,499.0,26248,8.0,114736,0.0,1310920000.0,400000.0,476,2008,2018-09-21 21:55:00
20180921 21:56,499.5,500.0,499.5,499.5,26342,94.0,114686,-50.0,1315620000.0,4700000.0,1573,1455,2018-09-21 21:56:00
20180921 21:57,499.5,499.5,499.5,499.5,26342,0.0,114686,0.0,1315620000.0,0.0,769,451,2018-09-21 21:57:00
20180921 21:58,500.0,500.0,500.0,500.0,26344,2.0,114686,0.0,1315720000.0,100000.0,334,174,2018-09-21 21:58:00
20180921 21:59,500.0,500.0,500.0,500.0,26344,0.0,114686,0.0,1315720000.0,0.0,413,320,2018-09-21 21:59:00
20180921 22:00,500.0,500.0,500.0,500.0,26344,0.0,114686,0.0,1315720000.0,0.0,248,172,2018-09-21 22:00:00
20180921 22:01,500.0,500.0,499.5,499.5,26346,2.0,114686,0.0,1315820000.0,100000.0,1138,704,2018-09-21 22:01:00
20180921 22:02,499.5,499.5,499.5,499.5,26346,0.0,114686,0.0,1315820000.0,0.0,585,349,2018-09-21 22:02:00
20180921 22:03,499.5,499.5,499.5,499.5,26346,0.0,114686,0.0,1315820000.0,0.0,853,632,2018-09-21 22:03:00
20180921 22:04,499.5,499.5,499.5,499.5,26818,472.0,114724,38.0,1339390000.0,23570000.0,837,4206,2018-09-21 22:04:00
20180921 22:05,499.5,499.5,499.5,499.5,26824,6.0,114724,0.0,1339690000.0,300000.0,899,3336,2018-09-21 22:05:00
20180921 22:06,499.5,499.5,499.0,499.0,27020,196.0,114626,-98.0,1349470000.0,9780000.0,996,1822,2018-09-21 22:06:00
20180921 22:07,499.0,499.5,499.0,499.5,27028,8.0,114626,0.0,1349870000.0,400000.0,755,1611,2018-09-21 22:07:00
20180921 22:08,499.5,499.5,499.0,499.0,27146,118.0,114582,-44.0,1355760000.0,5890000.0,1055,744,2018-09-21 22:08:00
20180921 22:09,499.0,499.0,499.0,499.0,27146,0.0,114582,0.0,1355760000.0,0.0,1596,969,2018-09-21 22:09:00
20180921 22:10,499.0,499.0,499.0,499.0,27146,0.0,114582,0.0,1355760000.0,0.0,790,441,2018-09-21 22:10:00
20180921 22:11,499.0,499.0,499.0,499.0,27146,0.0,114582,0.0,1355760000.0,0.0,1484,712,2018-09-21 22:11:00
20180921 22:12,499.0,499.0,499.0,499.0,27150,4.0,114578,-4.0,1355960000.0,200000.0,623,260,2018-09-21 22:12:00
20180921 22:13,499.0,499.0,499.0,499.0,27150,0.0,114578,0.0,1355960000.0,0.0,1196,480,2018-09-21 22:13:00
20180921 22:14,499.0,499.0,499.0,499.0,27190,40.0,114578,0.0,1357960000.0,2000000.0,1495,540,2018-09-21 22:14:00
20180921 22:15,499.0,499.0,499.0,499.0,27190,0.0,114578,0.0,1357960000.0,0.0,899,330,2018-09-21 22:15:00
20180921 22:16,499.0,499.0,499.0,499.0,27192,2.0,114576,-2.0,1358060000.0,100000.0,598,221,2018-09-21 22:16:00
20180921 22:17,499.0,499.0,499.0,499.0,27192,0.0,114576,0.0,1358060000.0,0.0,2350,875,2018-09-21 22:17:00
20180921 22:18,499.0,499.0,499.0,499.0,28310,1118.0,115440,864.0,1413850000.0,55790000.0,4467,649,2018-09-21 22:18:00
20180921 22:19,499.0,499.0,499.0,499.0,28332,22.0,115454,14.0,1414940000.0,1090000.0,1175,1336,2018-09-21 22:19:00
20180921 22:20,499.0,499.0,499.0,499.0,28372,40.0,115424,-30.0,1416940000.0,2000000.0,640,864,2018-09-21 22:20:00
20180921 22:21,499.0,499.0,499.0,499.0,28412,40.0,115434,10.0,1418940000.0,2000000.0,583,652,2018-09-21 22:21:00
20180921 22:22,499.0,499.0,499.0,499.0,28412,0.0,115434,0.0,1418940000.0,0.0,911,395,2018-09-21 22:22:00
20180921 22:23,499.0,499.0,499.0,499.0,28412,0.0,115434,0.0,1418940000.0,0.0,428,137,2018-09-21 22:23:00
20180921 22:24,499.0,499.0,499.0,499.0,28412,0.0,115434,0.0,1418940000.0,0.0,876,413,2018-09-21 22:24:00
20180921 22:25,499.0,499.0,499.0,499.0,28412,0.0,115434,0.0,1418940000.0,0.0,788,216,2018-09-21 22:25:00
20180921 22:26,499.0,499.0,499.0,499.0,28412,0.0,115434,0.0,1418940000.0,0.0,683,272,2018-09-21 22:26:00
20180921 22:27,499.0,499.0,498.0,498.0,29794,1382.0,114568,-866.0,1487830000.0,68890000.0,1681,2568,2018-09-21 22:27:00
20180921 22:28,498.0,498.0,498.0,498.0,30730,936.0,115452,884.0,1534440000.0,46610000.0,655,1576,2018-09-21 22:28:00
20180921 22:29,498.0,498.0,497.5,497.5,38232,7502.0,114804,-648.0,1908030000.0,373590000.0,4406,4921,2018-09-21 22:29:00
20180921 22:30,497.5,497.5,497.5,497.5,38240,8.0,114804,0.0,1908430000.0,400000.0,1240,4083,2018-09-21 22:30:00
20180921 22:31,497.5,498.0,497.5,498.0,41080,2840.0,115554,750.0,2049860000.0,141430000.0,6414,3052,2018-09-21 22:31:00
20180921 22:32,498.0,498.0,498.0,498.0,41216,136.0,115620,66.0,2056630000.0,6770000.0,1707,1320,2018-09-21 22:32:00
20180921 22:33,498.0,498.0,498.0,498.0,41216,0.0,115620,0.0,2056630000.0,0.0,1308,1170,2018-09-21 22:33:00
20180921 22:34,498.0,498.0,498.0,498.0,41216,0.0,115620,0.0,2056630000.0,0.0,734,813,2018-09-21 22:34:00
20180921 22:35,498.0,498.0,498.0,498.0,41218,2.0,115618,-2.0,2056730000.0,100000.0,403,1163,2018-09-21 22:35:00
20180921 22:36,498.0,498.5,498.0,498.5,42344,1126.0,114736,-882.0,2112860000.0,56130000.0,2258,1437,2018-09-21 22:36:00
20180921 22:37,498.5,498.5,498.5,498.5,42344,0.0,114736,0.0,2112860000.0,0.0,338,553,2018-09-21 22:37:00
20180921 22:38,498.5,498.5,498.5,498.5,42344,0.0,114736,0.0,2112860000.0,0.0,769,949,2018-09-21 22:38:00
20180921 22:39,498.5,498.5,498.0,498.0,48794,6450.0,114970,234.0,2434070000.0,321210000.0,2883,3015,2018-09-21 22:39:00
20180921 22:40,498.0,498.0,497.5,497.5,48876,82.0,114942,-28.0,2438150000.0,4080000.0,5818,1352,2018-09-21 22:40:00
20180921 22:41,497.5,497.5,497.5,497.5,48876,0.0,114942,0.0,2438150000.0,0.0,2764,1742,2018-09-21 22:41:00
20180921 22:42,497.5,497.5,497.5,497.5,48876,0.0,114942,0.0,2438150000.0,0.0,629,622,2018-09-21 22:42:00
20180921 22:43,497.5,497.5,497.5,497.5,48876,0.0,114942,0.0,2438150000.0,0.0,499,654,2018-09-21 22:43:00
20180921 22:44,497.5,497.5,497.5,497.5,48876,0.0,114942,0.0,2438150000.0,0.0,309,247,2018-09-21 22:44:00
20180921 22:45,497.5,497.5,497.5,497.5,48876,0.0,114942,0.0,2438150000.0,0.0,541,837,2018-09-21 22:45:00
20180921 22:46,497.5,497.5,497.5,497.5,48878,2.0,114940,-2.0,2438250000.0,100000.0,335,475,2018-09-21 22:46:00
20180921 22:47,497.5,497.5,497.5,497.5,48878,0.0,114940,0.0,2438250000.0,0.0,115,190,2018-09-21 22:47:00
20180921 22:48,497.5,497.5,497.5,497.5,48878,0.0,114940,0.0,2438250000.0,0.0,155,190,2018-09-21 22:48:00
20180921 22:49,497.5,497.5,497.5,497.5,48878,0.0,114940,0.0,2438250000.0,0.0,328,292,2018-09-21 22:49:00
20180921 22:50,497.5,497.5,497.5,497.5,48914,36.0,114910,-30.0,2440040000.0,1790000.0,1210,614,2018-09-21 22:50:00
20180921 22:51,497.5,498.0,497.5,498.0,48986,72.0,114856,-54.0,2443630000.0,3590000.0,3160,2102,2018-09-21 22:51:00
20180921 22:52,498.0,498.0,498.0,498.0,49038,52.0,114836,-20.0,2446220000.0,2590000.0,1934,1221,2018-09-21 22:52:00
20180921 22:53,498.0,498.5,498.0,498.5,49080,42.0,114856,20.0,2448310000.0,2090000.0,1754,1131,2018-09-21 22:53:00
20180921 22:54,498.5,499.0,498.5,498.5,51382,2302.0,114936,80.0,2563060000.0,114750000.0,3668,4395,2018-09-21 22:54:00
20180921 22:55,498.5,498.5,498.5,498.5,51382,0.0,114936,0.0,2563060000.0,0.0,394,1195,2018-09-21 22:55:00
20180921 22:56,498.5,498.5,498.5,498.5,51422,40.0,114928,-8.0,2565060000.0,2000000.0,2130,1901,2018-09-21 22:56:00
20180921 22:57,498.5,498.5,498.5,498.5,53230,1808.0,114872,-56.0,2655190000.0,90130000.0,2445,285,2018-09-21 22:57:00
20180921 22:58,498.5,499.0,498.5,499.0,53326,96.0,114856,-16.0,2659970000.0,4780000.0,3939,2162,2018-09-21 22:58:00
20180921 22:59,499.0,499.0,498.5,498.5,53380,54.0,114876,20.0,2662670000.0,2700000.0,3698,1563,2018-09-21 22:59:00
20180921 23:00,499.0,499.0,499.0,499.0,53384,4.0,114876,0.0,2662860000.0,190000.0,1616,490,2018-09-21 23:00:00
20180921 23:01,499.0,499.0,499.0,499.0,53384,0.0,114876,0.0,2662860000.0,0.0,982,512,2018-09-21 23:01:00
20180921 23:02,499.0,499.0,499.0,499.0,53384,0.0,114876,0.0,2662860000.0,0.0,3202,2265,2018-09-21 23:02:00
20180921 23:03,499.0,499.0,499.0,499.0,53466,82.0,114878,2.0,2666960000.0,4100000.0,493,293,2018-09-21 23:03:00
20180921 23:04,499.0,499.0,499.0,499.0,53466,0.0,114878,0.0,2666960000.0,0.0,474,296,2018-09-21 23:04:00
20180921 23:05,499.0,499.0,499.0,499.0,53466,0.0,114878,0.0,2666960000.0,0.0,383,296,2018-09-21 23:05:00
20180921 23:06,499.0,499.0,499.0,499.0,53466,0.0,114878,0.0,2666960000.0,0.0,545,447,2018-09-21 23:06:00
20180921 23:07,499.0,499.0,499.0,499.0,53628,162.0,114878,0.0,2675040000.0,8080000.0,1467,980,2018-09-21 23:07:00
20180921 23:08,499.0,499.0,499.0,499.0,53628,0.0,114878,0.0,2675040000.0,0.0,816,449,2018-09-21 23:08:00
20180921 23:09,499.0,499.0,499.0,499.0,53628,0.0,114878,0.0,2675040000.0,0.0,352,197,2018-09-21 23:09:00
20180921 23:10,499.0,500.0,499.0,499.5,55740,2112.0,114878,0.0,2780640000.0,105600000.0,1864,4131,2018-09-21 23:10:00
20180921 23:11,499.5,500.0,499.5,500.0,55754,14.0,114870,-8.0,2781340000.0,700000.0,1225,2119,2018-09-21 23:11:00
20180921 23:12,500.0,500.0,499.5,500.0,55774,20.0,114854,-16.0,2782340000.0,1000000.0,1076,2400,2018-09-21 23:12:00
20180921 23:13,499.5,499.5,499.5,499.5,55780,6.0,114850,-4.0,2782640000.0,300000.0,197,950,2018-09-21 23:13:00
20180921 23:14,499.5,499.5,499.5,499.5,55784,4.0,114850,0.0,2782840000.0,200000.0,145,567,2018-09-21 23:14:00
20180921 23:15,499.5,499.5,499.5,499.5,55806,22.0,114834,-16.0,2783930000.0,1090000.0,175,945,2018-09-21 23:15:00
20180921 23:16,499.5,499.5,499.5,499.5,56276,470.0,114804,-30.0,2807410000.0,23480000.0,1148,2319,2018-09-21 23:16:00
20180921 23:17,499.5,499.5,499.5,499.5,56276,0.0,114804,0.0,2807410000.0,0.0,364,114,2018-09-21 23:17:00
20180921 23:18,500.0,500.0,499.5,499.5,56320,44.0,114800,-4.0,2809610000.0,2200000.0,820,1422,2018-09-21 23:18:00
20180921 23:19,499.5,499.5,499.5,499.5,56320,0.0,114800,0.0,2809610000.0,0.0,411,523,2018-09-21 23:19:00
20180921 23:22,499.5,499.5,499.5,499.5,56320,0.0,114800,0.0,2809610000.0,0.0,102,100,2018-09-21 23:22:00
20180921 23:23,499.5,500.0,499.5,499.5,56370,50.0,114750,-50.0,2812110000.0,2500000.0,502,531,2018-09-21 23:23:00
20180921 23:24,499.5,499.5,499.5,499.5,56370,0.0,114750,0.0,2812110000.0,0.0,74,79,2018-09-21 23:24:00
20180921 23:25,499.5,500.0,499.5,500.0,56380,10.0,114740,-10.0,2812610000.0,500000.0,101,80,2018-09-21 23:25:00
20180921 23:26,500.0,500.0,499.5,499.5,58276,1896.0,114754,14.0,2907310000.0,94700000.0,323,449,2018-09-21 23:26:00
20180921 23:27,499.5,499.5,499.0,499.0,58714,438.0,114868,114.0,2929170000.0,21860000.0,540,1284,2018-09-21 23:27:00
20180921 23:28,498.5,498.5,498.5,498.5,58716,2.0,114868,0.0,2929270000.0,100000.0,184,481,2018-09-21 23:28:00
20180921 23:29,498.5,498.5,498.0,498.5,58870,154.0,114794,-74.0,2936950000.0,7680000.0,295,1472,2018-09-21 23:29:00
20180921 23:30,498.5,498.5,498.5,498.5,58870,0.0,114794,0.0,2936950000.0,0.0,2,13,2018-09-21 23:30:00
20180925 08:59,498.0,498.0,498.0,498.0,2512,2512.0,117946,3152.0,125098000.0,125098000.0,22,2,2018-09-25 08:59:00
20180925 09:00,498.0,500.0,498.0,499.0,2650,138.0,118002,56.0,131990000.0,6892000.0,2603,715,2018-09-25 09:00:00
20180925 09:01,499.0,499.0,497.5,498.5,3114,464.0,117806,-196.0,155116000.0,23126000.0,1180,1170,2018-09-25 09:01:00
20180925 09:02,498.5,498.5,497.0,497.5,3596,482.0,117824,18.0,179126000.0,24010000.0,1245,1829,2018-09-25 09:02:00
20180925 09:03,497.5,498.0,497.5,498.0,3600,4.0,117824,0.0,179325000.0,199000.0,340,334,2018-09-25 09:03:00
20180925 09:04,498.0,498.0,495.0,496.0,4258,658.0,117630,-194.0,211961000.0,32636000.0,2213,2557,2018-09-25 09:04:00
20180925 09:05,496.0,496.5,495.5,496.5,4434,176.0,117610,-20.0,220689000.0,8728000.0,1650,1345,2018-09-25 09:05:00
20180925 09:06,496.5,497.0,496.5,496.5,4540,106.0,117546,-64.0,225952000.0,5263000.0,1177,1559,2018-09-25 09:06:00
20180925 09:07,496.5,496.5,496.0,496.0,6016,1476.0,117498,-48.0,299215000.0,73263000.0,3723,5972,2018-09-25 09:07:00
20180925 09:08,496.0,496.0,496.0,496.0,6054,38.0,117492,-6.0,301099000.0,1884000.0,2723,5250,2018-09-25 09:08:00
20180925 09:09,496.0,496.0,496.0,496.0,6088,34.0,117476,-16.0,302786000.0,1687000.0,5561,10129,2018-09-25 09:09:00
20180925 09:10,496.0,496.0,495.5,496.0,6092,4.0,117472,-4.0,302984000.0,198000.0,1037,3880,2018-09-25 09:10:00
20180925 09:11,496.0,496.0,495.5,495.5,6140,48.0,117430,-42.0,305362000.0,2378000.0,1826,6870,2018-09-25 09:11:00
20180925 09:12,495.5,496.0,495.5,496.0,8514,2374.0,117470,40.0,423112000.0,117750000.0,2878,4185,2018-09-25 09:12:00
20180925 09:13,496.0,496.0,496.0,496.0,8516,2.0,117468,-2.0,423211000.0,99000.0,755,1339,2018-09-25 09:13:00
20180925 09:14,496.0,496.0,496.0,496.0,8516,0.0,117468,0.0,423211000.0,0.0,454,1387,2018-09-25 09:14:00
20180925 09:15,496.0,496.0,495.5,495.5,10052,1536.0,118268,800.0,499393000.0,76182000.0,2398,2135,2018-09-25 09:15:00
20180925 09:16,495.0,495.0,493.5,493.5,12432,2380.0,118018,-250.0,616916000.0,117523000.0,4464,3155,2018-09-25 09:16:00
20180925 09:17,493.5,493.5,493.0,493.5,12480,48.0,118018,0.0,619284000.0,2368000.0,2796,2350,2018-09-25 09:17:00
20180925 09:18,493.5,494.5,493.5,494.0,12694,214.0,118000,-18.0,629856000.0,10572000.0,3716,3127,2018-09-25 09:18:00
20180925 09:19,494.0,494.5,494.0,494.5,12746,52.0,117960,-40.0,632427000.0,2571000.0,2748,1423,2018-09-25 09:19:00
20180925 09:20,494.5,494.5,494.5,494.5,13282,536.0,117940,-20.0,658933000.0,26506000.0,5138,3050,2018-09-25 09:20:00
20180925 09:21,494.5,494.5,494.5,494.5,13434,152.0,117874,-66.0,666449000.0,7516000.0,2481,2415,2018-09-25 09:21:00
20180925 09:22,494.5,495.0,494.5,495.0,13530,96.0,117808,-66.0,671201000.0,4752000.0,2072,1950,2018-09-25 09:22:00
20180925 09:23,495.0,495.0,495.0,495.0,13558,28.0,117810,2.0,672587000.0,1386000.0,576,977,2018-09-25 09:23:00
20180925 09:24,495.0,495.5,495.0,495.5,13656,98.0,117768,-42.0,677439000.0,4852000.0,2015,1397,2018-09-25 09:24:00
20180925 09:25,495.5,495.5,495.0,495.0,13704,48.0,117754,-14.0,679815000.0,2376000.0,609,1194,2018-09-25 09:25:00
20180925 09:26,495.0,495.0,494.5,494.5,13750,46.0,117714,-40.0,682090000.0,2275000.0,2242,1311,2018-09-25 09:26:00
20180925 09:27,494.5,494.5,494.5,494.5,13812,62.0,117728,14.0,685156000.0,3066000.0,1080,1010,2018-09-25 09:27:00
20180925 09:28,494.5,494.5,493.5,493.5,14042,230.0,117770,42.0,696510000.0,11354000.0,3760,3744,2018-09-25 09:28:00
20180925 09:29,493.5,494.0,493.5,493.5,14272,230.0,117812,42.0,707865000.0,11355000.0,3205,3426,2018-09-25 09:29:00
20180925 09:30,493.5,493.5,491.5,493.0,17900,3628.0,117514,-298.0,886482000.0,178617000.0,6759,4628,2018-09-25 09:30:00
20180925 09:31,493.0,493.5,493.0,493.5,18204,304.0,117570,56.0,901479000.0,14997000.0,3949,5794,2018-09-25 09:31:00
20180925 09:32,493.5,494.0,493.5,494.0,18208,4.0,117574,4.0,901676000.0,197000.0,1665,1080,2018-09-25 09:32:00
20180925 09:33,494.0,494.0,493.5,493.5,18384,176.0,117516,-58.0,910362000.0,8686000.0,1936,1082,2018-09-25 09:33:00
20180925 09:34,493.5,494.5,493.5,494.5,18524,140.0,117530,14.0,917282000.0,6920000.0,2819,1596,2018-09-25 09:34:00
20180925 09:35,494.5,494.5,494.5,494.5,18636,112.0,117512,-18.0,922821000.0,5539000.0,1945,4482,2018-09-25 09:35:00
20180925 09:36,494.5,494.5,494.5,494.5,18708,72.0,117476,-36.0,926381000.0,3560000.0,1971,3275,2018-09-25 09:36:00
20180925 09:37,494.5,494.5,494.5,494.5,18708,0.0,117476,0.0,926381000.0,0.0,552,165,2018-09-25 09:37:00
20180925 09:38,494.5,494.5,494.5,494.5,20688,1980.0,117750,274.0,1024290000.0,97909000.0,5324,11064,2018-09-25 09:38:00
20180925 09:39,494.5,494.5,494.5,494.5,23588,2900.0,117794,44.0,1167700000.0,143410000.0,4907,8862,2018-09-25 09:39:00
20180925 09:40,494.5,494.5,494.5,494.5,28188,4600.0,117912,118.0,1395170000.0,227470000.0,4581,6180,2018-09-25 09:40:00
20180925 09:41,494.5,494.5,494.5,494.5,33466,5278.0,117644,-268.0,1656160000.0,260990000.0,5513,7034,2018-09-25 09:41:00
20180925 09:42,494.5,494.5,494.0,494.0,33930,464.0,117528,-116.0,1679100000.0,22940000.0,1515,1934,2018-09-25 09:42:00
20180925 09:43,494.0,494.0,494.0,494.0,33930,0.0,117528,0.0,1679100000.0,0.0,814,1979,2018-09-25 09:43:00
20180925 09:44,494.0,494.0,494.0,494.0,33930,0.0,117528,0.0,1679100000.0,0.0,1028,2202,2018-09-25 09:44:00
20180925 09:45,494.0,494.0,494.0,494.0,33932,2.0,117528,0.0,1679200000.0,100000.0,706,979,2018-09-25 09:45:00
20180925 09:46,494.0,494.0,494.0,494.0,33934,2.0,117528,0.0,1679300000.0,100000.0,418,586,2018-09-25 09:46:00
20180925 09:47,494.0,494.0,494.0,494.0,33934,0.0,117528,0.0,1679300000.0,0.0,279,380,2018-09-25 09:47:00
20180925 09:49,494.0,494.0,494.0,494.0,33940,6.0,117532,4.0,1679600000.0,300000.0,558,760,2018-09-25 09:49:00
20180925 09:50,494.0,494.0,494.0,494.0,33940,0.0,117532,0.0,1679600000.0,0.0,138,188,2018-09-25 09:50:00
20180925 09:52,494.0,494.0,494.0,494.0,33946,6.0,117538,6.0,1679900000.0,300000.0,690,962,2018-09-25 09:52:00
20180925 09:53,494.0,494.0,494.0,494.0,33946,0.0,117538,0.0,1679900000.0,0.0,147,187,2018-09-25 09:53:00
20180925 09:54,494.0,494.0,494.0,494.0,33950,4.0,117542,4.0,1680090000.0,190000.0,291,374,2018-09-25 09:54:00
20180925 09:55,494.0,494.0,493.5,493.5,34052,102.0,117568,26.0,1685130000.0,5040000.0,784,1526,2018-09-25 09:55:00
20180925 09:56,493.5,493.5,493.5,493.5,34054,2.0,117568,0.0,1685230000.0,100000.0,504,999,2018-09-25 09:56:00
20180925 09:57,493.0,493.0,492.5,493.0,34176,122.0,117560,-8.0,1691240000.0,6010000.0,835,1748,2018-09-25 09:57:00
20180925 09:58,493.0,493.0,491.5,492.0,35140,964.0,117364,-196.0,1738640000.0,47400000.0,3345,4710,2018-09-25 09:58:00
20180925 09:59,492.0,492.5,492.0,492.5,35280,140.0,117414,50.0,1745540000.0,6900000.0,1665,1280,2018-09-25 09:59:00
20180925 10:00,492.5,492.5,492.0,492.5,36586,1306.0,117484,70.0,1809850000.0,64310000.0,4656,2510,2018-09-25 10:00:00
20180925 10:01,492.5,492.5,492.0,492.5,37014,428.0,117448,-36.0,1830920000.0,21070000.0,7415,8522,2018-09-25 10:01:00
20180925 10:02,492.5,492.5,492.0,492.5,37122,108.0,117430,-18.0,1836240000.0,5320000.0,3062,7556,2018-09-25 10:02:00
20180925 10:03,492.5,492.5,492.0,492.0,38824,1702.0,117440,10.0,1919980000.0,83740000.0,1474,1846,2018-09-25 10:03:00
20180925 10:04,492.0,492.0,492.0,492.0,38836,12.0,117440,0.0,1920570000.0,590000.0,587,485,2018-09-25 10:04:00
20180925 10:05,492.5,492.5,492.0,492.0,39924,1088.0,116542,-898.0,1974150000.0,53580000.0,1221,5631,2018-09-25 10:05:00
20180925 10:06,492.0,492.5,492.0,492.5,40764,840.0,117350,808.0,2015520000.0,41370000.0,2530,6629,2018-09-25 10:06:00
20180925 10:07,492.5,492.5,492.5,492.5,40998,234.0,117548,198.0,2027040000.0,11520000.0,1042,4482,2018-09-25 10:07:00
20180925 10:08,492.5,492.5,492.5,492.5,41132,134.0,117426,-122.0,2033640000.0,6600000.0,689,2833,2018-09-25 10:08:00
20180925 10:09,492.5,492.5,492.0,492.0,42084,952.0,116536,-890.0,2080480000.0,46840000.0,1284,3819,2018-09-25 10:09:00
20180925 10:10,492.0,492.0,492.0,492.0,44098,2014.0,116432,-104.0,2179570000.0,99090000.0,2568,2894,2018-09-25 10:10:00
20180925 10:11,492.0,492.5,492.0,492.5,44410,312.0,116418,-14.0,2194930000.0,15360000.0,1859,6061,2018-09-25 10:11:00
20180925 10:12,492.5,492.5,492.5,492.5,44410,0.0,116418,0.0,2194930000.0,0.0,783,3243,2018-09-25 10:12:00
20180925 10:13,492.0,492.5,492.0,492.5,44496,86.0,116356,-62.0,2199170000.0,4240000.0,1150,4308,2018-09-25 10:13:00
20180925 10:14,492.5,492.5,492.5,492.5,44548,52.0,116312,-44.0,2201730000.0,2560000.0,1269,4202,2018-09-25 10:14:00
20180925 10:15,492.5,492.5,492.5,492.5,44548,0.0,116312,0.0,2201730000.0,0.0,37,142,2018-09-25 10:15:00
20180925 10:30,492.5,492.5,492.5,492.5,44548,0.0,116312,0.0,2201730000.0,0.0,237,854,2018-09-25 10:30:00
20180925 10:32,492.5,493.0,492.5,493.0,44674,126.0,116206,-106.0,2207940000.0,6210000.0,672,2084,2018-09-25 10:32:00
20180925 10:33,493.0,493.0,493.0,493.0,44674,0.0,116206,0.0,2207940000.0,0.0,201,560,2018-09-25 10:33:00
20180925 10:34,493.0,493.0,493.0,493.0,44678,4.0,116202,-4.0,2208140000.0,200000.0,90,276,2018-09-25 10:34:00
20180925 10:35,493.0,493.0,492.5,493.0,44814,136.0,116296,94.0,2214840000.0,6700000.0,842,1550,2018-09-25 10:35:00
20180925 10:36,493.0,493.0,492.5,492.5,44864,50.0,116246,-50.0,2217310000.0,2470000.0,1036,1554,2018-09-25 10:36:00
20180925 10:37,492.5,493.0,492.5,493.0,46088,1224.0,116928,682.0,2277650000.0,60340000.0,1703,1194,2018-09-25 10:37:00
20180925 10:38,493.0,493.0,493.0,493.0,46088,0.0,116928,0.0,2277650000.0,0.0,207,118,2018-09-25 10:38:00
20180925 10:39,493.0,493.0,493.0,493.0,49582,3494.0,115882,-1046.0,2449900000.0,172250000.0,2780,2476,2018-09-25 10:39:00
20180925 10:40,493.0,493.0,492.5,493.0,51610,2028.0,115736,-146.0,2549840000.0,99940000.0,4051,2802,2018-09-25 10:40:00
20180925 10:41,493.0,493.0,493.0,493.0,51634,24.0,115728,-8.0,2551030000.0,1190000.0,1868,1001,2018-09-25 10:41:00
20180925 10:42,493.0,493.0,492.5,493.0,55490,3856.0,115512,-216.0,2740980000.0,189950000.0,3385,2521,2018-09-25 10:42:00
20180925 10:43,493.0,494.0,493.0,494.0,55622,132.0,115502,-10.0,2747500000.0,6520000.0,2081,1135,2018-09-25 10:43:00
20180925 10:44,494.0,494.0,493.5,493.5,55758,136.0,115476,-26.0,2754210000.0,6710000.0,676,540,2018-09-25 10:44:00
20180925 10:45,493.0,493.0,493.0,493.0,61738,5980.0,115106,-370.0,3049020000.0,294810000.0,3749,4206,2018-09-25 10:45:00
20180925 10:46,493.0,493.0,492.5,493.0,63810,2072.0,115390,284.0,3151170000.0,102150000.0,3580,3281,2018-09-25 10:46:00
20180925 10:47,493.0,493.0,492.5,492.5,63812,2.0,115388,-2.0,3151270000.0,100000.0,1792,784,2018-09-25 10:47:00
20180925 10:48,492.5,492.5,492.5,492.5,63812,0.0,115388,0.0,3151270000.0,0.0,807,678,2018-09-25 10:48:00
20180925 10:49,492.5,493.0,492.5,493.0,63970,158.0,115400,12.0,3159060000.0,7790000.0,2386,1320,2018-09-25 10:49:00
20180925 10:50,493.0,493.0,493.0,493.0,63972,2.0,115398,-2.0,3159160000.0,100000.0,1184,518,2018-09-25 10:50:00
20180925 10:51,493.0,493.5,493.0,493.5,63976,4.0,115394,-4.0,3159360000.0,200000.0,338,267,2018-09-25 10:51:00
20180925 10:52,493.5,493.5,493.0,493.0,63978,2.0,115392,-2.0,3159450000.0,90000.0,470,329,2018-09-25 10:52:00
20180925 10:53,493.0,493.0,493.0,493.0,63978,0.0,115392,0.0,3159450000.0,0.0,779,946,2018-09-25 10:53:00
20180925 10:54,493.0,493.0,493.0,493.0,63978,0.0,115392,0.0,3159450000.0,0.0,287,258,2018-09-25 10:54:00
20180925 10:55,493.0,493.0,493.0,493.0,64156,178.0,115300,-92.0,3168230000.0,8780000.0,658,562,2018-09-25 10:55:00
20180925 10:56,493.0,493.0,493.0,493.0,64418,262.0,115274,-26.0,3181150000.0,12920000.0,1314,1261,2018-09-25 10:56:00
20180925 10:57,493.0,493.0,493.0,493.0,64418,0.0,115274,0.0,3181150000.0,0.0,574,635,2018-09-25 10:57:00
20180925 10:58,493.0,493.0,493.0,493.0,65572,1154.0,114394,-880.0,3238040000.0,56890000.0,832,830,2018-09-25 10:58:00
20180925 10:59,493.0,493.0,492.5,492.5,65580,8.0,114394,0.0,3238430000.0,390000.0,399,215,2018-09-25 10:59:00
20180925 11:00,492.5,492.5,492.5,492.5,66290,710.0,114256,-138.0,3273400000.0,34970000.0,1828,1198,2018-09-25 11:00:00
20180925 11:01,493.0,493.0,493.0,493.0,66506,216.0,114146,-110.0,3284050000.0,10650000.0,508,667,2018-09-25 11:01:00
20180925 11:02,493.0,493.0,493.0,493.0,66506,0.0,114146,0.0,3284050000.0,0.0,50,71,2018-09-25 11:02:00
20180925 11:03,493.0,493.0,493.0,493.0,66506,0.0,114146,0.0,3284050000.0,0.0,50,86,2018-09-25 11:03:00
20180925 11:04,493.0,493.5,493.0,493.5,68492,1986.0,113990,-156.0,3382060000.0,98010000.0,3327,2183,2018-09-25 11:04:00
20180925 11:05,493.5,493.5,493.5,493.5,73438,4946.0,113526,-464.0,3626140000.0,244080000.0,7104,5022,2018-09-25 11:05:00
20180925 11:06,493.5,493.5,493.5,493.5,76444,3006.0,113676,150.0,3774490000.0,148350000.0,2737,3260,2018-09-25 11:06:00
20180925 11:07,493.5,493.5,493.5,493.5,81432,4988.0,113448,-228.0,4020650000.0,246160000.0,3239,4230,2018-09-25 11:07:00
20180925 11:08,493.5,493.5,493.5,493.5,81432,0.0,113448,0.0,4020650000.0,0.0,218,208,2018-09-25 11:08:00
20180925 11:09,493.5,493.5,493.5,493.5,81696,264.0,113372,-76.0,4033670000.0,13020000.0,1020,884,2018-09-25 11:09:00
20180925 11:10,493.5,493.5,493.5,493.5,81696,0.0,113372,0.0,4033670000.0,0.0,505,333,2018-09-25 11:10:00
20180925 11:11,493.5,493.5,493.5,493.5,81696,0.0,113372,0.0,4033670000.0,0.0,355,302,2018-09-25 11:11:00
20180925 11:12,494.0,494.0,494.0,494.0,81706,10.0,113372,0.0,4034170000.0,500000.0,86,77,2018-09-25 11:12:00
20180925 11:14,494.0,494.0,494.0,494.0,82558,852.0,113324,-48.0,4076260000.0,42090000.0,1680,1473,2018-09-25 11:14:00
20180925 11:15,494.0,494.0,493.5,493.5,82638,80.0,113304,-20.0,4080200000.0,3940000.0,515,924,2018-09-25 11:15:00
20180925 11:16,493.5,493.5,493.5,493.5,82638,0.0,113304,0.0,4080200000.0,0.0,386,631,2018-09-25 11:16:00
20180925 11:17,493.5,493.5,493.5,493.5,83352,714.0,112990,-314.0,4115440000.0,35240000.0,1548,4249,2018-09-25 11:17:00
20180925 11:18,493.5,493.5,493.5,493.5,83352,0.0,112990,0.0,4115440000.0,0.0,338,1051,2018-09-25 11:18:00
20180925 11:21,493.5,493.5,493.5,493.5,83352,0.0,112990,0.0,4115440000.0,0.0,341,1034,2018-09-25 11:21:00
20180925 11:22,493.0,493.0,493.0,493.0,83906,554.0,112966,-24.0,4142750000.0,27310000.0,9573,10564,2018-09-25 11:22:00
20180925 11:23,493.0,493.5,493.0,493.5,83916,10.0,112956,-10.0,4143250000.0,500000.0,2219,3967,2018-09-25 11:23:00
20180925 11:24,493.5,493.5,493.5,493.5,83916,0.0,112956,0.0,4143250000.0,0.0,899,3400,2018-09-25 11:24:00
20180925 11:25,493.5,493.5,493.5,493.5,83956,40.0,112956,0.0,4145220000.0,1970000.0,310,1694,2018-09-25 11:25:00
20180925 11:26,493.5,493.5,493.5,493.5,83956,0.0,112956,0.0,4145220000.0,0.0,686,2975,2018-09-25 11:26:00
20180925 11:27,493.5,493.5,493.5,493.5,83956,0.0,112956,0.0,4145220000.0,0.0,207,850,2018-09-25 11:27:00
20180925 11:28,493.5,493.5,493.5,493.5,86138,2182.0,112774,-182.0,4252900000.0,107680000.0,822,5141,2018-09-25 11:28:00
20180925 11:29,493.5,494.0,493.5,494.0,91024,4886.0,112920,146.0,4494030000.0,241130000.0,3503,11659,2018-09-25 11:29:00
20180925 13:30,494.0,494.0,493.5,493.5,91790,766.0,112784,-136.0,4531840000.0,37810000.0,3518,6832,2018-09-25 13:30:00
20180925 13:31,493.5,494.0,493.5,494.0,91842,52.0,112766,-18.0,4534410000.0,2570000.0,1030,2408,2018-09-25 13:31:00
20180925 13:33,494.0,494.0,494.0,494.0,92002,160.0,112746,-20.0,4542310000.0,7900000.0,4649,3591,2018-09-25 13:33:00
20180925 13:34,494.0,494.0,494.0,494.0,92002,0.0,112746,0.0,4542310000.0,0.0,169,920,2018-09-25 13:34:00
20180925 13:35,494.0,494.0,494.0,494.0,92554,552.0,112836,90.0,4569580000.0,27270000.0,3354,2777,2018-09-25 13:35:00
20180925 13:36,494.0,494.0,493.5,493.5,92580,26.0,112842,6.0,4570870000.0,1290000.0,38,898,2018-09-25 13:36:00
20180925 13:37,494.0,494.0,493.5,494.0,94686,2106.0,112632,-210.0,4674900000.0,104030000.0,5260,3231,2018-09-25 13:37:00
20180925 13:38,494.0,494.0,494.0,494.0,100716,6030.0,112478,-154.0,4972790000.0,297890000.0,9713,8164,2018-09-25 13:38:00
20180925 13:39,494.0,494.0,494.0,494.0,100954,238.0,112446,-32.0,4984540000.0,11750000.0,3652,2994,2018-09-25 13:39:00
20180925 13:40,494.0,494.5,494.0,494.5,103034,2080.0,112538,92.0,5087300000.0,102760000.0,5269,5736,2018-09-25 13:40:00
20180925 13:41,494.5,494.5,494.0,494.0,103036,2.0,112536,-2.0,5087400000.0,100000.0,497,1504,2018-09-25 13:41:00
20180925 13:42,494.0,494.0,493.5,493.5,103128,92.0,112544,8.0,5091940000.0,4540000.0,930,4586,2018-09-25 13:42:00
20180925 13:43,494.0,494.0,494.0,494.0,103640,512.0,112616,72.0,5117230000.0,25290000.0,6054,998,2018-09-25 13:43:00
20180925 13:44,494.0,494.5,494.0,494.0,103782,142.0,112616,0.0,5124250000.0,7020000.0,5234,3213,2018-09-25 13:44:00
20180925 13:45,494.0,494.0,494.0,494.0,103892,110.0,112662,46.0,5129680000.0,5430000.0,1272,2036,2018-09-25 13:45:00
20180925 13:46,494.0,494.0,494.0,494.0,103894,2.0,112662,0.0,5129780000.0,100000.0,1440,1228,2018-09-25 13:46:00
20180925 13:47,494.0,494.0,494.0,494.0,103966,72.0,112700,38.0,5133340000.0,3560000.0,3503,3008,2018-09-25 13:47:00
20180925 13:48,494.0,494.0,494.0,494.0,103978,12.0,112710,10.0,5133930000.0,590000.0,2491,2126,2018-09-25 13:48:00
20180925 13:49,494.0,494.0,494.0,494.0,103978,0.0,112710,0.0,5133930000.0,0.0,969,872,2018-09-25 13:49:00
20180925 13:50,494.0,494.5,494.0,494.5,104610,632.0,112588,-122.0,5165180000.0,31250000.0,3459,4170,2018-09-25 13:50:00
20180925 13:51,494.5,494.5,494.5,494.5,104610,0.0,112588,0.0,5165180000.0,0.0,1144,1483,2018-09-25 13:51:00
20180925 13:52,494.5,494.5,494.5,494.5,104612,2.0,112590,2.0,5165280000.0,100000.0,9481,17806,2018-09-25 13:52:00
20180925 13:53,494.5,494.5,494.5,494.5,104612,0.0,112590,0.0,5165280000.0,0.0,3286,4490,2018-09-25 13:53:00
20180925 13:54,494.5,494.5,494.0,494.0,104622,10.0,112590,0.0,5165780000.0,500000.0,3229,6692,2018-09-25 13:54:00
20180925 13:55,494.5,494.5,494.0,494.0,104670,48.0,112592,2.0,5168150000.0,2370000.0,2267,6342,2018-09-25 13:55:00
20180925 13:56,494.0,494.0,494.0,494.0,104670,0.0,112592,0.0,5168150000.0,0.0,1399,6736,2018-09-25 13:56:00
20180925 13:57,494.0,494.5,494.0,494.5,104672,2.0,112594,2.0,5168250000.0,100000.0,528,4366,2018-09-25 13:57:00
20180925 13:58,494.5,494.5,494.5,494.5,104672,0.0,112594,0.0,5168250000.0,0.0,1489,3164,2018-09-25 13:58:00
20180925 13:59,494.5,494.5,494.5,494.5,104674,2.0,112594,0.0,5168350000.0,100000.0,1685,2335,2018-09-25 13:59:00
20180925 14:00,494.5,494.5,494.5,494.5,104674,0.0,112594,0.0,5168350000.0,0.0,1003,1515,2018-09-25 14:00:00
20180925 14:01,494.0,494.0,494.0,494.0,104716,42.0,112594,0.0,5170420000.0,2070000.0,736,984,2018-09-25 14:01:00
20180925 14:02,494.0,494.0,494.0,494.0,104854,138.0,112688,94.0,5177240000.0,6820000.0,3454,3018,2018-09-25 14:02:00
20180925 14:03,494.0,494.0,494.0,494.0,104856,2.0,112688,0.0,5177340000.0,100000.0,3688,3208,2018-09-25 14:03:00
20180925 14:04,494.0,494.5,494.0,494.5,104858,2.0,112690,2.0,5177440000.0,100000.0,1755,1356,2018-09-25 14:04:00
20180925 14:05,494.5,494.5,494.5,494.5,104912,54.0,112690,0.0,5180110000.0,2670000.0,3317,4523,2018-09-25 14:05:00
20180925 14:06,494.5,494.5,494.5,494.5,104918,6.0,112690,0.0,5180400000.0,290000.0,1159,1524,2018-09-25 14:06:00
20180925 14:07,494.5,494.5,494.5,494.5,104918,0.0,112690,0.0,5180400000.0,0.0,928,1345,2018-09-25 14:07:00
20180925 14:09,494.0,494.0,494.0,494.0,104920,2.0,112690,0.0,5180500000.0,100000.0,116,175,2018-09-25 14:09:00
20180925 14:10,494.0,494.0,494.0,494.0,104920,0.0,112690,0.0,5180500000.0,0.0,351,505,2018-09-25 14:10:00
20180925 14:11,494.0,494.0,494.0,494.0,104920,0.0,112690,0.0,5180500000.0,0.0,238,350,2018-09-25 14:11:00
20180925 14:12,494.0,495.0,494.0,495.0,105072,152.0,112704,14.0,5188020000.0,7520000.0,3912,4605,2018-09-25 14:12:00
20180925 14:13,495.0,495.0,495.0,495.0,105132,60.0,112764,60.0,5190990000.0,2970000.0,630,1995,2018-09-25 14:13:00
20180925 14:14,495.0,495.0,494.5,494.5,105564,432.0,112710,-54.0,5212350000.0,21360000.0,4890,14543,2018-09-25 14:14:00
20180925 14:15,494.5,494.5,494.5,494.5,105564,0.0,112710,0.0,5212350000.0,0.0,747,906,2018-09-25 14:15:00
20180925 14:17,494.0,494.0,494.0,494.0,105566,2.0,112710,0.0,5212450000.0,100000.0,297,441,2018-09-25 14:17:00
20180925 14:18,494.0,495.0,494.0,495.0,105784,218.0,112870,160.0,5223230000.0,10780000.0,1552,1480,2018-09-25 14:18:00
20180925 14:19,494.5,494.5,494.5,494.5,106480,696.0,112928,58.0,5257650000.0,34420000.0,3170,3304,2018-09-25 14:19:00
20180925 14:20,494.5,494.5,494.5,494.5,106480,0.0,112928,0.0,5257650000.0,0.0,1213,1836,2018-09-25 14:20:00
20180925 14:21,494.5,494.5,494.5,494.5,106484,4.0,112924,-4.0,5257850000.0,200000.0,2615,1422,2018-09-25 14:21:00
20180925 14:22,494.5,494.5,494.5,494.5,106568,84.0,112958,34.0,5262000000.0,4150000.0,1690,297,2018-09-25 14:22:00
20180925 14:23,494.5,494.5,494.5,494.5,106598,30.0,112938,-20.0,5263490000.0,1490000.0,2087,397,2018-09-25 14:23:00
20180925 14:24,494.5,494.5,494.5,494.5,108370,1772.0,112940,2.0,5351110000.0,87620000.0,947,3590,2018-09-25 14:24:00
20180925 14:25,494.5,494.5,494.5,494.5,108370,0.0,112940,0.0,5351110000.0,0.0,164,444,2018-09-25 14:25:00
20180925 14:26,494.5,494.5,494.5,494.5,108374,4.0,112942,2.0,5351310000.0,200000.0,189,888,2018-09-25 14:26:00
20180925 14:27,494.5,494.5,494.5,494.5,108374,0.0,112942,0.0,5351310000.0,0.0,51,296,2018-09-25 14:27:00
20180925 14:28,494.0,494.0,494.0,494.0,108376,2.0,112942,0.0,5351410000.0,100000.0,27,147,2018-09-25 14:28:00
20180925 14:29,494.0,494.0,494.0,494.0,108376,0.0,112942,0.0,5351410000.0,0.0,338,744,2018-09-25 14:29:00
20180925 14:30,494.0,494.5,494.0,494.5,108912,536.0,113018,76.0,5377910000.0,26500000.0,8410,2357,2018-09-25 14:30:00
20180925 14:31,494.5,495.0,494.5,495.0,108994,82.0,113020,2.0,5381970000.0,4060000.0,866,516,2018-09-25 14:31:00
20180925 14:32,495.0,495.0,495.0,495.0,108994,0.0,113020,0.0,5381970000.0,0.0,948,1224,2018-09-25 14:32:00
20180925 14:33,495.0,495.0,494.5,494.5,109068,74.0,113038,18.0,5385630000.0,3660000.0,1161,2547,2018-09-25 14:33:00
20180925 14:34,494.5,494.5,494.5,494.5,111122,2054.0,113080,42.0,5487200000.0,101570000.0,4741,2414,2018-09-25 14:34:00
20180925 14:35,494.5,494.5,494.5,494.5,111568,446.0,113214,134.0,5509260000.0,22060000.0,5271,1012,2018-09-25 14:35:00
20180925 14:36,494.5,494.5,494.5,494.5,113360,1792.0,113254,40.0,5597870000.0,88610000.0,5262,543,2018-09-25 14:36:00
20180925 14:37,494.5,494.5,494.5,494.5,113360,0.0,113254,0.0,5597870000.0,0.0,2480,478,2018-09-25 14:37:00
20180925 14:38,494.5,494.5,494.5,494.5,113360,0.0,113254,0.0,5597870000.0,0.0,940,168,2018-09-25 14:38:00
20180925 14:39,494.5,494.5,494.5,494.5,113360,0.0,113254,0.0,5597870000.0,0.0,1490,351,2018-09-25 14:39:00
20180925 14:40,494.5,494.5,494.5,494.5,113360,0.0,113254,0.0,5597870000.0,0.0,624,118,2018-09-25 14:40:00
20180925 14:41,494.5,494.5,494.5,494.5,114138,778.0,113160,-94.0,5636340000.0,38470000.0,3236,1877,2018-09-25 14:41:00
20180925 14:42,494.5,494.5,494.5,494.5,114198,60.0,113192,32.0,5639310000.0,2970000.0,557,2044,2018-09-25 14:42:00
20180925 14:43,494.5,494.5,494.5,494.5,114280,82.0,113150,-42.0,5643360000.0,4050000.0,949,299,2018-09-25 14:43:00
20180925 14:44,494.5,494.5,494.5,494.5,114280,0.0,113150,0.0,5643360000.0,0.0,854,482,2018-09-25 14:44:00
20180925 14:45,494.5,494.5,494.5,494.5,115342,1062.0,113156,6.0,5695880000.0,52520000.0,6307,3212,2018-09-25 14:45:00
20180925 14:46,494.5,494.5,494.5,494.5,115756,414.0,113228,72.0,5716350000.0,20470000.0,6513,1498,2018-09-25 14:46:00
20180925 14:47,494.5,494.5,494.5,494.5,115756,0.0,113228,0.0,5716350000.0,0.0,4336,1639,2018-09-25 14:47:00
20180925 14:48,494.5,494.5,494.5,494.5,115872,116.0,113244,16.0,5722090000.0,5740000.0,4369,2494,2018-09-25 14:48:00
20180925 14:49,494.5,494.5,494.5,494.5,115872,0.0,113244,0.0,5722090000.0,0.0,325,1214,2018-09-25 14:49:00
20180925 14:50,494.5,494.5,494.5,494.5,115872,0.0,113244,0.0,5722090000.0,0.0,67,438,2018-09-25 14:50:00
20180925 14:51,494.5,494.5,494.5,494.5,115872,0.0,113244,0.0,5722090000.0,0.0,393,988,2018-09-25 14:51:00
20180925 14:52,494.5,494.5,494.5,494.5,115872,0.0,113244,0.0,5722090000.0,0.0,144,595,2018-09-25 14:52:00
20180925 14:53,494.5,495.0,494.5,494.5,116248,376.0,113102,-142.0,5740680000.0,18590000.0,6129,1799,2018-09-25 14:53:00
20180925 14:54,494.5,494.5,494.5,494.5,116590,342.0,113188,86.0,5757590000.0,16910000.0,3290,1672,2018-09-25 14:54:00
20180925 14:55,495.0,495.0,494.5,494.5,117062,472.0,112962,-226.0,5780930000.0,23340000.0,7204,4616,2018-09-25 14:55:00
20180925 14:56,494.5,494.5,494.5,494.5,117078,16.0,112948,-14.0,5781720000.0,790000.0,2098,1380,2018-09-25 14:56:00
20180925 14:57,494.5,494.5,494.5,494.5,117080,2.0,112948,0.0,5781820000.0,100000.0,364,255,2018-09-25 14:57:00
20180925 14:58,495.0,495.0,494.5,494.5,117142,62.0,112888,-60.0,5784890000.0,3070000.0,620,602,2018-09-25 14:58:00
20180925 14:59,494.5,495.0,494.5,494.5,117246,104.0,112852,-36.0,5790030000.0,5140000.0,705,543,2018-09-25 14:59:00
20180925 15:00,494.5,494.5,494.5,494.5,117246,0.0,112852,0.0,5790030000.0,0.0,72,14,2018-09-25 15:00:00
20180926 09:00,498.5,498.5,498.5,498.5,77166,77166.0,105242,-7610.0,3830600000.0,3830600000.0,2230,2804,2018-09-26 09:00:00
20180926 09:01,498.5,499.0,498.5,498.5,77184,18.0,105240,-2.0,3831490000.0,890000.0,4675,4683,2018-09-26 09:01:00
20180926 09:02,498.5,498.5,498.5,498.5,77446,262.0,105308,68.0,3844550000.0,13060000.0,4995,4873,2018-09-26 09:02:00
20180926 09:03,498.5,498.5,498.0,498.0,77520,74.0,105346,38.0,3848240000.0,3690000.0,2409,1943,2018-09-26 09:03:00
20180926 09:04,498.0,498.0,498.0,498.0,79206,1686.0,105346,0.0,3932200000.0,83960000.0,2333,1522,2018-09-26 09:04:00
20180926 09:05,498.0,498.0,497.5,497.5,80924,1718.0,105368,22.0,4017680000.0,85480000.0,1495,2668,2018-09-26 09:05:00
20180926 09:06,497.5,498.0,497.5,497.5,87264,6340.0,105420,52.0,4333090000.0,315410000.0,2966,2161,2018-09-26 09:06:00
20180926 09:07,497.5,497.5,497.5,497.5,87286,22.0,105430,10.0,4334190000.0,1100000.0,1128,222,2018-09-26 09:07:00
20180926 09:08,497.5,497.5,497.5,497.5,89124,1838.0,105380,-50.0,4425630000.0,91440000.0,3704,3864,2018-09-26 09:08:00
20180926 09:09,497.5,497.5,497.5,497.5,89258,134.0,105292,-88.0,4432290000.0,6660000.0,2717,4276,2018-09-26 09:09:00
20180926 09:10,497.5,497.5,497.0,497.0,90824,1566.0,105298,6.0,4510120000.0,77830000.0,6551,4851,2018-09-26 09:10:00
20180926 09:11,497.0,497.0,497.0,497.0,90826,2.0,105298,0.0,4510220000.0,100000.0,1093,2856,2018-09-26 09:11:00
20180926 09:12,497.0,499.0,497.0,499.0,91258,432.0,105244,-54.0,4531750000.0,21530000.0,3917,5745,2018-09-26 09:12:00
20180926 09:13,499.0,500.5,499.0,499.5,91632,374.0,105222,-22.0,4550440000.0,18690000.0,4843,5430,2018-09-26 09:13:00
20180926 09:14,499.5,499.5,499.5,499.5,91664,32.0,105222,0.0,4552040000.0,1600000.0,2192,1360,2018-09-26 09:14:00
20180926 09:15,499.5,501.0,499.5,501.0,91820,156.0,105206,-16.0,4559850000.0,7810000.0,1825,1548,2018-09-26 09:15:00
20180926 09:16,501.0,501.5,501.0,501.0,92024,204.0,105276,70.0,4570070000.0,10220000.0,2466,2482,2018-09-26 09:16:00
20180926 09:17,501.0,501.0,501.0,501.0,92176,152.0,105278,2.0,4577680000.0,7610000.0,4662,2668,2018-09-26 09:17:00
20180926 09:18,501.0,501.0,501.0,501.0,92260,84.0,105246,-32.0,4581890000.0,4210000.0,2066,3212,2018-09-26 09:18:00
20180926 09:19,501.0,501.0,500.5,501.0,92304,44.0,105268,22.0,4584100000.0,2210000.0,2235,4983,2018-09-26 09:19:00
20180926 09:20,501.0,501.0,501.0,501.0,92388,84.0,105256,-12.0,4588310000.0,4210000.0,1733,4719,2018-09-26 09:20:00
20180926 09:21,501.0,501.0,500.5,500.5,92452,64.0,105278,22.0,4591510000.0,3200000.0,1997,3298,2018-09-26 09:21:00
20180926 09:22,500.5,501.0,500.5,501.0,92510,58.0,105308,30.0,4594420000.0,2910000.0,919,2149,2018-09-26 09:22:00
20180926 09:23,501.0,501.0,501.0,501.0,92514,4.0,105308,0.0,4594620000.0,200000.0,805,1345,2018-09-26 09:23:00
20180926 09:24,501.0,501.0,501.0,501.0,92516,2.0,105308,0.0,4594720000.0,100000.0,715,1102,2018-09-26 09:24:00
20180926 09:25,501.0,501.0,501.0,501.0,92518,2.0,105308,0.0,4594820000.0,100000.0,701,1116,2018-09-26 09:25:00
20180926 09:26,501.0,501.0,501.0,501.0,92520,2.0,105308,0.0,4594920000.0,100000.0,689,1299,2018-09-26 09:26:00
20180926 09:27,501.0,502.0,501.0,502.0,92658,138.0,105334,26.0,4601840000.0,6920000.0,1316,2415,2018-09-26 09:27:00
20180926 09:28,502.0,503.0,502.0,503.0,93074,416.0,105418,84.0,4622750000.0,20910000.0,2205,4458,2018-09-26 09:28:00
20180926 09:29,503.0,504.0,503.0,504.0,93230,156.0,105514,96.0,4630610000.0,7860000.0,1885,1046,2018-09-26 09:29:00
20180926 09:30,504.0,504.5,503.0,503.5,94372,1142.0,105138,-376.0,4688120000.0,57510000.0,5893,4363,2018-09-26 09:30:00
20180926 09:31,503.5,503.5,503.5,503.5,94376,4.0,105138,0.0,4688320000.0,200000.0,202,762,2018-09-26 09:31:00
20180926 09:32,503.5,503.5,503.5,503.5,94494,118.0,105168,30.0,4694260000.0,5940000.0,3652,1189,2018-09-26 09:32:00
20180926 09:33,503.5,503.5,503.0,503.0,94704,210.0,105210,42.0,4704830000.0,10570000.0,3141,1802,2018-09-26 09:33:00
20180926 09:34,503.0,503.0,503.0,503.0,94732,28.0,105192,-18.0,4706230000.0,1400000.0,1630,1232,2018-09-26 09:34:00
20180926 09:35,503.0,503.0,503.0,503.0,95926,1194.0,105896,704.0,4766290000.0,60060000.0,5314,2709,2018-09-26 09:35:00
20180926 09:36,503.0,503.0,503.0,503.0,95926,0.0,105896,0.0,4766290000.0,0.0,3378,2790,2018-09-26 09:36:00
20180926 09:37,503.0,503.0,503.0,503.0,95926,0.0,105896,0.0,4766290000.0,0.0,440,424,2018-09-26 09:37:00
20180926 09:38,503.0,503.0,503.0,503.0,95930,4.0,105896,0.0,4766490000.0,200000.0,2305,2164,2018-09-26 09:38:00
20180926 09:40,503.0,503.5,503.0,503.5,95932,2.0,105896,0.0,4766590000.0,100000.0,2230,1690,2018-09-26 09:40:00
20180926 09:41,503.5,503.5,503.0,503.5,95940,8.0,105896,0.0,4767000000.0,410000.0,2732,1927,2018-09-26 09:41:00
20180926 09:42,503.0,503.5,503.0,503.5,96124,184.0,105870,-26.0,4776260000.0,9260000.0,3886,1426,2018-09-26 09:42:00
20180926 09:43,503.5,504.0,503.5,504.0,96134,10.0,105878,8.0,4776760000.0,500000.0,4487,1426,2018-09-26 09:43:00
20180926 09:44,504.0,504.0,503.5,504.0,96140,6.0,105878,0.0,4777070000.0,310000.0,2236,659,2018-09-26 09:44:00
20180926 09:45,504.0,504.0,503.5,504.0,96424,284.0,106126,248.0,4791370000.0,14300000.0,4892,1236,2018-09-26 09:45:00
20180926 09:46,504.0,504.0,503.5,504.0,96570,146.0,106236,110.0,4798720000.0,7350000.0,5370,2271,2018-09-26 09:46:00
20180926 09:47,504.0,504.0,503.5,503.5,96850,280.0,106220,-16.0,4812820000.0,14100000.0,4628,3265,2018-09-26 09:47:00
20180926 09:48,503.5,503.5,503.5,503.5,96850,0.0,106220,0.0,4812820000.0,0.0,465,1518,2018-09-26 09:48:00
20180926 09:49,503.5,503.5,503.5,503.5,96952,102.0,106248,28.0,4817950000.0,5130000.0,1554,1752,2018-09-26 09:49:00
20180926 09:50,503.5,503.5,503.5,503.5,96952,0.0,106248,0.0,4817950000.0,0.0,2403,1321,2018-09-26 09:50:00
20180926 09:51,503.5,503.5,503.5,503.5,96952,0.0,106248,0.0,4817950000.0,0.0,480,790,2018-09-26 09:51:00
20180926 09:52,503.5,503.5,503.5,503.5,96952,0.0,106248,0.0,4817950000.0,0.0,720,1176,2018-09-26 09:52:00
20180926 09:53,503.5,503.5,503.5,503.5,96952,0.0,106248,0.0,4817950000.0,0.0,241,436,2018-09-26 09:53:00
20180926 09:54,503.5,504.0,503.5,504.0,96954,2.0,106250,2.0,4818050000.0,100000.0,247,436,2018-09-26 09:54:00
20180926 09:55,504.0,504.0,504.0,504.0,96954,0.0,106250,0.0,4818050000.0,0.0,422,655,2018-09-26 09:55:00
20180926 09:56,503.5,504.0,503.5,503.5,97426,472.0,106352,102.0,4841820000.0,23770000.0,4786,3075,2018-09-26 09:56:00
20180926 09:57,503.5,503.5,503.0,503.5,97686,260.0,106472,120.0,4854910000.0,13090000.0,9291,7072,2018-09-26 09:57:00
20180926 09:58,503.5,503.5,502.5,502.5,97896,210.0,106440,-32.0,4865470000.0,10560000.0,4322,2403,2018-09-26 09:58:00
20180926 09:59,502.5,502.5,502.5,502.5,98042,146.0,106388,-52.0,4872810000.0,7340000.0,3566,2082,2018-09-26 09:59:00
20180926 10:00,502.5,503.0,502.5,503.0,99246,1204.0,106322,-66.0,4933360000.0,60550000.0,3757,5569,2018-09-26 10:00:00
20180926 10:01,503.0,503.0,503.0,503.0,99346,100.0,106308,-14.0,4938390000.0,5030000.0,3085,1896,2018-09-26 10:01:00
20180926 10:02,503.0,503.0,503.0,503.0,100492,1146.0,106560,252.0,4996040000.0,57650000.0,3440,2531,2018-09-26 10:02:00
20180926 10:03,503.0,503.5,503.0,503.0,101768,1276.0,106358,-202.0,5060230000.0,64190000.0,3787,3560,2018-09-26 10:03:00
20180926 10:04,503.0,503.5,503.0,503.0,101994,226.0,106248,-110.0,5071610000.0,11380000.0,3992,2882,2018-09-26 10:04:00
20180926 10:05,503.0,503.0,503.0,503.0,102466,472.0,106444,196.0,5095350000.0,23740000.0,1631,1309,2018-09-26 10:05:00
20180926 10:06,503.0,503.0,503.0,503.0,102488,22.0,106434,-10.0,5096460000.0,1110000.0,1188,639,2018-09-26 10:06:00
20180926 10:07,503.0,503.0,503.0,503.0,102488,0.0,106434,0.0,5096460000.0,0.0,306,183,2018-09-26 10:07:00
20180926 10:08,503.0,503.0,503.0,503.0,102490,2.0,106432,-2.0,5096560000.0,100000.0,204,163,2018-09-26 10:08:00
20180926 10:09,503.0,503.5,503.0,503.5,103028,538.0,106074,-358.0,5123640000.0,27080000.0,2502,4642,2018-09-26 10:09:00
20180926 10:10,503.5,503.5,503.5,503.5,103078,50.0,106064,-10.0,5126160000.0,2520000.0,2532,2715,2018-09-26 10:10:00
20180926 10:11,503.5,503.5,503.5,503.5,103084,6.0,106064,0.0,5126460000.0,300000.0,1986,746,2018-09-26 10:11:00
20180926 10:12,503.5,503.5,503.5,503.5,103084,0.0,106064,0.0,5126460000.0,0.0,268,113,2018-09-26 10:12:00
20180926 10:13,503.5,503.5,503.0,503.0,103116,32.0,106058,-6.0,5128070000.0,1610000.0,879,451,2018-09-26 10:13:00
20180926 10:14,503.0,504.0,503.0,504.0,103204,88.0,106014,-44.0,5132500000.0,4430000.0,2431,840,2018-09-26 10:14:00
20180926 10:30,504.0,504.0,503.5,504.0,104584,1380.0,105516,-498.0,5202040000.0,69540000.0,5091,2740,2018-09-26 10:30:00
20180926 10:31,504.0,504.0,503.5,504.0,104848,264.0,105406,-110.0,5215350000.0,13310000.0,2476,1337,2018-09-26 10:31:00
20180926 10:32,504.0,504.0,503.5,503.5,105394,546.0,105564,158.0,5242860000.0,27510000.0,1761,1139,2018-09-26 10:32:00
20180926 10:33,503.5,503.5,503.5,503.5,105968,574.0,105242,-322.0,5271760000.0,28900000.0,1782,1441,2018-09-26 10:33:00
20180926 10:34,503.5,503.5,503.5,503.5,106334,366.0,105112,-130.0,5290190000.0,18430000.0,1883,1805,2018-09-26 10:34:00
20180926 10:35,503.5,504.0,503.5,504.0,107152,818.0,105408,296.0,5331410000.0,41220000.0,3797,4763,2018-09-26 10:35:00
20180926 10:36,504.0,504.0,504.0,504.0,107582,430.0,105230,-178.0,5353080000.0,21670000.0,2181,624,2018-09-26 10:36:00
20180926 10:37,504.0,504.0,504.0,504.0,107718,136.0,105298,68.0,5359940000.0,6860000.0,1034,1589,2018-09-26 10:37:00
20180926 10:38,504.0,504.0,503.5,503.5,107732,14.0,105306,8.0,5360640000.0,700000.0,1725,898,2018-09-26 10:38:00
20180926 10:39,503.5,503.5,503.0,503.5,108126,394.0,105500,194.0,5380480000.0,19840000.0,1396,1984,2018-09-26 10:39:00
20180926 10:40,503.5,503.5,503.5,503.5,108856,730.0,105386,-114.0,5417240000.0,36760000.0,3363,3306,2018-09-26 10:40:00
20180926 10:41,503.5,503.5,503.5,503.5,108856,0.0,105386,0.0,5417240000.0,0.0,351,167,2018-09-26 10:41:00
20180926 10:42,503.5,503.5,503.5,503.5,109496,640.0,105504,118.0,5449460000.0,32220000.0,2403,2064,2018-09-26 10:42:00
20180926 10:43,503.5,503.5,503.5,503.5,109500,4.0,105504,0.0,5449660000.0,200000.0,1596,817,2018-09-26 10:43:00
20180926 10:44,503.5,503.5,503.0,503.0,110670,1170.0,105264,-240.0,5508560000.0,58900000.0,2833,2143,2018-09-26 10:44:00
20180926 10:45,503.0,503.5,503.0,503.0,110720,50.0,105240,-24.0,5511080000.0,2520000.0,1102,936,2018-09-26 10:45:00
20180926 10:46,503.0,503.0,502.5,502.5,111230,510.0,105490,250.0,5536710000.0,25630000.0,1596,1130,2018-09-26 10:46:00
20180926 10:47,502.5,502.5,502.5,502.5,111230,0.0,105490,0.0,5536710000.0,0.0,546,404,2018-09-26 10:47:00
20180926 10:48,502.5,503.0,502.5,503.0,111234,4.0,105488,-2.0,5536910000.0,200000.0,394,360,2018-09-26 10:48:00
20180926 10:49,503.0,503.0,503.0,503.0,111234,0.0,105488,0.0,5536910000.0,0.0,482,718,2018-09-26 10:49:00
20180926 10:50,503.0,503.0,503.0,503.0,111234,0.0,105488,0.0,5536910000.0,0.0,254,229,2018-09-26 10:50:00
20180926 10:51,502.5,502.5,502.5,502.5,111324,90.0,105486,-2.0,5541430000.0,4520000.0,192,630,2018-09-26 10:51:00
20180926 10:52,502.5,502.5,502.5,502.5,115986,4662.0,105488,2.0,5775700000.0,234270000.0,1446,2913,2018-09-26 10:52:00
20180926 10:53,502.5,502.5,502.5,502.5,116084,98.0,105490,2.0,5780620000.0,4920000.0,2197,2960,2018-09-26 10:53:00
20180926 10:54,502.5,502.5,502.5,502.5,117726,1642.0,105482,-8.0,5863130000.0,82510000.0,495,3120,2018-09-26 10:54:00
20180926 10:55,502.5,502.5,502.5,502.5,117726,0.0,105482,0.0,5863130000.0,0.0,381,1535,2018-09-26 10:55:00
20180926 10:56,502.0,502.0,502.0,502.0,117864,138.0,105504,22.0,5870060000.0,6930000.0,877,2382,2018-09-26 10:56:00
20180926 10:57,502.0,502.0,502.0,502.0,117864,0.0,105504,0.0,5870060000.0,0.0,1421,1580,2018-09-26 10:57:00
20180926 10:58,502.0,502.5,502.0,502.5,118072,208.0,105608,104.0,5880510000.0,10450000.0,1282,1454,2018-09-26 10:58:00
20180926 10:59,502.5,503.0,502.5,503.0,118156,84.0,105618,10.0,5884740000.0,4230000.0,1135,2281,2018-09-26 10:59:00
20180926 11:00,503.0,503.0,503.0,503.0,120372,2216.0,105330,-288.0,5996200000.0,111460000.0,3880,4160,2018-09-26 11:00:00
20180926 11:01,503.0,503.0,503.0,503.0,120446,74.0,105288,-42.0,5999920000.0,3720000.0,1335,723,2018-09-26 11:01:00
20180926 11:02,503.0,503.0,503.0,503.0,120598,152.0,105246,-42.0,6007570000.0,7650000.0,396,1342,2018-09-26 11:02:00
20180926 11:03,503.0,503.0,502.5,502.5,121494,896.0,105098,-148.0,6052620000.0,45050000.0,1941,3827,2018-09-26 11:03:00
20180926 11:04,502.5,502.5,502.5,502.5,121494,0.0,105098,0.0,6052620000.0,0.0,645,495,2018-09-26 11:04:00
20180926 11:05,502.5,502.5,502.5,502.5,121494,0.0,105098,0.0,6052620000.0,0.0,187,159,2018-09-26 11:05:00
20180926 11:06,502.5,502.5,502.5,502.5,121494,0.0,105098,0.0,6052620000.0,0.0,155,161,2018-09-26 11:06:00
20180926 11:07,502.5,503.0,502.5,503.0,121586,92.0,105118,20.0,6057250000.0,4630000.0,227,660,2018-09-26 11:07:00
20180926 11:08,503.0,503.0,503.0,503.0,121586,0.0,105118,0.0,6057250000.0,0.0,767,1449,2018-09-26 11:08:00
20180926 11:09,503.0,503.0,503.0,503.0,121586,0.0,105118,0.0,6057250000.0,0.0,204,358,2018-09-26 11:09:00
20180926 11:10,503.0,503.0,503.0,503.0,121586,0.0,105118,0.0,6057250000.0,0.0,191,368,2018-09-26 11:10:00
20180926 11:11,503.0,503.0,503.0,503.0,121960,374.0,105370,252.0,6076060000.0,18810000.0,1084,682,2018-09-26 11:11:00
20180926 11:12,503.0,503.0,503.0,503.0,121960,0.0,105370,0.0,6076060000.0,0.0,970,3203,2018-09-26 11:12:00
20180926 11:13,503.0,503.0,503.0,503.0,121960,0.0,105370,0.0,6076060000.0,0.0,278,313,2018-09-26 11:13:00
20180926 11:14,503.0,503.0,503.0,503.0,121960,0.0,105370,0.0,6076060000.0,0.0,120,115,2018-09-26 11:14:00
20180926 11:15,502.5,502.5,502.5,502.5,121968,8.0,105368,-2.0,6076460000.0,400000.0,178,163,2018-09-26 11:15:00
20180926 11:16,502.5,502.5,502.5,502.5,122074,106.0,105302,-66.0,6081790000.0,5330000.0,121,436,2018-09-26 11:16:00
20180926 11:17,502.5,503.0,502.5,503.0,122076,2.0,105302,0.0,6081890000.0,100000.0,1124,1688,2018-09-26 11:17:00
20180926 11:18,503.0,503.0,503.0,503.0,122076,0.0,105302,0.0,6081890000.0,0.0,124,39,2018-09-26 11:18:00
20180926 11:20,503.0,503.0,502.5,502.5,122424,348.0,105250,-52.0,6099370000.0,17480000.0,835,1265,2018-09-26 11:20:00
20180926 11:21,502.5,502.5,502.5,502.5,122424,0.0,105250,0.0,6099370000.0,0.0,841,1646,2018-09-26 11:21:00
20180926 11:22,502.5,502.5,502.5,502.5,122424,0.0,105250,0.0,6099370000.0,0.0,148,90,2018-09-26 11:22:00
20180926 11:23,502.5,502.5,502.5,502.5,122424,0.0,105250,0.0,6099370000.0,0.0,244,186,2018-09-26 11:23:00
20180926 11:24,502.5,502.5,502.5,502.5,122424,0.0,105250,0.0,6099370000.0,0.0,391,276,2018-09-26 11:24:00
20180926 11:25,502.5,502.5,502.5,502.5,122424,0.0,105250,0.0,6099370000.0,0.0,357,282,2018-09-26 11:25:00
20180926 11:26,502.5,502.5,502.5,502.5,122424,0.0,105250,0.0,6099370000.0,0.0,336,1113,2018-09-26 11:26:00
20180926 11:27,502.5,502.5,502.5,502.5,122424,0.0,105250,0.0,6099370000.0,0.0,466,799,2018-09-26 11:27:00
20180926 11:28,502.5,502.5,502.5,502.5,122428,4.0,105246,-4.0,6099580000.0,210000.0,150,87,2018-09-26 11:28:00
20180926 11:29,502.5,502.5,502.5,502.5,122454,26.0,105230,-16.0,6100880000.0,1300000.0,506,2598,2018-09-26 11:29:00
20180926 13:30,502.5,503.0,502.5,503.0,122728,274.0,105228,-2.0,6114660000.0,13780000.0,1221,1352,2018-09-26 13:30:00
20180926 13:31,503.0,503.0,502.5,502.5,123442,714.0,105448,220.0,6150560000.0,35900000.0,2721,9397,2018-09-26 13:31:00
20180926 13:32,502.5,502.5,502.5,502.5,123806,364.0,105432,-16.0,6168850000.0,18290000.0,2294,7462,2018-09-26 13:32:00
20180926 13:33,502.5,502.5,502.5,502.5,123814,8.0,105428,-4.0,6169260000.0,410000.0,677,620,2018-09-26 13:33:00
20180926 13:34,502.5,503.0,502.5,503.0,123846,32.0,105420,-8.0,6170870000.0,1610000.0,864,1194,2018-09-26 13:34:00
20180926 13:35,503.0,503.0,502.5,502.5,123912,66.0,105394,-26.0,6174180000.0,3310000.0,1386,1706,2018-09-26 13:35:00
20180926 13:36,502.5,502.5,502.5,502.5,123912,0.0,105394,0.0,6174180000.0,0.0,427,573,2018-09-26 13:36:00
20180926 13:37,502.5,502.5,502.5,502.5,123912,0.0,105394,0.0,6174180000.0,0.0,62,104,2018-09-26 13:37:00
20180926 13:38,502.5,502.5,502.5,502.5,123912,0.0,105394,0.0,6174180000.0,0.0,100,156,2018-09-26 13:38:00
20180926 13:39,502.5,502.5,502.5,502.5,123912,0.0,105394,0.0,6174180000.0,0.0,207,319,2018-09-26 13:39:00
20180926 13:40,502.5,502.5,502.5,502.5,123912,0.0,105394,0.0,6174180000.0,0.0,416,656,2018-09-26 13:40:00
20180926 13:41,502.5,502.5,502.5,502.5,123912,0.0,105394,0.0,6174180000.0,0.0,254,354,2018-09-26 13:41:00
20180926 13:42,502.5,502.5,502.5,502.5,123912,0.0,105394,0.0,6174180000.0,0.0,320,302,2018-09-26 13:42:00
20180926 13:43,502.5,502.5,502.0,502.0,124016,104.0,105476,82.0,6179400000.0,5220000.0,1291,2215,2018-09-26 13:43:00
20180926 13:44,502.0,502.5,502.0,502.0,124400,384.0,105412,-64.0,6198680000.0,19280000.0,1197,1631,2018-09-26 13:44:00
20180926 13:45,502.0,502.0,502.0,502.0,124504,104.0,105486,74.0,6203900000.0,5220000.0,1577,1394,2018-09-26 13:45:00
20180926 13:46,502.0,502.0,502.0,502.0,124588,84.0,105514,28.0,6208120000.0,4220000.0,1229,2444,2018-09-26 13:46:00
20180926 13:47,502.0,502.5,502.0,502.5,125370,782.0,105634,120.0,6247370000.0,39250000.0,1696,6217,2018-09-26 13:47:00
20180926 13:48,502.5,502.5,501.5,501.5,125694,324.0,105814,180.0,6263640000.0,16270000.0,2058,4729,2018-09-26 13:48:00
20180926 13:49,501.5,501.5,501.0,501.5,125748,54.0,105818,4.0,6266340000.0,2700000.0,2930,2101,2018-09-26 13:49:00
20180926 13:50,501.5,501.5,501.0,501.0,125752,4.0,105822,4.0,6266540000.0,200000.0,1117,1209,2018-09-26 13:50:00
20180926 13:51,501.0,501.5,501.0,501.5,125898,146.0,105788,-34.0,6273870000.0,7330000.0,978,1405,2018-09-26 13:51:00
20180926 13:52,501.5,501.5,501.5,501.5,125898,0.0,105788,0.0,6273870000.0,0.0,139,245,2018-09-26 13:52:00
20180926 13:53,501.5,501.5,501.5,501.5,125898,0.0,105788,0.0,6273870000.0,0.0,263,394,2018-09-26 13:53:00
20180926 13:54,501.5,501.5,501.5,501.5,125898,0.0,105788,0.0,6273870000.0,0.0,263,402,2018-09-26 13:54:00
20180926 13:55,501.5,501.5,501.5,501.5,125902,4.0,105792,4.0,6274070000.0,200000.0,682,791,2018-09-26 13:55:00
20180926 13:56,501.5,501.5,501.5,501.5,125902,0.0,105792,0.0,6274070000.0,0.0,90,178,2018-09-26 13:56:00
20180926 13:57,501.5,502.0,501.5,502.0,125906,4.0,105792,0.0,6274270000.0,200000.0,607,1078,2018-09-26 13:57:00
20180926 13:58,502.0,502.0,502.0,502.0,125926,20.0,105792,0.0,6275270000.0,1000000.0,267,518,2018-09-26 13:58:00
20180926 13:59,502.0,502.0,502.0,502.0,125926,0.0,105792,0.0,6275270000.0,0.0,488,1334,2018-09-26 13:59:00
20180926 14:00,502.0,502.0,501.5,501.5,125976,50.0,105776,-16.0,6277780000.0,2510000.0,1567,1497,2018-09-26 14:00:00
20180926 14:01,501.5,501.5,501.5,501.5,126456,480.0,106110,334.0,6301850000.0,24070000.0,3521,3432,2018-09-26 14:01:00
20180926 14:02,501.5,501.5,501.5,501.5,126456,0.0,106110,0.0,6301850000.0,0.0,680,1578,2018-09-26 14:02:00
20180926 14:03,501.5,501.5,501.5,501.5,126456,0.0,106110,0.0,6301850000.0,0.0,222,544,2018-09-26 14:03:00
20180926 14:04,501.5,501.5,501.5,501.5,126468,12.0,106118,8.0,6302450000.0,600000.0,389,833,2018-09-26 14:04:00
20180926 14:05,501.5,501.5,501.5,501.5,126468,0.0,106118,0.0,6302450000.0,0.0,459,1010,2018-09-26 14:05:00
20180926 14:06,501.5,501.5,501.5,501.5,127036,568.0,106106,-12.0,6330940000.0,28490000.0,4180,4732,2018-09-26 14:06:00
20180926 14:07,501.5,502.0,501.5,502.0,127674,638.0,106262,156.0,6362940000.0,32000000.0,4004,2545,2018-09-26 14:07:00
20180926 14:08,502.0,502.0,502.0,502.0,127674,0.0,106262,0.0,6362940000.0,0.0,541,890,2018-09-26 14:08:00
20180926 14:09,502.0,502.0,502.0,502.0,127690,16.0,106264,2.0,6363740000.0,800000.0,1050,729,2018-09-26 14:09:00
20180926 14:10,502.0,502.0,502.0,502.0,127690,0.0,106264,0.0,6363740000.0,0.0,91,312,2018-09-26 14:10:00
20180926 14:11,502.5,503.0,502.5,503.0,128234,544.0,106422,158.0,6391090000.0,27350000.0,1907,2695,2018-09-26 14:11:00
20180926 14:12,503.0,503.0,503.0,503.0,128234,0.0,106422,0.0,6391090000.0,0.0,824,885,2018-09-26 14:12:00
20180926 14:13,503.0,503.0,502.5,502.5,128248,14.0,106408,-14.0,6391790000.0,700000.0,833,679,2018-09-26 14:13:00
20180926 14:14,502.5,502.5,502.5,502.5,128264,16.0,106392,-16.0,6392590000.0,800000.0,561,712,2018-09-26 14:14:00
20180926 14:15,502.5,502.5,502.0,502.0,128780,516.0,106312,-80.0,6418500000.0,25910000.0,1430,2500,2018-09-26 14:15:00
20180926 14:16,502.0,502.0,502.0,502.0,128844,64.0,106278,-34.0,6421710000.0,3210000.0,937,1463,2018-09-26 14:16:00
20180926 14:17,501.5,501.5,501.5,501.5,129002,158.0,106296,18.0,6429640000.0,7930000.0,1182,1820,2018-09-26 14:17:00
20180926 14:18,501.5,501.5,501.5,501.5,129002,0.0,106296,0.0,6429640000.0,0.0,671,526,2018-09-26 14:18:00
20180926 14:19,501.5,501.5,501.5,501.5,129002,0.0,106296,0.0,6429640000.0,0.0,166,146,2018-09-26 14:19:00
20180926 14:20,501.5,501.5,501.5,501.5,129002,0.0,106296,0.0,6429640000.0,0.0,252,216,2018-09-26 14:20:00
20180926 14:21,501.5,501.5,501.5,501.5,129002,0.0,106296,0.0,6429640000.0,0.0,246,494,2018-09-26 14:21:00
20180926 14:22,501.5,501.5,501.5,501.5,129002,0.0,106296,0.0,6429640000.0,0.0,208,320,2018-09-26 14:22:00
20180926 14:23,501.5,501.5,501.5,501.5,129002,0.0,106296,0.0,6429640000.0,0.0,118,237,2018-09-26 14:23:00
20180926 14:24,501.5,501.5,501.5,501.5,129002,0.0,106296,0.0,6429640000.0,0.0,574,533,2018-09-26 14:24:00
20180926 14:25,501.5,501.5,501.5,501.5,129002,0.0,106296,0.0,6429640000.0,0.0,212,225,2018-09-26 14:25:00
20180926 14:26,501.5,501.5,501.5,501.5,129002,0.0,106296,0.0,6429640000.0,0.0,42,78,2018-09-26 14:26:00
20180926 14:27,501.5,501.5,501.5,501.5,129002,0.0,106296,0.0,6429640000.0,0.0,347,378,2018-09-26 14:27:00
20180926 14:28,501.5,501.5,501.5,501.5,129002,0.0,106296,0.0,6429640000.0,0.0,84,78,2018-09-26 14:28:00
20180926 14:29,501.5,502.0,501.5,502.0,129006,4.0,106296,0.0,6429840000.0,200000.0,275,466,2018-09-26 14:29:00
20180926 14:30,502.0,502.0,502.0,502.0,129758,752.0,106814,518.0,6467590000.0,37750000.0,2173,1832,2018-09-26 14:30:00
20180926 14:31,502.0,502.0,502.0,502.0,129862,104.0,106762,-52.0,6472810000.0,5220000.0,658,557,2018-09-26 14:31:00
20180926 14:32,502.0,502.0,502.0,502.0,131672,1810.0,106730,-32.0,6563670000.0,90860000.0,2712,1447,2018-09-26 14:32:00
20180926 14:33,502.0,502.5,502.0,502.5,132508,836.0,106922,192.0,6605680000.0,42010000.0,4401,3275,2018-09-26 14:33:00
20180926 14:34,502.5,502.5,502.5,502.5,132858,350.0,107120,198.0,6623270000.0,17590000.0,1114,1213,2018-09-26 14:34:00
20180926 14:35,502.5,502.5,502.5,502.5,132858,0.0,107120,0.0,6623270000.0,0.0,725,838,2018-09-26 14:35:00
20180926 14:36,502.5,502.5,502.5,502.5,132860,2.0,107122,2.0,6623370000.0,100000.0,574,443,2018-09-26 14:36:00
20180926 14:37,502.5,502.5,502.5,502.5,132860,0.0,107122,0.0,6623370000.0,0.0,630,746,2018-09-26 14:37:00
20180926 14:38,502.5,503.0,502.5,503.0,133554,694.0,107118,-4.0,6658250000.0,34880000.0,5597,4797,2018-09-26 14:38:00
20180926 14:39,503.0,503.0,503.0,503.0,133556,2.0,107120,2.0,6658350000.0,100000.0,513,1839,2018-09-26 14:39:00
20180926 14:40,502.5,502.5,502.5,502.5,133714,158.0,107148,28.0,6666290000.0,7940000.0,371,679,2018-09-26 14:40:00
20180926 14:41,502.5,502.5,502.5,502.5,133782,68.0,107182,34.0,6669710000.0,3420000.0,373,362,2018-09-26 14:41:00
20180926 14:42,502.5,502.5,502.5,502.5,133782,0.0,107182,0.0,6669710000.0,0.0,1017,1073,2018-09-26 14:42:00
20180926 14:43,502.5,502.5,502.5,502.5,133782,0.0,107182,0.0,6669710000.0,0.0,208,467,2018-09-26 14:43:00
20180926 14:44,502.5,502.5,502.5,502.5,133852,70.0,107114,-68.0,6673230000.0,3520000.0,557,732,2018-09-26 14:44:00
20180926 14:45,502.5,502.5,502.5,502.5,133852,0.0,107114,0.0,6673230000.0,0.0,254,537,2018-09-26 14:45:00
20180926 14:46,502.5,502.5,502.5,502.5,134706,854.0,107422,308.0,6716140000.0,42910000.0,3817,2016,2018-09-26 14:46:00
20180926 14:48,502.5,502.5,502.5,502.5,134706,0.0,107422,0.0,6716140000.0,0.0,56,197,2018-09-26 14:48:00
20180926 14:49,502.5,502.5,502.5,502.5,134706,0.0,107422,0.0,6716140000.0,0.0,305,734,2018-09-26 14:49:00
20180926 14:50,502.5,502.5,502.5,502.5,134706,0.0,107422,0.0,6716140000.0,0.0,149,488,2018-09-26 14:50:00
20180926 14:51,502.5,502.5,502.0,502.0,134732,26.0,107412,-10.0,6717450000.0,1310000.0,336,728,2018-09-26 14:51:00
20180926 14:52,502.0,502.0,501.5,501.5,134778,46.0,107430,18.0,6719750000.0,2300000.0,389,864,2018-09-26 14:52:00
20180926 14:53,501.5,501.5,501.0,501.5,134856,78.0,107418,-12.0,6723660000.0,3910000.0,519,1320,2018-09-26 14:53:00
20180926 14:54,502.0,502.0,501.5,501.5,135316,460.0,107578,160.0,6746750000.0,23090000.0,1834,1182,2018-09-26 14:54:00
20180926 14:55,501.5,501.5,501.5,501.5,135344,28.0,107582,4.0,6748150000.0,1400000.0,828,2557,2018-09-26 14:55:00
20180926 14:56,501.5,501.5,500.0,500.5,135666,322.0,107568,-14.0,6764280000.0,16130000.0,2336,1262,2018-09-26 14:56:00
20180926 14:57,500.5,501.0,500.5,500.5,135760,94.0,107530,-38.0,6768990000.0,4710000.0,1593,1533,2018-09-26 14:57:00
20180926 14:58,500.5,500.5,500.0,500.0,135880,120.0,107544,14.0,6774990000.0,6000000.0,484,405,2018-09-26 14:58:00
20180926 14:59,500.0,500.0,499.0,499.0,135978,98.0,107494,-50.0,6779880000.0,4890000.0,1440,1340,2018-09-26 14:59:00
20180926 15:00,499.0,499.0,499.0,499.0,135978,0.0,107494,0.0,6779880000.0,0.0,2,12,2018-09-26 15:00:00
20180926 20:59,495.0,495.0,495.0,495.0,9682,9682.0,104170,-3324.0,479259000.0,479259000.0,1,91,2018-09-26 20:59:00
20180926 21:00,495.5,496.5,495.5,496.0,9854,172.0,104226,56.0,487792000.0,8533000.0,1446,4795,2018-09-26 21:00:00
20180926 21:01,496.0,496.0,495.5,495.5,9932,78.0,104194,-32.0,491659000.0,3867000.0,2306,3041,2018-09-26 21:01:00
20180926 21:02,495.5,495.5,495.5,495.5,10066,134.0,104168,-26.0,498299000.0,6640000.0,2835,7718,2018-09-26 21:02:00
20180926 21:03,495.5,495.5,495.5,495.5,10222,156.0,104250,82.0,506029000.0,7730000.0,2014,6810,2018-09-26 21:03:00
20180926 21:04,495.5,495.5,495.5,495.5,10242,20.0,104252,2.0,507020000.0,991000.0,844,4564,2018-09-26 21:04:00
20180926 21:05,495.5,495.5,495.5,495.5,10422,180.0,104358,106.0,515939000.0,8919000.0,2110,2793,2018-09-26 21:05:00
20180926 21:06,495.5,495.5,495.5,495.5,10516,94.0,104328,-30.0,520597000.0,4658000.0,1410,1493,2018-09-26 21:06:00
20180926 21:07,495.5,495.5,495.0,495.0,10536,20.0,104328,0.0,521587000.0,990000.0,231,1489,2018-09-26 21:07:00
20180926 21:08,495.0,495.5,495.0,495.5,10668,132.0,104262,-66.0,528127000.0,6540000.0,4014,3870,2018-09-26 21:08:00
20180926 21:09,495.5,495.5,495.5,495.5,10824,156.0,104358,96.0,535857000.0,7730000.0,3755,2184,2018-09-26 21:09:00
20180926 21:10,495.5,495.5,495.5,495.5,10824,0.0,104358,0.0,535857000.0,0.0,2323,334,2018-09-26 21:10:00
20180926 21:11,495.5,495.5,495.5,495.5,10824,0.0,104358,0.0,535857000.0,0.0,2988,847,2018-09-26 21:11:00
20180926 21:12,495.5,495.5,495.5,495.5,10824,0.0,104358,0.0,535857000.0,0.0,1409,654,2018-09-26 21:12:00
20180926 21:13,495.5,496.0,495.5,496.0,10948,124.0,104350,-8.0,542007000.0,6150000.0,1352,870,2018-09-26 21:13:00
20180926 21:14,496.0,496.0,496.0,496.0,10948,0.0,104350,0.0,542007000.0,0.0,915,476,2018-09-26 21:14:00
20180926 21:15,496.0,496.0,496.0,496.0,10950,2.0,104348,-2.0,542107000.0,100000.0,1594,1677,2018-09-26 21:15:00
20180926 21:16,496.0,496.0,496.0,496.0,10950,0.0,104348,0.0,542107000.0,0.0,712,744,2018-09-26 21:16:00
20180926 21:17,496.0,496.0,496.0,496.0,10950,0.0,104348,0.0,542107000.0,0.0,465,573,2018-09-26 21:17:00
20180926 21:18,496.0,496.0,496.0,496.0,10950,0.0,104348,0.0,542107000.0,0.0,250,382,2018-09-26 21:18:00
20180926 21:19,496.0,496.5,496.0,496.5,10986,36.0,104364,16.0,543894000.0,1787000.0,549,1555,2018-09-26 21:19:00
20180926 21:20,496.5,496.5,496.0,496.0,11008,22.0,104342,-22.0,544986000.0,1092000.0,443,1465,2018-09-26 21:20:00
20180926 21:21,496.0,496.5,496.0,496.5,11434,426.0,104424,82.0,566115000.0,21129000.0,1546,6067,2018-09-26 21:21:00
20180926 21:22,496.5,496.5,496.5,496.5,11458,24.0,104438,14.0,567307000.0,1192000.0,533,1262,2018-09-26 21:22:00
20180926 21:23,496.5,496.5,496.0,496.5,11816,358.0,104438,0.0,585082000.0,17775000.0,2641,3246,2018-09-26 21:23:00
20180926 21:24,496.5,497.0,496.5,497.0,11920,104.0,104358,-80.0,590250000.0,5168000.0,1783,802,2018-09-26 21:24:00
20180926 21:25,497.0,497.0,497.0,497.0,11920,0.0,104358,0.0,590250000.0,0.0,543,420,2018-09-26 21:25:00
20180926 21:26,497.0,497.0,497.0,497.0,11920,0.0,104358,0.0,590250000.0,0.0,1132,734,2018-09-26 21:26:00
20180926 21:27,497.0,497.0,497.0,497.0,11920,0.0,104358,0.0,590250000.0,0.0,1532,1333,2018-09-26 21:27:00
20180926 21:28,497.0,497.0,497.0,497.0,12060,140.0,104452,94.0,597214000.0,6964000.0,1117,1692,2018-09-26 21:28:00
20180926 21:29,497.0,497.0,497.0,497.0,12064,4.0,104456,4.0,597413000.0,199000.0,518,1115,2018-09-26 21:29:00
20180926 21:30,497.0,497.0,497.0,497.0,12086,22.0,104436,-20.0,598506000.0,1093000.0,807,1429,2018-09-26 21:30:00
20180926 21:31,497.0,497.5,497.0,497.5,12122,36.0,104422,-14.0,600297000.0,1791000.0,740,1238,2018-09-26 21:31:00
20180926 21:32,497.5,497.5,497.5,497.5,12122,0.0,104422,0.0,600297000.0,0.0,1022,2083,2018-09-26 21:32:00
20180926 21:33,497.0,497.0,496.5,496.5,12444,322.0,104332,-90.0,616301000.0,16004000.0,2861,2360,2018-09-26 21:33:00
20180926 21:34,496.5,496.5,496.5,496.5,12444,0.0,104332,0.0,616301000.0,0.0,530,483,2018-09-26 21:34:00
20180926 21:35,496.5,496.5,496.5,496.5,12444,0.0,104332,0.0,616301000.0,0.0,388,401,2018-09-26 21:35:00
20180926 21:36,496.5,496.5,496.5,496.5,12444,0.0,104332,0.0,616301000.0,0.0,807,806,2018-09-26 21:36:00
20180926 21:37,496.5,496.5,496.5,496.5,12464,20.0,104322,-10.0,617294000.0,993000.0,216,374,2018-09-26 21:37:00
20180926 21:38,496.5,496.5,496.5,496.5,12464,0.0,104322,0.0,617294000.0,0.0,540,691,2018-09-26 21:38:00
20180926 21:39,496.5,496.5,496.5,496.5,12486,22.0,104318,-4.0,618386000.0,1092000.0,748,657,2018-09-26 21:39:00
20180926 21:40,496.5,496.5,496.5,496.5,12486,0.0,104318,0.0,618386000.0,0.0,228,246,2018-09-26 21:40:00
20180926 21:41,496.5,496.5,496.5,496.5,12758,272.0,104460,142.0,631891000.0,13505000.0,922,3765,2018-09-26 21:41:00
20180926 21:42,496.5,496.5,496.5,496.5,12758,0.0,104460,0.0,631891000.0,0.0,518,2179,2018-09-26 21:42:00
20180926 21:43,496.5,496.5,496.5,496.5,12770,12.0,104460,0.0,632486000.0,595000.0,492,1778,2018-09-26 21:43:00
20180926 21:44,496.5,496.5,496.5,496.5,12984,214.0,104596,136.0,643112000.0,10626000.0,906,3174,2018-09-26 21:44:00
20180926 21:45,496.5,496.5,496.5,496.5,12998,14.0,104582,-14.0,643807000.0,695000.0,442,3186,2018-09-26 21:45:00
20180926 21:46,496.5,496.5,496.5,496.5,13068,70.0,104586,4.0,647282000.0,3475000.0,515,3410,2018-09-26 21:46:00
20180926 21:47,496.5,496.5,496.5,496.5,13068,0.0,104586,0.0,647282000.0,0.0,360,1045,2018-09-26 21:47:00
20180926 21:48,496.5,496.5,496.5,496.5,13068,0.0,104586,0.0,647282000.0,0.0,119,355,2018-09-26 21:48:00
20180926 21:49,496.5,496.5,496.5,496.5,13068,0.0,104586,0.0,647282000.0,0.0,129,355,2018-09-26 21:49:00
20180926 21:50,496.5,496.5,496.5,496.5,13072,4.0,104582,-4.0,647481000.0,199000.0,578,1765,2018-09-26 21:50:00
20180926 21:51,496.5,496.5,496.5,496.5,13072,0.0,104582,0.0,647481000.0,0.0,216,708,2018-09-26 21:51:00
20180926 21:52,496.5,496.5,496.5,496.5,13072,0.0,104582,0.0,647481000.0,0.0,108,355,2018-09-26 21:52:00
20180926 21:54,496.5,496.5,496.5,496.5,13072,0.0,104582,0.0,647481000.0,0.0,128,355,2018-09-26 21:54:00
20180926 21:55,496.5,496.5,496.5,496.5,13072,0.0,104582,0.0,647481000.0,0.0,216,710,2018-09-26 21:55:00
20180926 21:56,496.5,496.5,496.5,496.5,13072,0.0,104582,0.0,647481000.0,0.0,118,355,2018-09-26 21:56:00
20180926 21:57,496.5,496.5,496.5,496.5,13072,0.0,104582,0.0,647481000.0,0.0,452,1400,2018-09-26 21:57:00
20180926 21:58,496.5,496.5,496.5,496.5,13072,0.0,104582,0.0,647481000.0,0.0,354,1021,2018-09-26 21:58:00
20180926 21:59,496.5,496.5,496.5,496.5,13072,0.0,104582,0.0,647481000.0,0.0,1113,3538,2018-09-26 21:59:00
20180926 22:00,496.5,496.5,496.5,496.5,13072,0.0,104582,0.0,647481000.0,0.0,334,1045,2018-09-26 22:00:00
20180926 22:01,496.5,496.5,496.5,496.5,13072,0.0,104582,0.0,647481000.0,0.0,1031,2678,2018-09-26 22:01:00
20180926 22:02,496.0,496.0,496.0,496.0,13118,46.0,104584,2.0,649762000.0,2281000.0,912,1770,2018-09-26 22:02:00
20180926 22:03,496.0,496.5,496.0,496.5,13198,80.0,104604,20.0,653734000.0,3972000.0,1101,2095,2018-09-26 22:03:00
20180926 22:04,496.5,496.5,496.5,496.5,23724,10526.0,105398,794.0,1176350000.0,522616000.0,4615,7177,2018-09-26 22:04:00
20180926 22:05,496.5,496.5,496.5,496.5,29364,5640.0,105524,126.0,1456380000.0,280030000.0,3695,7476,2018-09-26 22:05:00
20180926 22:06,496.5,496.5,496.5,496.5,32562,3198.0,104862,-662.0,1615160000.0,158780000.0,2339,6354,2018-09-26 22:06:00
20180926 22:07,496.5,496.5,496.5,496.5,32674,112.0,104912,50.0,1620720000.0,5560000.0,732,2374,2018-09-26 22:07:00
20180926 22:08,496.5,496.5,496.5,496.5,32674,0.0,104912,0.0,1620720000.0,0.0,503,3079,2018-09-26 22:08:00
20180926 22:09,496.5,496.5,496.5,496.5,32674,0.0,104912,0.0,1620720000.0,0.0,438,1935,2018-09-26 22:09:00
20180926 22:10,496.5,496.5,496.0,496.0,32734,60.0,104912,0.0,1623690000.0,2970000.0,143,1805,2018-09-26 22:10:00
20180926 22:11,496.5,496.5,496.5,496.5,34534,1800.0,104894,-18.0,1713060000.0,89370000.0,1060,4854,2018-09-26 22:11:00
20180926 22:12,496.5,496.5,496.5,496.5,34534,0.0,104894,0.0,1713060000.0,0.0,158,632,2018-09-26 22:12:00
20180926 22:14,496.0,496.0,496.0,496.0,34594,60.0,104894,0.0,1716040000.0,2980000.0,104,286,2018-09-26 22:14:00
20180926 22:15,496.0,496.5,496.0,496.5,38558,3964.0,105544,650.0,1912850000.0,196810000.0,2502,5962,2018-09-26 22:15:00
20180926 22:16,496.5,496.5,496.5,496.5,38558,0.0,105544,0.0,1912850000.0,0.0,308,1092,2018-09-26 22:16:00
20180926 22:17,496.5,496.5,496.5,496.5,38558,0.0,105544,0.0,1912850000.0,0.0,520,1926,2018-09-26 22:17:00
20180926 22:18,496.0,496.0,496.0,496.0,38798,240.0,105784,240.0,1924760000.0,11910000.0,306,538,2018-09-26 22:18:00
20180926 22:19,496.0,496.0,496.0,496.0,38798,0.0,105784,0.0,1924760000.0,0.0,851,1742,2018-09-26 22:19:00
20180926 22:20,496.0,496.0,496.0,496.0,38798,0.0,105784,0.0,1924760000.0,0.0,205,372,2018-09-26 22:20:00
20180926 22:21,496.0,496.0,496.0,496.0,38798,0.0,105784,0.0,1924760000.0,0.0,109,186,2018-09-26 22:21:00
20180926 22:22,496.0,496.0,496.0,496.0,38798,0.0,105784,0.0,1924760000.0,0.0,109,149,2018-09-26 22:22:00
20180926 22:23,496.0,496.0,496.0,496.0,38798,0.0,105784,0.0,1924760000.0,0.0,230,298,2018-09-26 22:23:00
20180926 22:24,496.0,496.0,496.0,496.0,38798,0.0,105784,0.0,1924760000.0,0.0,464,693,2018-09-26 22:24:00
20180926 22:25,496.0,496.0,496.0,496.0,38798,0.0,105784,0.0,1924760000.0,0.0,117,206,2018-09-26 22:25:00
20180926 22:26,496.0,496.0,496.0,496.0,38798,0.0,105784,0.0,1924760000.0,0.0,234,379,2018-09-26 22:26:00
20180926 22:27,496.0,496.0,496.0,496.0,38798,0.0,105784,0.0,1924760000.0,0.0,117,169,2018-09-26 22:27:00
20180926 22:29,496.0,496.0,496.0,496.0,38800,2.0,105784,0.0,1924860000.0,100000.0,1517,1284,2018-09-26 22:29:00
20180926 22:30,496.0,496.0,496.0,496.0,38834,34.0,105786,2.0,1926540000.0,1680000.0,2118,1612,2018-09-26 22:30:00
20180926 22:31,496.0,496.5,496.0,496.5,38970,136.0,105904,118.0,1933290000.0,6750000.0,1703,3708,2018-09-26 22:31:00
20180926 22:32,496.5,496.5,496.5,496.5,38970,0.0,105904,0.0,1933290000.0,0.0,4280,3478,2018-09-26 22:32:00
20180926 22:33,496.5,496.5,496.5,496.5,38970,0.0,105904,0.0,1933290000.0,0.0,1097,848,2018-09-26 22:33:00
20180926 22:34,496.5,496.5,496.5,496.5,39066,96.0,105918,14.0,1938060000.0,4770000.0,1377,1471,2018-09-26 22:34:00
20180926 22:35,496.5,496.5,496.5,496.5,39066,0.0,105918,0.0,1938060000.0,0.0,214,1050,2018-09-26 22:35:00
20180926 22:36,496.5,496.5,496.5,496.5,40070,1004.0,105220,-698.0,1987910000.0,49850000.0,1233,3581,2018-09-26 22:36:00
20180926 22:37,496.5,496.5,496.5,496.5,40142,72.0,105238,18.0,1991480000.0,3570000.0,628,1224,2018-09-26 22:37:00
20180926 22:38,496.5,496.5,496.0,496.0,41290,1148.0,105918,680.0,2048420000.0,56940000.0,2419,2741,2018-09-26 22:38:00
20180926 22:39,496.0,496.0,496.0,496.0,41290,0.0,105918,0.0,2048420000.0,0.0,331,300,2018-09-26 22:39:00
20180926 22:40,496.0,496.0,496.0,496.0,41380,90.0,105894,-24.0,2052890000.0,4470000.0,927,847,2018-09-26 22:40:00
20180926 22:41,496.0,496.0,496.0,496.0,46040,4660.0,105030,-864.0,2284020000.0,231130000.0,2531,6920,2018-09-26 22:41:00
20180926 22:42,496.0,496.0,496.0,496.0,47522,1482.0,106304,1274.0,2357530000.0,73510000.0,3274,1120,2018-09-26 22:42:00
20180926 22:43,496.0,496.0,496.0,496.0,47594,72.0,106290,-14.0,2361100000.0,3570000.0,1272,673,2018-09-26 22:43:00
20180926 22:44,496.0,496.0,496.0,496.0,49468,1874.0,106252,-38.0,2454050000.0,92950000.0,1060,1306,2018-09-26 22:44:00
20180926 22:45,496.0,496.0,496.0,496.0,56742,7274.0,105198,-1054.0,2814840000.0,360790000.0,6222,3774,2018-09-26 22:45:00
20180926 22:46,496.0,496.0,496.0,496.0,57860,1118.0,105882,684.0,2870300000.0,55460000.0,3476,1020,2018-09-26 22:46:00
20180926 22:47,496.0,496.0,496.0,496.0,57860,0.0,105882,0.0,2870300000.0,0.0,960,404,2018-09-26 22:47:00
20180926 22:48,496.0,496.0,496.0,496.0,58154,294.0,105724,-158.0,2884880000.0,14580000.0,2059,1318,2018-09-26 22:48:00
20180926 22:49,496.0,496.0,496.0,496.0,62248,4094.0,105128,-596.0,3087940000.0,203060000.0,2089,2443,2018-09-26 22:49:00
20180926 22:50,496.0,496.0,496.0,496.0,62248,0.0,105128,0.0,3087940000.0,0.0,828,1225,2018-09-26 22:50:00
20180926 22:51,496.0,496.0,496.0,496.0,62336,88.0,105098,-30.0,3092310000.0,4370000.0,801,1860,2018-09-26 22:51:00
20180926 22:52,496.0,496.0,496.0,496.0,62554,218.0,105032,-66.0,3103120000.0,10810000.0,3656,1252,2018-09-26 22:52:00
20180926 22:53,496.0,496.0,496.0,496.0,62568,14.0,105018,-14.0,3103810000.0,690000.0,3980,2342,2018-09-26 22:53:00
20180926 22:54,496.0,496.0,496.0,496.0,62568,0.0,105018,0.0,3103810000.0,0.0,3063,1700,2018-09-26 22:54:00
20180926 22:55,496.0,496.0,496.0,496.0,62568,0.0,105018,0.0,3103810000.0,0.0,1220,522,2018-09-26 22:55:00
20180926 22:56,496.0,496.0,496.0,496.0,62568,0.0,105018,0.0,3103810000.0,0.0,1708,817,2018-09-26 22:56:00
20180926 22:57,496.0,496.0,496.0,496.0,62568,0.0,105018,0.0,3103810000.0,0.0,1744,1232,2018-09-26 22:57:00
20180926 22:58,496.0,496.5,496.0,496.5,62640,72.0,104946,-72.0,3107390000.0,3580000.0,1761,931,2018-09-26 22:58:00
20180926 22:59,496.5,496.5,496.0,496.0,62648,8.0,104938,-8.0,3107780000.0,390000.0,1735,949,2018-09-26 22:59:00
20180926 23:00,496.0,496.0,496.0,496.0,62648,0.0,104938,0.0,3107780000.0,0.0,891,374,2018-09-26 23:00:00
20180926 23:01,496.0,496.0,496.0,496.0,62648,0.0,104938,0.0,3107780000.0,0.0,652,351,2018-09-26 23:01:00
20180926 23:02,496.0,496.0,496.0,496.0,62648,0.0,104938,0.0,3107780000.0,0.0,354,258,2018-09-26 23:02:00
20180926 23:03,496.0,496.5,496.0,496.5,62656,8.0,104930,-8.0,3108180000.0,400000.0,2651,3105,2018-09-26 23:03:00
20180926 23:04,496.5,496.5,496.5,496.5,63690,1034.0,105590,660.0,3159520000.0,51340000.0,1098,1135,2018-09-26 23:04:00
20180926 23:05,496.5,496.5,496.5,496.5,63694,4.0,105590,0.0,3159720000.0,200000.0,1474,962,2018-09-26 23:05:00
20180926 23:06,496.5,496.5,496.5,496.5,63694,0.0,105590,0.0,3159720000.0,0.0,813,675,2018-09-26 23:06:00
20180926 23:07,496.5,496.5,496.5,496.5,63694,0.0,105590,0.0,3159720000.0,0.0,448,485,2018-09-26 23:07:00
20180926 23:08,496.5,496.5,496.5,496.5,63744,50.0,105590,0.0,3162200000.0,2480000.0,448,572,2018-09-26 23:08:00
20180926 23:09,496.5,498.5,496.5,497.5,64916,1172.0,105658,68.0,3220570000.0,58370000.0,4067,4160,2018-09-26 23:09:00
20180926 23:10,497.5,498.5,497.5,498.5,67312,2396.0,106036,378.0,3339860000.0,119290000.0,3065,2299,2018-09-26 23:10:00
20180926 23:11,498.5,498.5,498.5,498.5,67314,2.0,106038,2.0,3339960000.0,100000.0,386,28,2018-09-26 23:11:00
20180926 23:12,498.5,498.5,498.5,498.5,67328,14.0,106050,12.0,3340660000.0,700000.0,2591,846,2018-09-26 23:12:00
20180926 23:13,498.5,498.5,498.0,498.0,68382,1054.0,105410,-640.0,3393150000.0,52490000.0,1189,583,2018-09-26 23:13:00
20180926 23:14,498.0,498.0,498.0,498.0,71590,3208.0,105406,-4.0,3552910000.0,159760000.0,2526,2018,2018-09-26 23:14:00
20180926 23:15,498.0,498.0,498.0,498.0,71590,0.0,105406,0.0,3552910000.0,0.0,1373,2241,2018-09-26 23:15:00
20180926 23:16,498.0,498.5,497.5,497.5,71742,152.0,105390,-16.0,3560470000.0,7560000.0,1125,1927,2018-09-26 23:16:00
20180926 23:17,497.5,497.5,497.5,497.5,71742,0.0,105390,0.0,3560470000.0,0.0,147,340,2018-09-26 23:17:00
20180926 23:18,497.5,497.5,497.5,497.5,71742,0.0,105390,0.0,3560470000.0,0.0,312,679,2018-09-26 23:18:00
20180926 23:19,497.5,497.5,497.5,497.5,71744,2.0,105392,2.0,3560570000.0,100000.0,395,882,2018-09-26 23:19:00
20180926 23:20,497.5,497.5,497.5,497.5,71744,0.0,105392,0.0,3560570000.0,0.0,1118,2622,2018-09-26 23:20:00
20180926 23:21,497.5,497.5,497.5,497.5,71744,0.0,105392,0.0,3560570000.0,0.0,339,753,2018-09-26 23:21:00
20180926 23:22,497.5,497.5,497.5,497.5,71744,0.0,105392,0.0,3560570000.0,0.0,338,1465,2018-09-26 23:22:00
20180926 23:23,497.5,498.0,497.5,498.0,76860,5116.0,105350,-42.0,3815350000.0,254780000.0,2832,2999,2018-09-26 23:23:00
20180926 23:24,498.0,498.0,498.0,498.0,76862,2.0,105352,2.0,3815450000.0,100000.0,680,211,2018-09-26 23:24:00
20180926 23:25,498.0,498.0,498.0,498.0,76872,10.0,105352,0.0,3815950000.0,500000.0,1106,320,2018-09-26 23:25:00
20180926 23:26,498.0,498.0,498.0,498.0,76872,0.0,105352,0.0,3815950000.0,0.0,604,286,2018-09-26 23:26:00
20180926 23:27,498.0,498.5,498.0,498.5,76940,68.0,105308,-44.0,3819330000.0,3380000.0,699,307,2018-09-26 23:27:00
20180926 23:28,498.5,498.5,498.0,498.0,76984,44.0,105292,-16.0,3821520000.0,2190000.0,914,385,2018-09-26 23:28:00
20180926 23:29,498.0,498.5,498.0,498.0,77016,32.0,105282,-10.0,3823120000.0,1600000.0,1140,430,2018-09-26 23:29:00
20180926 23:30,498.0,498.0,498.0,498.0,77016,0.0,105282,0.0,3823120000.0,0.0,90,27,2018-09-26 23:30:00
20180927 09:00,501.5,501.5,501.5,501.5,22526,22526.0,106066,784.0,1128960000.0,1128960000.0,452,1307,2018-09-27 09:00:00
20180927 09:01,501.5,501.5,501.0,501.0,24038,1512.0,104860,-1206.0,1204710000.0,75750000.0,1008,1845,2018-09-27 09:01:00
20180927 09:02,501.0,501.0,500.5,500.5,24054,16.0,104858,-2.0,1205510000.0,800000.0,527,1251,2018-09-27 09:02:00
20180927 09:03,500.5,501.0,500.5,501.0,24058,4.0,104858,0.0,1205710000.0,200000.0,437,1041,2018-09-27 09:03:00
20180927 09:04,501.0,501.0,500.5,500.5,24070,12.0,104858,0.0,1206310000.0,600000.0,487,765,2018-09-27 09:04:00
20180927 09:05,500.5,500.5,500.5,500.5,24086,16.0,104868,10.0,1207110000.0,800000.0,1309,1509,2018-09-27 09:05:00
20180927 09:06,500.5,501.0,500.5,501.0,24264,178.0,104822,-46.0,1216030000.0,8920000.0,1714,1811,2018-09-27 09:06:00
20180927 09:07,501.0,501.0,501.0,501.0,24264,0.0,104822,0.0,1216030000.0,0.0,1560,1246,2018-09-27 09:07:00
20180927 09:08,501.0,501.0,501.0,501.0,24388,124.0,104836,14.0,1222240000.0,6210000.0,1491,1966,2018-09-27 09:08:00
20180927 09:09,501.0,502.0,501.0,502.0,24700,312.0,104808,-28.0,1237900000.0,15660000.0,2022,2544,2018-09-27 09:09:00
20180927 09:10,502.0,502.0,501.5,501.5,24744,44.0,104846,38.0,1240100000.0,2200000.0,1425,1291,2018-09-27 09:10:00
20180927 09:11,501.5,501.5,501.5,501.5,24744,0.0,104846,0.0,1240100000.0,0.0,229,242,2018-09-27 09:11:00
20180927 09:12,501.5,501.5,501.5,501.5,24744,0.0,104846,0.0,1240100000.0,0.0,303,372,2018-09-27 09:12:00
20180927 09:13,501.5,501.5,501.5,501.5,24744,0.0,104846,0.0,1240100000.0,0.0,375,594,2018-09-27 09:13:00
20180927 09:14,501.5,501.5,501.5,501.5,24744,0.0,104846,0.0,1240100000.0,0.0,122,494,2018-09-27 09:14:00
20180927 09:15,501.5,502.0,501.5,502.0,26550,1806.0,103240,-1606.0,1330760000.0,90660000.0,808,1338,2018-09-27 09:15:00
20180927 09:16,502.0,502.0,502.0,502.0,26550,0.0,103240,0.0,1330760000.0,0.0,131,103,2018-09-27 09:16:00
20180927 09:17,502.0,502.0,502.0,502.0,26550,0.0,103240,0.0,1330760000.0,0.0,399,309,2018-09-27 09:17:00
20180927 09:18,502.0,502.0,502.0,502.0,26780,230.0,103204,-36.0,1342310000.0,11550000.0,370,846,2018-09-27 09:18:00
20180927 09:19,502.0,502.0,502.0,502.0,26816,36.0,103172,-32.0,1344120000.0,1810000.0,3203,1035,2018-09-27 09:19:00
20180927 09:20,502.0,502.0,502.0,502.0,26820,4.0,103168,-4.0,1344320000.0,200000.0,1157,710,2018-09-27 09:20:00
20180927 09:21,502.0,502.0,502.0,502.0,26820,0.0,103168,0.0,1344320000.0,0.0,282,90,2018-09-27 09:21:00
20180927 09:22,502.0,502.0,502.0,502.0,26820,0.0,103168,0.0,1344320000.0,0.0,1638,739,2018-09-27 09:22:00
20180927 09:23,502.0,502.0,502.0,502.0,26820,0.0,103168,0.0,1344320000.0,0.0,574,182,2018-09-27 09:23:00
20180927 09:24,502.0,502.0,501.5,501.5,26922,102.0,103112,-56.0,1349440000.0,5120000.0,877,790,2018-09-27 09:24:00
20180927 09:25,502.0,502.0,502.0,502.0,26924,2.0,103114,2.0,1349540000.0,100000.0,291,229,2018-09-27 09:25:00
20180927 09:26,502.0,502.0,501.5,501.5,26944,20.0,103114,0.0,1350540000.0,1000000.0,669,425,2018-09-27 09:26:00
20180927 09:27,501.5,501.5,501.5,501.5,26944,0.0,103114,0.0,1350540000.0,0.0,606,601,2018-09-27 09:27:00
20180927 09:28,501.5,502.0,501.5,502.0,26956,12.0,103110,-4.0,1351140000.0,600000.0,507,604,2018-09-27 09:28:00
20180927 09:29,502.0,502.0,502.0,502.0,27082,126.0,103174,64.0,1357470000.0,6330000.0,1667,1778,2018-09-27 09:29:00
20180927 09:30,502.0,502.0,502.0,502.0,27086,4.0,103174,0.0,1357670000.0,200000.0,896,975,2018-09-27 09:30:00
20180927 09:31,501.5,501.5,501.5,501.5,27202,116.0,103122,-52.0,1363490000.0,5820000.0,1204,1468,2018-09-27 09:31:00
20180927 09:32,501.5,501.5,501.5,501.5,27204,2.0,103122,0.0,1363590000.0,100000.0,327,336,2018-09-27 09:32:00
20180927 09:33,501.5,501.5,501.5,501.5,27204,0.0,103122,0.0,1363590000.0,0.0,215,212,2018-09-27 09:33:00
20180927 09:34,501.5,501.5,501.0,501.5,27518,314.0,103170,48.0,1379320000.0,15730000.0,895,705,2018-09-27 09:34:00
20180927 09:35,501.5,501.5,501.5,501.5,27520,2.0,103170,0.0,1379420000.0,100000.0,192,261,2018-09-27 09:35:00
20180927 09:36,501.5,501.5,501.5,501.5,27526,6.0,103176,6.0,1379720000.0,300000.0,954,1285,2018-09-27 09:36:00
20180927 09:37,501.5,501.5,501.0,501.0,27532,6.0,103178,2.0,1380020000.0,300000.0,670,593,2018-09-27 09:37:00
20180927 09:38,501.0,501.5,501.0,501.0,27674,142.0,103148,-30.0,1387130000.0,7110000.0,996,829,2018-09-27 09:38:00
20180927 09:39,501.0,501.0,501.0,501.0,27676,2.0,103150,2.0,1387230000.0,100000.0,583,1344,2018-09-27 09:39:00
20180927 09:40,501.0,501.0,500.5,500.5,27706,30.0,103150,0.0,1388740000.0,1510000.0,357,659,2018-09-27 09:40:00
20180927 09:41,500.5,501.0,500.5,501.0,27712,6.0,103152,2.0,1389040000.0,300000.0,114,255,2018-09-27 09:41:00
20180927 09:42,501.0,501.0,501.0,501.0,27716,4.0,103156,4.0,1389240000.0,200000.0,108,255,2018-09-27 09:42:00
20180927 09:43,501.0,501.5,501.0,501.5,27806,90.0,103138,-18.0,1393750000.0,4510000.0,639,648,2018-09-27 09:43:00
20180927 09:44,501.5,501.5,501.5,501.5,27806,0.0,103138,0.0,1393750000.0,0.0,185,309,2018-09-27 09:44:00
20180927 09:45,501.5,501.5,501.0,501.5,27892,86.0,103176,38.0,1398050000.0,4300000.0,811,564,2018-09-27 09:45:00
20180927 09:46,501.0,501.0,501.0,501.0,27922,30.0,103182,6.0,1399560000.0,1510000.0,1346,1337,2018-09-27 09:46:00
20180927 09:47,501.0,501.0,501.0,501.0,27922,0.0,103182,0.0,1399560000.0,0.0,500,517,2018-09-27 09:47:00
20180927 09:48,501.0,501.0,501.0,501.0,27924,2.0,103180,-2.0,1399660000.0,100000.0,700,664,2018-09-27 09:48:00
20180927 09:49,501.0,501.0,501.0,501.0,27924,0.0,103180,0.0,1399660000.0,0.0,546,661,2018-09-27 09:49:00
20180927 09:50,501.0,501.5,501.0,501.5,28094,170.0,103242,62.0,1408180000.0,8520000.0,331,615,2018-09-27 09:50:00
20180927 09:51,501.5,501.5,501.5,501.5,28130,36.0,103222,-20.0,1409990000.0,1810000.0,563,790,2018-09-27 09:51:00
20180927 09:52,501.5,501.5,501.5,501.5,28130,0.0,103222,0.0,1409990000.0,0.0,1321,1277,2018-09-27 09:52:00
20180927 09:54,501.5,501.5,501.5,501.5,28130,0.0,103222,0.0,1409990000.0,0.0,250,215,2018-09-27 09:54:00
20180927 09:55,501.5,501.5,501.0,501.0,28132,2.0,103220,-2.0,1410090000.0,100000.0,389,379,2018-09-27 09:55:00
20180927 09:56,501.0,501.0,501.0,501.0,28132,0.0,103220,0.0,1410090000.0,0.0,889,806,2018-09-27 09:56:00
20180927 09:57,501.0,501.0,501.0,501.0,28132,0.0,103220,0.0,1410090000.0,0.0,222,224,2018-09-27 09:57:00
20180927 09:58,501.0,501.0,501.0,501.0,28136,4.0,103216,-4.0,1410290000.0,200000.0,434,441,2018-09-27 09:58:00
20180927 09:59,501.0,501.5,501.0,501.5,28140,4.0,103214,-2.0,1410490000.0,200000.0,683,734,2018-09-27 09:59:00
20180927 10:00,501.5,501.5,501.0,501.0,28152,12.0,103206,-8.0,1411090000.0,600000.0,975,830,2018-09-27 10:00:00
20180927 10:01,501.0,501.0,501.0,501.0,28152,0.0,103206,0.0,1411090000.0,0.0,919,838,2018-09-27 10:01:00
20180927 10:02,501.0,501.0,501.0,501.0,28154,2.0,103204,-2.0,1411190000.0,100000.0,701,597,2018-09-27 10:02:00
20180927 10:03,501.0,501.0,501.0,501.0,28156,2.0,103202,-2.0,1411290000.0,100000.0,396,502,2018-09-27 10:03:00
20180927 10:04,501.0,501.0,501.0,501.0,28156,0.0,103202,0.0,1411290000.0,0.0,1701,1715,2018-09-27 10:04:00
20180927 10:05,501.0,501.5,501.0,501.5,28162,6.0,103196,-6.0,1411590000.0,300000.0,393,548,2018-09-27 10:05:00
20180927 10:06,501.5,501.5,501.0,501.0,28164,2.0,103194,-2.0,1411690000.0,100000.0,384,537,2018-09-27 10:06:00
20180927 10:08,501.0,501.5,501.0,501.5,28174,10.0,103194,0.0,1412190000.0,500000.0,283,421,2018-09-27 10:08:00
20180927 10:09,501.5,501.5,501.0,501.0,28188,14.0,103180,-14.0,1412890000.0,700000.0,1409,1824,2018-09-27 10:09:00
20180927 10:10,501.0,501.0,501.0,501.0,28188,0.0,103180,0.0,1412890000.0,0.0,651,848,2018-09-27 10:10:00
20180927 10:11,501.0,501.0,501.0,501.0,28188,0.0,103180,0.0,1412890000.0,0.0,311,326,2018-09-27 10:11:00
20180927 10:12,501.0,501.0,501.0,501.0,28188,0.0,103180,0.0,1412890000.0,0.0,1243,1072,2018-09-27 10:12:00
20180927 10:13,501.0,501.5,501.0,501.0,28386,198.0,103146,-34.0,1422820000.0,9930000.0,586,809,2018-09-27 10:13:00
20180927 10:14,501.0,501.0,500.5,500.5,28460,74.0,103118,-28.0,1426520000.0,3700000.0,1361,1161,2018-09-27 10:14:00
20180927 10:30,500.5,500.5,500.5,500.5,28574,114.0,103100,-18.0,1432230000.0,5710000.0,965,1403,2018-09-27 10:30:00
20180927 10:31,500.5,501.0,500.5,501.0,28594,20.0,103120,20.0,1433230000.0,1000000.0,296,749,2018-09-27 10:31:00
20180927 10:32,501.0,501.0,501.0,501.0,28604,10.0,103130,10.0,1433730000.0,500000.0,268,694,2018-09-27 10:32:00
20180927 10:33,501.0,501.0,501.0,501.0,28604,0.0,103130,0.0,1433730000.0,0.0,114,231,2018-09-27 10:33:00
20180927 10:34,501.0,501.0,501.0,501.0,28722,118.0,103172,42.0,1439640000.0,5910000.0,722,595,2018-09-27 10:34:00
20180927 10:35,501.0,501.5,501.0,501.0,29136,414.0,103042,-130.0,1460380000.0,20740000.0,1917,1350,2018-09-27 10:35:00
20180927 10:36,501.0,501.0,501.0,501.0,29136,0.0,103042,0.0,1460380000.0,0.0,354,350,2018-09-27 10:36:00
20180927 10:37,501.0,501.5,501.0,501.5,29242,106.0,102948,-94.0,1465700000.0,5320000.0,921,979,2018-09-27 10:37:00
20180927 10:38,501.5,501.5,501.5,501.5,29394,152.0,103004,56.0,1473320000.0,7620000.0,1611,970,2018-09-27 10:38:00
20180927 10:39,501.5,501.5,501.5,501.5,29430,36.0,103004,0.0,1475130000.0,1810000.0,774,580,2018-09-27 10:39:00
20180927 10:40,501.5,501.5,501.5,501.5,29430,0.0,103004,0.0,1475130000.0,0.0,540,344,2018-09-27 10:40:00
20180927 10:41,501.5,501.5,501.5,501.5,29618,188.0,102904,-100.0,1484560000.0,9430000.0,530,653,2018-09-27 10:41:00
20180927 10:42,501.5,501.5,501.5,501.5,29618,0.0,102904,0.0,1484560000.0,0.0,285,406,2018-09-27 10:42:00
20180927 10:43,501.5,501.5,501.5,501.5,29618,0.0,102904,0.0,1484560000.0,0.0,234,291,2018-09-27 10:43:00
20180927 10:44,501.5,501.5,501.5,501.5,29618,0.0,102904,0.0,1484560000.0,0.0,393,468,2018-09-27 10:44:00
20180927 10:45,501.5,501.5,501.5,501.5,29618,0.0,102904,0.0,1484560000.0,0.0,242,386,2018-09-27 10:45:00
20180927 10:46,501.5,501.5,501.5,501.5,29756,138.0,102934,30.0,1491480000.0,6920000.0,476,630,2018-09-27 10:46:00
20180927 10:47,501.5,501.5,501.5,501.5,29810,54.0,102976,42.0,1494180000.0,2700000.0,723,791,2018-09-27 10:47:00
20180927 10:48,501.5,501.5,501.5,501.5,29810,0.0,102976,0.0,1494180000.0,0.0,110,91,2018-09-27 10:48:00
20180927 10:49,501.5,501.5,501.5,501.5,29810,0.0,102976,0.0,1494180000.0,0.0,222,182,2018-09-27 10:49:00
20180927 10:50,501.5,501.5,501.5,501.5,29816,6.0,102976,0.0,1494490000.0,310000.0,2494,1487,2018-09-27 10:50:00
20180927 10:51,501.5,501.5,501.5,501.5,29816,0.0,102976,0.0,1494490000.0,0.0,357,314,2018-09-27 10:51:00
20180927 10:52,501.5,501.5,501.5,501.5,29816,0.0,102976,0.0,1494490000.0,0.0,202,211,2018-09-27 10:52:00
20180927 10:53,501.0,501.0,501.0,501.0,29852,36.0,102952,-24.0,1496290000.0,1800000.0,5586,1885,2018-09-27 10:53:00
20180927 10:54,501.0,501.0,501.0,501.0,29852,0.0,102952,0.0,1496290000.0,0.0,432,206,2018-09-27 10:54:00
20180927 10:55,501.0,501.0,501.0,501.0,29852,0.0,102952,0.0,1496290000.0,0.0,358,156,2018-09-27 10:55:00
20180927 10:56,501.0,501.0,501.0,501.0,29852,0.0,102952,0.0,1496290000.0,0.0,258,108,2018-09-27 10:56:00
20180927 10:57,501.0,501.0,501.0,501.0,29852,0.0,102952,0.0,1496290000.0,0.0,130,55,2018-09-27 10:57:00
20180927 10:58,501.0,501.0,501.0,501.0,29852,0.0,102952,0.0,1496290000.0,0.0,742,343,2018-09-27 10:58:00
20180927 10:59,501.0,501.0,501.0,501.0,29852,0.0,102952,0.0,1496290000.0,0.0,2673,614,2018-09-27 10:59:00
20180927 11:00,501.0,501.5,501.0,501.0,30156,304.0,102948,-4.0,1511520000.0,15230000.0,5438,1162,2018-09-27 11:00:00
20180927 11:01,501.0,501.0,501.0,501.0,30604,448.0,102944,-4.0,1533960000.0,22440000.0,3649,898,2018-09-27 11:01:00
20180927 11:02,501.0,501.0,501.0,501.0,30670,66.0,102980,36.0,1537270000.0,3310000.0,3060,852,2018-09-27 11:02:00
20180927 11:03,501.0,501.0,501.0,501.0,30742,72.0,103016,36.0,1540880000.0,3610000.0,2148,433,2018-09-27 11:03:00
20180927 11:04,501.0,501.0,501.0,501.0,30742,0.0,103016,0.0,1540880000.0,0.0,1850,531,2018-09-27 11:04:00
20180927 11:05,501.0,501.0,501.0,501.0,30742,0.0,103016,0.0,1540880000.0,0.0,927,306,2018-09-27 11:05:00
20180927 11:06,501.0,501.5,501.0,501.5,30744,2.0,103016,0.0,1540980000.0,100000.0,1850,617,2018-09-27 11:06:00
20180927 11:07,501.5,501.5,501.5,501.5,30744,0.0,103016,0.0,1540980000.0,0.0,4544,2196,2018-09-27 11:07:00
20180927 11:08,501.5,501.5,501.5,501.5,30744,0.0,103016,0.0,1540980000.0,0.0,3709,2000,2018-09-27 11:08:00
20180927 11:09,501.5,501.5,501.5,501.5,30744,0.0,103016,0.0,1540980000.0,0.0,1051,900,2018-09-27 11:09:00
20180927 11:10,501.0,501.0,501.0,501.0,30746,2.0,103014,-2.0,1541080000.0,100000.0,504,482,2018-09-27 11:10:00
20180927 11:11,501.0,501.0,501.0,501.0,30746,0.0,103014,0.0,1541080000.0,0.0,657,605,2018-09-27 11:11:00
20180927 11:12,501.0,501.5,501.0,501.5,30748,2.0,103012,-2.0,1541180000.0,100000.0,458,367,2018-09-27 11:12:00
20180927 11:13,501.5,501.5,501.5,501.5,30748,0.0,103012,0.0,1541180000.0,0.0,608,480,2018-09-27 11:13:00
20180927 11:14,501.5,501.5,501.5,501.5,30748,0.0,103012,0.0,1541180000.0,0.0,429,350,2018-09-27 11:14:00
20180927 11:15,501.5,501.5,501.5,501.5,30748,0.0,103012,0.0,1541180000.0,0.0,429,370,2018-09-27 11:15:00
20180927 11:16,501.5,501.5,501.5,501.5,32832,2084.0,101184,-1828.0,1645690000.0,104510000.0,3210,1484,2018-09-27 11:16:00
20180927 11:17,501.5,501.5,501.5,501.5,33040,208.0,101242,58.0,1656120000.0,10430000.0,1251,1638,2018-09-27 11:17:00
20180927 11:18,501.5,501.5,501.5,501.5,33040,0.0,101242,0.0,1656120000.0,0.0,1040,955,2018-09-27 11:18:00
20180927 11:19,501.5,501.5,501.5,501.5,33040,0.0,101242,0.0,1656120000.0,0.0,171,136,2018-09-27 11:19:00
20180927 11:20,501.5,501.5,501.5,501.5,33040,0.0,101242,0.0,1656120000.0,0.0,406,410,2018-09-27 11:20:00
20180927 11:21,501.5,501.5,501.5,501.5,33040,0.0,101242,0.0,1656120000.0,0.0,657,685,2018-09-27 11:21:00
20180927 11:22,501.0,501.0,501.0,501.0,33044,4.0,101238,-4.0,1656320000.0,200000.0,262,270,2018-09-27 11:22:00
20180927 11:23,501.0,501.0,501.0,501.0,33086,42.0,101196,-42.0,1658430000.0,2110000.0,676,681,2018-09-27 11:23:00
20180927 11:24,501.0,501.0,501.0,501.0,33088,2.0,101194,-2.0,1658530000.0,100000.0,113,106,2018-09-27 11:24:00
20180927 11:25,501.0,501.0,501.0,501.0,33090,2.0,101192,-2.0,1658630000.0,100000.0,228,205,2018-09-27 11:25:00
20180927 11:26,501.0,501.5,501.0,501.0,33180,90.0,101144,-48.0,1663140000.0,4510000.0,1037,2093,2018-09-27 11:26:00
20180927 11:27,501.0,501.5,501.0,501.5,33420,240.0,101068,-76.0,1675180000.0,12040000.0,590,2004,2018-09-27 11:27:00
20180927 11:28,501.5,501.5,501.5,501.5,33420,0.0,101068,0.0,1675180000.0,0.0,88,172,2018-09-27 11:28:00
20180927 11:29,501.5,501.5,501.0,501.0,33462,42.0,101026,-42.0,1677280000.0,2100000.0,806,1417,2018-09-27 11:29:00
20180927 13:30,501.0,501.0,500.5,500.5,34020,558.0,101078,52.0,1705230000.0,27950000.0,1485,2254,2018-09-27 13:30:00
20180927 13:31,500.5,500.5,500.5,500.5,34020,0.0,101078,0.0,1705230000.0,0.0,141,283,2018-09-27 13:31:00
20180927 13:32,500.5,500.5,500.5,500.5,34020,0.0,101078,0.0,1705230000.0,0.0,33,73,2018-09-27 13:32:00
20180927 13:33,500.5,500.5,500.5,500.5,34020,0.0,101078,0.0,1705230000.0,0.0,471,711,2018-09-27 13:33:00
20180927 13:34,500.5,500.5,500.5,500.5,34354,334.0,101110,32.0,1721950000.0,16720000.0,1932,3669,2018-09-27 13:34:00
20180927 13:35,500.5,500.5,500.5,500.5,34820,466.0,100970,-140.0,1745270000.0,23320000.0,2294,3864,2018-09-27 13:35:00
20180927 13:36,500.5,501.0,500.5,501.0,35248,428.0,100812,-158.0,1766690000.0,21420000.0,3424,4528,2018-09-27 13:36:00
20180927 13:37,501.0,501.0,501.0,501.0,35248,0.0,100812,0.0,1766690000.0,0.0,860,1208,2018-09-27 13:37:00
20180927 13:38,501.0,501.0,500.5,500.5,35260,12.0,100812,0.0,1767290000.0,600000.0,1638,720,2018-09-27 13:38:00
20180927 13:39,500.5,500.5,500.5,500.5,35550,290.0,100890,78.0,1781810000.0,14520000.0,738,2198,2018-09-27 13:39:00
20180927 13:40,500.5,500.5,500.5,500.5,35574,24.0,100892,2.0,1783010000.0,1200000.0,650,1974,2018-09-27 13:40:00
20180927 13:41,500.5,500.5,500.5,500.5,35576,2.0,100892,0.0,1783110000.0,100000.0,660,954,2018-09-27 13:41:00
20180927 13:42,500.0,500.0,500.0,500.0,35772,196.0,100968,76.0,1792910000.0,9800000.0,641,1194,2018-09-27 13:42:00
20180927 13:43,500.0,500.0,500.0,500.0,35772,0.0,100968,0.0,1792910000.0,0.0,226,451,2018-09-27 13:43:00
20180927 13:44,500.0,500.0,499.5,500.0,35866,94.0,100924,-44.0,1797600000.0,4690000.0,1926,2034,2018-09-27 13:44:00
20180927 13:45,500.0,500.0,499.5,499.5,35880,14.0,100922,-2.0,1798300000.0,700000.0,1005,801,2018-09-27 13:45:00
20180927 13:46,499.5,500.0,499.5,500.0,35882,2.0,100922,0.0,1798400000.0,100000.0,1198,1274,2018-09-27 13:46:00
20180927 13:47,500.0,500.0,500.0,500.0,35886,4.0,100922,0.0,1798600000.0,200000.0,479,756,2018-09-27 13:47:00
20180927 13:48,500.0,500.0,500.0,500.0,35886,0.0,100922,0.0,1798600000.0,0.0,542,670,2018-09-27 13:48:00
20180927 13:49,500.0,500.0,499.0,499.0,36042,156.0,100968,46.0,1806390000.0,7790000.0,566,485,2018-09-27 13:49:00
20180927 13:50,499.0,499.0,499.0,499.0,36048,6.0,100968,0.0,1806690000.0,300000.0,444,219,2018-09-27 13:50:00
20180927 13:51,499.0,499.0,499.0,499.0,36050,2.0,100970,2.0,1806790000.0,100000.0,783,380,2018-09-27 13:51:00
20180927 13:52,499.0,499.0,497.5,497.5,36450,400.0,100980,10.0,1826720000.0,19930000.0,1947,1390,2018-09-27 13:52:00
20180927 13:53,497.5,497.5,497.5,497.5,36470,20.0,100990,10.0,1827710000.0,990000.0,1585,1426,2018-09-27 13:53:00
20180927 13:54,497.5,497.5,497.0,497.0,36746,276.0,101020,30.0,1841430000.0,13720000.0,1303,865,2018-09-27 13:54:00
20180927 13:55,497.0,497.5,497.0,497.5,36896,150.0,101088,68.0,1848880000.0,7450000.0,1762,1459,2018-09-27 13:55:00
20180927 13:56,497.0,497.0,496.0,496.5,37636,740.0,100870,-218.0,1885630000.0,36750000.0,2101,1959,2018-09-27 13:56:00
20180927 13:57,496.5,497.0,496.5,497.0,37768,132.0,100830,-40.0,1892190000.0,6560000.0,1759,1581,2018-09-27 13:57:00
20180927 13:58,497.0,497.0,497.0,497.0,37910,142.0,100808,-22.0,1899240000.0,7050000.0,995,1034,2018-09-27 13:58:00
20180927 13:59,497.0,497.5,497.0,497.5,37922,12.0,100810,2.0,1899840000.0,600000.0,2350,2970,2018-09-27 13:59:00
20180927 14:00,496.5,496.5,496.5,496.5,38358,436.0,100796,-14.0,1921500000.0,21660000.0,1334,3865,2018-09-27 14:00:00
20180927 14:01,496.5,498.0,496.5,497.5,40442,2084.0,99182,-1614.0,2025200000.0,103700000.0,5562,3008,2018-09-27 14:01:00
20180927 14:02,497.5,498.0,497.5,498.0,40752,310.0,99180,-2.0,2040630000.0,15430000.0,2910,2038,2018-09-27 14:02:00
20180927 14:03,498.0,498.0,497.5,497.5,41182,430.0,99198,18.0,2062020000.0,21390000.0,3509,1748,2018-09-27 14:03:00
20180927 14:04,497.5,498.0,497.5,497.5,41328,146.0,99202,4.0,2069290000.0,7270000.0,9590,1256,2018-09-27 14:04:00
20180927 14:05,497.5,497.5,497.5,497.5,41492,164.0,99220,18.0,2077450000.0,8160000.0,3404,588,2018-09-27 14:05:00
20180927 14:06,497.5,497.5,497.0,497.0,41654,162.0,99236,16.0,2085500000.0,8050000.0,3128,652,2018-09-27 14:06:00
20180927 14:07,497.0,497.5,497.0,497.5,41830,176.0,99224,-12.0,2094250000.0,8750000.0,5608,931,2018-09-27 14:07:00
20180927 14:09,497.5,497.5,496.5,496.5,42156,326.0,99098,-126.0,2110450000.0,16200000.0,2142,2110,2018-09-27 14:09:00
20180927 14:10,496.5,497.0,496.5,497.0,42306,150.0,99064,-34.0,2117900000.0,7450000.0,660,1615,2018-09-27 14:10:00
20180927 14:11,497.0,497.0,497.0,497.0,42486,180.0,98970,-94.0,2126850000.0,8950000.0,1229,973,2018-09-27 14:11:00
20180927 14:12,497.0,497.0,496.5,496.5,42566,80.0,98976,6.0,2130820000.0,3970000.0,854,257,2018-09-27 14:12:00
20180927 14:13,496.0,496.0,496.0,496.0,42770,204.0,98906,-70.0,2140940000.0,10120000.0,1157,930,2018-09-27 14:13:00
20180927 14:14,496.0,496.5,496.0,496.5,42776,6.0,98912,6.0,2141240000.0,300000.0,1013,663,2018-09-27 14:14:00
20180927 14:15,496.5,496.5,496.0,496.0,43298,522.0,99072,160.0,2167130000.0,25890000.0,2068,3051,2018-09-27 14:15:00
20180927 14:16,496.0,496.5,495.5,496.5,43604,306.0,99082,10.0,2182300000.0,15170000.0,1551,1003,2018-09-27 14:16:00
20180927 14:17,496.5,496.5,496.5,496.5,43734,130.0,99106,24.0,2188750000.0,6450000.0,1163,995,2018-09-27 14:17:00
20180927 14:18,496.5,496.5,496.0,496.0,43770,36.0,99086,-20.0,2190540000.0,1790000.0,520,213,2018-09-27 14:18:00
20180927 14:19,496.0,496.0,496.0,496.0,43770,0.0,99086,0.0,2190540000.0,0.0,584,390,2018-09-27 14:19:00
20180927 14:20,496.0,496.0,496.0,496.0,43782,12.0,99074,-12.0,2191130000.0,590000.0,461,211,2018-09-27 14:20:00
20180927 14:21,496.0,496.5,496.0,496.5,43830,48.0,99070,-4.0,2193520000.0,2390000.0,601,968,2018-09-27 14:21:00
20180927 14:22,496.5,497.5,496.5,497.5,44542,712.0,98858,-212.0,2228920000.0,35400000.0,4532,3778,2018-09-27 14:22:00
20180927 14:23,497.5,498.0,497.0,498.0,44904,362.0,98890,32.0,2246940000.0,18020000.0,4504,1288,2018-09-27 14:23:00
20180927 14:24,498.0,498.0,498.0,498.0,45024,120.0,98848,-42.0,2252910000.0,5970000.0,714,3275,2018-09-27 14:24:00
20180927 14:25,498.0,498.0,497.5,497.5,45452,428.0,98634,-214.0,2274210000.0,21300000.0,3163,2112,2018-09-27 14:25:00
20180927 14:26,497.5,497.5,497.5,497.5,45452,0.0,98634,0.0,2274210000.0,0.0,554,846,2018-09-27 14:26:00
20180927 14:27,497.5,497.5,497.5,497.5,45452,0.0,98634,0.0,2274210000.0,0.0,75,107,2018-09-27 14:27:00
20180927 14:28,497.5,497.5,497.0,497.0,45664,212.0,98558,-76.0,2284740000.0,10530000.0,878,894,2018-09-27 14:28:00
20180927 14:29,497.0,497.0,497.0,497.0,45668,4.0,98558,0.0,2284940000.0,200000.0,718,1500,2018-09-27 14:29:00
20180927 14:30,497.0,497.0,496.5,496.5,47252,1584.0,97206,-1352.0,2363590000.0,78650000.0,1908,2193,2018-09-27 14:30:00
20180927 14:31,496.5,496.5,496.0,496.0,47296,44.0,97238,32.0,2365770000.0,2180000.0,1383,1285,2018-09-27 14:31:00
20180927 14:32,496.0,496.0,496.0,496.0,47370,74.0,97182,-56.0,2369440000.0,3670000.0,2110,3639,2018-09-27 14:32:00
20180927 14:33,496.0,496.5,496.0,496.5,47546,176.0,97108,-74.0,2378180000.0,8740000.0,4271,2285,2018-09-27 14:33:00
20180927 14:34,496.5,496.5,496.5,496.5,47548,2.0,97108,0.0,2378280000.0,100000.0,3704,1717,2018-09-27 14:34:00
20180927 14:35,496.5,496.5,496.5,496.5,47600,52.0,97118,10.0,2380860000.0,2580000.0,517,846,2018-09-27 14:35:00
20180927 14:36,496.5,496.5,496.5,496.5,47736,136.0,97084,-34.0,2387610000.0,6750000.0,767,961,2018-09-27 14:36:00
20180927 14:37,496.5,496.5,496.0,496.0,47738,2.0,97084,0.0,2387710000.0,100000.0,358,412,2018-09-27 14:37:00
20180927 14:38,496.0,496.0,496.0,496.0,47752,14.0,97076,-8.0,2388410000.0,700000.0,1376,1846,2018-09-27 14:38:00
20180927 14:39,496.0,496.0,496.0,496.0,47752,0.0,97076,0.0,2388410000.0,0.0,740,582,2018-09-27 14:39:00
20180927 14:40,496.0,496.0,496.0,496.0,47822,70.0,97072,-4.0,2391880000.0,3470000.0,1066,643,2018-09-27 14:40:00
20180927 14:41,496.0,496.0,496.0,496.0,47822,0.0,97072,0.0,2391880000.0,0.0,313,182,2018-09-27 14:41:00
20180927 14:42,496.0,496.0,496.0,496.0,47954,132.0,97146,74.0,2398420000.0,6540000.0,1734,1093,2018-09-27 14:42:00
20180927 14:43,496.0,496.0,496.0,496.0,47954,0.0,97146,0.0,2398420000.0,0.0,143,316,2018-09-27 14:43:00
20180927 14:44,496.5,496.5,496.5,496.5,47982,28.0,97150,4.0,2399820000.0,1400000.0,197,738,2018-09-27 14:44:00
20180927 14:45,496.5,496.5,496.0,496.0,47986,4.0,97150,0.0,2400010000.0,190000.0,541,974,2018-09-27 14:45:00
20180927 14:46,496.0,496.0,496.0,496.0,47986,0.0,97150,0.0,2400010000.0,0.0,707,537,2018-09-27 14:46:00
20180927 14:47,496.0,496.0,495.0,495.0,48356,370.0,97246,96.0,2418340000.0,18330000.0,1343,908,2018-09-27 14:47:00
20180927 14:48,494.5,494.5,494.5,494.5,48756,400.0,97058,-188.0,2438120000.0,19780000.0,2567,2209,2018-09-27 14:48:00
20180927 14:49,494.5,494.5,494.0,494.5,52316,3560.0,93866,-3192.0,2614160000.0,176040000.0,2081,3386,2018-09-27 14:49:00
20180927 14:50,494.5,494.5,494.0,494.5,52346,30.0,93846,-20.0,2615640000.0,1480000.0,1811,1431,2018-09-27 14:50:00
20180927 14:51,494.5,495.5,494.5,495.5,52524,178.0,93786,-60.0,2624450000.0,8810000.0,1089,604,2018-09-27 14:51:00
20180927 14:52,495.5,495.5,495.0,495.0,52526,2.0,93786,0.0,2624550000.0,100000.0,648,190,2018-09-27 14:52:00
20180927 14:53,495.0,495.0,495.0,495.0,52526,0.0,93786,0.0,2624550000.0,0.0,231,85,2018-09-27 14:53:00
20180927 14:54,495.0,495.0,495.0,495.0,52736,210.0,93674,-112.0,2634950000.0,10400000.0,1356,4047,2018-09-27 14:54:00
20180927 14:55,495.5,496.0,495.5,495.5,56018,3282.0,91604,-2070.0,2797570000.0,162620000.0,3687,3048,2018-09-27 14:55:00
20180927 14:56,495.5,495.5,495.0,495.0,56034,16.0,91594,-10.0,2798360000.0,790000.0,1729,2173,2018-09-27 14:56:00
20180927 14:57,495.0,495.0,494.5,494.5,56050,16.0,91578,-16.0,2799160000.0,800000.0,604,1339,2018-09-27 14:57:00
20180927 14:58,494.5,495.0,494.5,494.5,56106,56.0,91544,-34.0,2801930000.0,2770000.0,1342,987,2018-09-27 14:58:00
20180927 14:59,495.0,496.0,495.0,496.0,56290,184.0,91430,-114.0,2811040000.0,9110000.0,719,1709,2018-09-27 14:59:00
20180927 15:00,496.0,496.0,496.0,496.0,56292,2.0,91430,0.0,2811140000.0,100000.0,2,158,2018-09-27 15:00:00
20180927 20:59,498.5,498.5,498.5,498.5,3642,3642.0,111068,19638.0,181554000.0,181554000.0,2,1,2018-09-27 20:59:00
20180927 21:00,498.5,500.5,498.5,500.5,3924,282.0,110988,-80.0,195663000.0,14109000.0,886,3419,2018-09-27 21:00:00
20180927 21:01,500.5,501.5,500.5,501.5,4602,678.0,110584,-404.0,229613000.0,33950000.0,2609,4125,2018-09-27 21:01:00
20180927 21:02,501.5,501.5,500.5,500.5,4646,44.0,110556,-28.0,231818000.0,2205000.0,1317,528,2018-09-27 21:02:00
20180927 21:03,501.0,501.5,501.0,501.5,4928,282.0,110412,-144.0,245946000.0,14128000.0,1370,1352,2018-09-27 21:03:00
20180927 21:04,501.5,501.5,501.0,501.0,5442,514.0,110160,-252.0,271697000.0,25751000.0,1094,758,2018-09-27 21:04:00
20180927 21:05,501.0,501.5,501.0,501.0,5476,34.0,110138,-22.0,273401000.0,1704000.0,901,427,2018-09-27 21:05:00
20180927 21:06,501.5,501.5,501.0,501.0,5596,120.0,110088,-50.0,279416000.0,6015000.0,787,1047,2018-09-27 21:06:00
20180927 21:07,501.0,501.0,501.0,501.0,5602,6.0,110088,0.0,279716000.0,300000.0,1254,1683,2018-09-27 21:07:00
20180927 21:08,501.0,501.0,500.5,500.5,5606,4.0,110088,0.0,279916000.0,200000.0,849,1070,2018-09-27 21:08:00
20180927 21:09,500.5,500.5,500.5,500.5,5612,6.0,110094,6.0,280217000.0,301000.0,969,1015,2018-09-27 21:09:00
20180927 21:10,500.5,500.5,500.0,500.5,5760,148.0,110070,-24.0,287624000.0,7407000.0,1008,438,2018-09-27 21:10:00
20180927 21:11,500.5,500.5,500.0,500.0,6006,246.0,110066,-4.0,299924000.0,12300000.0,1320,5139,2018-09-27 21:11:00
20180927 21:12,500.0,500.0,500.0,500.0,6012,6.0,110064,-2.0,300224000.0,300000.0,724,1896,2018-09-27 21:12:00
20180927 21:13,500.0,500.0,499.5,499.5,6284,272.0,109924,-140.0,313810000.0,13586000.0,2147,5805,2018-09-27 21:13:00
20180927 21:14,499.5,500.0,499.5,499.5,6424,140.0,109904,-20.0,320804000.0,6994000.0,2973,6614,2018-09-27 21:14:00
20180927 21:15,499.5,499.5,499.0,499.0,6428,4.0,109900,-4.0,321003000.0,199000.0,932,4397,2018-09-27 21:15:00
20180927 21:16,499.0,499.0,499.0,499.0,6428,0.0,109900,0.0,321003000.0,0.0,296,1239,2018-09-27 21:16:00
20180927 21:17,499.0,499.5,499.0,499.5,6432,4.0,109896,-4.0,321203000.0,200000.0,310,1265,2018-09-27 21:17:00
20180927 21:18,499.5,499.5,499.5,499.5,6694,262.0,109816,-80.0,334290000.0,13087000.0,1537,3647,2018-09-27 21:18:00
20180927 21:19,499.5,500.0,499.5,500.0,6870,176.0,109758,-58.0,343090000.0,8800000.0,1885,2486,2018-09-27 21:19:00
20180927 21:20,500.0,500.0,500.0,500.0,7116,246.0,109624,-134.0,355390000.0,12300000.0,1101,4047,2018-09-27 21:20:00
20180927 21:21,500.0,500.0,500.0,500.0,7116,0.0,109624,0.0,355390000.0,0.0,325,842,2018-09-27 21:21:00
20180927 21:22,500.0,500.0,500.0,500.0,7274,158.0,109538,-86.0,363290000.0,7900000.0,673,1283,2018-09-27 21:22:00
20180927 21:23,500.0,500.0,500.0,500.0,7274,0.0,109538,0.0,363290000.0,0.0,482,655,2018-09-27 21:23:00
20180927 21:24,500.0,500.0,500.0,500.0,7274,0.0,109538,0.0,363290000.0,0.0,200,254,2018-09-27 21:24:00
20180927 21:25,500.0,500.0,500.0,500.0,7276,2.0,109538,0.0,363390000.0,100000.0,610,676,2018-09-27 21:25:00
20180927 21:27,500.0,500.0,500.0,500.0,7296,20.0,109538,0.0,364390000.0,1000000.0,523,560,2018-09-27 21:27:00
20180927 21:28,500.0,501.0,500.0,501.0,7560,264.0,109434,-104.0,377603000.0,13213000.0,672,652,2018-09-27 21:28:00
20180927 21:29,501.0,502.0,501.0,502.0,7678,118.0,109486,52.0,383523000.0,5920000.0,991,1150,2018-09-27 21:29:00
20180927 21:30,502.0,502.0,502.0,502.0,7824,146.0,109436,-50.0,390852000.0,7329000.0,1240,2235,2018-09-27 21:30:00
20180927 21:31,502.0,502.0,502.0,502.0,7824,0.0,109436,0.0,390852000.0,0.0,215,438,2018-09-27 21:31:00
20180927 21:32,502.0,502.0,501.5,501.5,7826,2.0,109434,-2.0,390952000.0,100000.0,216,293,2018-09-27 21:32:00
20180927 21:33,501.5,501.5,501.5,501.5,7828,2.0,109434,0.0,391053000.0,101000.0,306,198,2018-09-27 21:33:00
20180927 21:34,501.5,501.5,501.5,501.5,7828,0.0,109434,0.0,391053000.0,0.0,832,432,2018-09-27 21:34:00
20180927 21:35,501.5,501.5,501.5,501.5,7828,0.0,109434,0.0,391053000.0,0.0,460,269,2018-09-27 21:35:00
20180927 21:36,501.5,501.5,501.5,501.5,7828,0.0,109434,0.0,391053000.0,0.0,184,109,2018-09-27 21:36:00
20180927 21:37,502.0,502.0,502.0,502.0,7948,120.0,109456,22.0,397077000.0,6024000.0,333,576,2018-09-27 21:37:00
20180927 21:38,502.0,502.0,502.0,502.0,7948,0.0,109456,0.0,397077000.0,0.0,220,464,2018-09-27 21:38:00
20180927 21:39,502.0,502.0,502.0,502.0,7948,0.0,109456,0.0,397077000.0,0.0,89,194,2018-09-27 21:39:00
20180927 21:40,502.0,502.0,502.0,502.0,7948,0.0,109456,0.0,397077000.0,0.0,668,882,2018-09-27 21:40:00
20180927 21:41,502.0,502.0,502.0,502.0,7948,0.0,109456,0.0,397077000.0,0.0,517,709,2018-09-27 21:41:00
20180927 21:42,502.0,502.0,501.5,501.5,7962,14.0,109456,0.0,397779000.0,702000.0,737,590,2018-09-27 21:42:00
20180927 21:43,501.5,502.0,501.5,502.0,8474,512.0,109364,-92.0,423481000.0,25702000.0,1147,1099,2018-09-27 21:43:00
20180927 21:44,502.0,502.0,502.0,502.0,8474,0.0,109364,0.0,423481000.0,0.0,89,412,2018-09-27 21:44:00
20180927 21:45,502.0,502.0,502.0,502.0,8484,10.0,109374,10.0,423983000.0,502000.0,321,950,2018-09-27 21:45:00
20180927 21:46,502.0,502.0,502.0,502.0,8484,0.0,109374,0.0,423983000.0,0.0,284,424,2018-09-27 21:46:00
20180927 21:47,502.0,502.0,502.0,502.0,8552,68.0,109314,-60.0,427397000.0,3414000.0,459,545,2018-09-27 21:47:00
20180927 21:48,502.0,502.0,502.0,502.0,8554,2.0,109312,-2.0,427497000.0,100000.0,144,274,2018-09-27 21:48:00
20180927 21:50,502.0,502.0,502.0,502.0,8554,0.0,109312,0.0,427497000.0,0.0,74,137,2018-09-27 21:50:00
20180927 21:51,502.0,502.0,502.0,502.0,8554,0.0,109312,0.0,427497000.0,0.0,150,273,2018-09-27 21:51:00
20180927 21:52,502.0,502.0,502.0,502.0,9936,1382.0,108794,-518.0,496873000.0,69376000.0,1758,1667,2018-09-27 21:52:00
20180927 21:53,502.0,502.0,502.0,502.0,11322,1386.0,108392,-402.0,566451000.0,69578000.0,2571,2144,2018-09-27 21:53:00
20180927 21:54,502.0,502.0,502.0,502.0,11322,0.0,108392,0.0,566451000.0,0.0,183,674,2018-09-27 21:54:00
20180927 21:55,502.0,502.0,502.0,502.0,11322,0.0,108392,0.0,566451000.0,0.0,212,477,2018-09-27 21:55:00
20180927 21:56,502.0,502.0,502.0,502.0,11324,2.0,108392,0.0,566551000.0,100000.0,257,574,2018-09-27 21:56:00
20180927 21:57,502.0,502.0,502.0,502.0,11324,0.0,108392,0.0,566551000.0,0.0,86,286,2018-09-27 21:57:00
20180927 21:58,502.0,502.0,502.0,502.0,11324,0.0,108392,0.0,566551000.0,0.0,430,541,2018-09-27 21:58:00
20180927 21:59,502.0,502.0,502.0,502.0,11324,0.0,108392,0.0,566551000.0,0.0,204,210,2018-09-27 21:59:00
20180927 22:00,502.0,502.0,502.0,502.0,11792,468.0,108310,-82.0,590045000.0,23494000.0,343,1447,2018-09-27 22:00:00
20180927 22:01,502.0,502.0,502.0,502.0,11792,0.0,108310,0.0,590045000.0,0.0,171,598,2018-09-27 22:01:00
20180927 22:02,502.0,502.0,502.0,502.0,12230,438.0,108344,34.0,612032000.0,21987000.0,475,1244,2018-09-27 22:02:00
20180927 22:03,502.0,502.0,502.0,502.0,12230,0.0,108344,0.0,612032000.0,0.0,238,696,2018-09-27 22:03:00
20180927 22:04,502.0,502.0,502.0,502.0,12230,0.0,108344,0.0,612032000.0,0.0,186,903,2018-09-27 22:04:00
20180927 22:05,502.0,502.0,502.0,502.0,12816,586.0,108320,-24.0,641449000.0,29417000.0,975,856,2018-09-27 22:05:00
20180927 22:06,502.0,502.0,502.0,502.0,13384,568.0,108046,-274.0,669963000.0,28514000.0,1831,1844,2018-09-27 22:06:00
20180927 22:07,502.0,502.0,502.0,502.0,13840,456.0,107984,-62.0,692854000.0,22891000.0,878,1928,2018-09-27 22:07:00
20180927 22:08,502.0,502.0,502.0,502.0,13840,0.0,107984,0.0,692854000.0,0.0,321,846,2018-09-27 22:08:00
20180927 22:09,502.0,502.0,502.0,502.0,13840,0.0,107984,0.0,692854000.0,0.0,271,423,2018-09-27 22:09:00
20180927 22:10,502.0,502.0,502.0,502.0,13840,0.0,107984,0.0,692854000.0,0.0,358,472,2018-09-27 22:10:00
20180927 22:11,502.0,502.0,501.5,501.5,14010,170.0,107934,-50.0,701380000.0,8526000.0,950,411,2018-09-27 22:11:00
20180927 22:12,501.5,501.5,501.5,501.5,14016,6.0,107928,-6.0,701681000.0,301000.0,624,540,2018-09-27 22:12:00
20180927 22:13,501.5,501.5,501.5,501.5,14016,0.0,107928,0.0,701681000.0,0.0,795,1047,2018-09-27 22:13:00
20180927 22:14,501.5,501.5,501.5,501.5,14016,0.0,107928,0.0,701681000.0,0.0,716,1045,2018-09-27 22:14:00
20180927 22:15,501.5,501.5,501.5,501.5,14018,2.0,107928,0.0,701781000.0,100000.0,869,1066,2018-09-27 22:15:00
20180927 22:16,501.5,501.5,501.5,501.5,14018,0.0,107928,0.0,701781000.0,0.0,108,199,2018-09-27 22:16:00
20180927 22:17,501.5,501.5,501.5,501.5,14018,0.0,107928,0.0,701781000.0,0.0,108,211,2018-09-27 22:17:00
20180927 22:18,501.5,501.5,501.5,501.5,14018,0.0,107928,0.0,701781000.0,0.0,108,209,2018-09-27 22:18:00
20180927 22:19,501.5,501.5,501.5,501.5,14018,0.0,107928,0.0,701781000.0,0.0,217,398,2018-09-27 22:19:00
20180927 22:20,501.5,501.5,501.5,501.5,14018,0.0,107928,0.0,701781000.0,0.0,56,105,2018-09-27 22:20:00
20180927 22:22,501.5,501.5,501.5,501.5,14018,0.0,107928,0.0,701781000.0,0.0,58,105,2018-09-27 22:22:00
20180927 22:24,501.5,501.5,501.5,501.5,14018,0.0,107928,0.0,701781000.0,0.0,168,276,2018-09-27 22:24:00
20180927 22:25,501.5,501.5,501.5,501.5,14018,0.0,107928,0.0,701781000.0,0.0,337,473,2018-09-27 22:25:00
20180927 22:26,501.5,501.5,501.5,501.5,14018,0.0,107928,0.0,701781000.0,0.0,225,323,2018-09-27 22:26:00
20180927 22:27,501.5,502.0,501.5,502.0,14954,936.0,107734,-194.0,748768000.0,46987000.0,663,623,2018-09-27 22:27:00
20180927 22:28,502.0,502.5,502.0,502.5,14958,4.0,107738,4.0,748969000.0,201000.0,262,660,2018-09-27 22:28:00
20180927 22:29,502.5,502.5,502.5,502.5,14958,0.0,107738,0.0,748969000.0,0.0,28,84,2018-09-27 22:29:00
20180927 22:30,502.5,502.5,502.5,502.5,14960,2.0,107736,-2.0,749070000.0,101000.0,109,352,2018-09-27 22:30:00
20180927 22:31,502.5,502.5,502.5,502.5,14960,0.0,107736,0.0,749070000.0,0.0,108,462,2018-09-27 22:31:00
20180927 22:32,502.5,502.5,502.5,502.5,14960,0.0,107736,0.0,749070000.0,0.0,54,250,2018-09-27 22:32:00
20180927 22:33,502.5,502.5,502.5,502.5,15784,824.0,107048,-688.0,790476000.0,41406000.0,964,691,2018-09-27 22:33:00
20180927 22:34,502.5,504.5,502.5,504.0,16210,426.0,107182,134.0,811928000.0,21452000.0,1363,1589,2018-09-27 22:34:00
20180927 22:35,504.0,504.0,503.0,503.0,16370,160.0,107094,-88.0,819986000.0,8058000.0,1311,964,2018-09-27 22:35:00
20180927 22:36,503.0,503.5,503.0,503.5,16376,6.0,107094,0.0,820289000.0,303000.0,298,330,2018-09-27 22:36:00
20180927 22:37,503.5,503.5,503.5,503.5,16864,488.0,107160,66.0,844859000.0,24570000.0,490,947,2018-09-27 22:37:00
20180927 22:38,503.5,503.5,503.5,503.5,16864,0.0,107160,0.0,844859000.0,0.0,433,384,2018-09-27 22:38:00
20180927 22:39,503.5,503.5,503.5,503.5,16998,134.0,107222,62.0,851606000.0,6747000.0,1155,845,2018-09-27 22:39:00
20180927 22:40,503.5,503.5,503.0,503.0,17420,422.0,107340,118.0,872833000.0,21227000.0,876,429,2018-09-27 22:40:00
20180927 22:41,503.0,503.0,503.0,503.0,17420,0.0,107340,0.0,872833000.0,0.0,265,355,2018-09-27 22:41:00
20180927 22:44,503.0,503.0,503.0,503.0,17420,0.0,107340,0.0,872833000.0,0.0,91,161,2018-09-27 22:44:00
20180927 22:45,503.0,503.0,503.0,503.0,17420,0.0,107340,0.0,872833000.0,0.0,122,218,2018-09-27 22:45:00
20180927 22:46,503.0,503.0,503.0,503.0,17420,0.0,107340,0.0,872833000.0,0.0,123,238,2018-09-27 22:46:00
20180927 22:47,503.0,503.0,503.0,503.0,17420,0.0,107340,0.0,872833000.0,0.0,151,280,2018-09-27 22:47:00
20180927 22:48,503.0,503.0,503.0,503.0,17420,0.0,107340,0.0,872833000.0,0.0,341,332,2018-09-27 22:48:00
20180927 22:49,503.0,503.0,503.0,503.0,17506,86.0,107392,52.0,877159000.0,4326000.0,706,589,2018-09-27 22:49:00
20180927 22:50,503.0,503.0,503.0,503.0,17506,0.0,107392,0.0,877159000.0,0.0,682,467,2018-09-27 22:50:00
20180927 22:51,503.0,503.0,503.0,503.0,17506,0.0,107392,0.0,877159000.0,0.0,444,239,2018-09-27 22:51:00
20180927 22:52,503.0,503.0,503.0,503.0,17506,0.0,107392,0.0,877159000.0,0.0,839,545,2018-09-27 22:52:00
20180927 22:53,503.0,503.0,503.0,503.0,17508,2.0,107390,-2.0,877259000.0,100000.0,695,681,2018-09-27 22:53:00
20180927 22:54,503.0,503.0,502.5,502.5,17512,4.0,107386,-4.0,877460000.0,201000.0,969,896,2018-09-27 22:54:00
20180927 22:55,502.5,502.5,502.0,502.5,17636,124.0,107398,12.0,883691000.0,6231000.0,1194,1232,2018-09-27 22:55:00
20180927 22:56,502.5,502.5,502.0,502.0,17790,154.0,107346,-52.0,891422000.0,7731000.0,1495,876,2018-09-27 22:56:00
20180927 22:57,502.0,502.0,502.0,502.0,17832,42.0,107318,-28.0,893530000.0,2108000.0,1002,392,2018-09-27 22:57:00
20180927 22:58,502.0,502.0,502.0,502.0,17934,102.0,107278,-40.0,898655000.0,5125000.0,997,833,2018-09-27 22:58:00
20180927 22:59,502.5,502.5,502.5,502.5,18416,482.0,107394,116.0,922876000.0,24221000.0,1014,1051,2018-09-27 22:59:00
20180927 23:00,502.5,502.5,502.5,502.5,18416,0.0,107394,0.0,922876000.0,0.0,505,230,2018-09-27 23:00:00
20180927 23:01,502.5,502.5,502.5,502.5,18416,0.0,107394,0.0,922876000.0,0.0,102,47,2018-09-27 23:01:00
20180927 23:04,502.5,502.5,502.5,502.5,18416,0.0,107394,0.0,922876000.0,0.0,102,42,2018-09-27 23:04:00
20180927 23:06,502.5,502.5,502.0,502.0,18450,34.0,107390,-4.0,924583000.0,1707000.0,707,471,2018-09-27 23:06:00
20180927 23:07,502.0,502.0,501.5,501.5,18456,6.0,107388,-2.0,924883000.0,300000.0,1422,443,2018-09-27 23:07:00
20180927 23:08,501.5,502.0,501.5,502.0,18496,40.0,107394,6.0,926891000.0,2008000.0,418,423,2018-09-27 23:08:00
20180927 23:09,502.0,502.0,502.0,502.0,18496,0.0,107394,0.0,926891000.0,0.0,676,546,2018-09-27 23:09:00
20180927 23:11,502.0,502.0,502.0,502.0,18496,0.0,107394,0.0,926891000.0,0.0,345,333,2018-09-27 23:11:00
20180927 23:12,502.0,502.0,502.0,502.0,18496,0.0,107394,0.0,926891000.0,0.0,345,333,2018-09-27 23:12:00
20180927 23:13,502.5,502.5,502.0,502.0,18732,236.0,107288,-106.0,938739000.0,11848000.0,957,526,2018-09-27 23:13:00
20180927 23:14,502.0,502.0,502.0,502.0,18756,24.0,107288,0.0,939944000.0,1205000.0,704,281,2018-09-27 23:14:00
20180927 23:15,502.0,502.0,502.0,502.0,18794,38.0,107286,-2.0,941851000.0,1907000.0,417,341,2018-09-27 23:15:00
20180927 23:16,502.0,502.0,502.0,502.0,18924,130.0,107302,16.0,948377000.0,6526000.0,748,398,2018-09-27 23:16:00
20180927 23:17,502.0,502.0,502.0,502.0,18924,0.0,107302,0.0,948377000.0,0.0,304,167,2018-09-27 23:17:00
20180927 23:18,501.5,501.5,501.5,501.5,19958,1034.0,106540,-762.0,1000230000.0,51853000.0,3829,767,2018-09-27 23:18:00
20180927 23:19,501.5,501.5,501.5,501.5,20034,76.0,106540,0.0,1004040000.0,3810000.0,423,736,2018-09-27 23:19:00
20180927 23:20,501.5,501.5,501.5,501.5,20034,0.0,106540,0.0,1004040000.0,0.0,153,114,2018-09-27 23:20:00
20180927 23:21,501.5,501.5,501.5,501.5,20034,0.0,106540,0.0,1004040000.0,0.0,162,107,2018-09-27 23:21:00
20180927 23:22,501.5,501.5,501.5,501.5,20036,2.0,106538,-2.0,1004140000.0,100000.0,55,35,2018-09-27 23:22:00
20180927 23:23,501.5,501.5,501.5,501.5,20036,0.0,106538,0.0,1004140000.0,0.0,262,181,2018-09-27 23:23:00
20180927 23:24,501.5,501.5,501.5,501.5,20036,0.0,106538,0.0,1004140000.0,0.0,100,71,2018-09-27 23:24:00
20180927 23:25,501.5,501.5,501.5,501.5,21056,1020.0,106114,-424.0,1055300000.0,51160000.0,810,2264,2018-09-27 23:25:00
20180927 23:26,501.5,501.5,501.0,501.0,21394,338.0,106224,110.0,1072230000.0,16930000.0,550,933,2018-09-27 23:26:00
20180927 23:28,501.0,501.0,501.0,501.0,22286,892.0,105922,-302.0,1116920000.0,44690000.0,388,536,2018-09-27 23:28:00
20180927 23:29,501.5,501.5,501.0,501.5,22514,228.0,106054,132.0,1128350000.0,11430000.0,76,63,2018-09-27 23:29:00
20180927 23:30,501.5,501.5,501.5,501.5,22514,0.0,106054,0.0,1128350000.0,0.0,9,9,2018-09-27 23:30:00
20180928 09:00,488.0,489.0,488.0,488.5,31366,8852.0,79736,-26318.0,1544650000.0,416300000.0,831,2116,2018-09-28 09:00:00
20180928 09:01,488.5,490.0,488.5,490.0,32546,1180.0,79410,-326.0,1602370000.0,57720000.0,2598,1840,2018-09-28 09:01:00
20180928 09:02,490.0,490.0,490.0,490.0,32574,28.0,79382,-28.0,1603740000.0,1370000.0,847,1195,2018-09-28 09:02:00
20180928 09:03,490.0,491.5,490.0,491.5,32902,328.0,79358,-24.0,1619850000.0,16110000.0,4807,4266,2018-09-28 09:03:00
20180928 09:04,491.5,491.5,491.5,491.5,32918,16.0,79354,-4.0,1620630000.0,780000.0,3069,978,2018-09-28 09:04:00
20180928 09:05,491.5,491.5,491.5,491.5,33044,126.0,79372,18.0,1626830000.0,6200000.0,4280,1632,2018-09-28 09:05:00
20180928 09:06,491.5,491.5,491.0,491.0,33158,114.0,79408,36.0,1632420000.0,5590000.0,1556,1581,2018-09-28 09:06:00
20180928 09:07,491.0,492.0,491.0,491.5,33466,308.0,79258,-150.0,1647570000.0,15150000.0,2674,2165,2018-09-28 09:07:00
20180928 09:08,492.0,493.0,492.0,493.0,33748,282.0,79172,-86.0,1661470000.0,13900000.0,2554,2136,2018-09-28 09:08:00
20180928 09:09,493.0,493.5,493.0,493.0,34210,462.0,79084,-88.0,1684240000.0,22770000.0,2702,1843,2018-09-28 09:09:00
20180928 09:10,493.0,493.0,492.5,492.5,34236,26.0,79086,2.0,1685520000.0,1280000.0,904,1208,2018-09-28 09:10:00
20180928 09:11,492.5,492.5,492.5,492.5,34304,68.0,79048,-38.0,1688870000.0,3350000.0,880,1090,2018-09-28 09:11:00
20180928 09:12,492.5,492.5,492.5,492.5,34312,8.0,79042,-6.0,1689270000.0,400000.0,596,382,2018-09-28 09:12:00
20180928 09:13,492.5,492.5,492.5,492.5,34406,94.0,79070,28.0,1693900000.0,4630000.0,1468,1134,2018-09-28 09:13:00
20180928 09:14,492.5,493.0,492.5,492.5,34522,116.0,78964,-106.0,1699610000.0,5710000.0,1151,697,2018-09-28 09:14:00
20180928 09:15,492.5,492.5,492.5,492.5,34568,46.0,78974,10.0,1701880000.0,2270000.0,641,930,2018-09-28 09:15:00
20180928 09:16,492.5,492.5,492.5,492.5,34568,0.0,78974,0.0,1701880000.0,0.0,298,218,2018-09-28 09:16:00
20180928 09:17,492.5,492.5,492.5,492.5,34698,130.0,79002,28.0,1708280000.0,6400000.0,807,964,2018-09-28 09:17:00
20180928 09:18,492.5,492.5,492.5,492.5,34708,10.0,78992,-10.0,1708770000.0,490000.0,461,44,2018-09-28 09:18:00
20180928 09:19,492.5,492.5,492.5,492.5,34720,12.0,78990,-2.0,1709360000.0,590000.0,600,39,2018-09-28 09:19:00
20180928 09:20,492.5,493.5,492.5,493.5,34906,186.0,79050,60.0,1718530000.0,9170000.0,1696,1262,2018-09-28 09:20:00
20180928 09:21,493.5,493.5,493.5,493.5,34958,52.0,79042,-8.0,1721100000.0,2570000.0,3423,2606,2018-09-28 09:21:00
20180928 09:22,493.0,493.0,493.0,493.0,34962,4.0,79042,0.0,1721300000.0,200000.0,956,548,2018-09-28 09:22:00
20180928 09:23,493.0,493.5,493.0,493.5,35000,38.0,79072,30.0,1723170000.0,1870000.0,463,802,2018-09-28 09:23:00
20180928 09:24,493.5,493.5,493.0,493.0,35106,106.0,79062,-10.0,1728400000.0,5230000.0,1335,1113,2018-09-28 09:24:00
20180928 09:25,493.0,493.0,493.0,493.0,35172,66.0,79012,-50.0,1731650000.0,3250000.0,347,385,2018-09-28 09:25:00
20180928 09:26,493.0,493.0,492.5,492.5,35236,64.0,78968,-44.0,1734800000.0,3150000.0,427,877,2018-09-28 09:26:00
20180928 09:27,492.5,493.5,492.5,493.0,35596,360.0,78956,-12.0,1752550000.0,17750000.0,2179,647,2018-09-28 09:27:00
20180928 09:28,493.0,494.0,493.0,494.0,35700,104.0,78982,26.0,1757690000.0,5140000.0,1476,406,2018-09-28 09:28:00
20180928 09:29,494.5,495.0,494.5,494.5,35752,52.0,78954,-28.0,1760260000.0,2570000.0,3091,2455,2018-09-28 09:29:00
20180928 09:30,494.5,494.5,494.0,494.0,35754,2.0,78952,-2.0,1760360000.0,100000.0,762,198,2018-09-28 09:30:00
20180928 09:31,494.0,494.5,494.0,494.0,35836,82.0,78962,10.0,1764410000.0,4050000.0,2120,2046,2018-09-28 09:31:00
20180928 09:32,494.0,494.0,494.0,494.0,35836,0.0,78962,0.0,1764410000.0,0.0,1395,1159,2018-09-28 09:32:00
20180928 09:33,494.0,494.0,494.0,494.0,35996,160.0,79016,54.0,1772310000.0,7900000.0,1781,3551,2018-09-28 09:33:00
20180928 09:34,494.0,494.0,494.0,494.0,36028,32.0,79018,2.0,1773890000.0,1580000.0,3442,2104,2018-09-28 09:34:00
20180928 09:35,494.0,494.5,494.0,494.5,36094,66.0,79022,4.0,1777160000.0,3270000.0,2268,1726,2018-09-28 09:35:00
20180928 09:36,494.5,494.5,494.0,494.0,36096,2.0,79022,0.0,1777260000.0,100000.0,728,654,2018-09-28 09:36:00
20180928 09:37,494.0,494.5,494.0,494.5,36172,76.0,79026,4.0,1781020000.0,3760000.0,1417,1809,2018-09-28 09:37:00
20180928 09:38,494.5,494.5,494.5,494.5,36226,54.0,79026,0.0,1783690000.0,2670000.0,1003,1647,2018-09-28 09:38:00
20180928 09:39,494.5,494.5,493.5,493.5,36332,106.0,78984,-42.0,1788920000.0,5230000.0,2324,7353,2018-09-28 09:39:00
20180928 09:40,494.0,494.5,494.0,494.0,36684,352.0,78690,-294.0,1806310000.0,17390000.0,1755,1124,2018-09-28 09:40:00
20180928 09:41,494.0,494.0,494.0,494.0,36694,10.0,78690,0.0,1806800000.0,490000.0,768,281,2018-09-28 09:41:00
20180928 09:42,494.0,494.5,494.0,494.5,37072,378.0,78464,-226.0,1825490000.0,18690000.0,1439,1005,2018-09-28 09:42:00
20180928 09:43,494.5,494.5,494.0,494.0,37198,126.0,78498,34.0,1831720000.0,6230000.0,3555,1560,2018-09-28 09:43:00
20180928 09:44,494.0,494.0,494.0,494.0,37246,48.0,78514,16.0,1834090000.0,2370000.0,526,1068,2018-09-28 09:44:00
20180928 09:45,494.0,494.0,494.0,494.0,37266,20.0,78496,-18.0,1835080000.0,990000.0,198,182,2018-09-28 09:45:00
20180928 09:46,494.0,494.0,494.0,494.0,37282,16.0,78480,-16.0,1835870000.0,790000.0,345,277,2018-09-28 09:46:00
20180928 09:47,494.0,494.0,494.0,494.0,37294,12.0,78470,-10.0,1836460000.0,590000.0,564,336,2018-09-28 09:47:00
20180928 09:48,494.0,494.0,493.5,493.5,38186,892.0,79182,712.0,1880520000.0,44060000.0,1960,3172,2018-09-28 09:48:00
20180928 09:49,493.5,494.0,493.5,494.0,38202,16.0,79172,-10.0,1881310000.0,790000.0,33,344,2018-09-28 09:49:00
20180928 09:50,493.5,493.5,493.5,493.5,38220,18.0,79154,-18.0,1882200000.0,890000.0,47,499,2018-09-28 09:50:00
20180928 09:51,493.5,493.5,493.5,493.5,38224,4.0,79150,-4.0,1882400000.0,200000.0,16,161,2018-09-28 09:51:00
20180928 09:52,493.5,494.0,493.5,494.0,42014,3790.0,78420,-730.0,2069630000.0,187230000.0,2214,3890,2018-09-28 09:52:00
20180928 09:53,494.0,494.0,494.0,494.0,42014,0.0,78420,0.0,2069630000.0,0.0,42,290,2018-09-28 09:53:00
20180928 09:54,494.0,494.0,494.0,494.0,42070,56.0,78424,4.0,2072390000.0,2760000.0,1297,850,2018-09-28 09:54:00
20180928 09:55,494.0,494.0,494.0,494.0,42488,418.0,78324,-100.0,2093040000.0,20650000.0,1189,2264,2018-09-28 09:55:00
20180928 09:56,494.0,494.0,493.5,494.0,42614,126.0,78324,0.0,2099260000.0,6220000.0,1364,1288,2018-09-28 09:56:00
20180928 09:57,494.0,494.0,493.5,493.5,43450,836.0,79052,728.0,2140520000.0,41260000.0,3011,2854,2018-09-28 09:57:00
20180928 09:58,493.5,493.5,493.0,493.0,43452,2.0,79052,0.0,2140620000.0,100000.0,125,450,2018-09-28 09:58:00
20180928 10:00,493.5,493.5,493.5,493.5,45002,1550.0,78218,-834.0,2217110000.0,76490000.0,2242,1745,2018-09-28 10:00:00
20180928 10:01,493.5,493.5,493.5,493.5,45796,794.0,78950,732.0,2256290000.0,39180000.0,718,917,2018-09-28 10:01:00
20180928 10:02,493.5,493.5,493.5,493.5,45798,2.0,78950,0.0,2256390000.0,100000.0,322,518,2018-09-28 10:02:00
20180928 10:03,493.5,493.5,493.5,493.5,45800,2.0,78950,0.0,2256490000.0,100000.0,94,148,2018-09-28 10:03:00
20180928 10:04,493.5,493.5,493.0,493.0,45806,6.0,78946,-4.0,2256790000.0,300000.0,476,449,2018-09-28 10:04:00
20180928 10:05,493.0,493.0,493.0,493.0,45810,4.0,78944,-2.0,2256980000.0,190000.0,544,389,2018-09-28 10:05:00
20180928 10:06,493.5,493.5,493.5,493.5,45812,2.0,78944,0.0,2257080000.0,100000.0,288,184,2018-09-28 10:06:00
20180928 10:07,493.5,493.5,493.5,493.5,46624,812.0,78228,-716.0,2297150000.0,40070000.0,989,2985,2018-09-28 10:07:00
20180928 10:08,493.5,493.5,493.5,493.5,48148,1524.0,78254,26.0,2372360000.0,75210000.0,1545,1994,2018-09-28 10:08:00
20180928 10:09,493.5,493.5,493.5,493.5,48148,0.0,78254,0.0,2372360000.0,0.0,300,373,2018-09-28 10:09:00
20180928 10:10,493.5,493.5,493.5,493.5,48152,4.0,78250,-4.0,2372560000.0,200000.0,341,618,2018-09-28 10:10:00
20180928 10:11,493.5,493.5,493.5,493.5,48152,0.0,78250,0.0,2372560000.0,0.0,92,258,2018-09-28 10:11:00
20180928 10:12,493.5,493.5,493.5,493.5,48152,0.0,78250,0.0,2372560000.0,0.0,46,103,2018-09-28 10:12:00
20180928 10:13,493.5,494.5,493.5,494.5,48298,146.0,78322,72.0,2379780000.0,7220000.0,1247,767,2018-09-28 10:13:00
20180928 10:14,495.0,495.0,494.0,494.0,48496,198.0,78310,-12.0,2389570000.0,9790000.0,1888,1734,2018-09-28 10:14:00
20180928 10:30,494.0,494.5,494.0,494.5,48532,36.0,78316,6.0,2391350000.0,1780000.0,675,819,2018-09-28 10:30:00
20180928 10:31,494.5,494.5,494.5,494.5,48532,0.0,78316,0.0,2391350000.0,0.0,937,1049,2018-09-28 10:31:00
20180928 10:32,495.0,495.0,495.0,495.0,48538,6.0,78316,0.0,2391650000.0,300000.0,62,142,2018-09-28 10:32:00
20180928 10:33,495.0,495.0,494.5,494.5,48582,44.0,78350,34.0,2393820000.0,2170000.0,292,307,2018-09-28 10:33:00
20180928 10:34,494.5,494.5,494.5,494.5,48582,0.0,78350,0.0,2393820000.0,0.0,210,157,2018-09-28 10:34:00
20180928 10:35,494.5,495.0,494.5,495.0,48610,28.0,78364,14.0,2395210000.0,1390000.0,1295,874,2018-09-28 10:35:00
20180928 10:36,495.0,495.0,495.0,495.0,48614,4.0,78360,-4.0,2395410000.0,200000.0,322,168,2018-09-28 10:36:00
20180928 10:37,495.0,495.0,494.5,494.5,48734,120.0,78346,-14.0,2401340000.0,5930000.0,470,612,2018-09-28 10:37:00
20180928 10:38,494.5,494.5,494.5,494.5,48754,20.0,78334,-12.0,2402330000.0,990000.0,1269,1343,2018-09-28 10:38:00
20180928 10:39,494.5,494.5,494.5,494.5,49486,732.0,78182,-152.0,2438530000.0,36200000.0,2085,1759,2018-09-28 10:39:00
20180928 10:40,495.0,496.0,495.0,495.5,49888,402.0,78232,50.0,2458440000.0,19910000.0,1582,1707,2018-09-28 10:40:00
20180928 10:41,495.5,496.0,495.5,496.0,49970,82.0,78308,76.0,2462500000.0,4060000.0,942,2529,2018-09-28 10:41:00
20180928 10:42,496.0,496.0,496.0,496.0,50146,176.0,78176,-132.0,2471230000.0,8730000.0,2030,1958,2018-09-28 10:42:00
20180928 10:43,496.0,496.0,495.5,496.0,50150,4.0,78180,4.0,2471430000.0,200000.0,112,513,2018-09-28 10:43:00
20180928 10:44,496.0,496.0,496.0,496.0,50152,2.0,78182,2.0,2471530000.0,100000.0,473,312,2018-09-28 10:44:00
20180928 10:45,496.0,496.0,496.0,496.0,50278,126.0,78228,46.0,2477780000.0,6250000.0,1938,2797,2018-09-28 10:45:00
20180928 10:46,496.0,496.0,496.0,496.0,50326,48.0,78238,10.0,2480160000.0,2380000.0,689,593,2018-09-28 10:46:00
20180928 10:47,496.0,496.0,495.5,495.5,50342,16.0,78246,8.0,2480960000.0,800000.0,944,389,2018-09-28 10:47:00
20180928 10:48,495.5,496.0,495.5,496.0,50470,128.0,78336,90.0,2487300000.0,6340000.0,1803,471,2018-09-28 10:48:00
20180928 10:49,496.0,496.0,496.0,496.0,50564,94.0,78306,-30.0,2491970000.0,4670000.0,4488,1001,2018-09-28 10:49:00
20180928 10:50,496.0,496.0,496.0,496.0,50566,2.0,78304,-2.0,2492070000.0,100000.0,3106,745,2018-09-28 10:50:00
20180928 10:51,496.0,496.0,496.0,496.0,50580,14.0,78302,-2.0,2492760000.0,690000.0,2110,789,2018-09-28 10:51:00
20180928 10:52,496.0,496.0,495.5,496.0,50742,162.0,78372,70.0,2500790000.0,8030000.0,5839,2537,2018-09-28 10:52:00
20180928 10:53,496.0,496.0,496.0,496.0,50852,110.0,78422,50.0,2506250000.0,5460000.0,4204,1566,2018-09-28 10:53:00
20180928 10:54,496.0,496.0,495.5,496.0,51026,174.0,78408,-14.0,2514880000.0,8630000.0,3381,1123,2018-09-28 10:54:00
20180928 10:55,496.0,496.0,496.0,496.0,51026,0.0,78408,0.0,2514880000.0,0.0,999,335,2018-09-28 10:55:00
20180928 10:56,496.0,496.0,496.0,496.0,51026,0.0,78408,0.0,2514880000.0,0.0,441,148,2018-09-28 10:56:00
20180928 10:57,496.0,496.5,496.0,496.5,51168,142.0,78430,22.0,2521920000.0,7040000.0,4020,1041,2018-09-28 10:57:00
20180928 10:58,496.5,496.5,496.5,496.5,51168,0.0,78430,0.0,2521920000.0,0.0,1789,627,2018-09-28 10:58:00
20180928 10:59,496.5,496.5,496.5,496.5,51168,0.0,78430,0.0,2521920000.0,0.0,980,281,2018-09-28 10:59:00
20180928 11:00,496.5,496.5,496.5,496.5,51168,0.0,78430,0.0,2521920000.0,0.0,965,362,2018-09-28 11:00:00
20180928 11:01,496.5,496.5,496.5,496.5,51168,0.0,78430,0.0,2521920000.0,0.0,1250,399,2018-09-28 11:01:00
20180928 11:02,496.0,496.0,496.0,496.0,51302,134.0,78432,2.0,2528570000.0,6650000.0,2614,1410,2018-09-28 11:02:00
20180928 11:03,496.0,496.0,496.0,496.0,51304,2.0,78432,0.0,2528670000.0,100000.0,1540,678,2018-09-28 11:03:00
20180928 11:04,496.0,496.0,496.0,496.0,51304,0.0,78432,0.0,2528670000.0,0.0,840,351,2018-09-28 11:04:00
20180928 11:05,496.0,496.0,496.0,496.0,51304,0.0,78432,0.0,2528670000.0,0.0,1570,791,2018-09-28 11:05:00
20180928 11:06,496.0,496.0,496.0,496.0,51304,0.0,78432,0.0,2528670000.0,0.0,1801,825,2018-09-28 11:06:00
20180928 11:07,496.0,496.0,496.0,496.0,51308,4.0,78432,0.0,2528870000.0,200000.0,1340,558,2018-09-28 11:07:00
20180928 11:08,496.0,496.0,496.0,496.0,52084,776.0,77830,-602.0,2567360000.0,38490000.0,2092,2606,2018-09-28 11:08:00
20180928 11:09,496.0,496.0,495.5,495.5,52908,824.0,77236,-594.0,2608190000.0,40830000.0,2393,2633,2018-09-28 11:09:00
20180928 11:10,495.5,495.5,495.5,495.5,53192,284.0,77072,-164.0,2622260000.0,14070000.0,1344,531,2018-09-28 11:10:00
20180928 11:11,495.5,495.5,495.5,495.5,53192,0.0,77072,0.0,2622260000.0,0.0,422,218,2018-09-28 11:11:00
20180928 11:12,495.5,496.0,495.5,496.0,53398,206.0,76876,-196.0,2632480000.0,10220000.0,1695,1252,2018-09-28 11:12:00
20180928 11:13,496.0,496.0,496.0,496.0,53398,0.0,76876,0.0,2632480000.0,0.0,772,607,2018-09-28 11:13:00
20180928 11:14,496.0,496.0,495.5,495.5,53420,22.0,76858,-18.0,2633570000.0,1090000.0,576,437,2018-09-28 11:14:00
20180928 11:15,495.5,495.5,495.5,495.5,53420,0.0,76858,0.0,2633570000.0,0.0,1035,621,2018-09-28 11:15:00
20180928 11:16,495.5,496.0,495.5,495.5,53668,248.0,76812,-46.0,2645860000.0,12290000.0,1824,1852,2018-09-28 11:16:00
20180928 11:17,495.5,495.5,495.5,495.5,53748,80.0,76780,-32.0,2649820000.0,3960000.0,784,1568,2018-09-28 11:17:00
20180928 11:18,495.5,495.5,495.5,495.5,53748,0.0,76780,0.0,2649820000.0,0.0,247,584,2018-09-28 11:18:00
20180928 11:19,495.5,495.5,495.5,495.5,53832,84.0,76788,8.0,2653990000.0,4170000.0,338,1103,2018-09-28 11:19:00
20180928 11:20,495.5,495.5,495.5,495.5,53832,0.0,76788,0.0,2653990000.0,0.0,360,1052,2018-09-28 11:20:00
20180928 11:21,495.5,495.5,495.5,495.5,53840,8.0,76780,-8.0,2654380000.0,390000.0,546,874,2018-09-28 11:21:00
20180928 11:22,495.5,495.5,495.5,495.5,53922,82.0,76780,0.0,2658440000.0,4060000.0,608,585,2018-09-28 11:22:00
20180928 11:23,495.5,495.5,495.5,495.5,53948,26.0,76770,-10.0,2659730000.0,1290000.0,729,810,2018-09-28 11:23:00
20180928 11:24,495.5,495.5,495.5,495.5,53948,0.0,76770,0.0,2659730000.0,0.0,87,25,2018-09-28 11:24:00
20180928 11:25,495.5,496.0,495.5,496.0,54030,82.0,76750,-20.0,2663800000.0,4070000.0,693,1634,2018-09-28 11:25:00
20180928 11:26,496.0,497.5,496.0,497.0,54408,378.0,76736,-14.0,2682590000.0,18790000.0,1248,2103,2018-09-28 11:26:00
20180928 11:27,497.0,497.5,496.5,496.5,55080,672.0,76882,146.0,2715960000.0,33370000.0,1632,2142,2018-09-28 11:27:00
20180928 11:28,496.5,496.5,496.5,496.5,55206,126.0,76922,40.0,2722210000.0,6250000.0,4708,3439,2018-09-28 11:28:00
20180928 11:29,496.5,496.5,495.5,496.0,55318,112.0,76898,-24.0,2727770000.0,5560000.0,1032,468,2018-09-28 11:29:00
20180928 13:30,496.0,496.5,496.0,496.5,55344,26.0,76896,-2.0,2729060000.0,1290000.0,4193,1527,2018-09-28 13:30:00
20180928 13:31,496.0,496.5,496.0,496.5,55626,282.0,76918,22.0,2743060000.0,14000000.0,2063,1602,2018-09-28 13:31:00
20180928 13:32,496.5,496.5,496.5,496.5,55626,0.0,76918,0.0,2743060000.0,0.0,260,682,2018-09-28 13:32:00
20180928 13:33,496.5,496.5,496.5,496.5,55690,64.0,76896,-22.0,2746240000.0,3180000.0,2245,1601,2018-09-28 13:33:00
20180928 13:34,496.5,496.5,496.5,496.5,55786,96.0,76920,24.0,2751000000.0,4760000.0,1747,1124,2018-09-28 13:34:00
20180928 13:35,496.5,497.0,496.5,497.0,55788,2.0,76922,2.0,2751100000.0,100000.0,935,321,2018-09-28 13:35:00
20180928 13:36,496.5,496.5,496.5,496.5,55804,16.0,76926,4.0,2751900000.0,800000.0,480,542,2018-09-28 13:36:00
20180928 13:37,496.5,496.5,496.5,496.5,55856,52.0,76916,-10.0,2754480000.0,2580000.0,833,413,2018-09-28 13:37:00
20180928 13:38,496.5,496.5,496.5,496.5,55888,32.0,76916,0.0,2756070000.0,1590000.0,965,701,2018-09-28 13:38:00
20180928 13:39,496.5,496.5,496.5,496.5,55888,0.0,76916,0.0,2756070000.0,0.0,296,108,2018-09-28 13:39:00
20180928 13:40,496.5,496.5,496.5,496.5,55888,0.0,76916,0.0,2756070000.0,0.0,74,27,2018-09-28 13:40:00
20180928 13:41,496.5,496.5,496.5,496.5,55914,26.0,76918,2.0,2757360000.0,1290000.0,869,739,2018-09-28 13:41:00
20180928 13:42,496.5,496.5,496.5,496.5,55914,0.0,76918,0.0,2757360000.0,0.0,1414,941,2018-09-28 13:42:00
20180928 13:43,496.5,496.5,496.5,496.5,55914,0.0,76918,0.0,2757360000.0,0.0,1662,1051,2018-09-28 13:43:00
20180928 13:44,496.5,496.5,496.5,496.5,56094,180.0,76900,-18.0,2766290000.0,8930000.0,3888,2511,2018-09-28 13:44:00
20180928 13:45,496.5,496.5,496.5,496.5,56176,82.0,76908,8.0,2770370000.0,4080000.0,2792,924,2018-09-28 13:45:00
20180928 13:46,496.5,496.5,496.0,496.0,56362,186.0,76922,14.0,2779600000.0,9230000.0,2338,2361,2018-09-28 13:46:00
20180928 13:47,496.0,496.0,496.0,496.0,56364,2.0,76924,2.0,2779700000.0,100000.0,500,1084,2018-09-28 13:47:00
20180928 13:48,496.0,496.0,496.0,496.0,56366,2.0,76926,2.0,2779790000.0,90000.0,271,475,2018-09-28 13:48:00
20180928 13:49,496.0,496.0,496.0,496.0,56366,0.0,76926,0.0,2779790000.0,0.0,79,190,2018-09-28 13:49:00
20180928 13:50,496.0,496.0,496.0,496.0,56516,150.0,76906,-20.0,2787230000.0,7440000.0,1237,1265,2018-09-28 13:50:00
20180928 13:51,496.0,496.0,496.0,496.0,56520,4.0,76906,0.0,2787430000.0,200000.0,275,332,2018-09-28 13:51:00
20180928 13:52,496.0,496.0,495.5,495.5,56536,16.0,76902,-4.0,2788230000.0,800000.0,431,1347,2018-09-28 13:52:00
20180928 13:53,495.5,495.5,495.5,495.5,56536,0.0,76902,0.0,2788230000.0,0.0,223,525,2018-09-28 13:53:00
20180928 13:54,495.5,495.5,495.5,495.5,56540,4.0,76904,2.0,2788420000.0,190000.0,333,605,2018-09-28 13:54:00
20180928 13:55,495.5,495.5,495.5,495.5,56548,8.0,76908,4.0,2788820000.0,400000.0,411,1013,2018-09-28 13:55:00
20180928 13:56,495.5,495.5,495.5,495.5,56548,0.0,76908,0.0,2788820000.0,0.0,250,516,2018-09-28 13:56:00
20180928 13:57,495.5,495.5,495.0,495.0,56554,6.0,76904,-4.0,2789120000.0,300000.0,705,1542,2018-09-28 13:57:00
20180928 13:59,495.0,496.0,495.0,496.0,56592,38.0,76914,10.0,2791000000.0,1880000.0,996,476,2018-09-28 13:59:00
20180928 14:00,496.0,496.5,496.0,496.0,56644,52.0,76862,-52.0,2793580000.0,2580000.0,380,312,2018-09-28 14:00:00
20180928 14:01,496.5,496.5,496.0,496.0,56688,44.0,76826,-36.0,2795770000.0,2190000.0,921,1518,2018-09-28 14:01:00
20180928 14:02,496.0,496.0,496.0,496.0,56688,0.0,76826,0.0,2795770000.0,0.0,171,73,2018-09-28 14:02:00
20180928 14:03,496.0,496.0,495.5,496.0,56900,212.0,76844,18.0,2806280000.0,10510000.0,1455,2010,2018-09-28 14:03:00
20180928 14:04,496.0,496.0,496.0,496.0,56900,0.0,76844,0.0,2806280000.0,0.0,195,78,2018-09-28 14:04:00
20180928 14:05,496.0,496.0,496.0,496.0,56900,0.0,76844,0.0,2806280000.0,0.0,66,22,2018-09-28 14:05:00
20180928 14:07,496.0,496.0,495.5,495.5,56984,84.0,76784,-60.0,2810440000.0,4160000.0,1149,3061,2018-09-28 14:07:00
20180928 14:08,495.5,495.5,495.5,495.5,56984,0.0,76784,0.0,2810440000.0,0.0,310,731,2018-09-28 14:08:00
20180928 14:09,495.5,495.5,495.5,495.5,56984,0.0,76784,0.0,2810440000.0,0.0,648,1390,2018-09-28 14:09:00
20180928 14:10,496.0,496.0,496.0,496.0,56986,2.0,76782,-2.0,2810540000.0,100000.0,153,499,2018-09-28 14:10:00
20180928 14:11,496.0,496.0,496.0,496.0,56986,0.0,76782,0.0,2810540000.0,0.0,65,200,2018-09-28 14:11:00
20180928 14:12,496.0,496.0,496.0,496.0,56986,0.0,76782,0.0,2810540000.0,0.0,142,400,2018-09-28 14:12:00
20180928 14:13,496.0,496.0,495.5,495.5,57186,200.0,76808,26.0,2820450000.0,9910000.0,439,534,2018-09-28 14:13:00
20180928 14:14,495.5,495.5,495.5,495.5,57186,0.0,76808,0.0,2820450000.0,0.0,444,285,2018-09-28 14:14:00
20180928 14:15,495.0,495.0,495.0,495.0,57188,2.0,76806,-2.0,2820550000.0,100000.0,932,2244,2018-09-28 14:15:00
20180928 14:16,495.0,495.0,494.5,494.5,57230,42.0,76806,0.0,2822630000.0,2080000.0,1051,1722,2018-09-28 14:16:00
20180928 14:17,494.5,494.5,494.0,494.0,57238,8.0,76800,-6.0,2823020000.0,390000.0,1496,2502,2018-09-28 14:17:00
20180928 14:18,494.0,494.5,494.0,494.5,57306,68.0,76832,32.0,2826380000.0,3360000.0,2357,2364,2018-09-28 14:18:00
20180928 14:19,494.5,494.5,494.5,494.5,57350,44.0,76876,44.0,2828560000.0,2180000.0,2594,2565,2018-09-28 14:19:00
20180928 14:20,494.5,494.5,494.5,494.5,57414,64.0,76902,26.0,2831720000.0,3160000.0,1647,871,2018-09-28 14:20:00
20180928 14:21,494.5,494.5,494.5,494.5,57414,0.0,76902,0.0,2831720000.0,0.0,543,499,2018-09-28 14:21:00
20180928 14:22,494.5,495.0,494.5,495.0,57454,40.0,76900,-2.0,2833700000.0,1980000.0,1107,722,2018-09-28 14:22:00
20180928 14:23,495.0,495.0,495.0,495.0,57454,0.0,76900,0.0,2833700000.0,0.0,428,251,2018-09-28 14:23:00
20180928 14:24,495.0,495.0,495.0,495.0,57454,0.0,76900,0.0,2833700000.0,0.0,105,271,2018-09-28 14:24:00
20180928 14:25,495.0,495.0,495.0,495.0,57456,2.0,76898,-2.0,2833800000.0,100000.0,411,442,2018-09-28 14:25:00
20180928 14:26,495.0,495.0,495.0,495.0,57456,0.0,76898,0.0,2833800000.0,0.0,90,140,2018-09-28 14:26:00
20180928 14:27,495.0,495.0,495.0,495.0,57456,0.0,76898,0.0,2833800000.0,0.0,285,258,2018-09-28 14:27:00
20180928 14:28,495.0,495.0,495.0,495.0,57462,6.0,76902,4.0,2834100000.0,300000.0,696,449,2018-09-28 14:28:00
20180928 14:29,495.0,495.5,495.0,495.5,57468,6.0,76902,0.0,2834400000.0,300000.0,796,600,2018-09-28 14:29:00
20180928 14:30,495.5,495.5,495.5,495.5,57472,4.0,76902,0.0,2834600000.0,200000.0,283,38,2018-09-28 14:30:00
20180928 14:31,495.5,496.0,495.5,495.5,57478,6.0,76900,-2.0,2834890000.0,290000.0,835,297,2018-09-28 14:31:00
20180928 14:32,495.5,495.5,495.5,495.5,57478,0.0,76900,0.0,2834890000.0,0.0,86,15,2018-09-28 14:32:00
20180928 14:33,495.5,495.5,495.5,495.5,57482,4.0,76896,-4.0,2835090000.0,200000.0,86,13,2018-09-28 14:33:00
20180928 14:34,495.5,495.5,495.5,495.5,57482,0.0,76896,0.0,2835090000.0,0.0,169,26,2018-09-28 14:34:00
20180928 14:35,495.5,495.5,495.5,495.5,57538,56.0,76890,-6.0,2837870000.0,2780000.0,964,756,2018-09-28 14:35:00
20180928 14:36,495.5,496.0,495.5,496.0,57772,234.0,76876,-14.0,2849470000.0,11600000.0,587,321,2018-09-28 14:36:00
20180928 14:37,496.0,496.5,496.0,496.5,57840,68.0,76906,30.0,2852850000.0,3380000.0,3615,2114,2018-09-28 14:37:00
20180928 14:38,496.5,497.0,496.5,496.5,57924,84.0,76918,12.0,2857020000.0,4170000.0,5063,3025,2018-09-28 14:38:00
20180928 14:39,496.5,497.0,496.5,496.5,58146,222.0,77044,126.0,2868050000.0,11030000.0,1606,878,2018-09-28 14:39:00
20180928 14:40,496.5,496.5,496.0,496.0,58188,42.0,77054,10.0,2870140000.0,2090000.0,984,1154,2018-09-28 14:40:00
20180928 14:41,496.0,496.0,496.0,496.0,58204,16.0,77062,8.0,2870930000.0,790000.0,627,530,2018-09-28 14:41:00
20180928 14:42,496.0,496.0,496.0,496.0,58262,58.0,77016,-46.0,2873810000.0,2880000.0,1533,2843,2018-09-28 14:42:00
20180928 14:43,496.0,496.5,496.0,496.5,59466,1204.0,76142,-874.0,2933580000.0,59770000.0,4193,5713,2018-09-28 14:43:00
20180928 14:44,496.5,496.5,496.5,496.5,59468,2.0,76140,-2.0,2933680000.0,100000.0,1307,3811,2018-09-28 14:44:00
20180928 14:45,496.5,497.0,496.5,497.0,59522,54.0,76178,38.0,2936360000.0,2680000.0,2021,2918,2018-09-28 14:45:00
20180928 14:46,497.0,497.0,497.0,497.0,59526,4.0,76176,-2.0,2936560000.0,200000.0,859,2331,2018-09-28 14:46:00
20180928 14:47,497.0,497.0,496.5,496.5,60288,762.0,75716,-460.0,2974430000.0,37870000.0,2546,1176,2018-09-28 14:47:00
20180928 14:48,496.5,496.5,496.0,496.5,60382,94.0,75720,4.0,2979100000.0,4670000.0,954,1426,2018-09-28 14:48:00
20180928 14:49,496.5,496.5,496.5,496.5,60384,2.0,75720,0.0,2979200000.0,100000.0,155,475,2018-09-28 14:49:00
20180928 14:50,496.5,497.0,496.5,497.0,60396,12.0,75730,10.0,2979790000.0,590000.0,429,479,2018-09-28 14:50:00
20180928 14:51,497.0,497.0,496.5,497.0,60420,24.0,75736,6.0,2980990000.0,1200000.0,703,415,2018-09-28 14:51:00
20180928 14:52,497.0,497.0,497.0,497.0,60420,0.0,75736,0.0,2980990000.0,0.0,90,98,2018-09-28 14:52:00
20180928 14:53,497.0,497.5,497.0,497.5,60444,24.0,75716,-20.0,2982180000.0,1190000.0,800,165,2018-09-28 14:53:00
20180928 14:54,497.5,497.5,497.5,497.5,60444,0.0,75716,0.0,2982180000.0,0.0,195,49,2018-09-28 14:54:00
20180928 14:55,497.5,497.5,496.5,497.0,60562,118.0,75684,-32.0,2988050000.0,5870000.0,3163,905,2018-09-28 14:55:00
20180928 14:56,497.0,497.5,497.0,497.5,60698,136.0,75780,96.0,2994810000.0,6760000.0,1219,363,2018-09-28 14:56:00
20180928 14:57,497.0,497.5,497.0,497.0,60804,106.0,75780,0.0,3000080000.0,5270000.0,2525,863,2018-09-28 14:57:00
20180928 14:58,497.0,497.5,497.0,497.5,60858,54.0,75752,-28.0,3002770000.0,2690000.0,724,741,2018-09-28 14:58:00
20180928 14:59,497.5,498.5,497.5,498.0,60942,84.0,75746,-6.0,3006950000.0,4180000.0,1589,217,2018-09-28 14:59:00
20180928 15:00,498.0,498.0,498.0,498.0,60942,0.0,75746,0.0,3006950000.0,0.0,9,6,2018-09-28 15:00:00
20180928 20:59,498.0,498.0,498.0,498.0,2666,2666.0,92126,16380.0,132767000.0,132767000.0,2,2,2018-09-28 20:59:00
20180928 21:00,496.0,496.0,495.0,496.0,3580,914.0,92118,-8.0,178094000.0,45327000.0,2038,2129,2018-09-28 21:00:00
20180928 21:01,496.0,496.0,495.0,495.0,4170,590.0,92526,408.0,207301000.0,29207000.0,1798,2310,2018-09-28 21:01:00
20180928 21:02,495.0,496.0,495.0,496.0,4616,446.0,92350,-176.0,229404000.0,22103000.0,639,1020,2018-09-28 21:02:00
20180928 21:03,496.0,496.0,495.5,495.5,4780,164.0,92280,-70.0,237531000.0,8127000.0,1222,4271,2018-09-28 21:03:00
20180928 21:04,495.5,495.5,495.0,495.0,5330,550.0,92352,72.0,264764000.0,27233000.0,1638,4488,2018-09-28 21:04:00
20180928 21:05,495.0,496.5,495.0,496.0,5414,84.0,92322,-30.0,268929000.0,4165000.0,3532,2216,2018-09-28 21:05:00
20180928 21:06,496.0,496.0,495.5,495.5,5542,128.0,92274,-48.0,275275000.0,6346000.0,2899,4604,2018-09-28 21:06:00
20180928 21:07,495.5,497.0,495.5,497.0,6076,534.0,92216,-58.0,301783000.0,26508000.0,3808,3004,2018-09-28 21:07:00
20180928 21:08,497.0,497.0,496.5,496.5,6368,292.0,92130,-86.0,316284000.0,14501000.0,1556,2274,2018-09-28 21:08:00
20180928 21:09,496.5,496.5,496.0,496.5,6388,20.0,92124,-6.0,317276000.0,992000.0,501,1665,2018-09-28 21:09:00
20180928 21:10,496.5,496.5,496.0,496.0,6716,328.0,91974,-150.0,333561000.0,16285000.0,1720,3629,2018-09-28 21:10:00
20180928 21:11,496.0,496.0,496.0,496.0,6716,0.0,91974,0.0,333561000.0,0.0,815,858,2018-09-28 21:11:00
20180928 21:12,496.0,496.5,496.0,496.5,6718,2.0,91976,2.0,333660000.0,99000.0,693,705,2018-09-28 21:12:00
20180928 21:13,496.5,496.5,496.0,496.5,6724,6.0,91980,4.0,333958000.0,298000.0,765,1047,2018-09-28 21:13:00
20180928 21:14,496.5,496.5,496.5,496.5,6726,2.0,91982,2.0,334057000.0,99000.0,457,280,2018-09-28 21:14:00
20180928 21:15,496.5,496.5,496.0,496.0,6814,88.0,91976,-6.0,338422000.0,4365000.0,1449,2262,2018-09-28 21:15:00
20180928 21:16,496.0,496.0,495.5,496.0,6926,112.0,91936,-40.0,343975000.0,5553000.0,1950,1574,2018-09-28 21:16:00
20180928 21:17,496.0,496.0,496.0,496.0,7054,128.0,91904,-32.0,350324000.0,6349000.0,934,2581,2018-09-28 21:17:00
20180928 21:18,496.0,496.0,496.0,496.0,7110,56.0,91940,36.0,353101000.0,2777000.0,736,557,2018-09-28 21:18:00
20180928 21:19,496.0,496.0,495.5,495.5,7198,88.0,91916,-24.0,357462000.0,4361000.0,780,1827,2018-09-28 21:19:00
20180928 21:20,495.5,495.5,495.0,495.5,7350,152.0,91976,60.0,364993000.0,7531000.0,1930,3728,2018-09-28 21:20:00
20180928 21:21,495.5,495.5,495.5,495.5,7350,0.0,91976,0.0,364993000.0,0.0,584,511,2018-09-28 21:21:00
20180928 21:22,495.5,496.0,495.5,496.0,7360,10.0,91966,-10.0,365489000.0,496000.0,334,522,2018-09-28 21:22:00
20180928 21:23,496.0,496.0,496.0,496.0,7608,248.0,92024,58.0,377790000.0,12301000.0,1428,1532,2018-09-28 21:23:00
20180928 21:24,496.0,496.0,496.0,496.0,7832,224.0,92072,48.0,388900000.0,11110000.0,1352,1380,2018-09-28 21:24:00
20180928 21:25,496.0,496.0,495.5,496.0,8128,296.0,92006,-66.0,403581000.0,14681000.0,1584,2638,2018-09-28 21:25:00
20180928 21:26,496.0,496.0,496.0,496.0,8150,22.0,92018,12.0,404673000.0,1092000.0,233,756,2018-09-28 21:26:00
20180928 21:27,496.0,496.0,496.0,496.0,8150,0.0,92018,0.0,404673000.0,0.0,144,727,2018-09-28 21:27:00
20180928 21:28,496.0,496.0,495.5,495.5,8160,10.0,92028,10.0,405168000.0,495000.0,383,707,2018-09-28 21:28:00
20180928 21:29,495.5,496.0,495.5,496.0,8164,4.0,92026,-2.0,405366000.0,198000.0,429,660,2018-09-28 21:29:00
20180928 21:30,495.5,495.5,495.5,495.5,8166,2.0,92028,2.0,405466000.0,100000.0,262,502,2018-09-28 21:30:00
20180928 21:31,495.5,495.5,495.5,495.5,8240,74.0,92024,-4.0,409132000.0,3666000.0,736,955,2018-09-28 21:31:00
20180928 21:32,495.5,495.5,495.0,495.5,8326,86.0,92020,-4.0,413393000.0,4261000.0,924,1226,2018-09-28 21:32:00
20180928 21:33,495.5,495.5,495.0,495.0,8402,76.0,92012,-8.0,417159000.0,3766000.0,1596,1471,2018-09-28 21:33:00
20180928 21:34,495.0,495.5,495.0,495.5,8544,142.0,91962,-50.0,424195000.0,7036000.0,1471,1026,2018-09-28 21:34:00
20180928 21:35,495.5,495.5,495.0,495.0,8596,52.0,91960,-2.0,426769000.0,2574000.0,966,2341,2018-09-28 21:35:00
20180928 21:36,495.0,495.0,495.0,495.0,8778,182.0,91952,-8.0,435778000.0,9009000.0,1310,2218,2018-09-28 21:36:00
20180928 21:37,495.0,495.5,495.0,495.5,9058,280.0,91832,-120.0,449652000.0,13874000.0,1991,1914,2018-09-28 21:37:00
20180928 21:38,495.5,495.5,495.5,495.5,9422,364.0,91810,-22.0,467688000.0,18036000.0,2088,3242,2018-09-28 21:38:00
20180928 21:39,495.5,495.5,495.5,495.5,9466,44.0,91786,-24.0,469869000.0,2181000.0,1611,1596,2018-09-28 21:39:00
20180928 21:40,495.5,495.5,495.5,495.5,9466,0.0,91786,0.0,469869000.0,0.0,471,186,2018-09-28 21:40:00
20180928 21:41,495.5,496.0,495.5,496.0,9572,106.0,91778,-8.0,475126000.0,5257000.0,1565,1133,2018-09-28 21:41:00
20180928 21:42,496.0,496.0,495.5,495.5,9798,226.0,91788,10.0,486327000.0,11201000.0,1337,3281,2018-09-28 21:42:00
20180928 21:43,495.5,495.5,495.5,495.5,9964,166.0,91784,-4.0,494553000.0,8226000.0,698,2226,2018-09-28 21:43:00
20180928 21:44,495.5,495.5,495.0,495.0,10312,348.0,91722,-62.0,511792000.0,17239000.0,1344,4292,2018-09-28 21:44:00
20180928 21:45,495.0,495.0,495.0,495.0,10314,2.0,91720,-2.0,511891000.0,99000.0,132,810,2018-09-28 21:45:00
20180928 21:46,495.0,495.0,494.0,494.0,10568,254.0,91670,-50.0,524460000.0,12569000.0,2081,3665,2018-09-28 21:46:00
20180928 21:47,494.0,494.0,492.0,492.5,10864,296.0,91618,-52.0,539052000.0,14592000.0,2909,3970,2018-09-28 21:47:00
20180928 21:48,492.5,493.0,492.5,493.0,10990,126.0,91550,-68.0,545260000.0,6208000.0,1413,1359,2018-09-28 21:48:00
20180928 21:49,493.0,493.0,492.5,492.5,11032,42.0,91544,-6.0,547330000.0,2070000.0,2010,3214,2018-09-28 21:49:00
20180928 21:50,492.5,492.5,492.5,492.5,11042,10.0,91540,-4.0,547822000.0,492000.0,730,1542,2018-09-28 21:50:00
20180928 21:51,492.5,492.5,492.5,492.5,11080,38.0,91576,36.0,549694000.0,1872000.0,405,2280,2018-09-28 21:51:00
20180928 21:52,492.5,492.5,489.5,489.5,11290,210.0,91508,-68.0,560000000.0,10306000.0,1653,2498,2018-09-28 21:52:00
20180928 21:53,489.5,490.5,489.0,490.5,11566,276.0,91460,-48.0,573522000.0,13522000.0,3776,5227,2018-09-28 21:53:00
20180928 21:54,490.5,491.0,490.0,490.5,11730,164.0,91394,-66.0,581566000.0,8044000.0,2259,5495,2018-09-28 21:54:00
20180928 21:55,490.5,491.0,490.5,491.0,11850,120.0,91384,-10.0,587454000.0,5888000.0,2160,3926,2018-09-28 21:55:00
20180928 21:56,491.0,491.5,491.0,491.0,11928,78.0,91392,8.0,591282000.0,3828000.0,3260,6222,2018-09-28 21:56:00
20180928 21:57,491.0,491.0,489.0,489.0,12206,278.0,91562,170.0,604903000.0,13621000.0,2660,1564,2018-09-28 21:57:00
20180928 21:58,489.0,489.5,488.5,488.5,12234,28.0,91566,4.0,606272000.0,1369000.0,5634,825,2018-09-28 21:58:00
20180928 21:59,488.5,489.5,488.5,489.5,12272,38.0,91550,-16.0,608131000.0,1859000.0,2335,1984,2018-09-28 21:59:00
20180928 22:00,489.5,489.5,489.5,489.5,12562,290.0,91470,-80.0,622327000.0,14196000.0,2242,2436,2018-09-28 22:00:00
20180928 22:01,489.5,490.0,489.5,490.0,12828,266.0,91246,-224.0,635358000.0,13031000.0,442,1782,2018-09-28 22:01:00
20180928 22:02,490.0,490.0,490.0,490.0,12924,96.0,91280,34.0,640062000.0,4704000.0,1595,1261,2018-09-28 22:02:00
20180928 22:03,490.0,491.0,490.0,491.0,12994,70.0,91262,-18.0,643496000.0,3434000.0,1147,2577,2018-09-28 22:03:00
20180928 22:04,490.5,490.5,490.5,490.5,13036,42.0,91296,34.0,645556000.0,2060000.0,145,597,2018-09-28 22:04:00
20180928 22:05,490.5,490.5,490.5,490.5,13036,0.0,91296,0.0,645556000.0,0.0,48,133,2018-09-28 22:05:00
20180928 22:06,490.5,490.5,490.5,490.5,13038,2.0,91296,0.0,645654000.0,98000.0,47,133,2018-09-28 22:06:00
20180928 22:07,490.5,490.5,490.5,490.5,13038,0.0,91296,0.0,645654000.0,0.0,8,133,2018-09-28 22:07:00
20180928 22:08,490.5,491.0,490.5,491.0,13146,108.0,91286,-10.0,650956000.0,5302000.0,906,1139,2018-09-28 22:08:00
20180928 22:09,491.0,491.0,490.5,490.5,14504,1358.0,89954,-1332.0,717632000.0,66676000.0,4225,3770,2018-09-28 22:09:00
20180928 22:10,490.5,491.0,490.5,491.0,14506,2.0,89952,-2.0,717731000.0,99000.0,795,2261,2018-09-28 22:10:00
20180928 22:12,491.0,491.0,491.0,491.0,14506,0.0,89952,0.0,717731000.0,0.0,67,608,2018-09-28 22:12:00
20180928 22:13,491.0,491.0,491.0,491.0,14510,4.0,89952,0.0,717927000.0,196000.0,17,272,2018-09-28 22:13:00
20180928 22:14,491.0,491.0,491.0,491.0,14510,0.0,89952,0.0,717927000.0,0.0,46,559,2018-09-28 22:14:00
20180928 22:15,491.0,491.0,491.0,491.0,14510,0.0,89952,0.0,717927000.0,0.0,51,495,2018-09-28 22:15:00
20180928 22:16,491.0,491.0,491.0,491.0,16470,1960.0,88188,-1764.0,814163000.0,96236000.0,1742,1942,2018-09-28 22:16:00
20180928 22:17,491.0,491.5,491.0,491.0,16722,252.0,88202,14.0,826536000.0,12373000.0,1829,1329,2018-09-28 22:17:00
20180928 22:18,491.0,491.0,491.0,491.0,16722,0.0,88202,0.0,826536000.0,0.0,12,153,2018-09-28 22:18:00
20180928 22:19,491.0,491.0,491.0,491.0,17970,1248.0,86978,-1224.0,887813000.0,61277000.0,197,775,2018-09-28 22:19:00
20180928 22:20,491.0,491.0,491.0,491.0,17996,26.0,86978,0.0,889090000.0,1277000.0,281,351,2018-09-28 22:20:00
20180928 22:21,491.0,491.0,491.0,491.0,17996,0.0,86978,0.0,889090000.0,0.0,509,495,2018-09-28 22:21:00
20180928 22:22,491.0,491.0,491.0,491.0,17996,0.0,86978,0.0,889090000.0,0.0,113,99,2018-09-28 22:22:00
20180928 22:24,491.5,491.5,491.5,491.5,17998,2.0,86978,0.0,889188000.0,98000.0,225,198,2018-09-28 22:24:00
20180928 22:25,491.5,491.5,491.5,491.5,17998,0.0,86978,0.0,889188000.0,0.0,228,199,2018-09-28 22:25:00
20180928 22:26,491.5,491.5,491.5,491.5,17998,0.0,86978,0.0,889188000.0,0.0,583,600,2018-09-28 22:26:00
20180928 22:27,491.5,492.0,491.5,492.0,18154,156.0,86888,-90.0,896857000.0,7669000.0,823,1331,2018-09-28 22:27:00
20180928 22:28,492.0,492.0,492.0,492.0,19644,1490.0,85566,-1322.0,970165000.0,73308000.0,1053,1357,2018-09-28 22:28:00
20180928 22:29,492.0,492.0,492.0,492.0,19782,138.0,85578,12.0,976955000.0,6790000.0,7077,1133,2018-09-28 22:29:00
20180928 22:30,492.0,492.0,491.5,491.5,19824,42.0,85576,-2.0,979019000.0,2064000.0,3227,3045,2018-09-28 22:30:00
20180928 22:31,491.5,491.5,491.5,491.5,19850,26.0,85588,12.0,980297000.0,1278000.0,5943,2756,2018-09-28 22:31:00
20180928 22:32,491.5,491.5,491.5,491.5,20726,876.0,84728,-860.0,1023350000.0,43053000.0,825,2157,2018-09-28 22:32:00
20180928 22:33,491.5,491.5,491.5,491.5,22162,1436.0,83318,-1410.0,1093930000.0,70580000.0,6113,4072,2018-09-28 22:33:00
20180928 22:34,491.5,491.5,491.5,491.5,22946,784.0,82534,-784.0,1132470000.0,38540000.0,1553,801,2018-09-28 22:34:00
20180928 22:35,491.5,491.5,491.5,491.5,22970,24.0,82534,0.0,1133650000.0,1180000.0,1568,509,2018-09-28 22:35:00
20180928 22:36,491.5,491.5,491.5,491.5,22988,18.0,82522,-12.0,1134530000.0,880000.0,684,1154,2018-09-28 22:36:00
20180928 22:37,491.5,491.5,491.5,491.5,23766,778.0,81812,-710.0,1172770000.0,38240000.0,5602,1967,2018-09-28 22:37:00
20180928 22:38,491.5,491.5,491.5,491.5,23772,6.0,81806,-6.0,1173060000.0,290000.0,1170,387,2018-09-28 22:38:00
20180928 22:39,491.5,491.5,491.5,491.5,24198,426.0,81382,-424.0,1194000000.0,20940000.0,1832,1114,2018-09-28 22:39:00
20180928 22:40,491.5,491.5,491.5,491.5,24204,6.0,81384,2.0,1194300000.0,300000.0,3210,1752,2018-09-28 22:40:00
20180928 22:41,491.5,491.5,491.5,491.5,24240,36.0,81380,-4.0,1196070000.0,1770000.0,9906,3454,2018-09-28 22:41:00
20180928 22:42,491.5,492.0,491.5,492.0,24310,70.0,81340,-40.0,1199510000.0,3440000.0,1939,913,2018-09-28 22:42:00
20180928 22:43,492.0,492.0,492.0,492.0,24310,0.0,81340,0.0,1199510000.0,0.0,302,66,2018-09-28 22:43:00
20180928 22:44,492.0,492.0,492.0,492.0,24462,152.0,81356,16.0,1206990000.0,7480000.0,454,702,2018-09-28 22:44:00
20180928 22:45,492.0,492.0,491.5,491.5,24482,20.0,81358,2.0,1207970000.0,980000.0,1539,622,2018-09-28 22:45:00
20180928 22:46,491.5,491.5,491.5,491.5,24512,30.0,81364,6.0,1209450000.0,1480000.0,7954,2468,2018-09-28 22:46:00
20180928 22:47,491.5,491.5,491.5,491.5,24512,0.0,81364,0.0,1209450000.0,0.0,272,102,2018-09-28 22:47:00
20180928 22:49,491.5,491.5,491.5,491.5,24512,0.0,81364,0.0,1209450000.0,0.0,1860,1539,2018-09-28 22:49:00
20180928 22:50,491.5,492.0,491.5,492.0,24584,72.0,81304,-60.0,1212990000.0,3540000.0,2130,631,2018-09-28 22:50:00
20180928 22:51,492.0,492.0,492.0,492.0,24584,0.0,81304,0.0,1212990000.0,0.0,263,78,2018-09-28 22:51:00
20180928 22:52,492.0,492.0,491.0,491.0,24852,268.0,81258,-46.0,1226150000.0,13160000.0,2008,1604,2018-09-28 22:52:00
20180928 22:53,491.0,491.0,490.5,491.0,24922,70.0,81294,36.0,1229590000.0,3440000.0,3927,2809,2018-09-28 22:53:00
20180928 22:54,491.0,491.0,490.5,490.5,25120,198.0,81292,-2.0,1239310000.0,9720000.0,5514,4109,2018-09-28 22:54:00
20180928 22:55,490.5,490.5,488.5,489.5,25578,458.0,81342,50.0,1261710000.0,22400000.0,4815,2377,2018-09-28 22:55:00
20180928 22:56,489.5,489.5,489.5,489.5,25652,74.0,81344,2.0,1265340000.0,3630000.0,1742,1039,2018-09-28 22:56:00
20180928 22:57,489.5,490.0,489.0,490.0,25840,188.0,81332,-12.0,1274540000.0,9200000.0,1927,4068,2018-09-28 22:57:00
20180928 22:58,490.0,490.0,489.5,489.5,25958,118.0,81360,28.0,1280310000.0,5770000.0,695,1793,2018-09-28 22:58:00
20180928 22:59,489.5,490.0,489.0,489.5,26172,214.0,81356,-4.0,1290790000.0,10480000.0,1188,4735,2018-09-28 22:59:00
20180928 23:00,489.0,490.0,489.0,490.0,26198,26.0,81358,2.0,1292060000.0,1270000.0,3175,7660,2018-09-28 23:00:00
20180928 23:01,490.0,490.5,489.5,490.0,26240,42.0,81352,-6.0,1294120000.0,2060000.0,1395,815,2018-09-28 23:01:00
20180928 23:02,490.0,490.0,490.0,490.0,26252,12.0,81354,2.0,1294710000.0,590000.0,2397,2003,2018-09-28 23:02:00
20180928 23:03,490.0,490.0,489.5,489.5,26254,2.0,81352,-2.0,1294800000.0,90000.0,1990,1008,2018-09-28 23:03:00
20180928 23:04,489.5,489.5,489.5,489.5,27762,1508.0,81058,-294.0,1368620000.0,73820000.0,2629,2142,2018-09-28 23:04:00
20180928 23:05,489.5,489.5,489.0,489.5,29018,1256.0,80514,-544.0,1430100000.0,61480000.0,2574,3897,2018-09-28 23:05:00
20180928 23:06,489.5,489.5,489.5,489.5,29018,0.0,80514,0.0,1430100000.0,0.0,741,776,2018-09-28 23:06:00
20180928 23:07,489.5,489.5,486.5,486.5,29710,692.0,80330,-184.0,1463890000.0,33790000.0,2739,1683,2018-09-28 23:07:00
20180928 23:08,486.5,487.5,486.0,487.0,30038,328.0,80124,-206.0,1479850000.0,15960000.0,2730,3061,2018-09-28 23:08:00
20180928 23:09,487.0,487.0,487.0,487.0,30050,12.0,80122,-2.0,1480430000.0,580000.0,2119,2200,2018-09-28 23:09:00
20180928 23:10,487.0,487.0,487.0,487.0,30058,8.0,80122,0.0,1480820000.0,390000.0,586,129,2018-09-28 23:10:00
20180928 23:11,487.0,487.5,487.0,487.5,30124,66.0,80120,-2.0,1484040000.0,3220000.0,565,862,2018-09-28 23:11:00
20180928 23:12,487.5,487.5,487.5,487.5,30130,6.0,80120,0.0,1484330000.0,290000.0,1325,997,2018-09-28 23:12:00
20180928 23:13,487.5,487.5,487.5,487.5,30132,2.0,80118,-2.0,1484430000.0,100000.0,9,231,2018-09-28 23:13:00
20180928 23:14,487.5,488.0,487.5,488.0,30152,20.0,80112,-6.0,1485400000.0,970000.0,2707,1952,2018-09-28 23:14:00
20180928 23:15,488.0,488.0,487.5,488.0,30958,806.0,79830,-282.0,1524740000.0,39340000.0,3891,1165,2018-09-28 23:15:00
20180928 23:16,488.0,488.0,487.5,488.0,31026,68.0,79840,10.0,1528050000.0,3310000.0,3467,1274,2018-09-28 23:16:00
20180928 23:17,488.0,488.0,488.0,488.0,31032,6.0,79840,0.0,1528350000.0,300000.0,685,397,2018-09-28 23:17:00
20180928 23:18,488.0,488.0,487.5,487.5,31068,36.0,79842,2.0,1530100000.0,1750000.0,2639,1416,2018-09-28 23:18:00
20180928 23:19,487.5,487.5,487.5,487.5,31068,0.0,79842,0.0,1530100000.0,0.0,2280,1011,2018-09-28 23:19:00
20180928 23:21,487.5,487.5,487.5,487.5,31070,2.0,79842,0.0,1530200000.0,100000.0,658,393,2018-09-28 23:21:00
20180928 23:22,487.5,487.5,487.5,487.5,31072,2.0,79840,-2.0,1530300000.0,100000.0,1042,747,2018-09-28 23:22:00
20180928 23:23,487.5,487.5,487.5,487.5,31074,2.0,79838,-2.0,1530390000.0,90000.0,2087,490,2018-09-28 23:23:00
20180928 23:24,487.0,487.0,487.0,487.0,31076,2.0,79836,-2.0,1530490000.0,100000.0,343,415,2018-09-28 23:24:00
20180928 23:25,487.0,487.0,487.0,487.0,31076,0.0,79836,0.0,1530490000.0,0.0,29,239,2018-09-28 23:25:00
20180928 23:26,487.5,487.5,487.5,487.5,31098,22.0,79820,-16.0,1531560000.0,1070000.0,274,292,2018-09-28 23:26:00
20180928 23:27,488.0,488.0,488.0,488.0,31138,40.0,79800,-20.0,1533510000.0,1950000.0,237,288,2018-09-28 23:27:00
20180928 23:28,488.0,488.0,487.5,487.5,31142,4.0,79798,-2.0,1533710000.0,200000.0,98,95,2018-09-28 23:28:00
20180928 23:29,487.5,488.0,487.5,488.0,31248,106.0,79788,-10.0,1538880000.0,5170000.0,2404,258,2018-09-28 23:29:00
20180928 23:30,488.0,488.0,488.0,488.0,31248,0.0,79788,0.0,1538880000.0,0.0,8,2,2018-09-28 23:30:00
20181008 08:59,498.0,498.0,498.0,498.0,496,496.0,75250,-4538.0,24700800.0,24700800.0,1,1,2018-10-08 08:59:00
20181008 09:00,498.0,501.0,495.5,496.0,888,392.0,75374,124.0,44244300.0,19543500.0,1518,1730,2018-10-08 09:00:00
20181008 09:01,496.0,499.5,495.0,499.0,1358,470.0,75224,-150.0,67612000.0,23367700.0,1257,4325,2018-10-08 09:01:00
20181008 09:02,499.0,499.0,498.5,498.5,1624,266.0,75126,-98.0,80879700.0,13267700.0,1718,3011,2018-10-08 09:02:00
20181008 09:03,498.5,498.5,498.5,498.5,1642,18.0,75116,-10.0,81777000.0,897300.0,1607,2862,2018-10-08 09:03:00
20181008 09:04,498.5,499.5,498.5,499.5,1760,118.0,75120,4.0,87660700.0,5883700.0,1756,1725,2018-10-08 09:04:00
20181008 09:05,499.5,501.0,499.5,501.0,1884,124.0,75086,-34.0,93870300.0,6209600.0,2660,2648,2018-10-08 09:05:00
20181008 09:06,501.0,502.0,500.5,500.5,2060,176.0,75076,-10.0,102690000.0,8819700.0,3193,4914,2018-10-08 09:06:00
20181008 09:07,500.5,500.5,499.5,499.5,2106,46.0,75052,-24.0,104991000.0,2301000.0,3744,2189,2018-10-08 09:07:00
20181008 09:08,499.5,499.5,498.5,499.0,2174,68.0,74998,-54.0,108384000.0,3393000.0,4381,2756,2018-10-08 09:08:00
20181008 09:09,499.0,500.0,499.0,500.0,2292,118.0,74954,-44.0,114282000.0,5898000.0,3435,4166,2018-10-08 09:09:00
20181008 09:10,500.0,500.0,499.0,499.5,2404,112.0,74926,-28.0,119874000.0,5592000.0,3004,4584,2018-10-08 09:10:00
20181008 09:11,499.5,499.5,498.0,498.5,2514,110.0,74898,-28.0,125359000.0,5485000.0,2815,2007,2018-10-08 09:11:00
20181008 09:12,498.5,499.0,498.0,499.0,2588,74.0,74886,-12.0,129048000.0,3689000.0,2928,2506,2018-10-08 09:12:00
20181008 09:13,499.0,499.0,498.0,498.5,2668,80.0,74868,-18.0,133036000.0,3988000.0,3541,3228,2018-10-08 09:13:00
20181008 09:14,498.5,498.5,497.0,498.5,3038,370.0,74684,-184.0,151459000.0,18423000.0,5710,4047,2018-10-08 09:14:00
20181008 09:15,498.5,499.0,498.5,498.5,3090,52.0,74696,12.0,154052000.0,2593000.0,4046,1504,2018-10-08 09:15:00
20181008 09:16,498.5,498.5,498.0,498.5,3340,250.0,74794,98.0,166504000.0,12452000.0,3726,1201,2018-10-08 09:16:00
20181008 09:17,498.0,498.0,497.5,497.5,3440,100.0,74760,-34.0,171480000.0,4976000.0,2221,2736,2018-10-08 09:17:00
20181008 09:18,497.5,497.5,497.0,497.0,3524,84.0,74732,-28.0,175657000.0,4177000.0,1813,1634,2018-10-08 09:18:00
20181008 09:19,497.0,497.0,497.0,497.0,3524,0.0,74732,0.0,175657000.0,0.0,428,180,2018-10-08 09:19:00
20181008 09:20,497.0,498.0,497.0,498.0,7060,3536.0,74386,-346.0,351638000.0,175981000.0,2414,2645,2018-10-08 09:20:00
20181008 09:21,498.0,498.0,498.0,498.0,9268,2208.0,73646,-740.0,461596000.0,109958000.0,2815,969,2018-10-08 09:21:00
20181008 09:22,498.0,498.5,498.0,498.5,12618,3350.0,71854,-1792.0,628536000.0,166940000.0,1592,1951,2018-10-08 09:22:00
20181008 09:23,498.0,498.0,498.0,498.0,12860,242.0,71800,-54.0,640587000.0,12051000.0,4946,1795,2018-10-08 09:23:00
20181008 09:24,498.0,498.0,498.0,498.0,12862,2.0,71798,-2.0,640687000.0,100000.0,6265,3063,2018-10-08 09:24:00
20181008 09:25,498.0,498.0,498.0,498.0,12862,0.0,71798,0.0,640687000.0,0.0,3453,1309,2018-10-08 09:25:00
20181008 09:26,498.0,498.0,497.5,498.0,15512,2650.0,70732,-1066.0,772656000.0,131969000.0,1535,2048,2018-10-08 09:26:00
20181008 09:27,498.0,498.0,498.0,498.0,15512,0.0,70732,0.0,772656000.0,0.0,46,164,2018-10-08 09:27:00
20181008 09:28,498.0,498.0,498.0,498.0,15512,0.0,70732,0.0,772656000.0,0.0,28,77,2018-10-08 09:28:00
20181008 09:29,498.0,498.0,498.0,498.0,15512,0.0,70732,0.0,772656000.0,0.0,53,154,2018-10-08 09:29:00
20181008 09:30,498.0,498.0,498.0,498.0,15512,0.0,70732,0.0,772656000.0,0.0,91,348,2018-10-08 09:30:00
20181008 09:31,498.0,498.0,498.0,498.0,19030,3518.0,70182,-550.0,947852000.0,175196000.0,4149,1874,2018-10-08 09:31:00
20181008 09:32,498.0,498.0,496.5,496.5,21280,2250.0,69656,-526.0,1059690000.0,111838000.0,4299,2851,2018-10-08 09:32:00
20181008 09:33,496.5,496.5,495.5,496.0,23230,1950.0,69366,-290.0,1156450000.0,96760000.0,3313,1266,2018-10-08 09:33:00
20181008 09:34,496.0,496.0,496.0,496.0,29954,6724.0,67398,-1968.0,1489960000.0,333510000.0,2717,2590,2018-10-08 09:34:00
20181008 09:35,496.0,496.0,496.0,496.0,31408,1454.0,65998,-1400.0,1562070000.0,72110000.0,1521,1111,2018-10-08 09:35:00
20181008 09:36,496.0,496.0,496.0,496.0,33100,1692.0,65714,-284.0,1646000000.0,83930000.0,811,546,2018-10-08 09:36:00
20181008 09:37,496.0,497.0,496.0,497.0,33214,114.0,65632,-82.0,1651660000.0,5660000.0,857,1175,2018-10-08 09:37:00
20181008 09:38,497.0,497.0,497.0,497.0,33504,290.0,65496,-136.0,1666070000.0,14410000.0,826,1595,2018-10-08 09:38:00
20181008 09:39,497.0,497.0,496.5,497.0,33596,92.0,65446,-50.0,1670640000.0,4570000.0,1171,869,2018-10-08 09:39:00
20181008 09:40,497.0,497.0,497.0,497.0,33664,68.0,65478,32.0,1674020000.0,3380000.0,589,744,2018-10-08 09:40:00
20181008 09:41,497.0,497.0,496.5,496.5,33692,28.0,65470,-8.0,1675410000.0,1390000.0,443,608,2018-10-08 09:41:00
20181008 09:42,496.5,496.5,496.5,496.5,34060,368.0,65250,-220.0,1693690000.0,18280000.0,1669,1882,2018-10-08 09:42:00
20181008 09:43,496.5,496.5,496.5,496.5,34060,0.0,65250,0.0,1693690000.0,0.0,907,237,2018-10-08 09:43:00
20181008 09:44,496.5,496.5,496.5,496.5,34144,84.0,65232,-18.0,1697860000.0,4170000.0,1812,2217,2018-10-08 09:44:00
20181008 09:45,496.5,496.5,496.0,496.5,34290,146.0,65226,-6.0,1705100000.0,7240000.0,1647,1906,2018-10-08 09:45:00
20181008 09:46,496.5,496.5,496.5,496.5,34696,406.0,65012,-214.0,1725260000.0,20160000.0,3705,1572,2018-10-08 09:46:00
20181008 09:47,496.5,496.5,496.5,496.5,34696,0.0,65012,0.0,1725260000.0,0.0,1759,1201,2018-10-08 09:47:00
20181008 09:48,496.5,496.5,496.5,496.5,34696,0.0,65012,0.0,1725260000.0,0.0,372,733,2018-10-08 09:48:00
20181008 09:49,496.5,496.5,496.5,496.5,34696,0.0,65012,0.0,1725260000.0,0.0,559,716,2018-10-08 09:49:00
20181008 09:50,496.5,496.5,496.0,496.0,34738,42.0,64982,-30.0,1727350000.0,2090000.0,1276,675,2018-10-08 09:50:00
20181008 09:51,496.0,496.0,496.0,496.0,35370,632.0,64636,-346.0,1758690000.0,31340000.0,2817,1611,2018-10-08 09:51:00
20181008 09:52,496.0,496.0,495.5,495.5,35378,8.0,64634,-2.0,1759090000.0,400000.0,685,800,2018-10-08 09:52:00
20181008 09:53,495.5,496.0,495.5,496.0,35426,48.0,64602,-32.0,1761470000.0,2380000.0,1896,770,2018-10-08 09:53:00
20181008 09:54,496.0,496.0,496.0,496.0,35426,0.0,64602,0.0,1761470000.0,0.0,398,217,2018-10-08 09:54:00
20181008 09:55,496.0,496.5,496.0,496.5,35816,390.0,64428,-174.0,1780830000.0,19360000.0,3778,1426,2018-10-08 09:55:00
20181008 09:56,496.5,496.5,493.5,494.0,36018,202.0,64382,-46.0,1790820000.0,9990000.0,6250,2177,2018-10-08 09:56:00
20181008 09:57,494.0,494.0,493.5,493.5,36128,110.0,64280,-102.0,1796250000.0,5430000.0,4101,1965,2018-10-08 09:57:00
20181008 09:58,493.5,493.5,493.0,493.0,36250,122.0,64178,-102.0,1802270000.0,6020000.0,1940,1906,2018-10-08 09:58:00
20181008 09:59,493.0,493.5,493.0,493.5,36314,64.0,64184,6.0,1805420000.0,3150000.0,1542,2042,2018-10-08 09:59:00
20181008 10:00,494.0,494.0,494.0,494.0,36316,2.0,64182,-2.0,1805520000.0,100000.0,674,920,2018-10-08 10:00:00
20181008 10:01,494.0,494.0,493.5,493.5,36586,270.0,64082,-100.0,1818850000.0,13330000.0,2155,2431,2018-10-08 10:01:00
20181008 10:02,493.5,494.0,493.5,494.0,36726,140.0,63952,-130.0,1825760000.0,6910000.0,1476,1112,2018-10-08 10:02:00
20181008 10:03,494.0,494.0,494.0,494.0,36728,2.0,63952,0.0,1825860000.0,100000.0,624,1134,2018-10-08 10:03:00
20181008 10:04,494.0,494.0,494.0,494.0,37810,1082.0,63634,-318.0,1879310000.0,53450000.0,4636,4633,2018-10-08 10:04:00
20181008 10:05,494.0,494.0,494.0,494.0,46074,8264.0,62082,-1552.0,2287560000.0,408250000.0,3600,2786,2018-10-08 10:05:00
20181008 10:06,494.0,494.0,494.0,494.0,49862,3788.0,61716,-366.0,2474680000.0,187120000.0,1446,1221,2018-10-08 10:06:00
20181008 10:07,494.0,494.5,494.0,494.5,50910,1048.0,62484,768.0,2526510000.0,51830000.0,1150,1020,2018-10-08 10:07:00
20181008 10:08,494.5,494.5,494.5,494.5,51838,928.0,61566,-918.0,2572400000.0,45890000.0,373,118,2018-10-08 10:08:00
20181008 10:09,494.5,495.0,494.5,495.0,53426,1588.0,62414,848.0,2650960000.0,78560000.0,757,1920,2018-10-08 10:09:00
20181008 10:10,495.0,495.0,495.0,495.0,53426,0.0,62414,0.0,2650960000.0,0.0,114,360,2018-10-08 10:10:00
20181008 10:11,495.0,495.0,495.0,495.0,53426,0.0,62414,0.0,2650960000.0,0.0,255,486,2018-10-08 10:11:00
20181008 10:12,495.0,495.0,494.5,494.5,54308,882.0,61710,-704.0,2694580000.0,43620000.0,1643,2011,2018-10-08 10:12:00
20181008 10:13,494.5,495.0,494.5,494.5,56672,2364.0,60398,-1312.0,2811480000.0,116900000.0,2321,2982,2018-10-08 10:13:00
20181008 10:14,494.5,494.5,494.0,494.5,58296,1624.0,60158,-240.0,2891780000.0,80300000.0,2486,1889,2018-10-08 10:14:00
20181008 10:30,494.5,494.5,494.5,494.5,58300,4.0,60154,-4.0,2891980000.0,200000.0,1695,1201,2018-10-08 10:30:00
20181008 10:31,494.5,494.5,494.5,494.5,58404,104.0,60050,-104.0,2897130000.0,5150000.0,614,781,2018-10-08 10:31:00
20181008 10:32,494.5,494.5,494.5,494.5,59312,908.0,60076,26.0,2942030000.0,44900000.0,1330,2453,2018-10-08 10:32:00
20181008 10:33,494.5,494.5,494.5,494.5,59312,0.0,60076,0.0,2942030000.0,0.0,212,116,2018-10-08 10:33:00
20181008 10:34,494.5,494.5,494.5,494.5,59314,2.0,60074,-2.0,2942120000.0,90000.0,429,449,2018-10-08 10:34:00
20181008 10:35,494.5,495.0,494.5,495.0,62866,3552.0,59868,-206.0,3117950000.0,175830000.0,1332,1789,2018-10-08 10:35:00
20181008 10:36,495.0,495.5,495.0,495.5,63766,900.0,58986,-882.0,3162540000.0,44590000.0,807,1039,2018-10-08 10:36:00
20181008 10:37,495.5,495.5,495.5,495.5,64648,882.0,59680,694.0,3206250000.0,43710000.0,755,1455,2018-10-08 10:37:00
20181008 10:38,495.5,495.5,495.5,495.5,65546,898.0,58792,-888.0,3250740000.0,44490000.0,891,939,2018-10-08 10:38:00
20181008 10:39,495.5,495.5,495.5,495.5,67266,1720.0,58620,-172.0,3335970000.0,85230000.0,476,872,2018-10-08 10:39:00
20181008 10:40,495.5,495.5,495.5,495.5,67266,0.0,58620,0.0,3335970000.0,0.0,96,502,2018-10-08 10:40:00
20181008 10:41,495.5,495.5,495.5,495.5,67268,2.0,58620,0.0,3336070000.0,100000.0,180,824,2018-10-08 10:41:00
20181008 10:42,495.5,495.5,495.0,495.0,67332,64.0,58626,6.0,3339240000.0,3170000.0,1346,915,2018-10-08 10:42:00
20181008 10:43,495.0,495.0,495.0,495.0,67332,0.0,58626,0.0,3339240000.0,0.0,310,74,2018-10-08 10:43:00
20181008 10:44,495.0,495.0,495.0,495.0,67404,72.0,58652,26.0,3342800000.0,3560000.0,1116,1517,2018-10-08 10:44:00
20181008 10:45,495.0,495.0,495.0,495.0,67406,2.0,58650,-2.0,3342900000.0,100000.0,832,320,2018-10-08 10:45:00
20181008 10:46,495.0,495.0,495.0,495.0,67418,12.0,58642,-8.0,3343490000.0,590000.0,715,334,2018-10-08 10:46:00
20181008 10:47,495.0,495.0,495.0,495.0,67460,42.0,58646,4.0,3345570000.0,2080000.0,475,863,2018-10-08 10:47:00
20181008 10:48,495.0,495.5,495.0,495.5,67482,22.0,58654,8.0,3346660000.0,1090000.0,1574,853,2018-10-08 10:48:00
20181008 10:49,495.5,495.5,495.5,495.5,67482,0.0,58654,0.0,3346660000.0,0.0,80,381,2018-10-08 10:49:00
20181008 10:50,495.5,495.5,495.5,495.5,67482,0.0,58654,0.0,3346660000.0,0.0,495,153,2018-10-08 10:50:00
20181008 10:51,495.5,495.5,495.5,495.5,67482,0.0,58654,0.0,3346660000.0,0.0,468,313,2018-10-08 10:51:00
20181008 10:52,495.5,495.5,495.0,495.5,67506,24.0,58644,-10.0,3347850000.0,1190000.0,363,729,2018-10-08 10:52:00
20181008 10:53,495.5,495.5,495.5,495.5,67534,28.0,58638,-6.0,3349240000.0,1390000.0,273,1005,2018-10-08 10:53:00
20181008 10:54,495.5,495.5,495.5,495.5,67534,0.0,58638,0.0,3349240000.0,0.0,31,66,2018-10-08 10:54:00
20181008 10:55,495.5,495.5,495.5,495.5,67586,52.0,58610,-28.0,3351810000.0,2570000.0,1177,995,2018-10-08 10:55:00
20181008 10:56,495.5,495.5,495.5,495.5,67586,0.0,58610,0.0,3351810000.0,0.0,285,334,2018-10-08 10:56:00
20181008 10:57,495.5,495.5,495.0,495.0,67632,46.0,58598,-12.0,3354090000.0,2280000.0,1138,2204,2018-10-08 10:57:00
20181008 10:58,495.5,495.5,495.5,495.5,67664,32.0,58606,8.0,3355680000.0,1590000.0,1254,565,2018-10-08 10:58:00
20181008 10:59,495.5,495.5,495.5,495.5,67664,0.0,58606,0.0,3355680000.0,0.0,230,212,2018-10-08 10:59:00
20181008 11:00,495.5,495.5,495.5,495.5,67670,6.0,58600,-6.0,3355980000.0,300000.0,600,356,2018-10-08 11:00:00
20181008 11:01,495.5,495.5,495.5,495.5,67686,16.0,58596,-4.0,3356770000.0,790000.0,458,1331,2018-10-08 11:01:00
20181008 11:02,495.5,495.5,495.0,495.5,67694,8.0,58594,-2.0,3357160000.0,390000.0,172,764,2018-10-08 11:02:00
20181008 11:03,495.5,495.5,495.0,495.0,67708,14.0,58596,2.0,3357860000.0,700000.0,287,1284,2018-10-08 11:03:00
20181008 11:04,495.0,495.5,495.0,495.5,67716,8.0,58588,-8.0,3358250000.0,390000.0,56,297,2018-10-08 11:04:00
20181008 11:05,495.5,495.5,495.0,495.0,67718,2.0,58588,0.0,3358350000.0,100000.0,159,592,2018-10-08 11:05:00
20181008 11:06,495.0,495.5,495.0,495.5,67770,52.0,58588,0.0,3360930000.0,2580000.0,962,1389,2018-10-08 11:06:00
20181008 11:07,495.5,496.0,495.5,496.0,67868,98.0,58568,-20.0,3365790000.0,4860000.0,2875,1561,2018-10-08 11:07:00
20181008 11:08,496.0,496.0,496.0,496.0,67908,40.0,58608,40.0,3367770000.0,1980000.0,289,478,2018-10-08 11:08:00
20181008 11:09,496.0,496.0,495.5,496.0,67980,72.0,58576,-32.0,3371340000.0,3570000.0,1222,2166,2018-10-08 11:09:00
20181008 11:10,496.0,496.0,496.0,496.0,68730,750.0,58702,126.0,3408540000.0,37200000.0,1220,670,2018-10-08 11:10:00
20181008 11:11,496.0,496.0,496.0,496.0,68808,78.0,58780,78.0,3412410000.0,3870000.0,1930,1451,2018-10-08 11:11:00
20181008 11:12,496.0,496.0,496.0,496.0,69556,748.0,58050,-730.0,3449510000.0,37100000.0,719,1148,2018-10-08 11:12:00
20181008 11:13,496.0,496.0,496.0,496.0,69614,58.0,58038,-12.0,3452390000.0,2880000.0,5629,3132,2018-10-08 11:13:00
20181008 11:14,496.0,496.0,496.0,496.0,69648,34.0,58032,-6.0,3454080000.0,1690000.0,1210,1186,2018-10-08 11:14:00
20181008 11:15,496.0,496.0,496.0,496.0,69716,68.0,57996,-36.0,3457450000.0,3370000.0,3910,3640,2018-10-08 11:15:00
20181008 11:16,496.0,496.0,496.0,496.0,69728,12.0,57984,-12.0,3458050000.0,600000.0,828,795,2018-10-08 11:16:00
20181008 11:17,496.0,496.0,496.0,496.0,69822,94.0,57970,-14.0,3462710000.0,4660000.0,2660,2059,2018-10-08 11:17:00
20181008 11:18,496.0,496.0,495.5,495.5,69824,2.0,57972,2.0,3462810000.0,100000.0,1035,333,2018-10-08 11:18:00
20181008 11:19,495.5,495.5,495.5,495.5,69824,0.0,57972,0.0,3462810000.0,0.0,858,234,2018-10-08 11:19:00
20181008 11:20,495.5,495.5,495.5,495.5,69824,0.0,57972,0.0,3462810000.0,0.0,705,189,2018-10-08 11:20:00
20181008 11:21,495.5,495.5,495.5,495.5,69824,0.0,57972,0.0,3462810000.0,0.0,1067,399,2018-10-08 11:21:00
20181008 11:22,495.5,495.5,495.5,495.5,69824,0.0,57972,0.0,3462810000.0,0.0,144,43,2018-10-08 11:22:00
20181008 11:23,495.5,496.0,495.5,496.0,69830,6.0,57968,-4.0,3463100000.0,290000.0,694,247,2018-10-08 11:23:00
20181008 11:24,496.0,496.0,496.0,496.0,69830,0.0,57968,0.0,3463100000.0,0.0,478,240,2018-10-08 11:24:00
20181008 11:27,496.0,496.0,496.0,496.0,69870,40.0,57984,16.0,3465090000.0,1990000.0,1644,1388,2018-10-08 11:27:00
20181008 11:28,496.0,496.0,496.0,496.0,69910,40.0,57964,-20.0,3467070000.0,1980000.0,1520,1265,2018-10-08 11:28:00
20181008 11:29,496.0,496.5,496.0,496.5,69912,2.0,57962,-2.0,3467170000.0,100000.0,1781,1345,2018-10-08 11:29:00
20181008 13:30,496.5,496.5,496.5,496.5,69912,0.0,57962,0.0,3467170000.0,0.0,2493,2096,2018-10-08 13:30:00
20181008 13:31,496.0,496.0,496.0,496.0,69978,66.0,57930,-32.0,3470450000.0,3280000.0,3333,2933,2018-10-08 13:31:00
20181008 13:32,496.0,496.0,496.0,496.0,70090,112.0,57944,14.0,3476000000.0,5550000.0,1334,1124,2018-10-08 13:32:00
20181008 13:33,496.0,496.0,496.0,496.0,70092,2.0,57942,-2.0,3476100000.0,100000.0,278,1310,2018-10-08 13:33:00
20181008 13:34,496.0,496.0,495.5,495.5,70102,10.0,57942,0.0,3476600000.0,500000.0,841,1364,2018-10-08 13:34:00
20181008 13:35,495.5,496.0,495.5,495.5,70164,62.0,57936,-6.0,3479670000.0,3070000.0,2624,1216,2018-10-08 13:35:00
20181008 13:36,495.5,495.5,495.5,495.5,70166,2.0,57936,0.0,3479770000.0,100000.0,2063,1117,2018-10-08 13:36:00
20181008 13:37,495.5,496.0,495.5,496.0,70236,70.0,57922,-14.0,3483240000.0,3470000.0,2379,1460,2018-10-08 13:37:00
20181008 13:38,496.0,496.0,496.0,496.0,70236,0.0,57922,0.0,3483240000.0,0.0,765,2592,2018-10-08 13:38:00
20181008 13:39,496.0,496.0,495.5,495.5,70262,26.0,57904,-18.0,3484530000.0,1290000.0,1599,1756,2018-10-08 13:39:00
20181008 13:40,495.5,495.5,495.5,495.5,70276,14.0,57898,-6.0,3485220000.0,690000.0,5177,3541,2018-10-08 13:40:00
20181008 13:41,495.5,495.5,495.5,495.5,70278,2.0,57896,-2.0,3485320000.0,100000.0,7238,4787,2018-10-08 13:41:00
20181008 13:42,495.5,495.5,495.5,495.5,70282,4.0,57894,-2.0,3485520000.0,200000.0,3929,4743,2018-10-08 13:42:00
20181008 13:43,495.5,495.5,495.5,495.5,70282,0.0,57894,0.0,3485520000.0,0.0,1772,2931,2018-10-08 13:43:00
20181008 13:44,495.5,495.5,495.5,495.5,70284,2.0,57892,-2.0,3485620000.0,100000.0,609,803,2018-10-08 13:44:00
20181008 13:45,495.5,496.0,495.5,495.5,70292,8.0,57890,-2.0,3486010000.0,390000.0,781,1109,2018-10-08 13:45:00
20181008 13:46,495.5,495.5,495.5,495.5,70292,0.0,57890,0.0,3486010000.0,0.0,370,564,2018-10-08 13:46:00
20181008 13:47,495.5,495.5,495.5,495.5,70294,2.0,57888,-2.0,3486110000.0,100000.0,217,425,2018-10-08 13:47:00
20181008 13:48,495.5,496.5,495.5,496.0,70446,152.0,57828,-60.0,3493650000.0,7540000.0,1238,1338,2018-10-08 13:48:00
20181008 13:49,496.0,496.0,496.0,496.0,70474,28.0,57816,-12.0,3495040000.0,1390000.0,1248,805,2018-10-08 13:49:00
20181008 13:50,496.0,496.0,496.0,496.0,70528,54.0,57796,-20.0,3497720000.0,2680000.0,5671,914,2018-10-08 13:50:00
20181008 13:51,496.0,496.5,496.0,496.0,70542,14.0,57788,-8.0,3498410000.0,690000.0,4794,1035,2018-10-08 13:51:00
20181008 13:52,496.0,496.0,496.0,496.0,70546,4.0,57788,0.0,3498610000.0,200000.0,4433,849,2018-10-08 13:52:00
20181008 13:53,496.0,496.0,496.0,496.0,70548,2.0,57788,0.0,3498710000.0,100000.0,5662,1115,2018-10-08 13:53:00
20181008 13:54,496.0,496.5,496.0,496.0,70552,4.0,57786,-2.0,3498910000.0,200000.0,9316,2311,2018-10-08 13:54:00
20181008 13:55,496.0,496.5,496.0,496.5,70568,16.0,57778,-8.0,3499700000.0,790000.0,5971,1445,2018-10-08 13:55:00
20181008 13:56,496.5,496.5,496.0,496.0,70576,8.0,57774,-4.0,3500100000.0,400000.0,4201,1293,2018-10-08 13:56:00
20181008 13:57,496.0,496.5,496.0,496.0,70592,16.0,57766,-8.0,3500890000.0,790000.0,3092,917,2018-10-08 13:57:00
20181008 13:58,496.0,496.5,496.0,496.5,70598,6.0,57762,-4.0,3501190000.0,300000.0,761,1708,2018-10-08 13:58:00
20181008 13:59,496.5,496.5,496.0,496.0,70604,6.0,57756,-6.0,3501490000.0,300000.0,624,1514,2018-10-08 13:59:00
20181008 14:00,496.0,496.0,496.0,496.0,70606,2.0,57754,-2.0,3501590000.0,100000.0,206,675,2018-10-08 14:00:00
20181008 14:01,496.0,496.5,496.0,496.5,70856,250.0,57656,-98.0,3514000000.0,12410000.0,3445,1960,2018-10-08 14:01:00
20181008 14:02,496.5,496.5,496.5,496.5,71036,180.0,57606,-50.0,3522940000.0,8940000.0,1541,1705,2018-10-08 14:02:00
20181008 14:03,496.5,497.0,496.5,496.5,71040,4.0,57604,-2.0,3523140000.0,200000.0,161,1101,2018-10-08 14:03:00
20181008 14:04,496.5,496.5,496.5,496.5,71040,0.0,57604,0.0,3523140000.0,0.0,62,288,2018-10-08 14:04:00
20181008 14:05,496.5,496.5,496.5,496.5,71042,2.0,57604,0.0,3523240000.0,100000.0,90,261,2018-10-08 14:05:00
20181008 14:06,496.5,496.5,496.5,496.5,71050,8.0,57604,0.0,3523630000.0,390000.0,130,415,2018-10-08 14:06:00
20181008 14:07,496.5,497.5,496.5,497.5,71234,184.0,57570,-34.0,3532780000.0,9150000.0,983,1478,2018-10-08 14:07:00
20181008 14:08,497.5,497.5,497.0,497.0,71272,38.0,57584,14.0,3534670000.0,1890000.0,939,1383,2018-10-08 14:08:00
20181008 14:09,497.0,497.5,497.0,497.5,71332,60.0,57562,-22.0,3537650000.0,2980000.0,2208,795,2018-10-08 14:09:00
20181008 14:10,497.5,498.0,497.5,498.0,71380,48.0,57562,0.0,3540040000.0,2390000.0,1080,216,2018-10-08 14:10:00
20181008 14:11,498.0,498.0,498.0,498.0,71444,64.0,57572,10.0,3543230000.0,3190000.0,2413,1501,2018-10-08 14:11:00
20181008 14:12,498.0,498.0,498.0,498.0,71450,6.0,57578,6.0,3543530000.0,300000.0,4239,2465,2018-10-08 14:12:00
20181008 14:13,498.0,498.0,498.0,498.0,71450,0.0,57578,0.0,3543530000.0,0.0,4530,2573,2018-10-08 14:13:00
20181008 14:14,498.0,498.0,497.5,497.5,71456,6.0,57584,6.0,3543830000.0,300000.0,1159,1470,2018-10-08 14:14:00
20181008 14:15,497.5,497.5,497.5,497.5,71458,2.0,57584,0.0,3543930000.0,100000.0,69,615,2018-10-08 14:15:00
20181008 14:16,497.5,498.0,497.5,498.0,71470,12.0,57576,-8.0,3544520000.0,590000.0,4900,2984,2018-10-08 14:16:00
20181008 14:17,498.0,498.0,498.0,498.0,71470,0.0,57576,0.0,3544520000.0,0.0,1544,1060,2018-10-08 14:17:00
20181008 14:18,498.0,498.0,498.0,498.0,71470,0.0,57576,0.0,3544520000.0,0.0,176,116,2018-10-08 14:18:00
20181008 14:19,498.0,498.0,498.0,498.0,71470,0.0,57576,0.0,3544520000.0,0.0,1232,816,2018-10-08 14:19:00
20181008 14:20,498.0,498.0,498.0,498.0,71470,0.0,57576,0.0,3544520000.0,0.0,1032,245,2018-10-08 14:20:00
20181008 14:21,498.0,499.0,498.0,498.5,71584,114.0,57562,-14.0,3550210000.0,5690000.0,1700,535,2018-10-08 14:21:00
20181008 14:22,498.0,498.5,498.0,498.5,71588,4.0,57566,4.0,3550410000.0,200000.0,308,276,2018-10-08 14:22:00
20181008 14:23,498.5,498.5,498.0,498.0,71600,12.0,57560,-6.0,3551010000.0,600000.0,1333,956,2018-10-08 14:23:00
20181008 14:24,498.0,498.0,498.0,498.0,71600,0.0,57560,0.0,3551010000.0,0.0,630,513,2018-10-08 14:24:00
20181008 14:25,498.5,498.5,498.5,498.5,71602,2.0,57562,2.0,3551110000.0,100000.0,606,370,2018-10-08 14:25:00
20181008 14:26,498.5,498.5,497.5,497.5,71670,68.0,57574,12.0,3554490000.0,3380000.0,1265,1408,2018-10-08 14:26:00
20181008 14:27,498.0,498.0,498.0,498.0,72046,376.0,57854,280.0,3573220000.0,18730000.0,2551,1359,2018-10-08 14:27:00
20181008 14:28,498.0,498.0,498.0,498.0,72046,0.0,57854,0.0,3573220000.0,0.0,226,82,2018-10-08 14:28:00
20181008 14:29,498.0,498.0,498.0,498.0,72066,20.0,57848,-6.0,3574210000.0,990000.0,1101,908,2018-10-08 14:29:00
20181008 14:30,498.5,498.5,498.0,498.0,72070,4.0,57848,0.0,3574410000.0,200000.0,902,578,2018-10-08 14:30:00
20181008 14:31,498.0,498.5,498.0,498.5,72094,24.0,57832,-16.0,3575610000.0,1200000.0,548,344,2018-10-08 14:31:00
20181008 14:32,498.5,499.0,498.5,499.0,72226,132.0,57788,-44.0,3582200000.0,6590000.0,1493,791,2018-10-08 14:32:00
20181008 14:33,499.0,499.0,499.0,499.0,72248,22.0,57776,-12.0,3583290000.0,1090000.0,250,614,2018-10-08 14:33:00
20181008 14:34,499.0,499.0,498.5,498.5,72390,142.0,57710,-66.0,3590370000.0,7080000.0,2249,1021,2018-10-08 14:34:00
20181008 14:35,498.5,498.5,498.5,498.5,72394,4.0,57708,-2.0,3590570000.0,200000.0,1316,193,2018-10-08 14:35:00
20181008 14:36,498.5,498.5,498.5,498.5,72396,2.0,57708,0.0,3590670000.0,100000.0,4171,820,2018-10-08 14:36:00
20181008 14:37,498.5,498.5,498.5,498.5,72396,0.0,57708,0.0,3590670000.0,0.0,2640,572,2018-10-08 14:37:00
20181008 14:38,498.5,499.0,498.5,499.0,72398,2.0,57706,-2.0,3590770000.0,100000.0,1530,352,2018-10-08 14:38:00
20181008 14:39,499.0,499.0,498.5,498.5,72410,12.0,57706,0.0,3591370000.0,600000.0,879,480,2018-10-08 14:39:00
20181008 14:40,498.5,498.5,498.5,498.5,72556,146.0,57842,136.0,3598650000.0,7280000.0,1727,695,2018-10-08 14:40:00
20181008 14:41,498.5,498.5,498.5,498.5,72634,78.0,57784,-58.0,3602540000.0,3890000.0,2212,961,2018-10-08 14:41:00
20181008 14:42,498.5,498.5,498.5,498.5,72650,16.0,57770,-14.0,3603330000.0,790000.0,2673,1134,2018-10-08 14:42:00
20181008 14:43,498.5,498.5,498.5,498.5,72650,0.0,57770,0.0,3603330000.0,0.0,310,49,2018-10-08 14:43:00
20181008 14:44,498.5,498.5,498.5,498.5,72652,2.0,57768,-2.0,3603430000.0,100000.0,1008,45,2018-10-08 14:44:00
20181008 14:45,498.5,499.5,498.5,499.5,72852,200.0,57716,-52.0,3613420000.0,9990000.0,2306,1015,2018-10-08 14:45:00
20181008 14:46,499.5,499.5,499.0,499.0,72916,64.0,57666,-50.0,3616610000.0,3190000.0,515,373,2018-10-08 14:46:00
20181008 14:47,499.0,499.0,499.0,499.0,72916,0.0,57666,0.0,3616610000.0,0.0,437,421,2018-10-08 14:47:00
20181008 14:48,499.0,499.0,499.0,499.0,72916,0.0,57666,0.0,3616610000.0,0.0,103,70,2018-10-08 14:48:00
20181008 14:49,499.0,499.0,499.0,499.0,72916,0.0,57666,0.0,3616610000.0,0.0,45,35,2018-10-08 14:49:00
20181008 14:50,499.0,499.0,499.0,499.0,72916,0.0,57666,0.0,3616610000.0,0.0,44,35,2018-10-08 14:50:00
20181008 14:51,499.0,499.0,499.0,499.0,72916,0.0,57666,0.0,3616610000.0,0.0,304,266,2018-10-08 14:51:00
20181008 14:52,499.0,500.0,499.0,500.0,73144,228.0,57648,-18.0,3628000000.0,11390000.0,232,419,2018-10-08 14:52:00
20181008 14:53,500.5,500.5,500.5,500.5,73202,58.0,57634,-14.0,3630900000.0,2900000.0,2965,2884,2018-10-08 14:53:00
20181008 14:54,500.5,501.0,500.0,500.0,73264,62.0,57596,-38.0,3634000000.0,3100000.0,1428,799,2018-10-08 14:54:00
20181008 14:55,500.0,500.0,500.0,500.0,73334,70.0,57532,-64.0,3637500000.0,3500000.0,821,1376,2018-10-08 14:55:00
20181008 14:56,500.0,500.0,500.0,500.0,73370,36.0,57522,-10.0,3639300000.0,1800000.0,582,1494,2018-10-08 14:56:00
20181008 14:57,500.0,500.5,500.0,500.5,73390,20.0,57518,-4.0,3640310000.0,1010000.0,938,1040,2018-10-08 14:57:00
20181008 14:58,500.5,500.5,499.5,499.5,73406,16.0,57502,-16.0,3641100000.0,790000.0,183,399,2018-10-08 14:58:00
20181008 14:59,500.0,500.0,499.5,499.5,73500,94.0,57480,-22.0,3645800000.0,4700000.0,632,642,2018-10-08 14:59:00
20181008 15:00,499.5,499.5,499.5,499.5,73508,8.0,57472,-8.0,3646200000.0,400000.0,33,93,2018-10-08 15:00:00
20181009 09:00,509.0,509.0,508.5,508.5,64134,64134.0,38326,-19146.0,3243690000.0,3243690000.0,4585,1757,2018-10-09 09:00:00
20181009 09:01,508.5,509.5,508.5,509.5,64428,294.0,38548,222.0,3258670000.0,14980000.0,4711,1093,2018-10-09 09:01:00
20181009 09:02,509.5,509.5,509.5,509.5,64428,0.0,38548,0.0,3258670000.0,0.0,2170,625,2018-10-09 09:02:00
20181009 09:03,509.5,509.5,509.5,509.5,64428,0.0,38548,0.0,3258670000.0,0.0,2078,973,2018-10-09 09:03:00
20181009 09:04,509.5,509.5,509.0,509.0,64604,176.0,38474,-74.0,3267630000.0,8960000.0,2907,1616,2018-10-09 09:04:00
20181009 09:05,509.0,509.0,508.5,509.0,64784,180.0,38400,-74.0,3276780000.0,9150000.0,961,1642,2018-10-09 09:05:00
20181009 09:06,509.0,509.0,509.0,509.0,64788,4.0,38404,4.0,3276990000.0,210000.0,366,536,2018-10-09 09:06:00
20181009 09:07,509.0,509.0,509.0,509.0,64792,4.0,38400,-4.0,3277190000.0,200000.0,110,137,2018-10-09 09:07:00
20181009 09:09,509.0,509.0,509.0,509.0,64804,12.0,38388,-12.0,3277800000.0,610000.0,169,301,2018-10-09 09:09:00
20181009 09:10,509.0,509.5,509.0,509.5,64838,34.0,38364,-24.0,3279530000.0,1730000.0,211,308,2018-10-09 09:10:00
20181009 09:11,509.5,509.5,509.5,509.5,64860,22.0,38350,-14.0,3280650000.0,1120000.0,61,183,2018-10-09 09:11:00
20181009 09:12,509.5,509.5,509.0,509.0,64934,74.0,38350,0.0,3284420000.0,3770000.0,1801,879,2018-10-09 09:12:00
20181009 09:13,509.0,509.0,508.5,508.5,64942,8.0,38348,-2.0,3284830000.0,410000.0,205,393,2018-10-09 09:13:00
20181009 09:14,508.5,508.5,508.5,508.5,64942,0.0,38348,0.0,3284830000.0,0.0,280,342,2018-10-09 09:14:00
20181009 09:15,508.5,509.5,508.5,509.5,65022,80.0,38296,-52.0,3288900000.0,4070000.0,1700,624,2018-10-09 09:15:00
20181009 09:16,509.5,509.5,509.0,509.5,65290,268.0,38312,16.0,3302560000.0,13660000.0,3864,1331,2018-10-09 09:16:00
20181009 09:17,509.5,510.0,509.5,510.0,65300,10.0,38316,4.0,3303070000.0,510000.0,2417,205,2018-10-09 09:17:00
20181009 09:18,510.0,511.0,510.0,511.0,66146,846.0,38288,-28.0,3346230000.0,43160000.0,3845,2363,2018-10-09 09:18:00
20181009 09:19,511.0,511.0,511.0,511.0,66148,2.0,38290,2.0,3346340000.0,110000.0,185,284,2018-10-09 09:19:00
20181009 09:20,511.0,511.0,511.0,511.0,66152,4.0,38292,2.0,3346540000.0,200000.0,543,852,2018-10-09 09:20:00
20181009 09:21,511.0,511.0,510.5,510.5,66160,8.0,38288,-4.0,3346950000.0,410000.0,1083,1691,2018-10-09 09:21:00
20181009 09:22,510.5,510.5,510.5,510.5,66162,2.0,38286,-2.0,3347050000.0,100000.0,362,559,2018-10-09 09:22:00
20181009 09:23,510.5,510.5,510.5,510.5,66506,344.0,38004,-282.0,3364610000.0,17560000.0,1838,757,2018-10-09 09:23:00
20181009 09:24,510.5,511.0,510.5,511.0,66520,14.0,38000,-4.0,3365330000.0,720000.0,6984,4584,2018-10-09 09:24:00
20181009 09:25,511.0,511.0,511.0,511.0,66520,0.0,38000,0.0,3365330000.0,0.0,978,487,2018-10-09 09:25:00
20181009 09:26,511.0,511.0,510.5,510.5,66578,58.0,38000,0.0,3368290000.0,2960000.0,613,1609,2018-10-09 09:26:00
20181009 09:27,510.5,510.5,510.5,510.5,66578,0.0,38000,0.0,3368290000.0,0.0,123,522,2018-10-09 09:27:00
20181009 09:28,510.5,511.0,510.5,511.0,66660,82.0,38030,30.0,3372480000.0,4190000.0,1955,3351,2018-10-09 09:28:00
20181009 09:29,511.0,511.5,511.0,511.5,66758,98.0,38012,-18.0,3377490000.0,5010000.0,4871,2298,2018-10-09 09:29:00
20181009 09:30,511.5,511.5,511.0,511.0,66796,38.0,38018,6.0,3379430000.0,1940000.0,1082,1042,2018-10-09 09:30:00
20181009 09:31,511.0,511.5,511.0,511.5,66848,52.0,38014,-4.0,3382090000.0,2660000.0,1696,1142,2018-10-09 09:31:00
20181009 09:32,511.5,511.5,511.0,511.0,66850,2.0,38014,0.0,3382190000.0,100000.0,10101,1354,2018-10-09 09:32:00
20181009 09:33,511.0,511.0,511.0,511.0,66854,4.0,38016,2.0,3382390000.0,200000.0,6075,1810,2018-10-09 09:33:00
20181009 09:34,511.0,512.5,511.0,511.5,66998,144.0,38030,14.0,3389760000.0,7370000.0,5228,2672,2018-10-09 09:34:00
20181009 09:35,511.5,511.5,511.5,511.5,67036,38.0,38052,22.0,3391710000.0,1950000.0,5323,2026,2018-10-09 09:35:00
20181009 09:36,512.0,512.0,511.5,511.5,67054,18.0,38068,16.0,3392630000.0,920000.0,2127,386,2018-10-09 09:36:00
20181009 09:37,511.5,512.0,511.5,512.0,67078,24.0,38070,2.0,3393850000.0,1220000.0,676,171,2018-10-09 09:37:00
20181009 09:38,512.0,512.0,511.5,511.5,67158,80.0,38078,8.0,3397950000.0,4100000.0,860,369,2018-10-09 09:38:00
20181009 09:39,511.5,511.5,511.5,511.5,67158,0.0,38078,0.0,3397950000.0,0.0,324,122,2018-10-09 09:39:00
20181009 09:40,511.5,511.5,511.5,511.5,67164,6.0,38082,4.0,3398250000.0,300000.0,977,418,2018-10-09 09:40:00
20181009 09:41,511.5,512.0,511.5,511.5,67380,216.0,38056,-26.0,3409310000.0,11060000.0,904,808,2018-10-09 09:41:00
20181009 09:42,511.5,511.5,511.5,511.5,67380,0.0,38056,0.0,3409310000.0,0.0,123,72,2018-10-09 09:42:00
20181009 09:43,511.5,511.5,511.0,511.0,67382,2.0,38058,2.0,3409410000.0,100000.0,433,121,2018-10-09 09:43:00
20181009 09:44,511.0,511.5,511.0,511.0,67426,44.0,38050,-8.0,3411660000.0,2250000.0,557,245,2018-10-09 09:44:00
20181009 09:45,511.0,511.5,510.5,510.5,67490,64.0,38080,30.0,3414930000.0,3270000.0,743,448,2018-10-09 09:45:00
20181009 09:46,510.5,510.5,510.5,510.5,67490,0.0,38080,0.0,3414930000.0,0.0,278,236,2018-10-09 09:46:00
20181009 09:47,510.5,510.5,510.5,510.5,67520,30.0,38078,-2.0,3416460000.0,1530000.0,1540,661,2018-10-09 09:47:00
20181009 09:48,511.0,511.0,511.0,511.0,67578,58.0,38098,20.0,3419430000.0,2970000.0,3225,361,2018-10-09 09:48:00
20181009 09:49,511.0,511.5,511.0,511.5,68292,714.0,37666,-432.0,3455950000.0,36520000.0,2668,945,2018-10-09 09:49:00
20181009 09:50,511.5,511.5,511.0,511.5,68732,440.0,37402,-264.0,3478450000.0,22500000.0,1304,1740,2018-10-09 09:50:00
20181009 09:51,511.5,511.5,511.5,511.5,68776,44.0,37406,4.0,3480700000.0,2250000.0,225,1553,2018-10-09 09:51:00
20181009 09:52,511.5,511.5,511.5,511.5,68840,64.0,37386,-20.0,3483970000.0,3270000.0,1103,174,2018-10-09 09:52:00
20181009 09:53,511.5,511.5,511.5,511.5,68852,12.0,37374,-12.0,3484590000.0,620000.0,1425,755,2018-10-09 09:53:00
20181009 09:54,511.5,511.5,511.5,511.5,68852,0.0,37374,0.0,3484590000.0,0.0,414,748,2018-10-09 09:54:00
20181009 09:55,512.0,512.0,511.5,512.0,69194,342.0,37224,-150.0,3502100000.0,17510000.0,2352,915,2018-10-09 09:55:00
20181009 09:56,512.0,512.0,511.5,511.5,69290,96.0,37218,-6.0,3507010000.0,4910000.0,4086,1254,2018-10-09 09:56:00
20181009 09:57,511.5,512.5,511.5,512.5,69650,360.0,37312,94.0,3525460000.0,18450000.0,3553,1476,2018-10-09 09:57:00
20181009 09:58,512.5,512.5,512.5,512.5,69686,36.0,37296,-16.0,3527300000.0,1840000.0,3337,646,2018-10-09 09:58:00
20181009 09:59,512.5,512.5,512.0,512.0,69792,106.0,37324,28.0,3532730000.0,5430000.0,1512,864,2018-10-09 09:59:00
20181009 10:00,512.0,513.0,512.0,512.5,69990,198.0,37310,-14.0,3542880000.0,10150000.0,10625,2096,2018-10-09 10:00:00
20181009 10:01,512.5,512.5,512.5,512.5,70092,102.0,37246,-64.0,3548110000.0,5230000.0,1107,1041,2018-10-09 10:01:00
20181009 10:02,512.0,512.0,511.0,511.0,70312,220.0,37256,10.0,3559360000.0,11250000.0,642,1563,2018-10-09 10:02:00
20181009 10:03,511.0,511.5,510.5,511.5,70410,98.0,37200,-56.0,3564370000.0,5010000.0,766,3203,2018-10-09 10:03:00
20181009 10:04,511.5,511.5,511.0,511.5,70456,46.0,37200,0.0,3566720000.0,2350000.0,896,3773,2018-10-09 10:04:00
20181009 10:05,511.5,512.0,511.5,512.0,70492,36.0,37172,-28.0,3568570000.0,1850000.0,771,1156,2018-10-09 10:05:00
20181009 10:06,511.5,512.0,511.5,512.0,70498,6.0,37170,-2.0,3568870000.0,300000.0,857,1196,2018-10-09 10:06:00
20181009 10:07,512.0,512.0,511.5,511.5,70534,36.0,37156,-14.0,3570710000.0,1840000.0,611,706,2018-10-09 10:07:00
20181009 10:08,511.5,511.5,511.5,511.5,70536,2.0,37156,0.0,3570820000.0,110000.0,188,173,2018-10-09 10:08:00
20181009 10:09,512.0,512.0,512.0,512.0,70822,286.0,37190,34.0,3585460000.0,14640000.0,1656,815,2018-10-09 10:09:00
20181009 10:10,512.0,512.0,511.5,512.0,70978,156.0,37170,-20.0,3593450000.0,7990000.0,1834,1090,2018-10-09 10:10:00
20181009 10:11,512.0,512.0,512.0,512.0,71000,22.0,37170,0.0,3594570000.0,1120000.0,632,1319,2018-10-09 10:11:00
20181009 10:12,512.0,512.0,511.5,511.5,71150,150.0,37190,20.0,3602250000.0,7680000.0,883,2100,2018-10-09 10:12:00
20181009 10:13,511.5,513.5,511.5,513.5,72128,978.0,37556,366.0,3652400000.0,50150000.0,761,690,2018-10-09 10:13:00
20181009 10:14,513.5,513.5,512.5,512.5,72298,170.0,37554,-2.0,3661130000.0,8730000.0,1668,920,2018-10-09 10:14:00
20181009 10:30,512.5,513.0,511.5,512.0,72704,406.0,37528,-26.0,3681930000.0,20800000.0,1105,7413,2018-10-09 10:30:00
20181009 10:31,512.0,512.0,511.5,511.5,72872,168.0,37542,14.0,3690530000.0,8600000.0,1860,6489,2018-10-09 10:31:00
20181009 10:32,512.0,512.0,511.5,511.5,72996,124.0,37498,-44.0,3696870000.0,6340000.0,1781,2530,2018-10-09 10:32:00
20181009 10:33,511.5,511.5,511.5,511.5,72996,0.0,37498,0.0,3696870000.0,0.0,106,1050,2018-10-09 10:33:00
20181009 10:34,511.5,511.5,511.5,511.5,73084,88.0,37502,4.0,3701380000.0,4510000.0,1088,1203,2018-10-09 10:34:00
20181009 10:35,512.0,512.0,511.5,511.5,73254,170.0,37448,-54.0,3710080000.0,8700000.0,1163,1392,2018-10-09 10:35:00
20181009 10:36,511.5,512.0,511.5,512.0,73284,30.0,37440,-8.0,3711610000.0,1530000.0,690,1048,2018-10-09 10:36:00
20181009 10:37,512.0,512.5,512.0,512.5,73288,4.0,37440,0.0,3711820000.0,210000.0,260,159,2018-10-09 10:37:00
20181009 10:38,512.5,512.5,512.5,512.5,73396,108.0,37450,10.0,3717350000.0,5530000.0,758,1697,2018-10-09 10:38:00
20181009 10:39,512.5,512.5,512.5,512.5,73396,0.0,37450,0.0,3717350000.0,0.0,133,116,2018-10-09 10:39:00
20181009 10:40,512.5,512.5,512.5,512.5,73492,96.0,37486,36.0,3722270000.0,4920000.0,1219,1694,2018-10-09 10:40:00
20181009 10:41,512.5,512.5,510.0,510.0,73966,474.0,37464,-22.0,3746480000.0,24210000.0,1512,1527,2018-10-09 10:41:00
20181009 10:42,510.0,510.5,509.5,510.5,74176,210.0,37452,-12.0,3757190000.0,10710000.0,2350,2437,2018-10-09 10:42:00
20181009 10:43,510.5,510.5,510.0,510.0,74234,58.0,37450,-2.0,3760150000.0,2960000.0,903,962,2018-10-09 10:43:00
20181009 10:44,510.0,510.0,510.0,510.0,74248,14.0,37442,-8.0,3760860000.0,710000.0,283,380,2018-10-09 10:44:00
20181009 10:45,510.0,510.5,510.0,510.5,74270,22.0,37436,-6.0,3761990000.0,1130000.0,313,1902,2018-10-09 10:45:00
20181009 10:46,510.5,511.0,510.5,511.0,74272,2.0,37436,0.0,3762090000.0,100000.0,207,244,2018-10-09 10:46:00
20181009 10:47,511.0,511.0,511.0,511.0,74290,18.0,37428,-8.0,3763010000.0,920000.0,371,1076,2018-10-09 10:47:00
20181009 10:48,511.0,511.0,511.0,511.0,74290,0.0,37428,0.0,3763010000.0,0.0,284,2188,2018-10-09 10:48:00
20181009 10:49,511.0,511.5,511.0,511.0,75532,1242.0,36824,-604.0,3826480000.0,63470000.0,1507,5091,2018-10-09 10:49:00
20181009 10:50,511.0,511.0,511.0,511.0,75556,24.0,36830,6.0,3827700000.0,1220000.0,1352,8265,2018-10-09 10:50:00
20181009 10:51,511.0,511.0,511.0,511.0,75582,26.0,36828,-2.0,3829030000.0,1330000.0,1004,745,2018-10-09 10:51:00
20181009 10:52,511.0,511.0,511.0,511.0,76240,658.0,36804,-24.0,3862650000.0,33620000.0,3068,6575,2018-10-09 10:52:00
20181009 10:53,511.0,511.0,511.0,511.0,76240,0.0,36804,0.0,3862650000.0,0.0,280,1110,2018-10-09 10:53:00
20181009 10:54,511.0,512.0,511.0,512.0,76440,200.0,36766,-38.0,3872890000.0,10240000.0,2575,455,2018-10-09 10:54:00
20181009 10:55,512.0,512.5,512.0,512.0,77064,624.0,36188,-578.0,3904840000.0,31950000.0,2019,1534,2018-10-09 10:55:00
20181009 10:56,512.0,512.0,512.0,512.0,77220,156.0,36274,86.0,3912820000.0,7980000.0,914,1186,2018-10-09 10:56:00
20181009 10:57,512.0,512.0,511.0,511.0,77288,68.0,36240,-34.0,3916300000.0,3480000.0,903,470,2018-10-09 10:57:00
20181009 10:58,511.0,512.0,511.0,511.5,77384,96.0,36306,66.0,3921210000.0,4910000.0,2009,3119,2018-10-09 10:58:00
20181009 10:59,511.5,511.5,511.5,511.5,77384,0.0,36306,0.0,3921210000.0,0.0,116,241,2018-10-09 10:59:00
20181009 11:00,511.5,512.0,511.5,512.0,78574,1190.0,35710,-596.0,3982140000.0,60930000.0,1668,1309,2018-10-09 11:00:00
20181009 11:01,512.0,512.0,512.0,512.0,78606,32.0,35682,-28.0,3983780000.0,1640000.0,609,363,2018-10-09 11:01:00
20181009 11:02,512.0,512.0,512.0,512.0,78606,0.0,35682,0.0,3983780000.0,0.0,78,41,2018-10-09 11:02:00
20181009 11:03,512.0,512.0,512.0,512.0,78606,0.0,35682,0.0,3983780000.0,0.0,78,81,2018-10-09 11:03:00
20181009 11:06,512.0,512.0,512.0,512.0,79824,1218.0,35094,-588.0,4046140000.0,62360000.0,1040,2242,2018-10-09 11:06:00
20181009 11:07,512.0,512.0,511.5,512.0,81644,1820.0,34730,-364.0,4139330000.0,93190000.0,1919,4248,2018-10-09 11:07:00
20181009 11:08,512.0,512.0,511.5,511.5,81702,58.0,34728,-2.0,4142290000.0,2960000.0,2141,457,2018-10-09 11:08:00
20181009 11:09,511.5,511.5,511.5,511.5,81808,106.0,34664,-64.0,4147710000.0,5420000.0,1116,1152,2018-10-09 11:09:00
20181009 11:10,511.5,511.5,511.5,511.5,81832,24.0,34644,-20.0,4148940000.0,1230000.0,313,308,2018-10-09 11:10:00
20181009 11:11,511.5,511.5,511.5,511.5,81832,0.0,34644,0.0,4148940000.0,0.0,402,371,2018-10-09 11:11:00
20181009 11:12,511.5,511.5,511.5,511.5,81834,2.0,34644,0.0,4149040000.0,100000.0,2778,983,2018-10-09 11:12:00
20181009 11:13,511.5,511.5,511.5,511.5,81834,0.0,34644,0.0,4149040000.0,0.0,3233,2338,2018-10-09 11:13:00
20181009 11:14,511.5,511.5,511.0,511.0,81840,6.0,34644,0.0,4149350000.0,310000.0,1005,1050,2018-10-09 11:14:00
20181009 11:15,511.0,511.0,511.0,511.0,81870,30.0,34624,-20.0,4150880000.0,1530000.0,1749,1343,2018-10-09 11:15:00
20181009 11:16,511.5,511.5,511.5,511.5,81900,30.0,34628,4.0,4152420000.0,1540000.0,1623,292,2018-10-09 11:16:00
20181009 11:17,511.5,512.0,511.5,512.0,82794,894.0,34412,-216.0,4198170000.0,45750000.0,2232,2106,2018-10-09 11:17:00
20181009 11:18,512.0,512.0,512.0,512.0,83088,294.0,34326,-86.0,4213220000.0,15050000.0,878,2398,2018-10-09 11:18:00
20181009 11:19,512.0,512.0,512.0,512.0,83090,2.0,34326,0.0,4213320000.0,100000.0,242,363,2018-10-09 11:19:00
20181009 11:20,512.0,512.0,512.0,512.0,83102,12.0,34314,-12.0,4213940000.0,620000.0,115,181,2018-10-09 11:20:00
20181009 11:22,512.0,512.0,512.0,512.0,83102,0.0,34314,0.0,4213940000.0,0.0,248,362,2018-10-09 11:22:00
20181009 11:23,512.0,512.0,512.0,512.0,83108,6.0,34308,-6.0,4214250000.0,310000.0,254,359,2018-10-09 11:23:00
20181009 11:24,512.0,512.0,512.0,512.0,83108,0.0,34308,0.0,4214250000.0,0.0,95,205,2018-10-09 11:24:00
20181009 11:25,512.0,514.0,512.0,513.0,84956,1848.0,33692,-616.0,4309070000.0,94820000.0,8113,4641,2018-10-09 11:25:00
20181009 11:26,513.0,513.0,513.0,513.0,87332,2376.0,33536,-156.0,4430960000.0,121890000.0,7316,4568,2018-10-09 11:26:00
20181009 11:27,513.0,513.0,512.5,513.0,88374,1042.0,33706,170.0,4484410000.0,53450000.0,8335,861,2018-10-09 11:27:00
20181009 11:28,513.0,513.0,513.0,513.0,88440,66.0,33708,2.0,4487800000.0,3390000.0,4020,1517,2018-10-09 11:28:00
20181009 11:29,513.0,513.5,512.5,512.5,89698,1258.0,32866,-842.0,4552330000.0,64530000.0,976,2646,2018-10-09 11:29:00
20181009 11:30,513.0,513.0,513.0,513.0,89722,24.0,32888,22.0,4553560000.0,1230000.0,241,17,2018-10-09 11:30:00
20181009 13:30,513.0,513.5,513.0,513.0,90182,460.0,32890,2.0,4577180000.0,23620000.0,8362,1526,2018-10-09 13:30:00
20181009 13:31,513.0,513.0,513.0,513.0,90254,72.0,32840,-50.0,4580870000.0,3690000.0,1545,1018,2018-10-09 13:31:00
20181009 13:32,513.0,513.0,513.0,513.0,90396,142.0,32700,-140.0,4588160000.0,7290000.0,3103,1596,2018-10-09 13:32:00
20181009 13:33,513.0,513.0,512.5,512.5,91000,604.0,33162,462.0,4619110000.0,30950000.0,2429,1229,2018-10-09 13:33:00
20181009 13:34,512.5,513.0,512.5,512.5,91020,20.0,33144,-18.0,4620140000.0,1030000.0,1082,192,2018-10-09 13:34:00
20181009 13:35,512.5,512.5,512.5,512.5,91020,0.0,33144,0.0,4620140000.0,0.0,87,9,2018-10-09 13:35:00
20181009 13:36,512.5,513.0,512.5,513.0,91636,616.0,32802,-342.0,4651710000.0,31570000.0,1739,456,2018-10-09 13:36:00
20181009 13:37,513.0,513.0,513.0,513.0,91636,0.0,32802,0.0,4651710000.0,0.0,167,10,2018-10-09 13:37:00
20181009 13:38,513.0,513.0,513.0,513.0,91638,2.0,32802,0.0,4651810000.0,100000.0,419,166,2018-10-09 13:38:00
20181009 13:39,513.0,513.0,513.0,513.0,91638,0.0,32802,0.0,4651810000.0,0.0,85,38,2018-10-09 13:39:00
20181009 13:40,513.0,513.0,513.0,513.0,91642,4.0,32802,0.0,4652010000.0,200000.0,485,237,2018-10-09 13:40:00
20181009 13:41,513.0,513.0,513.0,513.0,91642,0.0,32802,0.0,4652010000.0,0.0,156,77,2018-10-09 13:41:00
20181009 13:42,513.0,513.0,512.5,512.5,91688,46.0,32762,-40.0,4654370000.0,2360000.0,958,376,2018-10-09 13:42:00
20181009 13:43,512.5,512.5,512.5,512.5,91688,0.0,32762,0.0,4654370000.0,0.0,253,64,2018-10-09 13:43:00
20181009 13:44,512.5,512.5,512.5,512.5,92784,1096.0,33458,696.0,4710540000.0,56170000.0,2958,2257,2018-10-09 13:44:00
20181009 13:45,512.5,512.5,512.5,512.5,92962,178.0,33322,-136.0,4719660000.0,9120000.0,531,114,2018-10-09 13:45:00
20181009 13:46,512.5,512.5,512.5,512.5,93134,172.0,33462,140.0,4728480000.0,8820000.0,588,134,2018-10-09 13:46:00
20181009 13:47,512.5,512.5,511.5,512.0,94936,1802.0,33586,124.0,4820700000.0,92220000.0,3453,4767,2018-10-09 13:47:00
20181009 13:48,512.0,512.0,510.5,511.0,99174,4238.0,33942,356.0,5037260000.0,216560000.0,1578,5627,2018-10-09 13:48:00
20181009 13:49,511.0,511.5,511.0,511.0,99430,256.0,33922,-20.0,5050340000.0,13080000.0,501,1603,2018-10-09 13:49:00
20181009 13:50,511.0,511.0,510.5,510.5,100190,760.0,33548,-374.0,5089180000.0,38840000.0,2201,2900,2018-10-09 13:50:00
20181009 13:51,510.5,511.0,510.5,510.5,100200,10.0,33544,-4.0,5089690000.0,510000.0,1288,1287,2018-10-09 13:51:00
20181009 13:52,510.5,510.5,510.5,510.5,100208,8.0,33542,-2.0,5090100000.0,410000.0,550,642,2018-10-09 13:52:00
20181009 13:53,510.5,510.5,510.5,510.5,100374,166.0,33674,132.0,5098570000.0,8470000.0,860,522,2018-10-09 13:53:00
20181009 13:54,510.5,511.0,510.5,510.5,101872,1498.0,33670,-4.0,5175050000.0,76480000.0,3581,2775,2018-10-09 13:54:00
20181009 13:55,510.5,510.5,510.5,510.5,101884,12.0,33668,-2.0,5175660000.0,610000.0,710,158,2018-10-09 13:55:00
20181009 13:56,510.5,511.0,510.5,511.0,101888,4.0,33664,-4.0,5175860000.0,200000.0,1003,227,2018-10-09 13:56:00
20181009 13:57,511.0,511.0,510.5,510.5,101890,2.0,33664,0.0,5175970000.0,110000.0,884,844,2018-10-09 13:57:00
20181009 13:58,510.5,511.0,510.5,511.0,101952,62.0,33608,-56.0,5179130000.0,3160000.0,767,1016,2018-10-09 13:58:00
20181009 13:59,511.0,511.0,511.0,511.0,101962,10.0,33600,-8.0,5179640000.0,510000.0,287,690,2018-10-09 13:59:00
20181009 14:00,511.0,511.0,511.0,511.0,101962,0.0,33600,0.0,5179640000.0,0.0,339,308,2018-10-09 14:00:00
20181009 14:01,511.0,511.0,510.5,510.5,101974,12.0,33592,-8.0,5180260000.0,620000.0,568,1351,2018-10-09 14:01:00
20181009 14:02,510.5,510.5,510.5,510.5,101976,2.0,33592,0.0,5180360000.0,100000.0,51,142,2018-10-09 14:02:00
20181009 14:03,510.5,510.5,510.5,510.5,101976,0.0,33592,0.0,5180360000.0,0.0,51,143,2018-10-09 14:03:00
20181009 14:04,510.5,511.0,510.5,511.0,101996,20.0,33572,-20.0,5181380000.0,1020000.0,94,276,2018-10-09 14:04:00
20181009 14:05,511.0,511.5,511.0,511.5,103168,1172.0,33774,202.0,5241320000.0,59940000.0,875,2174,2018-10-09 14:05:00
20181009 14:06,511.5,511.5,511.5,511.5,103770,602.0,33370,-404.0,5272120000.0,30800000.0,279,1817,2018-10-09 14:06:00
20181009 14:07,511.5,511.5,511.0,511.5,103918,148.0,33338,-32.0,5279690000.0,7570000.0,287,362,2018-10-09 14:07:00
20181009 14:08,511.5,511.5,511.0,511.5,103948,30.0,33340,2.0,5281220000.0,1530000.0,744,276,2018-10-09 14:08:00
20181009 14:09,511.5,511.5,511.5,511.5,103956,8.0,33340,0.0,5281630000.0,410000.0,250,70,2018-10-09 14:09:00
20181009 14:10,511.5,511.5,510.0,510.0,104254,298.0,33232,-108.0,5296850000.0,15220000.0,897,684,2018-10-09 14:10:00
20181009 14:11,510.0,510.5,510.0,510.5,104422,168.0,33230,-2.0,5305420000.0,8570000.0,328,660,2018-10-09 14:11:00
20181009 14:12,510.5,510.5,510.5,510.5,104566,144.0,33086,-144.0,5312770000.0,7350000.0,559,687,2018-10-09 14:12:00
20181009 14:13,510.5,510.5,510.5,510.5,105726,1160.0,33228,142.0,5371990000.0,59220000.0,739,1403,2018-10-09 14:13:00
20181009 14:14,510.5,510.5,510.5,510.5,105726,0.0,33228,0.0,5371990000.0,0.0,310,159,2018-10-09 14:14:00
20181009 14:15,510.5,510.5,510.0,510.5,106052,326.0,33164,-64.0,5388630000.0,16640000.0,997,1380,2018-10-09 14:15:00
20181009 14:16,510.5,511.0,510.5,510.5,108620,2568.0,33186,22.0,5519730000.0,131100000.0,1296,2870,2018-10-09 14:16:00
20181009 14:17,510.5,511.0,510.5,511.0,108634,14.0,33178,-8.0,5520440000.0,710000.0,280,579,2018-10-09 14:17:00
20181009 14:18,511.0,511.0,511.0,511.0,109010,376.0,33162,-16.0,5539660000.0,19220000.0,653,1598,2018-10-09 14:18:00
20181009 14:20,511.0,511.0,511.0,511.0,109570,560.0,33186,24.0,5568270000.0,28610000.0,837,1533,2018-10-09 14:20:00
20181009 14:21,511.0,511.5,511.0,511.0,110018,448.0,33148,-38.0,5591170000.0,22900000.0,323,1480,2018-10-09 14:21:00
20181009 14:22,511.0,511.0,511.0,511.0,110086,68.0,33142,-6.0,5594640000.0,3470000.0,467,1279,2018-10-09 14:22:00
20181009 14:23,511.0,511.0,511.0,511.0,110086,0.0,33142,0.0,5594640000.0,0.0,492,933,2018-10-09 14:23:00
20181009 14:24,511.0,511.5,511.0,511.5,111260,1174.0,32950,-192.0,5654690000.0,60050000.0,2800,2634,2018-10-09 14:24:00
20181009 14:25,511.5,511.5,511.5,511.5,115050,3790.0,33100,150.0,5848550000.0,193860000.0,3760,3025,2018-10-09 14:25:00
20181009 14:26,511.5,511.5,511.5,511.5,115052,2.0,33100,0.0,5848650000.0,100000.0,589,365,2018-10-09 14:26:00
20181009 14:27,511.5,511.5,511.5,511.5,115072,20.0,33090,-10.0,5849680000.0,1030000.0,515,671,2018-10-09 14:27:00
20181009 14:28,511.5,511.5,511.5,511.5,115094,22.0,33092,2.0,5850800000.0,1120000.0,347,347,2018-10-09 14:28:00
20181009 14:29,511.5,511.5,511.5,511.5,115360,266.0,33034,-58.0,5864410000.0,13610000.0,486,1708,2018-10-09 14:29:00
20181009 14:30,511.5,511.5,511.5,511.5,115362,2.0,33036,2.0,5864510000.0,100000.0,227,86,2018-10-09 14:30:00
20181009 14:31,511.5,511.5,511.5,511.5,115366,4.0,33040,4.0,5864710000.0,200000.0,91,37,2018-10-09 14:31:00
20181009 14:32,511.5,511.5,511.5,511.5,115380,14.0,33046,6.0,5865430000.0,720000.0,45,194,2018-10-09 14:32:00
20181009 14:33,511.5,511.5,511.5,511.5,115380,0.0,33046,0.0,5865430000.0,0.0,30,35,2018-10-09 14:33:00
20181009 14:34,511.5,511.5,511.5,511.5,115380,0.0,33046,0.0,5865430000.0,0.0,30,37,2018-10-09 14:34:00
20181009 14:37,511.5,511.5,511.5,511.5,115380,0.0,33046,0.0,5865430000.0,0.0,15,2,2018-10-09 14:37:00
20181009 14:38,511.0,511.0,511.0,511.0,115390,10.0,33042,-4.0,5865940000.0,510000.0,103,470,2018-10-09 14:38:00
20181009 14:39,511.0,511.0,511.0,511.0,115642,252.0,33210,168.0,5878820000.0,12880000.0,588,1377,2018-10-09 14:39:00
20181009 14:40,511.0,511.0,511.0,511.0,115644,2.0,33210,0.0,5878920000.0,100000.0,366,1127,2018-10-09 14:40:00
20181009 14:41,511.0,511.0,511.0,511.0,115644,0.0,33210,0.0,5878920000.0,0.0,56,325,2018-10-09 14:41:00
20181009 14:42,511.0,511.0,511.0,511.0,115644,0.0,33210,0.0,5878920000.0,0.0,27,120,2018-10-09 14:42:00
20181009 14:43,511.0,511.0,511.0,511.0,115646,2.0,33210,0.0,5879020000.0,100000.0,14,59,2018-10-09 14:43:00
20181009 14:44,511.0,511.5,511.0,511.0,115792,146.0,33134,-76.0,5886490000.0,7470000.0,627,1591,2018-10-09 14:44:00
20181009 14:45,511.0,511.0,511.0,511.0,115864,72.0,33132,-2.0,5890170000.0,3680000.0,1067,692,2018-10-09 14:45:00
20181009 14:46,510.5,510.5,510.5,510.5,115880,16.0,33124,-8.0,5890980000.0,810000.0,427,1959,2018-10-09 14:46:00
20181009 14:47,510.5,510.5,510.0,510.5,115972,92.0,33200,76.0,5895680000.0,4700000.0,368,1420,2018-10-09 14:47:00
20181009 14:48,510.5,511.0,510.5,511.0,116014,42.0,33182,-18.0,5897830000.0,2150000.0,124,1072,2018-10-09 14:48:00
20181009 14:49,511.0,511.0,511.0,511.0,116092,78.0,33132,-50.0,5901810000.0,3980000.0,61,168,2018-10-09 14:49:00
20181009 14:50,511.0,511.0,511.0,511.0,116122,30.0,33120,-12.0,5903340000.0,1530000.0,376,687,2018-10-09 14:50:00
20181009 14:51,511.0,511.0,511.0,511.0,116122,0.0,33120,0.0,5903340000.0,0.0,44,206,2018-10-09 14:51:00
20181009 14:52,511.5,511.5,511.5,511.5,116166,44.0,33124,4.0,5905590000.0,2250000.0,190,726,2018-10-09 14:52:00
20181009 14:53,511.5,511.5,511.5,511.5,116236,70.0,33194,70.0,5909180000.0,3590000.0,957,1248,2018-10-09 14:53:00
20181009 14:54,511.5,511.5,511.5,511.5,116388,152.0,33196,2.0,5916950000.0,7770000.0,912,510,2018-10-09 14:54:00
20181009 14:55,512.0,512.0,511.5,511.5,116416,28.0,33182,-14.0,5918380000.0,1430000.0,86,3,2018-10-09 14:55:00
20181009 14:56,511.5,511.5,511.5,511.5,116418,2.0,33180,-2.0,5918490000.0,110000.0,164,75,2018-10-09 14:56:00
20181009 14:57,511.5,512.0,511.5,512.0,116430,12.0,33168,-12.0,5919100000.0,610000.0,387,500,2018-10-09 14:57:00
20181009 14:58,512.0,512.0,511.5,511.5,116454,24.0,33162,-6.0,5920330000.0,1230000.0,726,1522,2018-10-09 14:58:00
20181009 14:59,511.5,511.5,511.5,511.5,116458,4.0,33160,-2.0,5920530000.0,200000.0,355,718,2018-10-09 14:59:00
20181009 15:00,511.5,511.5,511.5,511.5,116458,0.0,33160,0.0,5920530000.0,0.0,4,174,2018-10-09 15:00:00
20181009 20:59,500.0,500.0,500.0,500.0,4196,4196.0,53444,20284.0,209800000.0,209800000.0,9,1,2018-10-09 20:59:00
20181009 21:00,500.0,502.5,500.0,501.5,4422,226.0,53414,-30.0,221130000.0,11330000.0,1768,728,2018-10-09 21:00:00
20181009 21:01,501.5,501.5,501.0,501.0,4424,2.0,53412,-2.0,221230000.0,100000.0,315,217,2018-10-09 21:01:00
20181009 21:02,501.0,501.0,500.0,500.0,4518,94.0,53372,-40.0,225936000.0,4706000.0,638,370,2018-10-09 21:02:00
20181009 21:03,500.0,501.0,500.0,501.0,4612,94.0,53384,12.0,230643000.0,4707000.0,1345,482,2018-10-09 21:03:00
20181009 21:04,501.0,501.0,500.5,501.0,4638,26.0,53384,0.0,231946000.0,1303000.0,812,1096,2018-10-09 21:04:00
20181009 21:05,501.0,501.5,501.0,501.5,4702,64.0,53374,-10.0,235152000.0,3206000.0,3980,1820,2018-10-09 21:05:00
20181009 21:06,501.5,501.5,501.0,501.5,4716,14.0,53366,-8.0,235854000.0,702000.0,1665,988,2018-10-09 21:06:00
20181009 21:07,501.5,502.0,501.5,502.0,4750,34.0,53356,-10.0,237559000.0,1705000.0,1148,1301,2018-10-09 21:07:00
20181009 21:08,502.0,502.0,502.0,502.0,4752,2.0,53356,0.0,237659000.0,100000.0,178,315,2018-10-09 21:08:00
20181009 21:09,502.0,502.0,501.5,502.0,4796,44.0,53318,-38.0,239868000.0,2209000.0,793,898,2018-10-09 21:09:00
20181009 21:10,502.0,502.0,502.0,502.0,4824,28.0,53338,20.0,241274000.0,1406000.0,2076,1269,2018-10-09 21:10:00
20181009 21:11,502.0,502.0,501.5,501.5,5784,960.0,52888,-450.0,289461000.0,48187000.0,984,1612,2018-10-09 21:11:00
20181009 21:12,502.0,502.0,502.0,502.0,6762,978.0,52018,-870.0,338556000.0,49095000.0,3175,745,2018-10-09 21:12:00
20181009 21:13,502.0,502.5,502.0,502.5,8560,1798.0,50658,-1360.0,428906000.0,90350000.0,3004,1805,2018-10-09 21:13:00
20181009 21:14,502.5,502.5,502.0,502.5,10298,1738.0,49052,-1606.0,516240000.0,87334000.0,2063,2301,2018-10-09 21:14:00
20181009 21:15,502.5,503.5,502.5,503.0,10512,214.0,49010,-42.0,527005000.0,10765000.0,815,1541,2018-10-09 21:15:00
20181009 21:16,503.0,503.5,503.0,503.0,10622,110.0,49012,2.0,532543000.0,5538000.0,1187,1259,2018-10-09 21:16:00
20181009 21:17,503.0,503.5,503.0,503.5,10668,46.0,48982,-30.0,534859000.0,2316000.0,1408,2090,2018-10-09 21:17:00
20181009 21:18,503.5,503.5,502.5,502.5,10874,206.0,49016,34.0,545218000.0,10359000.0,1258,1965,2018-10-09 21:18:00
20181009 21:19,502.5,503.5,502.5,503.5,10920,46.0,48994,-22.0,547532000.0,2314000.0,4283,7089,2018-10-09 21:19:00
20181009 21:20,503.5,503.5,503.0,503.0,11002,82.0,48934,-60.0,551657000.0,4125000.0,1107,1171,2018-10-09 21:20:00
20181009 21:21,503.0,503.0,502.5,503.0,11038,36.0,48904,-30.0,553467000.0,1810000.0,695,1415,2018-10-09 21:21:00
20181009 21:22,503.0,503.0,503.0,503.0,11046,8.0,48900,-4.0,553870000.0,403000.0,801,1320,2018-10-09 21:22:00
20181009 21:23,503.0,503.0,503.0,503.0,12840,1794.0,47704,-1196.0,644108000.0,90238000.0,2464,2581,2018-10-09 21:23:00
20181009 21:24,503.0,503.0,503.0,503.0,14632,1792.0,46096,-1608.0,734245000.0,90137000.0,2292,2332,2018-10-09 21:24:00
20181009 21:25,503.0,503.5,503.0,503.5,14672,40.0,46096,0.0,736259000.0,2014000.0,2066,2473,2018-10-09 21:25:00
20181009 21:26,503.5,503.5,503.5,503.5,14674,2.0,46096,0.0,736360000.0,101000.0,901,886,2018-10-09 21:26:00
20181009 21:27,503.5,504.0,503.5,504.0,14728,54.0,46058,-38.0,739082000.0,2722000.0,1011,874,2018-10-09 21:27:00
20181009 21:28,504.0,504.5,504.0,504.0,14848,120.0,46084,26.0,745130000.0,6048000.0,1446,2848,2018-10-09 21:28:00
20181009 21:29,504.0,504.5,504.0,504.0,16116,1268.0,45602,-482.0,809037000.0,63907000.0,2612,2385,2018-10-09 21:29:00
20181009 21:30,504.0,504.0,504.0,504.0,16142,26.0,45582,-20.0,810347000.0,1310000.0,1717,1425,2018-10-09 21:30:00
20181009 21:31,504.0,504.0,503.5,503.5,16150,8.0,45584,2.0,810750000.0,403000.0,1286,1093,2018-10-09 21:31:00
20181009 21:32,503.5,503.5,503.5,503.5,16156,6.0,45586,2.0,811052000.0,302000.0,1862,1558,2018-10-09 21:32:00
20181009 21:33,503.5,504.0,503.5,504.0,16186,30.0,45606,20.0,812564000.0,1512000.0,693,851,2018-10-09 21:33:00
20181009 21:34,504.0,504.0,504.0,504.0,16200,14.0,45612,6.0,813270000.0,706000.0,242,472,2018-10-09 21:34:00
20181009 21:35,504.0,504.0,503.5,504.0,16856,656.0,45678,66.0,846332000.0,33062000.0,1302,1741,2018-10-09 21:35:00
20181009 21:36,504.0,504.0,504.0,504.0,17208,352.0,45372,-306.0,864073000.0,17741000.0,912,725,2018-10-09 21:36:00
20181009 21:37,504.0,504.0,503.5,503.5,18584,1376.0,46454,1082.0,933365000.0,69292000.0,1429,936,2018-10-09 21:37:00
20181009 21:38,503.5,503.5,503.5,503.5,18586,2.0,46454,0.0,933465000.0,100000.0,1604,1192,2018-10-09 21:38:00
20181009 21:39,503.5,504.0,503.5,504.0,18640,54.0,46436,-18.0,936187000.0,2722000.0,552,653,2018-10-09 21:39:00
20181009 21:40,504.0,504.5,504.0,504.5,18752,112.0,46418,-18.0,941832000.0,5645000.0,1022,796,2018-10-09 21:40:00
20181009 21:41,504.5,504.5,504.0,504.0,30244,11492.0,45266,-1152.0,1521030000.0,579198000.0,3881,3155,2018-10-09 21:41:00
20181009 21:42,504.0,504.0,504.0,504.0,30244,0.0,45266,0.0,1521030000.0,0.0,38,101,2018-10-09 21:42:00
20181009 21:43,504.0,504.5,504.0,504.5,31352,1108.0,46298,1032.0,1576930000.0,55900000.0,1085,439,2018-10-09 21:43:00
20181009 21:44,505.0,505.0,504.5,504.5,33700,2348.0,46092,-206.0,1695390000.0,118460000.0,1566,1134,2018-10-09 21:44:00
20181009 21:45,504.5,505.0,504.5,505.0,33718,18.0,46106,14.0,1696290000.0,900000.0,1191,349,2018-10-09 21:45:00
20181009 21:46,505.0,508.5,505.0,508.5,34450,732.0,46186,80.0,1733370000.0,37080000.0,2183,1639,2018-10-09 21:46:00
20181009 21:47,508.5,508.5,507.5,507.5,34638,188.0,46080,-106.0,1742920000.0,9550000.0,1617,1563,2018-10-09 21:47:00
20181009 21:48,507.5,507.5,507.5,507.5,34824,186.0,45950,-130.0,1752350000.0,9430000.0,1020,1103,2018-10-09 21:48:00
20181009 21:49,507.5,508.0,507.5,508.0,34850,26.0,45946,-4.0,1753680000.0,1330000.0,349,424,2018-10-09 21:49:00
20181009 21:50,508.0,508.0,507.5,508.0,34984,134.0,45878,-68.0,1760480000.0,6800000.0,977,1047,2018-10-09 21:50:00
20181009 21:51,508.0,508.0,507.0,507.0,35024,40.0,45862,-16.0,1762510000.0,2030000.0,591,405,2018-10-09 21:51:00
20181009 21:52,507.0,507.5,507.0,507.5,35120,96.0,45820,-42.0,1767380000.0,4870000.0,1060,539,2018-10-09 21:52:00
20181009 21:53,507.5,507.5,507.5,507.5,35134,14.0,45806,-14.0,1768090000.0,710000.0,97,255,2018-10-09 21:53:00
20181009 21:54,507.5,507.5,507.5,507.5,35134,0.0,45806,0.0,1768090000.0,0.0,40,173,2018-10-09 21:54:00
20181009 21:55,507.5,507.5,507.5,507.5,35158,24.0,45792,-14.0,1769310000.0,1220000.0,1408,1413,2018-10-09 21:55:00
20181009 21:56,507.5,507.5,507.5,507.5,35194,36.0,45764,-28.0,1771140000.0,1830000.0,1121,2052,2018-10-09 21:56:00
20181009 21:57,508.0,511.5,508.0,510.5,36558,1364.0,45512,-252.0,1840680000.0,69540000.0,2581,2079,2018-10-09 21:57:00
20181009 21:58,510.5,511.5,510.0,510.0,36754,196.0,45360,-152.0,1850680000.0,10000000.0,2797,3023,2018-10-09 21:58:00
20181009 21:59,510.0,510.5,510.0,510.5,36896,142.0,45226,-134.0,1857930000.0,7250000.0,2244,1316,2018-10-09 21:59:00
20181009 22:00,510.5,511.0,510.5,510.5,37034,138.0,45108,-118.0,1864980000.0,7050000.0,2733,3333,2018-10-09 22:00:00
20181009 22:01,510.5,510.5,509.0,509.0,37062,28.0,45098,-10.0,1866400000.0,1420000.0,2582,2487,2018-10-09 22:01:00
20181009 22:02,509.0,509.0,509.0,509.0,37062,0.0,45098,0.0,1866400000.0,0.0,481,141,2018-10-09 22:02:00
20181009 22:03,509.0,510.5,509.0,510.0,37204,142.0,45034,-64.0,1873650000.0,7250000.0,1967,4145,2018-10-09 22:03:00
20181009 22:04,510.0,510.5,509.5,510.5,37452,248.0,44838,-196.0,1886300000.0,12650000.0,1354,815,2018-10-09 22:04:00
20181009 22:05,510.5,511.0,510.5,511.0,37688,236.0,44674,-164.0,1898350000.0,12050000.0,1449,2402,2018-10-09 22:05:00
20181009 22:06,511.0,511.0,510.5,510.5,37692,4.0,44674,0.0,1898550000.0,200000.0,464,316,2018-10-09 22:06:00
20181009 22:07,510.5,510.5,510.5,510.5,37724,32.0,44658,-16.0,1900190000.0,1640000.0,1095,544,2018-10-09 22:07:00
20181009 22:08,510.5,510.5,510.0,510.0,37744,20.0,44640,-18.0,1901210000.0,1020000.0,847,652,2018-10-09 22:08:00
20181009 22:09,510.0,510.5,510.0,510.5,37786,42.0,44616,-24.0,1903350000.0,2140000.0,2531,5630,2018-10-09 22:09:00
20181009 22:10,510.5,510.5,510.5,510.5,37806,20.0,44616,0.0,1904370000.0,1020000.0,514,861,2018-10-09 22:10:00
20181009 22:11,510.5,510.5,510.0,510.0,37926,120.0,44506,-110.0,1910490000.0,6120000.0,2271,5683,2018-10-09 22:11:00
20181009 22:12,510.0,510.0,510.0,510.0,37926,0.0,44506,0.0,1910490000.0,0.0,3553,7490,2018-10-09 22:12:00
20181009 22:13,510.0,510.0,509.5,509.5,37928,2.0,44508,2.0,1910590000.0,100000.0,1726,4058,2018-10-09 22:13:00
20181009 22:14,509.5,510.5,509.5,510.5,37984,56.0,44480,-28.0,1913450000.0,2860000.0,727,1322,2018-10-09 22:14:00
20181009 22:15,510.5,510.5,510.0,510.0,38004,20.0,44472,-8.0,1914470000.0,1020000.0,712,4315,2018-10-09 22:15:00
20181009 22:16,510.0,510.0,510.0,510.0,38050,46.0,44472,0.0,1916820000.0,2350000.0,424,1405,2018-10-09 22:16:00
20181009 22:17,510.0,510.0,510.0,510.0,38050,0.0,44472,0.0,1916820000.0,0.0,954,1942,2018-10-09 22:17:00
20181009 22:18,510.0,510.0,510.0,510.0,38050,0.0,44472,0.0,1916820000.0,0.0,520,795,2018-10-09 22:18:00
20181009 22:19,510.0,510.0,510.0,510.0,38052,2.0,44474,2.0,1916920000.0,100000.0,698,1308,2018-10-09 22:19:00
20181009 22:20,510.0,510.0,510.0,510.0,38052,0.0,44474,0.0,1916920000.0,0.0,620,901,2018-10-09 22:20:00
20181009 22:21,510.0,510.0,509.5,509.5,38078,26.0,44470,-4.0,1918250000.0,1330000.0,1067,1674,2018-10-09 22:21:00
20181009 22:22,509.5,510.0,509.5,509.5,38144,66.0,44460,-10.0,1921610000.0,3360000.0,1243,3712,2018-10-09 22:22:00
20181009 22:23,509.5,510.0,509.5,510.0,38186,42.0,44488,28.0,1923750000.0,2140000.0,1088,3038,2018-10-09 22:23:00
20181009 22:24,510.0,510.0,510.0,510.0,38186,0.0,44488,0.0,1923750000.0,0.0,1135,3598,2018-10-09 22:24:00
20181009 22:25,510.0,510.0,509.0,509.0,38268,82.0,44446,-42.0,1927930000.0,4180000.0,524,1333,2018-10-09 22:25:00
20181009 22:26,509.5,509.5,509.5,509.5,38286,18.0,44444,-2.0,1928850000.0,920000.0,314,97,2018-10-09 22:26:00
20181009 22:27,509.5,509.5,509.5,509.5,38286,0.0,44444,0.0,1928850000.0,0.0,85,9,2018-10-09 22:27:00
20181009 22:28,509.5,509.5,509.5,509.5,38292,6.0,44442,-2.0,1929150000.0,300000.0,97,139,2018-10-09 22:28:00
20181009 22:29,509.5,510.0,509.5,510.0,38730,438.0,44466,24.0,1951470000.0,22320000.0,712,1390,2018-10-09 22:29:00
20181009 22:30,510.0,510.0,509.5,510.0,39246,516.0,44006,-460.0,1977790000.0,26320000.0,3916,3155,2018-10-09 22:30:00
20181009 22:31,510.0,510.0,510.0,510.0,39426,180.0,43916,-90.0,1986970000.0,9180000.0,301,1035,2018-10-09 22:31:00
20181009 22:32,510.0,510.0,510.0,510.0,39426,0.0,43916,0.0,1986970000.0,0.0,388,961,2018-10-09 22:32:00
20181009 22:33,510.0,510.0,509.5,509.5,40122,696.0,43612,-304.0,2022430000.0,35460000.0,3184,1606,2018-10-09 22:33:00
20181009 22:34,509.5,510.0,509.5,510.0,40160,38.0,43602,-10.0,2024370000.0,1940000.0,509,515,2018-10-09 22:34:00
20181009 22:35,510.0,510.0,510.0,510.0,40162,2.0,43602,0.0,2024470000.0,100000.0,255,342,2018-10-09 22:35:00
20181009 22:36,510.0,510.0,510.0,510.0,40162,0.0,43602,0.0,2024470000.0,0.0,54,88,2018-10-09 22:36:00
20181009 22:37,510.0,510.0,509.5,509.5,40204,42.0,43572,-30.0,2026610000.0,2140000.0,332,342,2018-10-09 22:37:00
20181009 22:38,509.5,510.0,509.5,510.0,40224,20.0,43562,-10.0,2027630000.0,1020000.0,144,294,2018-10-09 22:38:00
20181009 22:39,510.0,510.0,510.0,510.0,40270,46.0,43526,-36.0,2029980000.0,2350000.0,512,387,2018-10-09 22:39:00
20181009 22:40,510.0,510.0,510.0,510.0,40358,88.0,43472,-54.0,2034470000.0,4490000.0,1393,450,2018-10-09 22:40:00
20181009 22:41,510.0,510.0,510.0,510.0,40696,338.0,43570,98.0,2051700000.0,17230000.0,1586,1841,2018-10-09 22:41:00
20181009 22:42,510.0,510.0,509.5,509.5,40698,2.0,43570,0.0,2051810000.0,110000.0,421,609,2018-10-09 22:42:00
20181009 22:43,509.5,509.5,509.5,509.5,40698,0.0,43570,0.0,2051810000.0,0.0,852,344,2018-10-09 22:43:00
20181009 22:44,509.5,509.5,509.0,509.0,40792,94.0,43516,-54.0,2056590000.0,4780000.0,1259,2005,2018-10-09 22:44:00
20181009 22:45,509.0,509.0,508.5,508.5,40794,2.0,43516,0.0,2056690000.0,100000.0,1408,769,2018-10-09 22:45:00
20181009 22:46,508.5,509.5,508.5,509.5,40846,52.0,43548,32.0,2059340000.0,2650000.0,622,704,2018-10-09 22:46:00
20181009 22:47,509.5,509.5,509.0,509.0,40886,40.0,43566,18.0,2061380000.0,2040000.0,404,398,2018-10-09 22:47:00
20181009 22:48,508.5,509.0,508.5,508.5,41080,194.0,43516,-50.0,2071250000.0,9870000.0,1450,4231,2018-10-09 22:48:00
20181009 22:49,508.5,508.5,508.5,508.5,41266,186.0,43520,4.0,2080710000.0,9460000.0,961,1673,2018-10-09 22:49:00
20181009 22:50,508.5,508.5,508.5,508.5,41270,4.0,43520,0.0,2080910000.0,200000.0,1120,2393,2018-10-09 22:50:00
20181009 22:51,508.5,509.5,508.5,509.5,41296,26.0,43524,4.0,2082240000.0,1330000.0,1267,2989,2018-10-09 22:51:00
20181009 22:52,509.5,509.5,509.5,509.5,41300,4.0,43520,-4.0,2082440000.0,200000.0,901,1668,2018-10-09 22:52:00
20181009 22:53,509.5,509.5,509.5,509.5,41300,0.0,43520,0.0,2082440000.0,0.0,302,1215,2018-10-09 22:53:00
20181009 22:54,509.5,509.5,509.0,509.0,41504,204.0,43452,-68.0,2092820000.0,10380000.0,988,1891,2018-10-09 22:54:00
20181009 22:55,509.0,509.5,509.0,509.5,43026,1522.0,42338,-1114.0,2170290000.0,77470000.0,837,1980,2018-10-09 22:55:00
20181009 22:56,509.5,509.5,507.5,507.5,46068,3042.0,40300,-2038.0,2325010000.0,154720000.0,4047,3323,2018-10-09 22:56:00
20181009 22:57,507.5,508.5,507.5,508.5,46298,230.0,40286,-14.0,2336690000.0,11680000.0,894,688,2018-10-09 22:57:00
20181009 22:58,508.5,509.0,508.5,508.5,46338,40.0,40264,-22.0,2338730000.0,2040000.0,459,84,2018-10-09 22:58:00
20181009 22:59,509.0,509.0,509.0,509.0,46348,10.0,40270,6.0,2339240000.0,510000.0,376,426,2018-10-09 22:59:00
20181009 23:00,509.0,509.0,509.0,509.0,47072,724.0,40044,-226.0,2376090000.0,36850000.0,804,794,2018-10-09 23:00:00
20181009 23:01,509.0,509.0,508.5,508.5,47124,52.0,39994,-50.0,2378730000.0,2640000.0,574,347,2018-10-09 23:01:00
20181009 23:02,508.5,508.5,508.5,508.5,48186,1062.0,38956,-1038.0,2432740000.0,54010000.0,299,291,2018-10-09 23:02:00
20181009 23:04,508.5,508.5,508.5,508.5,48186,0.0,38956,0.0,2432740000.0,0.0,228,80,2018-10-09 23:04:00
20181009 23:05,508.5,508.5,508.5,508.5,48186,0.0,38956,0.0,2432740000.0,0.0,181,462,2018-10-09 23:05:00
20181009 23:07,508.5,508.5,508.5,508.5,48186,0.0,38956,0.0,2432740000.0,0.0,90,276,2018-10-09 23:07:00
20181009 23:08,508.5,508.5,508.5,508.5,49336,1150.0,39930,974.0,2491210000.0,58470000.0,117,533,2018-10-09 23:08:00
20181009 23:09,508.5,508.5,508.0,508.0,49398,62.0,39926,-4.0,2494360000.0,3150000.0,413,704,2018-10-09 23:09:00
20181009 23:10,508.0,508.0,508.0,508.0,49398,0.0,39926,0.0,2494360000.0,0.0,186,510,2018-10-09 23:10:00
20181009 23:11,508.0,508.5,508.0,508.5,63164,13766.0,38880,-1046.0,3194360000.0,700000000.0,1172,2935,2018-10-09 23:11:00
20181009 23:12,508.5,508.5,508.5,508.5,63164,0.0,38880,0.0,3194360000.0,0.0,212,480,2018-10-09 23:12:00
20181009 23:13,508.5,508.5,508.5,508.5,63164,0.0,38880,0.0,3194360000.0,0.0,159,301,2018-10-09 23:13:00
20181009 23:14,508.5,509.0,508.5,508.5,63168,4.0,38876,-4.0,3194570000.0,210000.0,389,852,2018-10-09 23:14:00
20181009 23:15,508.5,509.0,508.5,508.5,63180,12.0,38864,-12.0,3195180000.0,610000.0,566,970,2018-10-09 23:15:00
20181009 23:16,508.5,508.5,508.5,508.5,63180,0.0,38864,0.0,3195180000.0,0.0,840,1917,2018-10-09 23:16:00
20181009 23:17,508.5,508.5,508.5,508.5,63180,0.0,38864,0.0,3195180000.0,0.0,177,462,2018-10-09 23:17:00
20181009 23:18,508.5,508.5,508.5,508.5,63180,0.0,38864,0.0,3195180000.0,0.0,113,308,2018-10-09 23:18:00
20181009 23:19,508.5,509.0,508.5,509.0,63200,20.0,38870,6.0,3196200000.0,1020000.0,298,55,2018-10-09 23:19:00
20181009 23:22,509.0,509.0,509.0,509.0,63200,0.0,38870,0.0,3196200000.0,0.0,411,537,2018-10-09 23:22:00
20181009 23:23,509.0,509.0,508.5,509.0,63222,22.0,38888,18.0,3197320000.0,1120000.0,128,563,2018-10-09 23:23:00
20181009 23:24,509.0,509.0,508.5,508.5,63898,676.0,38214,-674.0,3231690000.0,34370000.0,295,1273,2018-10-09 23:24:00
20181009 23:25,508.5,508.5,508.5,508.5,63898,0.0,38214,0.0,3231690000.0,0.0,65,328,2018-10-09 23:25:00
20181009 23:26,508.5,508.5,508.5,508.5,63908,10.0,38214,0.0,3232200000.0,510000.0,392,827,2018-10-09 23:26:00
20181009 23:27,508.5,509.0,508.5,509.0,63922,14.0,38214,0.0,3232910000.0,710000.0,158,231,2018-10-09 23:27:00
20181009 23:28,508.5,509.0,508.5,508.5,63928,6.0,38210,-4.0,3233220000.0,310000.0,1867,364,2018-10-09 23:28:00
20181009 23:29,508.5,509.0,508.0,509.0,64034,106.0,38256,46.0,3238610000.0,5390000.0,1160,623,2018-10-09 23:29:00
20181009 23:30,509.0,509.0,509.0,509.0,64034,0.0,38256,0.0,3238610000.0,0.0,32,68,2018-10-09 23:30:00
20181010 09:00,517.5,518.0,517.5,518.0,65750,1716.0,32766,-5490.0,3404620000.0,166010000.0,1291,2614,2018-10-10 09:00:00
20181010 09:01,518.0,518.0,517.5,518.0,66024,274.0,32790,24.0,3418810000.0,14190000.0,3352,2909,2018-10-10 09:01:00
20181010 09:02,518.0,518.0,518.0,518.0,66118,94.0,32718,-72.0,3423680000.0,4870000.0,2181,2193,2018-10-10 09:02:00
20181010 09:03,518.0,518.5,518.0,518.5,66738,620.0,32960,242.0,3455830000.0,32150000.0,1755,409,2018-10-10 09:03:00
20181010 09:04,518.5,518.5,518.5,518.5,66740,2.0,32960,0.0,3455930000.0,100000.0,390,148,2018-10-10 09:04:00
20181010 09:05,518.5,518.5,518.0,518.5,66756,16.0,32952,-8.0,3456760000.0,830000.0,989,400,2018-10-10 09:05:00
20181010 09:06,518.5,518.5,518.0,518.0,66770,14.0,32958,6.0,3457490000.0,730000.0,947,212,2018-10-10 09:06:00
20181010 09:07,518.0,518.0,518.0,518.0,66778,8.0,32956,-2.0,3457900000.0,410000.0,925,218,2018-10-10 09:07:00
20181010 09:08,518.0,518.0,517.5,518.0,66804,26.0,32962,6.0,3459250000.0,1350000.0,963,969,2018-10-10 09:08:00
20181010 09:09,518.0,518.0,517.5,517.5,66824,20.0,32960,-2.0,3460290000.0,1040000.0,1488,1024,2018-10-10 09:09:00
20181010 09:10,517.5,517.5,517.5,517.5,66830,6.0,32960,0.0,3460600000.0,310000.0,973,379,2018-10-10 09:10:00
20181010 09:11,517.5,517.5,517.5,517.5,66876,46.0,32994,34.0,3462980000.0,2380000.0,2603,827,2018-10-10 09:11:00
20181010 09:12,517.5,517.5,517.0,517.5,66956,80.0,33000,6.0,3467120000.0,4140000.0,2684,1674,2018-10-10 09:12:00
20181010 09:13,517.5,518.0,517.5,517.5,67114,158.0,32982,-18.0,3475290000.0,8170000.0,1995,3399,2018-10-10 09:13:00
20181010 09:14,517.5,517.5,517.0,517.5,67218,104.0,32988,6.0,3480670000.0,5380000.0,965,1808,2018-10-10 09:14:00
20181010 09:15,517.5,517.5,517.0,517.0,67296,78.0,32966,-22.0,3484710000.0,4040000.0,626,1233,2018-10-10 09:15:00
20181010 09:16,517.0,517.5,517.0,517.5,67340,44.0,32936,-30.0,3486990000.0,2280000.0,1973,660,2018-10-10 09:16:00
20181010 09:17,517.5,517.5,517.5,517.5,67346,6.0,32936,0.0,3487300000.0,310000.0,3805,106,2018-10-10 09:17:00
20181010 09:18,517.5,517.5,517.5,517.5,67366,20.0,32924,-12.0,3488330000.0,1030000.0,1272,41,2018-10-10 09:18:00
20181010 09:19,517.5,517.5,517.5,517.5,67424,58.0,32918,-6.0,3491330000.0,3000000.0,2700,944,2018-10-10 09:19:00
20181010 09:20,517.5,517.5,517.0,517.0,67428,4.0,32922,4.0,3491540000.0,210000.0,128,385,2018-10-10 09:20:00
20181010 09:21,517.5,517.5,517.0,517.0,67434,6.0,32918,-4.0,3491850000.0,310000.0,184,757,2018-10-10 09:21:00
20181010 09:22,517.0,517.0,517.0,517.0,67562,128.0,33024,106.0,3498470000.0,6620000.0,2683,975,2018-10-10 09:22:00
20181010 09:23,517.0,517.5,517.0,517.0,67808,246.0,32832,-192.0,3511190000.0,12720000.0,4562,1064,2018-10-10 09:23:00
20181010 09:24,516.5,517.0,516.5,517.0,67890,82.0,32808,-24.0,3515430000.0,4240000.0,3863,1300,2018-10-10 09:24:00
20181010 09:25,517.0,517.0,515.5,515.5,68080,190.0,32754,-54.0,3525240000.0,9810000.0,6085,1208,2018-10-10 09:25:00
20181010 09:26,516.0,516.5,516.0,516.0,68154,74.0,32694,-60.0,3529060000.0,3820000.0,4459,700,2018-10-10 09:26:00
20181010 09:27,516.0,516.5,516.0,516.5,68208,54.0,32738,44.0,3531850000.0,2790000.0,4703,1207,2018-10-10 09:27:00
20181010 09:28,516.5,516.5,516.0,516.5,68302,94.0,32798,60.0,3536710000.0,4860000.0,4706,1361,2018-10-10 09:28:00
20181010 09:29,516.5,517.0,516.5,517.0,68308,6.0,32802,4.0,3537020000.0,310000.0,1858,633,2018-10-10 09:29:00
20181010 09:30,517.0,517.0,517.0,517.0,68490,182.0,32808,6.0,3546430000.0,9410000.0,2576,866,2018-10-10 09:30:00
20181010 09:31,517.0,517.0,517.0,517.0,68690,200.0,32682,-126.0,3556770000.0,10340000.0,682,723,2018-10-10 09:31:00
20181010 09:32,517.0,517.0,516.5,516.5,68694,4.0,32682,0.0,3556970000.0,200000.0,137,404,2018-10-10 09:32:00
20181010 09:33,516.5,516.5,516.5,516.5,68696,2.0,32680,-2.0,3557080000.0,110000.0,446,452,2018-10-10 09:33:00
20181010 09:34,516.5,516.5,516.0,516.5,68716,20.0,32690,10.0,3558110000.0,1030000.0,587,632,2018-10-10 09:34:00
20181010 09:35,516.5,517.5,516.5,517.0,68792,76.0,32714,24.0,3562040000.0,3930000.0,1782,906,2018-10-10 09:35:00
20181010 09:36,517.0,517.0,516.5,517.0,68992,200.0,32718,4.0,3572380000.0,10340000.0,1526,1878,2018-10-10 09:36:00
20181010 09:37,517.0,517.0,517.0,517.0,68992,0.0,32718,0.0,3572380000.0,0.0,230,593,2018-10-10 09:37:00
20181010 09:38,517.0,517.0,517.0,517.0,68994,2.0,32718,0.0,3572480000.0,100000.0,1124,266,2018-10-10 09:38:00
20181010 09:39,516.5,516.5,516.5,516.5,69124,130.0,32614,-104.0,3579200000.0,6720000.0,1920,1305,2018-10-10 09:39:00
20181010 09:40,516.5,516.5,516.0,516.5,69156,32.0,32610,-4.0,3580850000.0,1650000.0,997,695,2018-10-10 09:40:00
20181010 09:41,516.5,516.5,516.5,516.5,69160,4.0,32606,-4.0,3581060000.0,210000.0,191,720,2018-10-10 09:41:00
20181010 09:42,516.5,516.5,516.5,516.5,69164,4.0,32606,0.0,3581260000.0,200000.0,223,611,2018-10-10 09:42:00
20181010 09:43,516.5,516.5,516.0,516.0,69166,2.0,32606,0.0,3581370000.0,110000.0,86,181,2018-10-10 09:43:00
20181010 09:44,516.5,517.0,516.5,517.0,69390,224.0,32498,-108.0,3592940000.0,11570000.0,953,4795,2018-10-10 09:44:00
20181010 09:45,517.0,517.0,517.0,517.0,69392,2.0,32496,-2.0,3593040000.0,100000.0,214,1874,2018-10-10 09:45:00
20181010 09:46,517.0,517.0,517.0,517.0,69392,0.0,32496,0.0,3593040000.0,0.0,25,625,2018-10-10 09:46:00
20181010 09:47,517.0,517.0,517.0,517.0,69392,0.0,32496,0.0,3593040000.0,0.0,319,1619,2018-10-10 09:47:00
20181010 09:48,517.0,517.0,517.0,517.0,69392,0.0,32496,0.0,3593040000.0,0.0,537,1045,2018-10-10 09:48:00
20181010 09:49,517.0,517.0,516.5,516.5,69398,6.0,32490,-6.0,3593350000.0,310000.0,557,129,2018-10-10 09:49:00
20181010 09:50,517.0,517.0,516.5,516.5,69404,6.0,32484,-6.0,3593660000.0,310000.0,507,189,2018-10-10 09:50:00
20181010 09:51,516.5,516.5,516.5,516.5,69410,6.0,32480,-4.0,3593970000.0,310000.0,468,234,2018-10-10 09:51:00
20181010 09:52,516.5,516.5,516.5,516.5,69412,2.0,32478,-2.0,3594080000.0,110000.0,412,171,2018-10-10 09:52:00
20181010 09:53,516.5,516.5,516.5,516.5,69414,2.0,32476,-2.0,3594180000.0,100000.0,282,111,2018-10-10 09:53:00
20181010 09:54,516.5,516.5,516.5,516.5,69422,8.0,32476,0.0,3594590000.0,410000.0,499,177,2018-10-10 09:54:00
20181010 09:55,516.5,516.5,516.5,516.5,69428,6.0,32476,0.0,3594900000.0,310000.0,2712,193,2018-10-10 09:55:00
20181010 09:56,516.5,517.5,516.5,517.5,69522,94.0,32394,-82.0,3599760000.0,4860000.0,1808,1557,2018-10-10 09:56:00
20181010 09:57,517.5,517.5,517.5,517.5,69522,0.0,32394,0.0,3599760000.0,0.0,2991,320,2018-10-10 09:57:00
20181010 09:58,517.5,518.0,517.5,517.5,69608,86.0,32372,-22.0,3604210000.0,4450000.0,2529,2251,2018-10-10 09:58:00
20181010 09:59,517.5,517.5,517.5,517.5,69760,152.0,32318,-54.0,3612080000.0,7870000.0,5185,1932,2018-10-10 09:59:00
20181010 10:00,517.5,517.5,517.5,517.5,69762,2.0,32318,0.0,3612180000.0,100000.0,3262,506,2018-10-10 10:00:00
20181010 10:01,517.5,517.5,517.5,517.5,69804,42.0,32298,-20.0,3614360000.0,2180000.0,3797,1457,2018-10-10 10:01:00
20181010 10:02,517.5,517.5,517.5,517.5,69808,4.0,32296,-2.0,3614560000.0,200000.0,75,700,2018-10-10 10:02:00
20181010 10:03,517.5,517.5,517.5,517.5,69808,0.0,32296,0.0,3614560000.0,0.0,112,840,2018-10-10 10:03:00
20181010 10:04,517.5,517.5,517.0,517.0,69812,4.0,32296,0.0,3614770000.0,210000.0,525,1835,2018-10-10 10:04:00
20181010 10:05,517.0,517.0,517.0,517.0,69822,10.0,32296,0.0,3615290000.0,520000.0,153,547,2018-10-10 10:05:00
20181010 10:06,517.0,517.0,517.0,517.0,69828,6.0,32296,0.0,3615600000.0,310000.0,701,1921,2018-10-10 10:06:00
20181010 10:07,517.0,517.0,517.0,517.0,69832,4.0,32296,0.0,3615810000.0,210000.0,513,1410,2018-10-10 10:07:00
20181010 10:08,517.0,517.0,517.0,517.0,69832,0.0,32296,0.0,3615810000.0,0.0,418,832,2018-10-10 10:08:00
20181010 10:09,517.0,517.0,517.0,517.0,69842,10.0,32286,-10.0,3616320000.0,510000.0,727,1418,2018-10-10 10:09:00
20181010 10:10,517.0,517.0,517.0,517.0,70060,218.0,32150,-136.0,3627590000.0,11270000.0,1966,1525,2018-10-10 10:10:00
20181010 10:11,517.0,517.0,517.0,517.0,70080,20.0,32168,18.0,3628630000.0,1040000.0,1451,140,2018-10-10 10:11:00
20181010 10:13,517.0,517.0,517.0,517.0,70100,20.0,32148,-20.0,3629660000.0,1030000.0,1330,150,2018-10-10 10:13:00
20181010 10:14,517.0,517.0,516.5,517.0,70122,22.0,32134,-14.0,3630800000.0,1140000.0,3002,539,2018-10-10 10:14:00
20181010 10:30,517.0,517.0,517.0,517.0,70132,10.0,32128,-6.0,3631320000.0,520000.0,2447,1281,2018-10-10 10:30:00
20181010 10:31,517.0,517.0,517.0,517.0,70132,0.0,32128,0.0,3631320000.0,0.0,105,604,2018-10-10 10:31:00
20181010 10:32,517.0,517.0,516.5,516.5,70412,280.0,31850,-278.0,3645790000.0,14470000.0,546,242,2018-10-10 10:32:00
20181010 10:33,516.5,516.5,516.5,516.5,70426,14.0,31838,-12.0,3646510000.0,720000.0,175,17,2018-10-10 10:33:00
20181010 10:34,516.5,516.5,516.5,516.5,70436,10.0,31838,0.0,3647030000.0,520000.0,286,46,2018-10-10 10:34:00
20181010 10:35,516.5,517.0,516.5,517.0,70438,2.0,31838,0.0,3647130000.0,100000.0,453,737,2018-10-10 10:35:00
20181010 10:36,517.0,517.0,517.0,517.0,70438,0.0,31838,0.0,3647130000.0,0.0,85,210,2018-10-10 10:36:00
20181010 10:37,517.0,517.0,517.0,517.0,70440,2.0,31838,0.0,3647240000.0,110000.0,99,208,2018-10-10 10:37:00
20181010 10:38,517.0,517.0,517.0,517.0,70470,30.0,31838,0.0,3648790000.0,1550000.0,327,1425,2018-10-10 10:38:00
20181010 10:39,517.0,517.5,517.0,517.5,70500,30.0,31826,-12.0,3650340000.0,1550000.0,525,2507,2018-10-10 10:39:00
20181010 10:40,517.5,517.5,517.0,517.0,70544,44.0,31814,-12.0,3652620000.0,2280000.0,927,1160,2018-10-10 10:40:00
20181010 10:41,517.0,517.0,517.0,517.0,70596,52.0,31796,-18.0,3655300000.0,2680000.0,686,1818,2018-10-10 10:41:00
20181010 10:42,517.0,517.0,517.0,517.0,70596,0.0,31796,0.0,3655300000.0,0.0,182,521,2018-10-10 10:42:00
20181010 10:43,516.5,516.5,516.5,516.5,70642,46.0,31788,-8.0,3657680000.0,2380000.0,557,4248,2018-10-10 10:43:00
20181010 10:44,516.5,516.5,516.0,516.0,70646,4.0,31788,0.0,3657890000.0,210000.0,670,2306,2018-10-10 10:44:00
20181010 10:45,516.0,516.0,516.0,516.0,70646,0.0,31788,0.0,3657890000.0,0.0,180,415,2018-10-10 10:45:00
20181010 10:46,516.0,516.0,516.0,516.0,70646,0.0,31788,0.0,3657890000.0,0.0,819,2180,2018-10-10 10:46:00
20181010 10:47,516.0,517.0,516.0,517.0,70704,58.0,31796,8.0,3660880000.0,2990000.0,621,2363,2018-10-10 10:47:00
20181010 10:48,517.0,517.5,517.0,517.0,70768,64.0,31742,-54.0,3664190000.0,3310000.0,600,2743,2018-10-10 10:48:00
20181010 10:49,517.0,517.0,517.0,517.0,70790,22.0,31740,-2.0,3665330000.0,1140000.0,1632,1943,2018-10-10 10:49:00
20181010 10:50,517.0,517.0,517.0,517.0,70792,2.0,31740,0.0,3665430000.0,100000.0,13,653,2018-10-10 10:50:00
20181010 10:52,517.0,517.0,517.0,517.0,70794,2.0,31740,0.0,3665540000.0,110000.0,52,465,2018-10-10 10:52:00
20181010 10:53,517.0,517.0,517.0,517.0,70802,8.0,31740,0.0,3665950000.0,410000.0,175,1240,2018-10-10 10:53:00
20181010 10:54,517.0,517.0,517.0,517.0,70814,12.0,31740,0.0,3666570000.0,620000.0,21,680,2018-10-10 10:54:00
20181010 10:55,517.0,517.0,517.0,517.0,70828,14.0,31740,0.0,3667290000.0,720000.0,1108,520,2018-10-10 10:55:00
20181010 10:56,517.0,517.0,517.0,517.0,70864,36.0,31740,0.0,3669150000.0,1860000.0,1123,1536,2018-10-10 10:56:00
20181010 10:57,517.0,517.0,517.0,517.0,70878,14.0,31730,-10.0,3669880000.0,730000.0,85,1750,2018-10-10 10:57:00
20181010 10:58,517.0,517.0,517.0,517.0,70878,0.0,31730,0.0,3669880000.0,0.0,19,350,2018-10-10 10:58:00
20181010 10:59,517.0,517.0,517.0,517.0,70892,14.0,31718,-12.0,3670600000.0,720000.0,1006,440,2018-10-10 10:59:00
20181010 11:00,517.0,517.0,517.0,517.0,70904,12.0,31716,-2.0,3671220000.0,620000.0,486,1155,2018-10-10 11:00:00
20181010 11:01,516.5,516.5,516.5,516.5,70906,2.0,31714,-2.0,3671330000.0,110000.0,397,2262,2018-10-10 11:01:00
20181010 11:02,516.5,516.5,516.5,516.5,70906,0.0,31714,0.0,3671330000.0,0.0,365,2088,2018-10-10 11:02:00
20181010 11:03,516.5,516.5,516.5,516.5,70906,0.0,31714,0.0,3671330000.0,0.0,545,1740,2018-10-10 11:03:00
20181010 11:04,516.5,517.0,516.5,517.0,70980,74.0,31706,-8.0,3675150000.0,3820000.0,1482,2613,2018-10-10 11:04:00
20181010 11:05,517.0,517.0,517.0,517.0,70980,0.0,31706,0.0,3675150000.0,0.0,940,490,2018-10-10 11:05:00
20181010 11:06,517.0,517.0,517.0,517.0,70996,16.0,31706,0.0,3675980000.0,830000.0,399,141,2018-10-10 11:06:00
20181010 11:07,517.0,517.0,517.0,517.0,70996,0.0,31706,0.0,3675980000.0,0.0,343,156,2018-10-10 11:07:00
20181010 11:08,517.0,517.5,517.0,517.5,71002,6.0,31702,-4.0,3676290000.0,310000.0,267,255,2018-10-10 11:08:00
20181010 11:09,517.5,518.0,517.5,518.0,71046,44.0,31712,10.0,3678570000.0,2280000.0,870,510,2018-10-10 11:09:00
20181010 11:10,518.0,518.0,517.5,517.5,71048,2.0,31712,0.0,3678670000.0,100000.0,499,279,2018-10-10 11:10:00
20181010 11:11,517.5,517.5,517.5,517.5,71048,0.0,31712,0.0,3678670000.0,0.0,496,323,2018-10-10 11:11:00
20181010 11:12,517.5,517.5,517.5,517.5,71048,0.0,31712,0.0,3678670000.0,0.0,156,211,2018-10-10 11:12:00
20181010 11:13,517.5,517.5,517.5,517.5,71048,0.0,31712,0.0,3678670000.0,0.0,237,252,2018-10-10 11:13:00
20181010 11:14,518.0,518.0,518.0,518.0,71070,22.0,31714,2.0,3679810000.0,1140000.0,114,452,2018-10-10 11:14:00
20181010 11:15,518.0,518.5,518.0,518.5,71100,30.0,31704,-10.0,3681360000.0,1550000.0,1144,509,2018-10-10 11:15:00
20181010 11:16,518.5,518.5,518.5,518.5,71112,12.0,31710,6.0,3681990000.0,630000.0,346,453,2018-10-10 11:16:00
20181010 11:17,518.5,519.0,518.5,519.0,71204,92.0,31666,-44.0,3686760000.0,4770000.0,1042,1352,2018-10-10 11:17:00
20181010 11:18,519.0,519.0,519.0,519.0,71204,0.0,31666,0.0,3686760000.0,0.0,464,991,2018-10-10 11:18:00
20181010 11:19,519.0,520.5,519.0,520.5,71408,204.0,31586,-80.0,3697360000.0,10600000.0,472,990,2018-10-10 11:19:00
20181010 11:20,520.5,521.0,520.5,521.0,71448,40.0,31576,-10.0,3699450000.0,2090000.0,662,799,2018-10-10 11:20:00
20181010 11:21,521.0,521.0,520.5,520.5,71676,228.0,31464,-112.0,3711310000.0,11860000.0,2421,1339,2018-10-10 11:21:00
20181010 11:22,520.5,520.5,520.5,520.5,71746,70.0,31484,20.0,3714960000.0,3650000.0,217,208,2018-10-10 11:22:00
20181010 11:23,520.5,521.0,520.5,521.0,71826,80.0,31478,-6.0,3719130000.0,4170000.0,733,2420,2018-10-10 11:23:00
20181010 11:24,521.0,521.0,521.0,521.0,71904,78.0,31496,18.0,3723190000.0,4060000.0,1928,1447,2018-10-10 11:24:00
20181010 11:25,521.0,521.5,521.0,521.5,71952,48.0,31500,4.0,3725690000.0,2500000.0,3107,1198,2018-10-10 11:25:00
20181010 11:26,521.5,521.5,521.0,521.5,71986,34.0,31498,-2.0,3727470000.0,1780000.0,1069,489,2018-10-10 11:26:00
20181010 11:27,521.5,521.5,521.5,521.5,72024,38.0,31506,8.0,3729450000.0,1980000.0,1830,663,2018-10-10 11:27:00
20181010 11:28,521.5,521.5,520.5,521.0,72076,52.0,31506,0.0,3732160000.0,2710000.0,1723,5494,2018-10-10 11:28:00
20181010 11:29,521.0,522.5,521.0,522.5,72442,366.0,31420,-86.0,3751240000.0,19080000.0,2490,1518,2018-10-10 11:29:00
20181010 13:30,521.5,522.0,521.5,522.0,72644,202.0,31322,-98.0,3761780000.0,10540000.0,837,3233,2018-10-10 13:30:00
20181010 13:31,522.0,523.5,522.0,523.0,72814,170.0,31202,-120.0,3770670000.0,8890000.0,1036,1203,2018-10-10 13:31:00
20181010 13:32,523.0,523.0,522.5,523.0,72928,114.0,31198,-4.0,3776630000.0,5960000.0,1331,669,2018-10-10 13:32:00
20181010 13:33,523.0,523.0,522.5,522.5,72986,58.0,31224,26.0,3779660000.0,3030000.0,1951,344,2018-10-10 13:33:00
20181010 13:34,522.5,522.5,522.0,522.0,73078,92.0,31232,8.0,3784460000.0,4800000.0,427,569,2018-10-10 13:34:00
20181010 13:35,522.0,522.0,522.0,522.0,73210,132.0,31296,64.0,3791350000.0,6890000.0,2655,1040,2018-10-10 13:35:00
20181010 13:36,522.0,522.0,521.5,521.5,73310,100.0,31284,-12.0,3796570000.0,5220000.0,1490,875,2018-10-10 13:36:00
20181010 13:37,521.5,521.5,521.5,521.5,73332,22.0,31284,0.0,3797710000.0,1140000.0,4063,474,2018-10-10 13:37:00
20181010 13:38,521.5,521.5,521.5,521.5,73344,12.0,31290,6.0,3798340000.0,630000.0,956,401,2018-10-10 13:38:00
20181010 13:39,521.5,521.5,521.5,521.5,73358,14.0,31296,6.0,3799070000.0,730000.0,2017,470,2018-10-10 13:39:00
20181010 13:40,521.5,521.5,521.5,521.5,73358,0.0,31296,0.0,3799070000.0,0.0,1713,246,2018-10-10 13:40:00
20181010 13:41,521.5,521.5,521.5,521.5,73358,0.0,31296,0.0,3799070000.0,0.0,2009,221,2018-10-10 13:41:00
20181010 13:42,521.5,521.5,521.5,521.5,73370,12.0,31302,6.0,3799700000.0,630000.0,1008,410,2018-10-10 13:42:00
20181010 13:43,521.5,521.5,521.5,521.5,73370,0.0,31302,0.0,3799700000.0,0.0,372,309,2018-10-10 13:43:00
20181010 13:44,521.5,521.5,521.0,521.0,73374,4.0,31298,-4.0,3799900000.0,200000.0,405,170,2018-10-10 13:44:00
20181010 13:45,521.0,521.0,521.0,521.0,73374,0.0,31298,0.0,3799900000.0,0.0,725,302,2018-10-10 13:45:00
20181010 13:46,521.0,521.0,521.0,521.0,73376,2.0,31298,0.0,3800010000.0,110000.0,560,247,2018-10-10 13:46:00
20181010 13:47,521.0,521.0,521.0,521.0,73376,0.0,31298,0.0,3800010000.0,0.0,402,200,2018-10-10 13:47:00
20181010 13:48,521.0,521.0,521.0,521.0,73380,4.0,31298,0.0,3800220000.0,210000.0,416,184,2018-10-10 13:48:00
20181010 13:49,521.0,521.0,521.0,521.0,73390,10.0,31288,-10.0,3800740000.0,520000.0,547,211,2018-10-10 13:49:00
20181010 13:50,521.0,521.0,521.0,521.0,73394,4.0,31284,-4.0,3800950000.0,210000.0,489,246,2018-10-10 13:50:00
20181010 13:51,521.0,521.5,521.0,521.0,73462,68.0,31238,-46.0,3804490000.0,3540000.0,2556,284,2018-10-10 13:51:00
20181010 13:52,521.0,521.0,521.0,521.0,73476,14.0,31236,-2.0,3805220000.0,730000.0,975,337,2018-10-10 13:52:00
20181010 13:53,521.0,521.0,520.0,520.5,73524,48.0,31206,-30.0,3807720000.0,2500000.0,1270,528,2018-10-10 13:53:00
20181010 13:54,520.5,520.5,520.0,520.0,73530,6.0,31208,2.0,3808030000.0,310000.0,494,210,2018-10-10 13:54:00
20181010 13:55,520.0,520.5,520.0,520.0,73572,42.0,31190,-18.0,3810210000.0,2180000.0,2886,860,2018-10-10 13:55:00
20181010 13:56,520.0,520.5,520.0,520.0,73644,72.0,31176,-14.0,3813960000.0,3750000.0,3041,686,2018-10-10 13:56:00
20181010 13:57,520.0,520.5,520.0,520.5,73686,42.0,31194,18.0,3816150000.0,2190000.0,2729,897,2018-10-10 13:57:00
20181010 13:58,520.5,521.0,520.5,520.5,73874,188.0,31354,160.0,3825930000.0,9780000.0,3331,652,2018-10-10 13:58:00
20181010 13:59,520.5,521.0,520.5,520.5,73922,48.0,31390,36.0,3828430000.0,2500000.0,4381,895,2018-10-10 13:59:00
20181010 14:00,520.5,520.5,520.0,520.5,73980,58.0,31392,2.0,3831450000.0,3020000.0,2166,916,2018-10-10 14:00:00
20181010 14:01,520.5,520.5,520.5,520.5,74000,20.0,31390,-2.0,3832490000.0,1040000.0,401,463,2018-10-10 14:01:00
20181010 14:02,520.5,520.5,520.0,520.5,74004,4.0,31390,0.0,3832700000.0,210000.0,110,183,2018-10-10 14:02:00
20181010 14:03,520.5,520.5,520.5,520.5,74004,0.0,31390,0.0,3832700000.0,0.0,87,133,2018-10-10 14:03:00
20181010 14:04,520.5,520.5,520.0,520.0,74006,2.0,31390,0.0,3832800000.0,100000.0,73,112,2018-10-10 14:04:00
20181010 14:05,520.0,520.0,520.0,520.0,74006,0.0,31390,0.0,3832800000.0,0.0,110,178,2018-10-10 14:05:00
20181010 14:06,520.0,520.5,520.0,520.5,74010,4.0,31390,0.0,3833010000.0,210000.0,57,91,2018-10-10 14:06:00
20181010 14:07,520.5,520.5,520.5,520.5,75816,1806.0,31780,390.0,3927010000.0,94000000.0,4373,1076,2018-10-10 14:07:00
20181010 14:08,520.5,520.5,520.5,520.5,75816,0.0,31780,0.0,3927010000.0,0.0,734,490,2018-10-10 14:08:00
20181010 14:09,520.5,520.5,520.5,520.5,75816,0.0,31780,0.0,3927010000.0,0.0,2124,1435,2018-10-10 14:09:00
20181010 14:10,521.0,521.0,521.0,521.0,77564,1748.0,32048,268.0,4018080000.0,91070000.0,2441,637,2018-10-10 14:10:00
20181010 14:11,521.0,521.0,521.0,521.0,77564,0.0,32048,0.0,4018080000.0,0.0,426,244,2018-10-10 14:11:00
20181010 14:12,521.0,521.0,521.0,521.0,77564,0.0,32048,0.0,4018080000.0,0.0,268,149,2018-10-10 14:12:00
20181010 14:13,521.0,521.0,521.0,521.0,77564,0.0,32048,0.0,4018080000.0,0.0,228,98,2018-10-10 14:13:00
20181010 14:14,521.0,521.0,521.0,521.0,77564,0.0,32048,0.0,4018080000.0,0.0,90,40,2018-10-10 14:14:00
20181010 14:15,521.0,521.0,521.0,521.0,77564,0.0,32048,0.0,4018080000.0,0.0,219,117,2018-10-10 14:15:00
20181010 14:16,521.0,521.0,520.5,520.5,78294,730.0,32646,598.0,4056080000.0,38000000.0,938,332,2018-10-10 14:16:00
20181010 14:17,520.5,520.5,520.5,520.5,78320,26.0,32644,-2.0,4057430000.0,1350000.0,457,290,2018-10-10 14:17:00
20181010 14:18,520.5,520.5,519.5,520.0,78404,84.0,32650,6.0,4061800000.0,4370000.0,607,1152,2018-10-10 14:18:00
20181010 14:19,520.0,520.0,520.0,520.0,79114,710.0,32040,-610.0,4098720000.0,36920000.0,828,1920,2018-10-10 14:19:00
20181010 14:20,520.0,520.0,520.0,520.0,79150,36.0,32004,-36.0,4100590000.0,1870000.0,298,1022,2018-10-10 14:20:00
20181010 14:21,520.0,520.5,520.0,520.5,79868,718.0,32628,624.0,4137970000.0,37380000.0,1658,498,2018-10-10 14:21:00
20181010 14:22,520.5,520.5,519.5,519.5,79930,62.0,32622,-6.0,4141190000.0,3220000.0,627,1355,2018-10-10 14:22:00
20181010 14:23,519.5,519.5,519.0,519.0,81376,1446.0,32540,-82.0,4216270000.0,75080000.0,3110,5455,2018-10-10 14:23:00
20181010 14:24,519.0,519.0,518.5,518.5,82166,790.0,31974,-566.0,4257240000.0,40970000.0,921,3490,2018-10-10 14:24:00
20181010 14:25,518.5,519.5,518.5,519.5,82202,36.0,31986,12.0,4259110000.0,1870000.0,1010,871,2018-10-10 14:25:00
20181010 14:26,519.5,519.5,519.5,519.5,82206,4.0,31982,-4.0,4259310000.0,200000.0,2304,2183,2018-10-10 14:26:00
20181010 14:27,519.5,519.5,519.5,519.5,82206,0.0,31982,0.0,4259310000.0,0.0,199,100,2018-10-10 14:27:00
20181010 14:28,519.5,519.5,519.5,519.5,82222,16.0,31984,2.0,4260140000.0,830000.0,1005,304,2018-10-10 14:28:00
20181010 14:29,519.5,519.5,519.5,519.5,82256,34.0,31958,-26.0,4261910000.0,1770000.0,409,336,2018-10-10 14:29:00
20181010 14:30,519.5,519.5,519.5,519.5,84966,2710.0,31960,2.0,4402700000.0,140790000.0,3727,1309,2018-10-10 14:30:00
20181010 14:31,519.5,519.5,519.5,519.5,84992,26.0,31946,-14.0,4404050000.0,1350000.0,569,1027,2018-10-10 14:31:00
20181010 14:32,519.5,520.0,519.5,520.0,84994,2.0,31944,-2.0,4404150000.0,100000.0,253,561,2018-10-10 14:32:00
20181010 14:33,520.0,520.0,520.0,520.0,84996,2.0,31942,-2.0,4404250000.0,100000.0,111,253,2018-10-10 14:33:00
20181010 14:34,520.0,520.0,519.5,519.5,85672,676.0,32502,560.0,4439370000.0,35120000.0,574,584,2018-10-10 14:34:00
20181010 14:35,519.5,519.5,519.5,519.5,85672,0.0,32502,0.0,4439370000.0,0.0,134,110,2018-10-10 14:35:00
20181010 14:36,519.5,519.5,519.5,519.5,85672,0.0,32502,0.0,4439370000.0,0.0,144,128,2018-10-10 14:36:00
20181010 14:37,519.5,519.5,519.5,519.5,85672,0.0,32502,0.0,4439370000.0,0.0,74,149,2018-10-10 14:37:00
20181010 14:38,519.5,519.5,519.5,519.5,85672,0.0,32502,0.0,4439370000.0,0.0,41,93,2018-10-10 14:38:00
20181010 14:39,519.5,519.5,519.5,519.5,85672,0.0,32502,0.0,4439370000.0,0.0,110,162,2018-10-10 14:39:00
20181010 14:40,520.0,520.0,520.0,520.0,86420,748.0,31912,-590.0,4478270000.0,38900000.0,919,401,2018-10-10 14:40:00
20181010 14:41,520.0,520.5,520.0,520.5,87110,690.0,32472,560.0,4514180000.0,35910000.0,973,627,2018-10-10 14:41:00
20181010 14:42,520.5,520.5,520.5,520.5,87172,62.0,32452,-20.0,4517410000.0,3230000.0,1931,3569,2018-10-10 14:42:00
20181010 14:43,520.5,520.5,520.5,520.5,87174,2.0,32450,-2.0,4517510000.0,100000.0,90,1530,2018-10-10 14:43:00
20181010 14:44,520.5,520.5,520.5,520.5,87820,646.0,31854,-596.0,4551140000.0,33630000.0,385,1754,2018-10-10 14:44:00
20181010 14:45,520.5,520.5,520.5,520.5,87906,86.0,31812,-42.0,4555610000.0,4470000.0,1647,2983,2018-10-10 14:45:00
20181010 14:46,520.5,520.5,520.5,520.5,87906,0.0,31812,0.0,4555610000.0,0.0,72,756,2018-10-10 14:46:00
20181010 14:47,520.5,520.5,520.0,520.0,87956,50.0,31786,-26.0,4558210000.0,2600000.0,682,1929,2018-10-10 14:47:00
20181010 14:48,520.0,520.0,520.0,520.0,88592,636.0,32376,590.0,4591290000.0,33080000.0,1444,2600,2018-10-10 14:48:00
20181010 14:49,520.0,520.0,519.5,519.5,89226,634.0,31774,-602.0,4624220000.0,32930000.0,770,3890,2018-10-10 14:49:00
20181010 14:50,519.5,520.0,519.5,520.0,89348,122.0,31836,62.0,4630570000.0,6350000.0,1158,685,2018-10-10 14:50:00
20181010 14:51,520.0,520.0,519.5,519.5,89370,22.0,31830,-6.0,4631710000.0,1140000.0,2144,591,2018-10-10 14:51:00
20181010 14:52,519.5,520.0,519.5,520.0,89382,12.0,31830,0.0,4632330000.0,620000.0,2099,416,2018-10-10 14:52:00
20181010 14:53,520.0,520.0,519.5,520.0,89390,8.0,31824,-6.0,4632750000.0,420000.0,3584,781,2018-10-10 14:53:00
20181010 14:54,520.0,520.5,520.0,520.0,89480,90.0,31820,-4.0,4637430000.0,4680000.0,4638,2523,2018-10-10 14:54:00
20181010 14:55,520.0,520.0,520.0,520.0,89872,392.0,32198,378.0,4657820000.0,20390000.0,1895,454,2018-10-10 14:55:00
20181010 14:56,520.0,520.0,520.0,520.0,89872,0.0,32198,0.0,4657820000.0,0.0,731,70,2018-10-10 14:56:00
20181010 14:57,520.0,520.5,520.0,520.0,89894,22.0,32206,8.0,4658960000.0,1140000.0,8247,885,2018-10-10 14:57:00
20181010 14:58,520.0,520.0,520.0,520.0,90316,422.0,32494,288.0,4680910000.0,21950000.0,1225,346,2018-10-10 14:58:00
20181010 14:59,520.0,520.5,520.0,520.5,90402,86.0,32456,-38.0,4685380000.0,4470000.0,4271,2891,2018-10-10 14:59:00
20181010 15:00,520.5,520.5,520.5,520.5,90402,0.0,32456,0.0,4685380000.0,0.0,426,378,2018-10-10 15:00:00
20181010 20:59,513.0,513.0,513.0,513.0,1948,1948.0,31274,-1182.0,99932400.0,99932400.0,308,1,2018-10-10 20:59:00
20181010 21:00,513.0,513.5,513.0,513.5,1992,44.0,31292,18.0,102191000.0,2258600.0,1910,554,2018-10-10 21:00:00
20181010 21:01,513.5,515.0,513.5,514.5,2184,192.0,31316,24.0,112074000.0,9883000.0,5466,1484,2018-10-10 21:01:00
20181010 21:02,514.5,516.0,514.0,516.0,2908,724.0,31488,172.0,149351000.0,37277000.0,3373,1923,2018-10-10 21:02:00
20181010 21:03,516.0,516.0,515.0,515.0,3046,138.0,31404,-84.0,156463000.0,7112000.0,909,4253,2018-10-10 21:03:00
20181010 21:04,515.0,515.5,515.0,515.5,3078,32.0,31408,4.0,158111000.0,1648000.0,965,2830,2018-10-10 21:04:00
20181010 21:05,515.5,516.0,515.5,515.5,3170,92.0,31414,6.0,162858000.0,4747000.0,993,916,2018-10-10 21:05:00
20181010 21:06,515.5,515.5,515.0,515.5,3226,56.0,31390,-24.0,165745000.0,2887000.0,1052,2222,2018-10-10 21:06:00
20181010 21:07,515.5,515.5,515.0,515.0,3228,2.0,31388,-2.0,165848000.0,103000.0,914,1678,2018-10-10 21:07:00
20181010 21:08,515.0,515.5,515.0,515.5,3380,152.0,31320,-68.0,173683000.0,7835000.0,877,549,2018-10-10 21:08:00
20181010 21:09,515.5,517.0,515.5,516.0,3810,430.0,31438,118.0,195898000.0,22215000.0,10074,3287,2018-10-10 21:09:00
20181010 21:10,516.0,516.0,516.0,516.0,3814,4.0,31442,4.0,196104000.0,206000.0,959,836,2018-10-10 21:10:00
20181010 21:11,516.0,516.5,515.5,516.0,4312,498.0,31716,274.0,221812000.0,25708000.0,2397,1129,2018-10-10 21:11:00
20181010 21:12,516.0,516.5,516.0,516.5,4338,26.0,31706,-10.0,223154000.0,1342000.0,4098,1012,2018-10-10 21:12:00
20181010 21:13,516.5,517.0,516.5,517.0,4778,440.0,32136,430.0,245902000.0,22748000.0,8159,2325,2018-10-10 21:13:00
20181010 21:14,517.0,517.0,517.0,517.0,6068,1290.0,33328,1192.0,312595000.0,66693000.0,2092,2118,2018-10-10 21:14:00
20181010 21:15,517.0,517.5,516.5,516.5,8244,2176.0,33342,14.0,425149000.0,112554000.0,2948,2074,2018-10-10 21:15:00
20181010 21:16,516.5,518.0,516.5,518.0,8362,118.0,33344,2.0,431254000.0,6105000.0,1448,1132,2018-10-10 21:16:00
20181010 21:17,518.0,518.5,518.0,518.5,9598,1236.0,32548,-796.0,495333000.0,64079000.0,2362,3030,2018-10-10 21:17:00
20181010 21:18,518.5,518.5,518.5,518.5,10674,1076.0,33418,870.0,551124000.0,55791000.0,1444,478,2018-10-10 21:18:00
20181010 21:19,518.5,519.5,518.5,519.5,16190,5516.0,34006,588.0,837460000.0,286336000.0,6924,1858,2018-10-10 21:19:00
20181010 21:20,519.5,520.0,519.0,519.0,18200,2010.0,33548,-458.0,941967000.0,104507000.0,10647,4093,2018-10-10 21:20:00
20181010 21:21,519.0,519.0,519.0,519.0,18200,0.0,33548,0.0,941967000.0,0.0,243,568,2018-10-10 21:21:00
20181010 21:22,519.0,519.5,519.0,519.5,18356,156.0,33692,144.0,950063000.0,8096000.0,2693,908,2018-10-10 21:22:00
20181010 21:23,519.5,519.5,519.0,519.0,18360,4.0,33692,0.0,950271000.0,208000.0,4498,2909,2018-10-10 21:23:00
20181010 21:24,519.0,519.5,519.0,519.5,18376,16.0,33684,-8.0,951102000.0,831000.0,1713,1022,2018-10-10 21:24:00
20181010 21:25,519.5,519.5,519.0,519.0,18782,406.0,34068,384.0,972173000.0,21071000.0,1142,731,2018-10-10 21:25:00
20181010 21:26,519.0,519.5,518.5,519.5,19978,1196.0,35082,1014.0,1034300000.0,62127000.0,1966,1067,2018-10-10 21:26:00
20181010 21:27,519.5,519.5,519.0,519.0,27540,7562.0,34082,-1000.0,1427090000.0,392790000.0,2111,4851,2018-10-10 21:27:00
20181010 21:28,519.0,519.0,519.0,519.0,28674,1134.0,35136,1054.0,1485940000.0,58850000.0,422,1661,2018-10-10 21:28:00
20181010 21:29,519.0,519.0,518.5,518.5,29780,1106.0,34066,-1070.0,1543290000.0,57350000.0,347,846,2018-10-10 21:29:00
20181010 21:30,519.0,519.0,519.0,519.0,30378,598.0,33942,-124.0,1574330000.0,31040000.0,1442,9632,2018-10-10 21:30:00
20181010 21:31,519.0,519.0,519.0,519.0,30378,0.0,33942,0.0,1574330000.0,0.0,240,1896,2018-10-10 21:31:00
20181010 21:32,519.0,519.0,519.0,519.0,30470,92.0,33892,-50.0,1579100000.0,4770000.0,319,2148,2018-10-10 21:32:00
20181010 21:33,519.5,520.0,519.5,519.5,30520,50.0,33870,-22.0,1581700000.0,2600000.0,14762,1452,2018-10-10 21:33:00
20181010 21:34,519.5,520.0,519.5,520.0,30544,24.0,33862,-8.0,1582950000.0,1250000.0,7084,902,2018-10-10 21:34:00
20181010 21:35,520.0,520.5,520.0,520.0,30576,32.0,33836,-26.0,1584610000.0,1660000.0,3825,708,2018-10-10 21:35:00
20181010 21:36,520.0,520.5,520.0,520.5,30604,28.0,33836,0.0,1586070000.0,1460000.0,3344,675,2018-10-10 21:36:00
20181010 21:37,520.5,520.5,520.0,520.0,30776,172.0,33936,100.0,1595010000.0,8940000.0,3260,382,2018-10-10 21:37:00
20181010 21:38,520.0,520.5,520.0,520.0,30826,50.0,33974,38.0,1597610000.0,2600000.0,6246,525,2018-10-10 21:38:00
20181010 21:39,519.5,519.5,519.5,519.5,30896,70.0,33940,-34.0,1601250000.0,3640000.0,4174,1382,2018-10-10 21:39:00
20181010 21:40,519.5,519.5,518.5,519.0,31084,188.0,33926,-14.0,1611010000.0,9760000.0,612,6670,2018-10-10 21:40:00
20181010 21:41,519.0,519.0,519.0,519.0,31088,4.0,33924,-2.0,1611220000.0,210000.0,1050,2939,2018-10-10 21:41:00
20181010 21:42,519.0,519.5,519.0,519.5,31146,58.0,33900,-24.0,1614230000.0,3010000.0,1549,5305,2018-10-10 21:42:00
20181010 21:43,519.5,519.5,519.0,519.0,31162,16.0,33914,14.0,1615060000.0,830000.0,7394,1335,2018-10-10 21:43:00
20181010 21:44,519.0,519.0,519.0,519.0,31308,146.0,33930,16.0,1622640000.0,7580000.0,5393,1732,2018-10-10 21:44:00
20181010 21:45,519.0,519.0,518.5,518.5,31356,48.0,33892,-38.0,1625120000.0,2480000.0,2438,2632,2018-10-10 21:45:00
20181010 21:46,518.5,518.5,518.5,518.5,31366,10.0,33890,-2.0,1625640000.0,520000.0,2356,498,2018-10-10 21:46:00
20181010 21:47,518.5,519.0,518.0,519.0,31424,58.0,33864,-26.0,1628650000.0,3010000.0,1526,1759,2018-10-10 21:47:00
20181010 21:48,519.0,519.0,519.0,519.0,31466,42.0,33864,0.0,1630830000.0,2180000.0,3702,3712,2018-10-10 21:48:00
20181010 21:49,518.5,518.5,518.5,518.5,31468,2.0,33864,0.0,1630930000.0,100000.0,696,247,2018-10-10 21:49:00
20181010 21:50,518.5,518.5,518.5,518.5,31468,0.0,33864,0.0,1630930000.0,0.0,2553,922,2018-10-10 21:50:00
20181010 21:51,518.5,519.0,518.5,518.5,31634,166.0,33870,6.0,1639540000.0,8610000.0,1042,334,2018-10-10 21:51:00
20181010 21:52,518.5,518.5,517.0,517.0,37060,5426.0,34750,880.0,1920340000.0,280800000.0,3249,2237,2018-10-10 21:52:00
20181010 21:53,517.0,517.5,516.0,516.5,38270,1210.0,33686,-1064.0,1982890000.0,62550000.0,1605,7095,2018-10-10 21:53:00
20181010 21:54,516.5,516.5,516.5,516.5,38294,24.0,33686,0.0,1984130000.0,1240000.0,1189,3226,2018-10-10 21:54:00
20181010 21:55,516.5,517.0,516.5,516.5,38298,4.0,33684,-2.0,1984330000.0,200000.0,1557,103,2018-10-10 21:55:00
20181010 21:56,516.5,516.5,516.5,516.5,38298,0.0,33684,0.0,1984330000.0,0.0,336,97,2018-10-10 21:56:00
20181010 21:57,516.5,517.0,516.5,517.0,38436,138.0,33586,-98.0,1991470000.0,7140000.0,447,1326,2018-10-10 21:57:00
20181010 21:58,517.0,517.5,517.0,517.5,38438,2.0,33588,2.0,1991570000.0,100000.0,83,35,2018-10-10 21:58:00
20181010 21:59,517.5,517.5,517.0,517.0,40312,1874.0,34204,616.0,2088460000.0,96890000.0,7128,1758,2018-10-10 21:59:00
20181010 22:00,517.0,517.5,516.5,517.5,41026,714.0,33618,-586.0,2125410000.0,36950000.0,6941,2096,2018-10-10 22:00:00
20181010 22:01,517.5,518.0,517.5,518.0,42968,1942.0,34154,536.0,2225940000.0,100530000.0,1877,3042,2018-10-10 22:01:00
20181010 22:02,518.0,518.0,517.5,517.5,43676,708.0,33656,-498.0,2262580000.0,36640000.0,3286,901,2018-10-10 22:02:00
20181010 22:03,517.5,518.0,517.5,518.0,44406,730.0,34114,458.0,2300390000.0,37810000.0,4688,749,2018-10-10 22:03:00
20181010 22:04,518.0,518.5,518.0,518.5,45038,632.0,33608,-506.0,2333160000.0,32770000.0,496,638,2018-10-10 22:04:00
20181010 22:05,518.5,518.5,518.0,518.0,45040,2.0,33608,0.0,2333260000.0,100000.0,9922,659,2018-10-10 22:05:00
20181010 22:06,518.0,518.0,518.0,518.0,45040,0.0,33608,0.0,2333260000.0,0.0,3907,530,2018-10-10 22:06:00
20181010 22:07,518.0,518.0,518.0,518.0,45066,26.0,33606,-2.0,2334610000.0,1350000.0,254,1204,2018-10-10 22:07:00
20181010 22:08,518.0,518.0,518.0,518.0,45202,136.0,33528,-78.0,2341650000.0,7040000.0,4425,1201,2018-10-10 22:08:00
20181010 22:09,518.0,518.0,518.0,518.0,45430,228.0,33342,-186.0,2353460000.0,11810000.0,1699,839,2018-10-10 22:09:00
20181010 22:10,518.0,518.0,518.0,518.0,45430,0.0,33342,0.0,2353460000.0,0.0,522,174,2018-10-10 22:10:00
20181010 22:11,518.0,518.0,518.0,518.0,45458,28.0,33366,24.0,2354910000.0,1450000.0,131,157,2018-10-10 22:11:00
20181010 22:12,518.0,518.0,518.0,518.0,45458,0.0,33366,0.0,2354910000.0,0.0,211,148,2018-10-10 22:12:00
20181010 22:13,518.0,518.0,518.0,518.0,45458,0.0,33366,0.0,2354910000.0,0.0,552,237,2018-10-10 22:13:00
20181010 22:14,517.5,517.5,517.0,517.5,45942,484.0,33356,-10.0,2379960000.0,25050000.0,3328,4127,2018-10-10 22:14:00
20181010 22:15,517.5,517.5,517.0,517.5,46274,332.0,33464,108.0,2397130000.0,17170000.0,4633,3586,2018-10-10 22:15:00
20181010 22:16,517.5,517.5,517.0,517.0,46508,234.0,33254,-210.0,2409220000.0,12090000.0,13359,5615,2018-10-10 22:16:00
20181010 22:17,517.0,517.0,517.0,517.0,47336,828.0,33894,640.0,2452030000.0,42810000.0,6825,1654,2018-10-10 22:17:00
20181010 22:18,517.0,517.0,517.0,517.0,47336,0.0,33894,0.0,2452030000.0,0.0,1401,198,2018-10-10 22:18:00
20181010 22:19,517.0,517.0,517.0,517.0,47510,174.0,33774,-120.0,2461030000.0,9000000.0,586,2189,2018-10-10 22:19:00
20181010 22:20,517.0,517.0,517.0,517.0,47510,0.0,33774,0.0,2461030000.0,0.0,197,45,2018-10-10 22:20:00
20181010 22:21,517.0,517.0,517.0,517.0,47842,332.0,33630,-144.0,2478190000.0,17160000.0,749,2512,2018-10-10 22:21:00
20181010 22:22,517.0,517.0,517.0,517.0,48006,164.0,33774,144.0,2486670000.0,8480000.0,236,42,2018-10-10 22:22:00
20181010 22:23,517.0,517.0,517.0,517.0,48170,164.0,33774,0.0,2495150000.0,8480000.0,236,65,2018-10-10 22:23:00
20181010 22:24,517.0,517.5,517.0,517.5,48342,172.0,33646,-128.0,2504050000.0,8900000.0,1266,1109,2018-10-10 22:24:00
20181010 22:25,517.5,517.5,517.5,517.5,48342,0.0,33646,0.0,2504050000.0,0.0,265,115,2018-10-10 22:25:00
20181010 22:26,517.5,517.5,517.5,517.5,49086,744.0,33806,160.0,2542550000.0,38500000.0,1177,3470,2018-10-10 22:26:00
20181010 22:27,517.5,517.5,517.5,517.5,49242,156.0,33662,-144.0,2550630000.0,8080000.0,519,8282,2018-10-10 22:27:00
20181010 22:28,517.5,517.5,517.5,517.5,50286,1044.0,33804,142.0,2604650000.0,54020000.0,1995,7294,2018-10-10 22:28:00
20181010 22:29,517.5,517.5,517.5,517.5,50652,366.0,33642,-162.0,2623590000.0,18940000.0,816,2511,2018-10-10 22:29:00
20181010 22:30,517.5,517.5,517.5,517.5,50672,20.0,33646,4.0,2624630000.0,1040000.0,412,476,2018-10-10 22:30:00
20181010 22:31,517.5,518.0,517.5,517.5,50862,190.0,33784,138.0,2634460000.0,9830000.0,408,242,2018-10-10 22:31:00
20181010 22:32,517.5,517.5,517.5,517.5,50868,6.0,33790,6.0,2634770000.0,310000.0,123,50,2018-10-10 22:32:00
20181010 22:33,517.5,517.5,517.5,517.5,51734,866.0,33642,-148.0,2679590000.0,44820000.0,870,4078,2018-10-10 22:33:00
20181010 22:34,517.5,517.5,517.5,517.5,51754,20.0,33636,-6.0,2680620000.0,1030000.0,361,482,2018-10-10 22:34:00
20181010 22:35,517.5,517.5,517.5,517.5,51756,2.0,33634,-2.0,2680730000.0,110000.0,123,52,2018-10-10 22:35:00
20181010 22:36,517.5,517.5,517.5,517.5,51756,0.0,33634,0.0,2680730000.0,0.0,205,80,2018-10-10 22:36:00
20181010 22:37,517.5,517.5,517.5,517.5,51756,0.0,33634,0.0,2680730000.0,0.0,122,113,2018-10-10 22:37:00
20181010 22:38,517.5,517.5,517.5,517.5,51756,0.0,33634,0.0,2680730000.0,0.0,54,42,2018-10-10 22:38:00
20181010 22:39,517.5,517.5,517.5,517.5,51806,50.0,33664,30.0,2683310000.0,2580000.0,216,187,2018-10-10 22:39:00
20181010 22:40,517.5,518.0,517.5,518.0,51816,10.0,33672,8.0,2683830000.0,520000.0,486,9676,2018-10-10 22:40:00
20181010 22:41,518.0,518.0,518.0,518.0,51822,6.0,33672,0.0,2684140000.0,310000.0,39,1612,2018-10-10 22:41:00
20181010 22:42,518.0,518.0,518.0,518.0,52504,682.0,33180,-492.0,2719470000.0,35330000.0,727,2231,2018-10-10 22:42:00
20181010 22:43,518.0,518.0,518.0,518.0,52504,0.0,33180,0.0,2719470000.0,0.0,482,194,2018-10-10 22:43:00
20181010 22:44,518.0,518.0,518.0,518.0,52504,0.0,33180,0.0,2719470000.0,0.0,52,12,2018-10-10 22:44:00
20181010 22:45,518.0,518.5,518.0,518.0,52536,32.0,33204,24.0,2721130000.0,1660000.0,358,334,2018-10-10 22:45:00
20181010 22:46,518.0,518.0,518.0,518.0,52536,0.0,33204,0.0,2721130000.0,0.0,112,68,2018-10-10 22:46:00
20181010 22:47,518.0,518.0,518.0,518.0,52536,0.0,33204,0.0,2721130000.0,0.0,72,61,2018-10-10 22:47:00
20181010 22:48,517.5,517.5,517.5,517.5,52548,12.0,33214,10.0,2721750000.0,620000.0,134,210,2018-10-10 22:48:00
20181010 22:49,517.0,517.0,516.5,517.0,54536,1988.0,33720,506.0,2824530000.0,102780000.0,4165,1479,2018-10-10 22:49:00
20181010 22:50,517.0,517.0,517.0,517.0,54584,48.0,33696,-24.0,2827010000.0,2480000.0,4595,4005,2018-10-10 22:50:00
20181010 22:51,517.0,517.0,517.0,517.0,54584,0.0,33696,0.0,2827010000.0,0.0,1252,1238,2018-10-10 22:51:00
20181010 22:52,517.5,517.5,517.5,517.5,54672,88.0,33756,60.0,2831560000.0,4550000.0,5594,11639,2018-10-10 22:52:00
20181010 22:53,517.5,517.5,517.5,517.5,54744,72.0,33762,6.0,2835290000.0,3730000.0,1729,802,2018-10-10 22:53:00
20181010 22:54,517.5,517.5,516.0,516.0,55602,858.0,33508,-254.0,2879640000.0,44350000.0,3088,3352,2018-10-10 22:54:00
20181010 22:55,516.0,516.0,516.0,516.0,56330,728.0,33070,-438.0,2917200000.0,37560000.0,1317,2418,2018-10-10 22:55:00
20181010 22:56,516.0,516.0,516.0,516.0,56340,10.0,33070,0.0,2917720000.0,520000.0,494,808,2018-10-10 22:56:00
20181010 22:57,516.0,516.0,516.0,516.0,56408,68.0,33098,28.0,2921230000.0,3510000.0,973,264,2018-10-10 22:57:00
20181010 22:58,516.0,517.0,516.0,517.0,56610,202.0,32992,-106.0,2931660000.0,10430000.0,571,975,2018-10-10 22:58:00
20181010 22:59,517.0,517.0,517.0,517.0,56614,4.0,32992,0.0,2931860000.0,200000.0,215,401,2018-10-10 22:59:00
20181010 23:00,516.5,517.0,516.5,517.0,57254,640.0,33448,456.0,2964950000.0,33090000.0,6029,2053,2018-10-10 23:00:00
20181010 23:01,517.0,517.0,517.0,517.0,57254,0.0,33448,0.0,2964950000.0,0.0,1987,413,2018-10-10 23:01:00
20181010 23:02,517.0,517.0,517.0,517.0,57254,0.0,33448,0.0,2964950000.0,0.0,266,18,2018-10-10 23:02:00
20181010 23:03,517.0,517.0,517.0,517.0,57254,0.0,33448,0.0,2964950000.0,0.0,968,1272,2018-10-10 23:03:00
20181010 23:04,517.0,517.5,517.0,517.5,57258,4.0,33446,-2.0,2965160000.0,210000.0,704,1130,2018-10-10 23:04:00
20181010 23:05,517.5,517.5,517.5,517.5,57314,56.0,33422,-24.0,2968060000.0,2900000.0,2611,717,2018-10-10 23:05:00
20181010 23:06,517.5,517.5,517.5,517.5,57314,0.0,33422,0.0,2968060000.0,0.0,248,17,2018-10-10 23:06:00
20181010 23:07,517.5,517.5,517.5,517.5,57314,0.0,33422,0.0,2968060000.0,0.0,248,32,2018-10-10 23:07:00
20181010 23:08,517.5,517.5,517.5,517.5,57314,0.0,33422,0.0,2968060000.0,0.0,496,69,2018-10-10 23:08:00
20181010 23:09,517.5,517.5,517.5,517.5,57336,22.0,33430,8.0,2969200000.0,1140000.0,960,93,2018-10-10 23:09:00
20181010 23:14,517.5,517.5,517.5,517.5,57336,0.0,33430,0.0,2969200000.0,0.0,237,25,2018-10-10 23:14:00
20181010 23:15,517.5,517.5,517.5,517.5,57344,8.0,33422,-8.0,2969610000.0,410000.0,474,36,2018-10-10 23:15:00
20181010 23:16,517.5,518.0,517.5,518.0,57366,22.0,33414,-8.0,2970750000.0,1140000.0,4066,457,2018-10-10 23:16:00
20181010 23:17,518.0,518.0,517.5,517.5,57412,46.0,33396,-18.0,2973130000.0,2380000.0,3396,1022,2018-10-10 23:17:00
20181010 23:18,517.5,517.5,517.5,517.5,57414,2.0,33396,0.0,2973230000.0,100000.0,39,174,2018-10-10 23:18:00
20181010 23:19,517.5,517.5,517.5,517.5,58038,624.0,32952,-444.0,3005530000.0,32300000.0,1709,1106,2018-10-10 23:19:00
20181010 23:20,517.5,517.5,517.5,517.5,58038,0.0,32952,0.0,3005530000.0,0.0,57,126,2018-10-10 23:20:00
20181010 23:21,517.5,517.5,517.5,517.5,58038,0.0,32952,0.0,3005530000.0,0.0,132,201,2018-10-10 23:21:00
20181010 23:22,517.5,517.5,517.5,517.5,58038,0.0,32952,0.0,3005530000.0,0.0,57,72,2018-10-10 23:22:00
20181010 23:23,517.5,517.5,517.0,517.0,58040,2.0,32952,0.0,3005630000.0,100000.0,56,71,2018-10-10 23:23:00
20181010 23:25,517.0,517.0,517.0,517.0,58040,0.0,32952,0.0,3005630000.0,0.0,26,35,2018-10-10 23:25:00
20181010 23:26,517.0,517.5,516.5,517.5,59488,1448.0,32810,-142.0,3080560000.0,74930000.0,2210,787,2018-10-10 23:26:00
20181010 23:27,517.5,517.5,517.5,517.5,62578,3090.0,33286,476.0,3240470000.0,159910000.0,6877,579,2018-10-10 23:27:00
20181010 23:28,517.5,518.0,517.5,517.5,64438,1860.0,32802,-484.0,3336720000.0,96250000.0,3500,172,2018-10-10 23:28:00
20181010 23:29,518.0,518.0,517.5,517.5,65708,1270.0,32808,6.0,3402450000.0,65730000.0,622,874,2018-10-10 23:29:00
20181010 23:30,517.5,517.5,517.5,517.5,65708,0.0,32808,0.0,3402450000.0,0.0,1,2,2018-10-10 23:30:00
20181017 09:09,525.0,525.0,525.0,525.0,38704,38704.0,19196,-13612.0,2030370000.0,2030370000.0,26,12,2018-10-17 09:09:00
20181017 09:10,525.0,525.0,525.0,525.0,38704,0.0,19196,0.0,2030370000.0,0.0,63,35,2018-10-17 09:10:00
20181017 09:12,525.0,525.0,525.0,525.0,38704,0.0,19196,0.0,2030370000.0,0.0,62,30,2018-10-17 09:12:00
20181017 09:13,525.0,525.0,525.0,525.0,38704,0.0,19196,0.0,2030370000.0,0.0,36,16,2018-10-17 09:13:00
20181017 09:14,525.0,525.0,525.0,525.0,38722,18.0,19190,-6.0,2031310000.0,940000.0,275,100,2018-10-17 09:14:00
20181017 09:15,525.0,525.0,524.5,524.5,38746,24.0,19170,-20.0,2032570000.0,1260000.0,206,684,2018-10-17 09:15:00
20181017 09:16,524.5,524.5,524.5,524.5,38752,6.0,19170,0.0,2032890000.0,320000.0,248,445,2018-10-17 09:16:00
20181017 09:17,524.5,524.5,524.5,524.5,38752,0.0,19170,0.0,2032890000.0,0.0,86,318,2018-10-17 09:17:00
20181017 09:18,524.5,525.0,524.5,525.0,38840,88.0,19146,-24.0,2037510000.0,4620000.0,1347,725,2018-10-17 09:18:00
20181017 09:19,525.0,525.0,525.0,525.0,39038,198.0,18948,-198.0,2047910000.0,10400000.0,243,109,2018-10-17 09:19:00
20181017 09:20,525.0,525.0,525.0,525.0,39038,0.0,18948,0.0,2047910000.0,0.0,20,17,2018-10-17 09:20:00
20181017 09:21,525.0,525.0,525.0,525.0,39058,20.0,18934,-14.0,2048960000.0,1050000.0,255,198,2018-10-17 09:21:00
20181017 09:22,525.0,525.0,525.0,525.0,39062,4.0,18934,0.0,2049170000.0,210000.0,23,89,2018-10-17 09:22:00
20181017 09:27,526.0,526.5,526.0,526.5,39176,114.0,18912,-22.0,2055160000.0,5990000.0,93,179,2018-10-17 09:27:00
20181017 09:28,526.0,526.0,526.0,526.0,39188,12.0,18908,-4.0,2055790000.0,630000.0,24,1,2018-10-17 09:28:00
20181017 09:29,526.5,526.5,526.5,526.5,39200,12.0,18896,-12.0,2056420000.0,630000.0,59,84,2018-10-17 09:29:00
20181017 09:30,526.5,526.5,526.5,526.5,39200,0.0,18896,0.0,2056420000.0,0.0,10,16,2018-10-17 09:30:00
20181017 09:35,526.5,526.5,526.0,526.0,40734,1534.0,17384,-1512.0,2137160000.0,80740000.0,639,257,2018-10-17 09:35:00
20181017 09:38,526.0,526.5,526.0,526.5,41040,306.0,17078,-306.0,2153260000.0,16100000.0,195,326,2018-10-17 09:38:00
20181017 09:41,528.5,528.5,528.5,528.5,41300,260.0,17006,-72.0,2166990000.0,13730000.0,36,119,2018-10-17 09:41:00
20181017 09:42,528.5,528.5,528.5,528.5,41302,2.0,17004,-2.0,2167100000.0,110000.0,25,2,2018-10-17 09:42:00
20181017 09:47,528.0,528.5,528.0,528.5,41360,58.0,17020,16.0,2170160000.0,3060000.0,42,120,2018-10-17 09:47:00
20181017 09:48,528.5,528.5,528.5,528.5,41360,0.0,17020,0.0,2170160000.0,0.0,20,11,2018-10-17 09:48:00
20181017 09:51,528.5,528.5,528.5,528.5,41970,610.0,16608,-412.0,2202400000.0,32240000.0,11,13,2018-10-17 09:51:00
20181017 09:57,528.5,528.5,528.5,528.5,41974,4.0,16610,2.0,2202610000.0,210000.0,33,98,2018-10-17 09:57:00
20181017 09:58,528.5,528.5,528.5,528.5,41974,0.0,16610,0.0,2202610000.0,0.0,11,26,2018-10-17 09:58:00
20181017 10:00,528.5,528.5,528.5,528.5,41980,6.0,16616,6.0,2202930000.0,320000.0,15,26,2018-10-17 10:00:00
20181017 10:01,528.5,528.5,528.5,528.5,41980,0.0,16616,0.0,2202930000.0,0.0,16,26,2018-10-17 10:01:00
20181017 10:07,529.0,529.0,529.0,529.0,41982,2.0,16618,2.0,2203040000.0,110000.0,12,27,2018-10-17 10:07:00
20181017 10:11,528.5,528.5,528.5,528.5,42600,618.0,17026,408.0,2235730000.0,32690000.0,16,15,2018-10-17 10:11:00
20181017 10:14,528.5,528.5,528.5,528.5,42600,0.0,17026,0.0,2235730000.0,0.0,17,15,2018-10-17 10:14:00
20181017 10:30,530.0,530.0,530.0,530.0,42774,174.0,17004,-22.0,2244950000.0,9220000.0,199,41,2018-10-17 10:30:00
20181017 10:32,529.5,529.5,529.0,529.0,42798,24.0,17002,-2.0,2246220000.0,1270000.0,157,258,2018-10-17 10:32:00
20181017 10:33,529.0,529.0,529.0,529.0,42802,4.0,17002,0.0,2246430000.0,210000.0,126,124,2018-10-17 10:33:00
20181017 10:39,529.0,529.0,529.0,529.0,43922,1120.0,17036,34.0,2305680000.0,59250000.0,28,116,2018-10-17 10:39:00
20181017 10:42,528.0,528.0,528.0,528.0,43932,10.0,17034,-2.0,2306210000.0,530000.0,115,115,2018-10-17 10:42:00
20181017 10:46,528.0,528.0,528.0,528.0,43934,2.0,17036,2.0,2306310000.0,100000.0,181,161,2018-10-17 10:46:00
20181017 10:49,526.5,526.5,526.5,526.5,44018,84.0,16958,-78.0,2310740000.0,4430000.0,62,51,2018-10-17 10:49:00
20181017 10:50,526.5,526.5,526.5,526.5,44044,26.0,16932,-26.0,2312110000.0,1370000.0,125,183,2018-10-17 10:50:00
20181017 10:53,526.5,526.5,526.5,526.5,44084,40.0,16924,-8.0,2314210000.0,2100000.0,82,130,2018-10-17 10:53:00
20181017 10:58,527.0,527.0,527.0,527.0,44090,6.0,16918,-6.0,2314530000.0,320000.0,16,17,2018-10-17 10:58:00
20181017 10:59,527.0,527.0,527.0,527.0,44092,2.0,16916,-2.0,2314640000.0,110000.0,33,34,2018-10-17 10:59:00
20181017 11:01,527.0,527.0,527.0,527.0,44092,0.0,16916,0.0,2314640000.0,0.0,50,88,2018-10-17 11:01:00
20181017 11:02,527.0,527.0,527.0,527.0,44092,0.0,16916,0.0,2314640000.0,0.0,18,22,2018-10-17 11:02:00
20181017 11:03,527.0,527.0,527.0,527.0,44100,8.0,16914,-2.0,2315060000.0,420000.0,229,330,2018-10-17 11:03:00
20181017 11:14,527.0,527.0,527.0,527.0,44764,664.0,16534,-380.0,2350050000.0,34990000.0,186,714,2018-10-17 11:14:00
20181017 11:15,527.0,527.0,527.0,527.0,44764,0.0,16534,0.0,2350050000.0,0.0,24,4,2018-10-17 11:15:00
20181017 11:19,527.0,527.0,527.0,527.0,44776,12.0,16522,-12.0,2350680000.0,630000.0,38,8,2018-10-17 11:19:00
20181017 11:20,527.0,527.0,527.0,527.0,45418,642.0,16884,362.0,2384520000.0,33840000.0,729,280,2018-10-17 11:20:00
20181017 11:21,527.0,527.0,527.0,527.0,45418,0.0,16884,0.0,2384520000.0,0.0,238,208,2018-10-17 11:21:00
20181017 11:22,527.0,527.0,527.0,527.0,45418,0.0,16884,0.0,2384520000.0,0.0,64,21,2018-10-17 11:22:00
20181017 11:26,527.0,527.0,527.0,527.0,45418,0.0,16884,0.0,2384520000.0,0.0,111,310,2018-10-17 11:26:00
20181017 11:27,527.0,527.0,527.0,527.0,46042,624.0,16450,-434.0,2417400000.0,32880000.0,99,539,2018-10-17 11:27:00
20181017 11:28,527.0,527.0,527.0,527.0,46042,0.0,16450,0.0,2417400000.0,0.0,33,77,2018-10-17 11:28:00
20181017 13:30,528.0,528.0,528.0,528.0,46976,934.0,16464,14.0,2466740000.0,49340000.0,254,156,2018-10-17 13:30:00
20181017 13:31,528.5,528.5,528.0,528.0,47068,92.0,16396,-68.0,2471600000.0,4860000.0,12,192,2018-10-17 13:31:00
20181017 13:33,528.5,528.5,528.5,528.5,47086,18.0,16390,-6.0,2472550000.0,950000.0,82,232,2018-10-17 13:33:00
20181017 13:34,528.5,528.5,528.5,528.5,47086,0.0,16390,0.0,2472550000.0,0.0,42,111,2018-10-17 13:34:00
20181017 13:36,528.5,528.5,528.0,528.0,47088,2.0,16390,0.0,2472650000.0,100000.0,89,83,2018-10-17 13:36:00
20181017 13:37,528.0,528.0,528.0,528.0,47090,2.0,16390,0.0,2472760000.0,110000.0,23,19,2018-10-17 13:37:00
20181017 13:39,528.0,528.0,528.0,528.0,47102,12.0,16382,-8.0,2473390000.0,630000.0,54,57,2018-10-17 13:39:00
20181017 13:41,528.0,528.0,528.0,528.0,47526,424.0,16536,154.0,2495780000.0,22390000.0,37,90,2018-10-17 13:41:00
20181017 13:42,528.0,528.0,528.0,528.0,47526,0.0,16536,0.0,2495780000.0,0.0,5,17,2018-10-17 13:42:00
20181017 13:44,528.5,529.0,528.5,528.5,48700,1174.0,16368,-168.0,2557850000.0,62070000.0,242,225,2018-10-17 13:44:00
20181017 13:45,528.5,528.5,528.5,528.5,48700,0.0,16368,0.0,2557850000.0,0.0,17,7,2018-10-17 13:45:00
20181017 13:46,528.5,528.5,528.5,528.5,49488,788.0,16370,2.0,2599490000.0,41640000.0,20,69,2018-10-17 13:46:00
20181017 13:47,528.5,528.5,528.5,528.5,49492,4.0,16366,-4.0,2599700000.0,210000.0,98,46,2018-10-17 13:47:00
20181017 13:53,528.5,528.5,528.5,528.5,49506,14.0,16362,-4.0,2600440000.0,740000.0,118,51,2018-10-17 13:53:00
20181017 13:54,528.5,528.5,528.5,528.5,49508,2.0,16362,0.0,2600550000.0,110000.0,17,4,2018-10-17 13:54:00
20181017 13:55,528.5,528.5,528.5,528.5,49508,0.0,16362,0.0,2600550000.0,0.0,35,8,2018-10-17 13:55:00
20181017 13:58,529.0,529.0,529.0,529.0,49834,326.0,16424,62.0,2617780000.0,17230000.0,90,428,2018-10-17 13:58:00
20181017 13:59,529.0,529.0,529.0,529.0,49834,0.0,16424,0.0,2617780000.0,0.0,16,73,2018-10-17 13:59:00
20181017 14:02,528.5,528.5,528.5,528.5,50066,232.0,16244,-180.0,2630040000.0,12260000.0,1684,842,2018-10-17 14:02:00
20181017 14:04,528.5,528.5,528.5,528.5,50076,10.0,16238,-6.0,2630570000.0,530000.0,4,146,2018-10-17 14:04:00
20181017 14:05,528.5,529.5,528.5,529.5,50446,370.0,16140,-98.0,2650120000.0,19550000.0,1319,767,2018-10-17 14:05:00
20181017 14:07,529.0,529.0,528.5,528.5,51404,958.0,16086,-54.0,2700820000.0,50700000.0,26,12,2018-10-17 14:07:00
20181017 14:08,528.5,528.5,528.5,528.5,51404,0.0,16086,0.0,2700820000.0,0.0,8,1,2018-10-17 14:08:00
20181017 14:10,528.5,528.5,528.5,528.5,51910,506.0,16132,46.0,2727560000.0,26740000.0,59,185,2018-10-17 14:10:00
20181017 14:11,528.5,528.5,528.5,528.5,51910,0.0,16132,0.0,2727560000.0,0.0,18,10,2018-10-17 14:11:00
20181017 14:27,528.5,528.5,528.5,528.5,52296,386.0,16028,-104.0,2747970000.0,20410000.0,105,18,2018-10-17 14:27:00
20181017 14:28,528.5,528.5,528.5,528.5,52296,0.0,16028,0.0,2747970000.0,0.0,136,100,2018-10-17 14:28:00
20181019 09:00,529.5,529.5,529.5,529.5,478,478.0,14566,-1462.0,25276600.0,25276600.0,12,25,2018-10-19 09:00:00
20181019 09:01,529.5,529.5,529.5,529.5,478,0.0,14566,0.0,25276600.0,0.0,54,12,2018-10-19 09:01:00
20181019 09:02,529.5,529.5,529.5,529.5,478,0.0,14566,0.0,25276600.0,0.0,138,121,2018-10-19 09:02:00
20181019 09:03,528.5,528.5,528.5,528.5,488,10.0,14566,0.0,25805100.0,528500.0,7,16,2018-10-19 09:03:00
20181019 09:04,528.5,528.5,528.5,528.5,504,16.0,14552,-14.0,26650700.0,845600.0,96,135,2018-10-19 09:04:00
20181019 09:05,528.5,528.5,528.5,528.5,504,0.0,14552,0.0,26650700.0,0.0,16,22,2018-10-19 09:05:00
20181019 09:07,528.5,528.5,528.5,528.5,510,6.0,14546,-6.0,26967800.0,317100.0,84,47,2018-10-19 09:07:00
20181019 09:08,528.5,528.5,528.5,528.5,510,0.0,14546,0.0,26967800.0,0.0,164,46,2018-10-19 09:08:00
20181019 09:09,528.5,528.5,528.5,528.5,510,0.0,14546,0.0,26967800.0,0.0,26,12,2018-10-19 09:09:00
20181019 09:10,528.5,528.5,528.0,528.0,532,22.0,14552,6.0,28129400.0,1161600.0,137,74,2018-10-19 09:10:00
20181019 09:11,528.0,528.0,527.5,527.5,534,2.0,14552,0.0,28234900.0,105500.0,182,35,2018-10-19 09:11:00
20181019 09:12,527.5,527.5,527.5,527.5,534,0.0,14552,0.0,28234900.0,0.0,205,67,2018-10-19 09:12:00
20181019 09:13,527.5,527.5,527.5,527.5,534,0.0,14552,0.0,28234900.0,0.0,5,9,2018-10-19 09:13:00
20181019 09:14,527.5,527.5,527.5,527.5,534,0.0,14552,0.0,28234900.0,0.0,94,17,2018-10-19 09:14:00
20181019 09:16,528.0,528.0,528.0,528.0,690,156.0,14500,-52.0,36471700.0,8236800.0,182,82,2018-10-19 09:16:00
20181019 09:17,527.5,528.0,527.5,528.0,1006,316.0,14398,-102.0,53156300.0,16684600.0,234,75,2018-10-19 09:17:00
20181019 09:18,528.0,528.0,528.0,528.0,1006,0.0,14398,0.0,53156300.0,0.0,81,35,2018-10-19 09:18:00
20181019 09:19,528.0,528.0,526.0,527.0,1100,94.0,14398,0.0,58111000.0,4954700.0,65,387,2018-10-19 09:19:00
20181019 09:20,527.0,527.0,527.0,527.0,1104,4.0,14396,-2.0,58321800.0,210800.0,176,114,2018-10-19 09:20:00
20181019 09:21,527.0,527.0,527.0,527.0,1104,0.0,14396,0.0,58321800.0,0.0,3,6,2018-10-19 09:21:00
20181019 09:22,527.0,527.0,526.5,526.5,1112,8.0,14390,-6.0,58743200.0,421400.0,119,106,2018-10-19 09:22:00
20181019 09:23,526.5,526.5,526.0,526.0,1114,2.0,14390,0.0,58848400.0,105200.0,142,78,2018-10-19 09:23:00
20181019 09:24,526.0,526.0,526.0,526.0,1118,4.0,14390,0.0,59058800.0,210400.0,173,73,2018-10-19 09:24:00
20181019 09:25,526.0,526.0,526.0,526.0,1120,2.0,14390,0.0,59164000.0,105200.0,87,24,2018-10-19 09:25:00
20181019 09:27,526.0,526.0,526.0,526.0,1124,4.0,14386,-4.0,59374400.0,210400.0,69,34,2018-10-19 09:27:00
20181019 09:28,526.0,526.0,526.0,526.0,1124,0.0,14386,0.0,59374400.0,0.0,40,21,2018-10-19 09:28:00
20181019 09:29,526.0,526.0,525.0,525.0,1156,32.0,14368,-18.0,61055200.0,1680800.0,216,293,2018-10-19 09:29:00
20181019 09:30,525.5,525.5,525.5,525.5,1158,2.0,14366,-2.0,61160300.0,105100.0,210,280,2018-10-19 09:30:00
20181019 09:31,525.5,526.0,525.5,526.0,1312,154.0,14296,-70.0,69253600.0,8093300.0,566,262,2018-10-19 09:31:00
20181019 09:32,526.0,526.5,526.0,526.5,1314,2.0,14294,-2.0,69358900.0,105300.0,69,89,2018-10-19 09:32:00
20181019 09:33,526.5,526.5,526.5,526.5,1314,0.0,14294,0.0,69358900.0,0.0,1,6,2018-10-19 09:33:00
20181019 09:34,526.5,526.5,526.5,526.5,1338,24.0,14274,-20.0,70622500.0,1263600.0,114,57,2018-10-19 09:34:00
20181019 09:35,526.5,526.5,526.5,526.5,1390,52.0,14274,0.0,73360300.0,2737800.0,25,87,2018-10-19 09:35:00
20181019 09:36,526.5,527.5,526.5,527.5,1456,66.0,14270,-4.0,76836100.0,3475800.0,59,138,2018-10-19 09:36:00
20181019 09:37,527.5,527.5,527.5,527.5,1456,0.0,14270,0.0,76836100.0,0.0,3,2,2018-10-19 09:37:00
20181019 09:38,527.5,527.5,527.5,527.5,1456,0.0,14270,0.0,76836100.0,0.0,3,12,2018-10-19 09:38:00
20181019 09:39,527.5,527.5,527.5,527.5,1456,0.0,14270,0.0,76836100.0,0.0,8,25,2018-10-19 09:39:00
20181019 09:40,527.5,527.5,527.5,527.5,1462,6.0,14266,-4.0,77152600.0,316500.0,44,36,2018-10-19 09:40:00
20181019 09:41,527.5,527.5,527.5,527.5,1472,10.0,14258,-8.0,77680100.0,527500.0,64,127,2018-10-19 09:41:00
20181019 09:42,527.5,527.5,527.5,527.5,1472,0.0,14258,0.0,77680100.0,0.0,32,21,2018-10-19 09:42:00
20181019 09:44,527.5,527.5,527.5,527.5,1472,0.0,14258,0.0,77680100.0,0.0,43,31,2018-10-19 09:44:00
20181019 09:45,527.5,528.0,527.5,527.5,1484,12.0,14258,0.0,78313600.0,633500.0,96,145,2018-10-19 09:45:00
20181019 09:46,527.5,527.5,527.5,527.5,1536,52.0,14206,-52.0,81056600.0,2743000.0,57,19,2018-10-19 09:46:00
20181019 09:47,527.5,527.5,527.5,527.5,1536,0.0,14206,0.0,81056600.0,0.0,17,7,2018-10-19 09:47:00
20181019 09:48,527.5,527.5,527.5,527.5,1538,2.0,14204,-2.0,81162100.0,105500.0,15,19,2018-10-19 09:48:00
20181019 09:49,527.5,527.5,527.5,527.5,1642,104.0,14204,0.0,86648100.0,5486000.0,51,58,2018-10-19 09:49:00
20181019 09:50,527.5,527.5,527.5,527.5,1850,208.0,14100,-104.0,97620100.0,10972000.0,118,169,2018-10-19 09:50:00
20181019 09:51,527.5,527.5,527.5,527.5,2162,312.0,13996,-104.0,114078000.0,16457900.0,36,192,2018-10-19 09:51:00
20181019 09:52,527.5,527.5,527.5,527.5,2630,468.0,13840,-156.0,138765000.0,24687000.0,84,390,2018-10-19 09:52:00
20181019 09:53,527.5,527.5,527.5,527.5,3150,520.0,13684,-156.0,166195000.0,27430000.0,57,291,2018-10-19 09:53:00
20181019 09:54,527.5,527.5,527.5,527.5,3722,572.0,13476,-208.0,196368000.0,30173000.0,85,393,2018-10-19 09:54:00
20181019 09:55,527.5,527.5,527.5,527.5,4138,416.0,13372,-104.0,218312000.0,21944000.0,75,291,2018-10-19 09:55:00
20181019 09:56,527.5,527.5,527.5,527.5,4658,520.0,13164,-208.0,245742000.0,27430000.0,99,449,2018-10-19 09:56:00
20181019 09:57,527.5,527.5,527.5,527.5,4666,8.0,13156,-8.0,246164000.0,422000.0,12,109,2018-10-19 09:57:00
20181019 09:58,527.5,527.5,527.5,527.5,4666,0.0,13156,0.0,246164000.0,0.0,21,93,2018-10-19 09:58:00
20181019 09:59,527.5,527.5,527.5,527.5,4666,0.0,13156,0.0,246164000.0,0.0,32,95,2018-10-19 09:59:00
20181019 10:00,527.5,527.5,527.5,527.5,4666,0.0,13156,0.0,246164000.0,0.0,40,146,2018-10-19 10:00:00
20181019 10:01,527.5,527.5,527.5,527.5,4666,0.0,13156,0.0,246164000.0,0.0,13,64,2018-10-19 10:01:00
20181019 10:02,527.5,527.5,527.5,527.5,4666,0.0,13156,0.0,246164000.0,0.0,34,192,2018-10-19 10:02:00
20181019 10:03,527.5,527.5,527.5,527.5,4668,2.0,13154,-2.0,246270000.0,106000.0,115,30,2018-10-19 10:03:00
20181019 10:04,527.5,527.5,527.5,527.5,4668,0.0,13154,0.0,246270000.0,0.0,28,2,2018-10-19 10:04:00
20181019 10:05,527.5,527.5,527.5,527.5,4678,10.0,13146,-8.0,246797000.0,527000.0,173,12,2018-10-19 10:05:00
20181019 10:06,527.0,527.0,526.5,526.5,4688,10.0,13142,-4.0,247324000.0,527000.0,81,399,2018-10-19 10:06:00
20181019 10:07,526.5,526.5,526.5,526.5,4688,0.0,13142,0.0,247324000.0,0.0,25,61,2018-10-19 10:07:00
20181019 10:08,526.5,526.5,526.5,526.5,4688,0.0,13142,0.0,247324000.0,0.0,34,10,2018-10-19 10:08:00
20181019 10:09,526.5,526.5,526.5,526.5,4688,0.0,13142,0.0,247324000.0,0.0,9,2,2018-10-19 10:09:00
20181019 10:10,526.5,526.5,526.5,526.5,4690,2.0,13142,0.0,247429000.0,105000.0,20,4,2018-10-19 10:10:00
20181019 10:11,526.5,526.5,526.5,526.5,4690,0.0,13142,0.0,247429000.0,0.0,30,4,2018-10-19 10:11:00
20181019 10:12,526.5,526.5,526.5,526.5,4690,0.0,13142,0.0,247429000.0,0.0,11,2,2018-10-19 10:12:00
20181019 10:13,526.5,526.5,526.5,526.5,4692,2.0,13142,0.0,247534000.0,105000.0,112,68,2018-10-19 10:13:00
20181019 10:14,526.5,526.5,526.5,526.5,4694,2.0,13142,0.0,247640000.0,106000.0,103,80,2018-10-19 10:14:00
20181019 10:30,526.5,527.0,526.5,527.0,4702,8.0,13134,-8.0,248061000.0,421000.0,56,98,2018-10-19 10:30:00
20181019 10:31,527.0,527.0,526.5,526.5,4704,2.0,13134,0.0,248167000.0,106000.0,56,215,2018-10-19 10:31:00
20181019 10:32,526.5,526.5,526.5,526.5,4710,6.0,13128,-6.0,248482000.0,315000.0,57,206,2018-10-19 10:32:00
20181019 10:33,526.5,526.5,526.5,526.5,4710,0.0,13128,0.0,248482000.0,0.0,11,54,2018-10-19 10:33:00
20181019 10:34,526.5,526.5,526.5,526.5,4710,0.0,13128,0.0,248482000.0,0.0,4,3,2018-10-19 10:34:00
20181019 10:35,526.5,526.5,526.5,526.5,4710,0.0,13128,0.0,248482000.0,0.0,17,3,2018-10-19 10:35:00
20181019 10:36,527.0,527.0,527.0,527.0,4738,28.0,13100,-28.0,249958000.0,1476000.0,53,117,2018-10-19 10:36:00
20181019 10:37,527.0,527.0,527.0,527.0,4738,0.0,13100,0.0,249958000.0,0.0,2,6,2018-10-19 10:37:00
20181019 10:38,527.0,527.0,527.0,527.0,4738,0.0,13100,0.0,249958000.0,0.0,1,6,2018-10-19 10:38:00
20181019 10:40,527.0,527.0,527.0,527.0,4740,2.0,13100,0.0,250063000.0,105000.0,22,24,2018-10-19 10:40:00
20181019 10:42,527.0,527.0,527.0,527.0,4740,0.0,13100,0.0,250063000.0,0.0,7,10,2018-10-19 10:42:00
20181019 10:44,527.0,527.0,527.0,527.0,4740,0.0,13100,0.0,250063000.0,0.0,28,26,2018-10-19 10:44:00
20181019 10:45,527.0,527.0,527.0,527.0,4740,0.0,13100,0.0,250063000.0,0.0,36,50,2018-10-19 10:45:00
20181019 10:46,527.0,527.0,527.0,527.0,5106,366.0,13002,-98.0,269352000.0,19289000.0,74,254,2018-10-19 10:46:00
20181019 10:47,527.0,527.0,526.5,526.5,5220,114.0,12940,-62.0,275359000.0,6007000.0,55,131,2018-10-19 10:47:00
20181019 10:48,526.5,526.5,526.5,526.5,5226,6.0,12934,-6.0,275675000.0,316000.0,144,18,2018-10-19 10:48:00
20181019 10:49,526.5,526.5,526.5,526.5,5538,312.0,12832,-102.0,292102000.0,16427000.0,135,306,2018-10-19 10:49:00
20181019 10:50,526.5,526.5,526.5,526.5,5850,312.0,12728,-104.0,308529000.0,16427000.0,73,315,2018-10-19 10:50:00
20181019 10:51,526.5,526.5,526.5,526.5,6318,468.0,12572,-156.0,333169000.0,24640000.0,134,424,2018-10-19 10:51:00
20181019 10:52,526.5,526.5,526.5,526.5,6786,468.0,12416,-156.0,357809000.0,24640000.0,23,342,2018-10-19 10:52:00
20181019 10:53,526.5,526.5,526.5,526.5,7254,468.0,12260,-156.0,382449000.0,24640000.0,38,358,2018-10-19 10:53:00
20181019 10:54,526.5,526.5,526.5,526.5,7580,326.0,12144,-116.0,399613000.0,17164000.0,40,297,2018-10-19 10:54:00
20181019 10:55,526.5,526.5,526.5,526.5,7608,28.0,12150,6.0,401088000.0,1475000.0,26,68,2018-10-19 10:55:00
20181019 10:56,526.5,526.5,526.5,526.5,7622,14.0,12138,-12.0,401825000.0,737000.0,14,49,2018-10-19 10:56:00
20181019 10:57,526.5,526.5,526.5,526.5,7632,10.0,12128,-10.0,402351000.0,526000.0,222,105,2018-10-19 10:57:00
20181019 10:58,526.5,526.5,526.0,526.0,7654,22.0,12118,-10.0,403509000.0,1158000.0,91,85,2018-10-19 10:58:00
20181019 10:59,525.5,525.5,525.0,525.5,7664,10.0,12110,-8.0,404034000.0,525000.0,27,282,2018-10-19 10:59:00
20181019 11:00,525.5,525.5,525.5,525.5,7664,0.0,12110,0.0,404034000.0,0.0,25,64,2018-10-19 11:00:00
20181019 11:01,526.0,526.0,526.0,526.0,7666,2.0,12108,-2.0,404139000.0,105000.0,2,4,2018-10-19 11:01:00
20181019 11:02,526.0,526.5,526.0,526.5,7668,2.0,12106,-2.0,404244000.0,105000.0,17,5,2018-10-19 11:02:00
20181019 11:03,526.5,526.5,526.5,526.5,7668,0.0,12106,0.0,404244000.0,0.0,93,31,2018-10-19 11:03:00
20181019 11:04,526.5,526.5,526.5,526.5,7668,0.0,12106,0.0,404244000.0,0.0,37,12,2018-10-19 11:04:00
20181019 11:05,526.5,526.5,526.0,526.0,7674,6.0,12100,-6.0,404560000.0,316000.0,30,55,2018-10-19 11:05:00
20181019 11:06,526.0,526.0,526.0,526.0,7674,0.0,12100,0.0,404560000.0,0.0,15,129,2018-10-19 11:06:00
20181019 11:07,526.0,526.0,526.0,526.0,7678,4.0,12096,-4.0,404770000.0,210000.0,24,27,2018-10-19 11:07:00
20181019 11:08,526.0,526.0,526.0,526.0,7678,0.0,12096,0.0,404770000.0,0.0,12,21,2018-10-19 11:08:00
20181019 11:09,526.0,526.0,525.0,525.0,7710,32.0,12068,-28.0,406451000.0,1681000.0,24,230,2018-10-19 11:09:00
20181019 11:10,525.0,525.0,525.0,525.0,7710,0.0,12068,0.0,406451000.0,0.0,4,7,2018-10-19 11:10:00
20181019 11:11,525.0,525.0,525.0,525.0,7710,0.0,12068,0.0,406451000.0,0.0,37,15,2018-10-19 11:11:00
20181019 11:12,525.0,525.5,525.0,525.5,7712,2.0,12068,0.0,406556000.0,105000.0,27,12,2018-10-19 11:12:00
20181019 11:13,525.0,525.0,525.0,525.0,7720,8.0,12062,-6.0,406976000.0,420000.0,10,68,2018-10-19 11:13:00
20181019 11:14,525.0,525.0,525.0,525.0,7720,0.0,12062,0.0,406976000.0,0.0,10,25,2018-10-19 11:14:00
20181019 11:15,525.0,525.0,525.0,525.0,7720,0.0,12062,0.0,406976000.0,0.0,2,9,2018-10-19 11:15:00
20181019 11:16,524.5,525.5,524.5,525.5,7726,6.0,12060,-2.0,407291000.0,315000.0,96,33,2018-10-19 11:16:00
20181019 11:18,525.5,525.5,525.5,525.5,7726,0.0,12060,0.0,407291000.0,0.0,1,1,2018-10-19 11:18:00
20181019 11:19,525.5,525.5,525.5,525.5,7726,0.0,12060,0.0,407291000.0,0.0,2,1,2018-10-19 11:19:00
20181019 11:20,525.5,525.5,525.0,525.0,7734,8.0,12052,-8.0,407711000.0,420000.0,17,54,2018-10-19 11:20:00
20181019 11:21,525.0,525.0,525.0,525.0,7734,0.0,12052,0.0,407711000.0,0.0,46,11,2018-10-19 11:21:00
20181019 11:22,525.0,525.0,525.0,525.0,7734,0.0,12052,0.0,407711000.0,0.0,48,12,2018-10-19 11:22:00
20181019 11:23,525.0,526.0,525.0,526.0,7756,22.0,12052,0.0,408867000.0,1156000.0,227,61,2018-10-19 11:23:00
20181019 11:24,526.0,526.0,526.0,526.0,7756,0.0,12052,0.0,408867000.0,0.0,45,4,2018-10-19 11:24:00
20181019 11:25,526.0,526.0,526.0,526.0,7756,0.0,12052,0.0,408867000.0,0.0,75,63,2018-10-19 11:25:00
20181019 11:26,526.5,526.5,526.5,526.5,7786,30.0,12042,-10.0,410446000.0,1579000.0,9,40,2018-10-19 11:26:00
20181019 11:27,526.5,528.0,526.5,528.0,7796,10.0,12040,-2.0,410973000.0,527000.0,183,224,2018-10-19 11:27:00
20181019 11:28,528.0,528.5,528.0,528.5,7840,44.0,12002,-38.0,413297000.0,2324000.0,358,272,2018-10-19 11:28:00
20181019 11:29,528.5,528.5,528.5,528.5,7842,2.0,12000,-2.0,413403000.0,106000.0,10,39,2018-10-19 11:29:00
20181019 13:30,528.5,528.5,527.5,527.5,7850,8.0,11992,-8.0,413825000.0,422000.0,95,41,2018-10-19 13:30:00
20181019 13:31,528.0,528.0,527.5,527.5,7856,6.0,11992,0.0,414141000.0,316000.0,47,21,2018-10-19 13:31:00
20181019 13:32,527.5,527.5,527.5,527.5,7856,0.0,11992,0.0,414141000.0,0.0,25,12,2018-10-19 13:32:00
20181019 13:33,528.0,528.0,527.5,527.5,7864,8.0,11986,-6.0,414564000.0,423000.0,137,132,2018-10-19 13:33:00
20181019 13:34,527.5,527.5,527.5,527.5,7864,0.0,11986,0.0,414564000.0,0.0,88,25,2018-10-19 13:34:00
20181019 13:35,527.5,528.0,527.5,528.0,7870,6.0,11984,-2.0,414880000.0,316000.0,52,42,2018-10-19 13:35:00
20181019 13:36,528.0,528.5,528.0,528.5,7882,12.0,11988,4.0,415514000.0,634000.0,82,57,2018-10-19 13:36:00
20181019 13:37,528.5,529.0,528.0,529.0,7902,20.0,11972,-16.0,416572000.0,1058000.0,1103,469,2018-10-19 13:37:00
20181019 13:38,528.5,529.0,528.0,528.5,7944,42.0,11942,-30.0,418792000.0,2220000.0,311,206,2018-10-19 13:38:00
20181019 13:39,529.0,529.0,528.0,528.5,7966,22.0,11926,-16.0,419955000.0,1163000.0,31,193,2018-10-19 13:39:00
20181019 13:40,528.5,529.5,528.5,529.5,7968,2.0,11924,-2.0,420061000.0,106000.0,113,14,2018-10-19 13:40:00
20181019 13:41,528.5,528.5,528.5,528.5,7970,2.0,11924,0.0,420167000.0,106000.0,17,91,2018-10-19 13:41:00
20181019 13:42,528.5,528.5,528.5,528.5,7970,0.0,11924,0.0,420167000.0,0.0,6,12,2018-10-19 13:42:00
20181019 13:43,528.5,529.0,528.5,529.0,8224,254.0,12042,118.0,433597000.0,13430000.0,164,130,2018-10-19 13:43:00
20181019 13:44,529.0,529.0,528.0,528.0,8230,6.0,12036,-6.0,433914000.0,317000.0,17,127,2018-10-19 13:44:00
20181019 13:45,528.0,528.0,528.0,528.0,8230,0.0,12036,0.0,433914000.0,0.0,5,11,2018-10-19 13:45:00
20181019 13:46,529.0,529.0,529.0,529.0,8358,128.0,11910,-126.0,440685000.0,6771000.0,15,8,2018-10-19 13:46:00
20181019 13:47,529.0,529.0,528.5,528.5,8492,134.0,12032,122.0,447767000.0,7082000.0,301,169,2018-10-19 13:47:00
20181019 13:48,528.5,529.0,528.5,529.0,8748,256.0,11904,-128.0,461309000.0,13542000.0,307,18,2018-10-19 13:48:00
20181019 13:49,529.0,529.0,528.5,528.5,8880,132.0,12026,122.0,468286000.0,6977000.0,148,226,2018-10-19 13:49:00
20181019 13:50,529.0,529.0,529.0,529.0,9128,248.0,11902,-124.0,481405000.0,13119000.0,71,10,2018-10-19 13:50:00
20181019 13:51,529.0,529.5,528.5,528.5,9140,12.0,11892,-10.0,482040000.0,635000.0,145,70,2018-10-19 13:51:00
20181019 13:52,528.5,528.5,528.0,528.0,9148,8.0,11892,0.0,482462000.0,422000.0,232,72,2018-10-19 13:52:00
20181019 13:53,528.0,528.5,528.0,528.5,9152,4.0,11888,-4.0,482673000.0,211000.0,14,32,2018-10-19 13:53:00
20181019 13:54,528.5,528.5,528.5,528.5,9154,2.0,11886,-2.0,482779000.0,106000.0,16,27,2018-10-19 13:54:00
20181019 13:55,528.5,529.0,528.5,529.0,9156,2.0,11884,-2.0,482885000.0,106000.0,82,143,2018-10-19 13:55:00
20181019 13:56,529.0,529.0,529.0,529.0,9156,0.0,11884,0.0,482885000.0,0.0,24,51,2018-10-19 13:56:00
20181019 13:57,529.0,529.0,529.0,529.0,9168,12.0,11880,-4.0,483520000.0,635000.0,92,71,2018-10-19 13:57:00
20181019 13:58,529.5,530.0,529.5,530.0,9200,32.0,11874,-6.0,485214000.0,1694000.0,358,66,2018-10-19 13:58:00
20181019 13:59,530.0,530.0,530.0,530.0,9204,4.0,11874,0.0,485426000.0,212000.0,234,26,2018-10-19 13:59:00
20181019 14:00,530.0,530.0,529.5,529.5,9214,10.0,11866,-8.0,485956000.0,530000.0,160,28,2018-10-19 14:00:00
20181019 14:01,529.5,530.0,529.0,530.0,9218,4.0,11866,0.0,486168000.0,212000.0,154,60,2018-10-19 14:01:00
20181019 14:02,530.0,530.0,529.5,529.5,9224,6.0,11862,-4.0,486486000.0,318000.0,20,19,2018-10-19 14:02:00
20181019 14:03,529.5,529.5,529.0,529.5,9600,376.0,11860,-2.0,506389000.0,19903000.0,229,101,2018-10-19 14:03:00
20181019 14:04,529.5,529.5,529.5,529.5,9602,2.0,11858,-2.0,506495000.0,106000.0,7,16,2018-10-19 14:04:00
20181019 14:05,529.5,529.5,529.5,529.5,9602,0.0,11858,0.0,506495000.0,0.0,2,2,2018-10-19 14:05:00
20181019 14:06,529.5,529.5,529.5,529.5,9604,2.0,11856,-2.0,506600000.0,105000.0,94,27,2018-10-19 14:06:00
20181019 14:07,529.5,529.5,529.5,529.5,9604,0.0,11856,0.0,506600000.0,0.0,5,17,2018-10-19 14:07:00
20181019 14:08,529.5,529.5,529.5,529.5,9604,0.0,11856,0.0,506600000.0,0.0,9,28,2018-10-19 14:08:00
20181019 14:09,529.0,529.0,529.0,529.0,9608,4.0,11854,-2.0,506812000.0,212000.0,8,16,2018-10-19 14:09:00
20181019 14:10,529.0,529.0,529.0,529.0,9608,0.0,11854,0.0,506812000.0,0.0,10,14,2018-10-19 14:10:00
20181019 14:11,529.0,529.5,529.0,529.5,9610,2.0,11854,0.0,506918000.0,106000.0,54,80,2018-10-19 14:11:00
20181019 14:12,529.0,529.0,529.0,529.0,9614,4.0,11854,0.0,507130000.0,212000.0,12,13,2018-10-19 14:12:00
20181019 14:13,529.5,529.5,529.5,529.5,9618,4.0,11854,0.0,507341000.0,211000.0,6,18,2018-10-19 14:13:00
20181019 14:14,529.5,529.5,529.5,529.5,9618,0.0,11854,0.0,507341000.0,0.0,4,9,2018-10-19 14:14:00
20181019 14:15,529.5,529.5,529.5,529.5,9618,0.0,11854,0.0,507341000.0,0.0,83,38,2018-10-19 14:15:00
20181019 14:16,529.0,529.0,528.5,529.0,9632,14.0,11850,-4.0,508082000.0,741000.0,105,69,2018-10-19 14:16:00
20181019 14:17,529.0,529.0,529.0,529.0,9632,0.0,11850,0.0,508082000.0,0.0,11,20,2018-10-19 14:17:00
20181019 14:18,529.0,529.0,529.0,529.0,9632,0.0,11850,0.0,508082000.0,0.0,8,11,2018-10-19 14:18:00
20181019 14:19,529.0,529.0,528.5,528.5,9640,8.0,11846,-4.0,508505000.0,423000.0,99,57,2018-10-19 14:19:00
20181019 14:20,528.5,528.5,526.5,526.5,9788,148.0,11776,-70.0,516305000.0,7800000.0,288,681,2018-10-19 14:20:00
20181019 14:21,526.5,527.0,526.5,526.5,9792,4.0,11776,0.0,516515000.0,210000.0,444,809,2018-10-19 14:21:00
20181019 14:22,526.5,527.0,526.5,527.0,9802,10.0,11776,0.0,517042000.0,527000.0,110,312,2018-10-19 14:22:00
20181019 14:23,527.0,527.0,526.0,526.0,9822,20.0,11756,-20.0,518094000.0,1052000.0,196,79,2018-10-19 14:23:00
20181019 14:24,526.0,526.0,526.0,526.0,9824,2.0,11754,-2.0,518200000.0,106000.0,389,138,2018-10-19 14:24:00
20181019 14:25,526.0,527.0,526.0,527.0,9832,8.0,11754,0.0,518621000.0,421000.0,114,178,2018-10-19 14:25:00
20181019 14:26,527.0,527.5,527.0,527.5,9836,4.0,11750,-4.0,518832000.0,211000.0,32,86,2018-10-19 14:26:00
20181019 14:27,527.5,527.5,527.5,527.5,9836,0.0,11750,0.0,518832000.0,0.0,9,5,2018-10-19 14:27:00
20181019 14:28,527.5,527.5,527.0,527.0,9838,2.0,11750,0.0,518937000.0,105000.0,6,11,2018-10-19 14:28:00
20181019 14:29,527.0,527.0,527.0,527.0,9840,2.0,11748,-2.0,519043000.0,106000.0,14,26,2018-10-19 14:29:00
20181019 14:30,527.0,527.0,527.0,527.0,9840,0.0,11748,0.0,519043000.0,0.0,9,34,2018-10-19 14:30:00
20181019 14:31,527.0,527.0,527.0,527.0,9840,0.0,11748,0.0,519043000.0,0.0,2,3,2018-10-19 14:31:00
20181019 14:32,527.0,527.0,527.0,527.0,9842,2.0,11746,-2.0,519148000.0,105000.0,21,51,2018-10-19 14:32:00
20181019 14:33,527.5,527.5,527.5,527.5,9844,2.0,11744,-2.0,519254000.0,106000.0,20,6,2018-10-19 14:33:00
20181019 14:34,527.5,527.5,527.0,527.0,9846,2.0,11744,0.0,519359000.0,105000.0,10,8,2018-10-19 14:34:00
20181019 14:35,527.0,527.0,527.0,527.0,9846,0.0,11744,0.0,519359000.0,0.0,21,27,2018-10-19 14:35:00
20181019 14:36,527.0,527.0,527.0,527.0,9846,0.0,11744,0.0,519359000.0,0.0,11,11,2018-10-19 14:36:00
20181019 14:37,527.0,527.0,527.0,527.0,9846,0.0,11744,0.0,519359000.0,0.0,141,15,2018-10-19 14:37:00
20181019 14:38,527.0,527.0,527.0,527.0,9846,0.0,11744,0.0,519359000.0,0.0,21,13,2018-10-19 14:38:00
20181019 14:39,527.0,527.0,527.0,527.0,9846,0.0,11744,0.0,519359000.0,0.0,109,23,2018-10-19 14:39:00
20181019 14:40,527.0,527.0,527.0,527.0,9854,8.0,11744,0.0,519781000.0,422000.0,528,66,2018-10-19 14:40:00
20181019 14:41,527.0,527.0,526.5,526.5,9872,18.0,11744,0.0,520728000.0,947000.0,372,202,2018-10-19 14:41:00
20181019 14:42,526.5,526.5,526.5,526.5,9876,4.0,11744,0.0,520939000.0,211000.0,749,145,2018-10-19 14:42:00
20181019 14:43,526.5,526.5,525.5,526.0,9926,50.0,11718,-26.0,523569000.0,2630000.0,123,162,2018-10-19 14:43:00
20181019 14:44,526.0,526.0,525.5,525.5,9970,44.0,11708,-10.0,525882000.0,2313000.0,14,113,2018-10-19 14:44:00
20181019 14:45,525.5,526.0,525.5,526.0,9980,10.0,11706,-2.0,526408000.0,526000.0,200,85,2018-10-19 14:45:00
20181019 14:46,526.0,526.0,526.0,526.0,10000,20.0,11692,-14.0,527460000.0,1052000.0,627,288,2018-10-19 14:46:00
20181019 14:47,526.0,526.0,526.0,526.0,10008,8.0,11690,-2.0,527881000.0,421000.0,418,296,2018-10-19 14:47:00
20181019 14:48,526.0,526.0,526.0,526.0,10012,4.0,11688,-2.0,528091000.0,210000.0,140,68,2018-10-19 14:48:00
20181019 14:49,526.0,526.0,526.0,526.0,10012,0.0,11688,0.0,528091000.0,0.0,188,170,2018-10-19 14:49:00
20181019 14:50,526.0,526.0,526.0,526.0,10012,0.0,11688,0.0,528091000.0,0.0,35,55,2018-10-19 14:50:00
20181019 14:51,526.0,526.0,526.0,526.0,10012,0.0,11688,0.0,528091000.0,0.0,363,491,2018-10-19 14:51:00
20181019 14:52,526.0,526.0,526.0,526.0,10012,0.0,11688,0.0,528091000.0,0.0,6,23,2018-10-19 14:52:00
20181019 14:53,526.0,526.0,526.0,526.0,10012,0.0,11688,0.0,528091000.0,0.0,4,6,2018-10-19 14:53:00
20181019 14:54,526.0,526.0,526.0,526.0,10012,0.0,11688,0.0,528091000.0,0.0,13,137,2018-10-19 14:54:00
20181019 14:56,527.0,527.0,526.0,526.0,10016,4.0,11686,-2.0,528302000.0,211000.0,446,165,2018-10-19 14:56:00
20181019 14:57,526.0,527.5,526.0,527.5,10020,4.0,11684,-2.0,528513000.0,211000.0,237,31,2018-10-19 14:57:00
20181019 14:58,527.5,527.5,527.5,527.5,10020,0.0,11684,0.0,528513000.0,0.0,13,10,2018-10-19 14:58:00
20181019 14:59,527.5,528.0,527.5,528.0,10024,4.0,11684,0.0,528723000.0,210000.0,64,55,2018-10-19 14:59:00
20181019 15:00,528.0,528.0,528.0,528.0,10024,0.0,11684,0.0,528723000.0,0.0,4,8,2018-10-19 15:00:00
20181019 20:58,531.0,531.0,531.0,531.0,0,0.0,14752,3068.0,0.0,0.0,1,2,2018-10-19 20:58:00
20181019 21:00,531.0,531.0,531.0,531.0,0,0.0,14752,0.0,0.0,0.0,42,21,2018-10-19 21:00:00
20181019 21:01,531.0,531.0,528.0,528.0,56,56.0,14752,0.0,2959700.0,2959700.0,114,122,2018-10-19 21:01:00
20181019 21:02,528.0,528.0,527.5,527.5,84,28.0,14730,-22.0,4437800.0,1478100.0,144,86,2018-10-19 21:02:00
20181019 21:03,528.5,528.5,528.5,528.5,86,2.0,14730,0.0,4543500.0,105700.0,303,204,2018-10-19 21:03:00
20181019 21:04,528.0,528.0,528.0,528.0,88,2.0,14730,0.0,4649100.0,105600.0,58,18,2018-10-19 21:04:00
20181019 21:05,528.0,528.0,528.0,528.0,96,8.0,14736,6.0,5071500.0,422400.0,47,45,2018-10-19 21:05:00
20181019 21:06,528.0,528.5,528.0,528.5,104,8.0,14732,-4.0,5494300.0,422800.0,102,46,2018-10-19 21:06:00
20181019 21:07,528.5,528.5,528.5,528.5,104,0.0,14732,0.0,5494300.0,0.0,35,28,2018-10-19 21:07:00
20181019 21:08,529.0,529.0,529.0,529.0,106,2.0,14732,0.0,5600100.0,105800.0,165,56,2018-10-19 21:08:00
20181019 21:09,529.0,529.0,529.0,529.0,106,0.0,14732,0.0,5600100.0,0.0,116,27,2018-10-19 21:09:00
20181019 21:11,529.0,529.0,529.0,529.0,108,2.0,14734,2.0,5705900.0,105800.0,83,5,2018-10-19 21:11:00
20181019 21:12,529.0,530.0,529.0,529.5,152,44.0,14754,20.0,8037000.0,2331100.0,197,205,2018-10-19 21:12:00
20181019 21:13,529.5,529.5,529.5,529.5,152,0.0,14754,0.0,8037000.0,0.0,90,48,2018-10-19 21:13:00
20181019 21:14,529.5,529.5,529.5,529.5,156,4.0,14758,4.0,8248800.0,211800.0,43,7,2018-10-19 21:14:00
20181019 21:15,529.5,529.5,529.5,529.5,156,0.0,14758,0.0,8248800.0,0.0,302,15,2018-10-19 21:15:00
20181019 21:16,529.5,529.5,529.5,529.5,156,0.0,14758,0.0,8248800.0,0.0,23,3,2018-10-19 21:16:00
20181019 21:17,529.5,530.0,529.5,529.5,160,4.0,14758,0.0,8460700.0,211900.0,454,345,2018-10-19 21:17:00
20181019 21:18,529.5,529.5,529.5,529.5,162,2.0,14758,0.0,8566600.0,105900.0,352,382,2018-10-19 21:18:00
20181019 21:19,529.5,530.0,529.5,530.0,164,2.0,14758,0.0,8672600.0,106000.0,250,80,2018-10-19 21:19:00
20181019 21:20,530.0,530.0,530.0,530.0,164,0.0,14758,0.0,8672600.0,0.0,152,24,2018-10-19 21:20:00
20181019 21:21,530.0,530.0,530.0,530.0,164,0.0,14758,0.0,8672600.0,0.0,125,11,2018-10-19 21:21:00
20181019 21:22,530.0,530.0,530.0,530.0,164,0.0,14758,0.0,8672600.0,0.0,231,25,2018-10-19 21:22:00
20181019 21:23,530.0,530.0,530.0,530.0,164,0.0,14758,0.0,8672600.0,0.0,115,22,2018-10-19 21:23:00
20181019 21:24,530.0,530.0,530.0,530.0,184,20.0,14738,-20.0,9732600.0,1060000.0,52,4,2018-10-19 21:24:00
20181019 21:25,530.0,530.0,530.0,530.0,184,0.0,14738,0.0,9732600.0,0.0,21,7,2018-10-19 21:25:00
20181019 21:27,530.0,530.0,530.0,530.0,184,0.0,14738,0.0,9732600.0,0.0,10,7,2018-10-19 21:27:00
20181019 21:28,530.0,530.0,530.0,530.0,184,0.0,14738,0.0,9732600.0,0.0,10,8,2018-10-19 21:28:00
20181019 21:29,530.0,530.0,530.0,530.0,184,0.0,14738,0.0,9732600.0,0.0,126,49,2018-10-19 21:29:00
20181019 21:30,530.0,530.0,530.0,530.0,184,0.0,14738,0.0,9732600.0,0.0,40,19,2018-10-19 21:30:00
20181019 21:31,529.0,529.0,529.0,529.0,204,20.0,14722,-16.0,10790600.0,1058000.0,45,74,2018-10-19 21:31:00
20181019 21:32,529.0,529.0,528.5,528.5,352,148.0,14640,-82.0,18613400.0,7822800.0,91,416,2018-10-19 21:32:00
20181019 21:33,528.5,528.5,528.5,528.5,356,4.0,14636,-4.0,18824800.0,211400.0,29,80,2018-10-19 21:33:00
20181019 21:34,528.5,528.5,528.5,528.5,360,4.0,14632,-4.0,19036200.0,211400.0,37,110,2018-10-19 21:34:00
20181019 21:35,528.5,528.5,528.5,528.5,376,16.0,14618,-14.0,19881800.0,845600.0,213,34,2018-10-19 21:35:00
20181019 21:36,528.5,528.5,528.5,528.5,376,0.0,14618,0.0,19881800.0,0.0,98,4,2018-10-19 21:36:00
20181019 21:37,528.5,528.5,528.5,528.5,378,2.0,14618,0.0,19987500.0,105700.0,131,62,2018-10-19 21:37:00
20181019 21:38,528.5,528.5,528.5,528.5,378,0.0,14618,0.0,19987500.0,0.0,96,59,2018-10-19 21:38:00
20181019 21:40,528.5,528.5,528.5,528.5,378,0.0,14618,0.0,19987500.0,0.0,22,3,2018-10-19 21:40:00
20181019 21:42,528.5,528.5,528.5,528.5,378,0.0,14618,0.0,19987500.0,0.0,68,23,2018-10-19 21:42:00
20181019 21:43,528.5,528.5,528.5,528.5,378,0.0,14618,0.0,19987500.0,0.0,22,5,2018-10-19 21:43:00
20181019 21:44,528.5,529.0,528.5,529.0,382,4.0,14614,-4.0,20199100.0,211600.0,30,11,2018-10-19 21:44:00
20181019 21:45,529.0,529.0,529.0,529.0,386,4.0,14614,0.0,20410700.0,211600.0,36,37,2018-10-19 21:45:00
20181019 21:46,529.0,529.0,529.0,529.0,386,0.0,14614,0.0,20410700.0,0.0,7,5,2018-10-19 21:46:00
20181019 21:47,529.0,529.0,529.0,529.0,386,0.0,14614,0.0,20410700.0,0.0,134,25,2018-10-19 21:47:00
20181019 21:48,529.0,529.0,529.0,529.0,386,0.0,14614,0.0,20410700.0,0.0,10,4,2018-10-19 21:48:00
20181019 21:51,529.0,529.0,529.0,529.0,386,0.0,14614,0.0,20410700.0,0.0,126,52,2018-10-19 21:51:00
20181019 21:52,529.0,529.5,528.5,529.5,392,6.0,14610,-4.0,20728000.0,317300.0,124,165,2018-10-19 21:52:00
20181019 21:53,529.5,529.5,529.5,529.5,392,0.0,14610,0.0,20728000.0,0.0,5,1,2018-10-19 21:53:00
20181019 21:54,529.5,529.5,529.0,529.0,396,4.0,14612,2.0,20939600.0,211600.0,220,119,2018-10-19 21:54:00
20181019 21:55,529.5,529.5,529.5,529.5,398,2.0,14612,0.0,21045500.0,105900.0,14,14,2018-10-19 21:55:00
20181019 21:56,529.5,529.5,529.5,529.5,398,0.0,14612,0.0,21045500.0,0.0,100,99,2018-10-19 21:56:00
20181019 21:57,529.5,529.5,528.5,528.5,418,20.0,14594,-18.0,22102500.0,1057000.0,45,26,2018-10-19 21:57:00
20181019 21:58,528.5,528.5,528.5,528.5,420,2.0,14592,-2.0,22208200.0,105700.0,120,23,2018-10-19 21:58:00
20181019 21:59,528.5,528.5,528.5,528.5,420,0.0,14592,0.0,22208200.0,0.0,1,3,2018-10-19 21:59:00
20181019 22:00,529.0,529.0,529.0,529.0,422,2.0,14590,-2.0,22314000.0,105800.0,18,2,2018-10-19 22:00:00
20181019 22:01,529.0,529.0,529.0,529.0,422,0.0,14590,0.0,22314000.0,0.0,16,21,2018-10-19 22:01:00
20181019 22:03,529.0,529.0,529.0,529.0,422,0.0,14590,0.0,22314000.0,0.0,4,5,2018-10-19 22:03:00
20181019 22:06,529.0,529.0,529.0,529.0,422,0.0,14590,0.0,22314000.0,0.0,12,15,2018-10-19 22:06:00
20181019 22:07,529.0,529.0,529.0,529.0,422,0.0,14590,0.0,22314000.0,0.0,4,1,2018-10-19 22:07:00
20181019 22:08,529.0,529.0,529.0,529.0,424,2.0,14590,0.0,22419800.0,105800.0,44,26,2018-10-19 22:08:00
20181019 22:09,529.0,529.0,529.0,529.0,424,0.0,14590,0.0,22419800.0,0.0,3,4,2018-10-19 22:09:00
20181019 22:10,529.0,529.0,529.0,529.0,424,0.0,14590,0.0,22419800.0,0.0,20,12,2018-10-19 22:10:00
20181019 22:11,529.0,529.0,529.0,529.0,432,8.0,14582,-8.0,22843000.0,423200.0,104,30,2018-10-19 22:11:00
20181019 22:12,529.0,529.0,529.0,529.0,432,0.0,14582,0.0,22843000.0,0.0,34,31,2018-10-19 22:12:00
20181019 22:13,529.0,529.0,529.0,529.0,432,0.0,14582,0.0,22843000.0,0.0,48,26,2018-10-19 22:13:00
20181019 22:14,529.0,529.0,529.0,529.0,432,0.0,14582,0.0,22843000.0,0.0,70,35,2018-10-19 22:14:00
20181019 22:16,529.0,529.0,529.0,529.0,432,0.0,14582,0.0,22843000.0,0.0,14,9,2018-10-19 22:16:00
20181019 22:17,529.0,529.0,529.0,529.0,432,0.0,14582,0.0,22843000.0,0.0,14,3,2018-10-19 22:17:00
20181019 22:18,529.0,529.0,529.0,529.0,432,0.0,14582,0.0,22843000.0,0.0,42,32,2018-10-19 22:18:00
20181019 22:20,529.0,529.0,529.0,529.0,432,0.0,14582,0.0,22843000.0,0.0,112,36,2018-10-19 22:20:00
20181019 22:21,529.0,529.0,529.0,529.0,432,0.0,14582,0.0,22843000.0,0.0,56,27,2018-10-19 22:21:00
20181019 22:22,528.5,528.5,528.5,528.5,434,2.0,14582,0.0,22948700.0,105700.0,14,3,2018-10-19 22:22:00
20181019 22:26,528.5,528.5,528.5,528.5,434,0.0,14582,0.0,22948700.0,0.0,84,50,2018-10-19 22:26:00
20181019 22:29,528.5,528.5,528.5,528.5,442,8.0,14584,2.0,23371500.0,422800.0,137,121,2018-10-19 22:29:00
20181019 22:30,528.5,528.5,528.5,528.5,442,0.0,14584,0.0,23371500.0,0.0,336,374,2018-10-19 22:30:00
20181019 22:31,528.5,528.5,528.5,528.5,442,0.0,14584,0.0,23371500.0,0.0,2,2,2018-10-19 22:31:00
20181019 22:32,528.5,529.0,528.5,529.0,444,2.0,14582,-2.0,23477300.0,105800.0,55,222,2018-10-19 22:32:00
20181019 22:33,529.0,529.0,528.5,528.5,446,2.0,14582,0.0,23583000.0,105700.0,23,68,2018-10-19 22:33:00
20181019 22:35,528.5,528.5,528.5,528.5,446,0.0,14582,0.0,23583000.0,0.0,6,66,2018-10-19 22:35:00
20181019 22:36,528.5,529.0,528.5,529.0,448,2.0,14580,-2.0,23688800.0,105800.0,3,44,2018-10-19 22:36:00
20181019 22:37,529.0,529.0,529.0,529.0,448,0.0,14580,0.0,23688800.0,0.0,1,12,2018-10-19 22:37:00
20181019 22:39,529.0,529.0,529.0,529.0,450,2.0,14578,-2.0,23794600.0,105800.0,128,19,2018-10-19 22:39:00
20181019 22:40,529.0,529.0,529.0,529.0,450,0.0,14578,0.0,23794600.0,0.0,72,7,2018-10-19 22:40:00
20181019 22:41,528.5,528.5,528.5,528.5,452,2.0,14578,0.0,23900300.0,105700.0,132,4,2018-10-19 22:41:00
20181019 22:42,528.5,529.0,528.5,529.0,454,2.0,14576,-2.0,24006100.0,105800.0,96,28,2018-10-19 22:42:00
20181019 22:43,529.0,529.0,529.0,529.0,454,0.0,14576,0.0,24006100.0,0.0,326,47,2018-10-19 22:43:00
20181019 22:45,529.0,529.0,529.0,529.0,454,0.0,14576,0.0,24006100.0,0.0,102,12,2018-10-19 22:45:00
20181019 22:48,529.0,529.0,529.0,529.0,454,0.0,14576,0.0,24006100.0,0.0,68,5,2018-10-19 22:48:00
20181019 22:50,529.0,529.0,529.0,529.0,456,2.0,14576,0.0,24111900.0,105800.0,385,41,2018-10-19 22:50:00
20181019 22:51,529.0,529.0,529.0,529.0,456,0.0,14576,0.0,24111900.0,0.0,187,12,2018-10-19 22:51:00
20181019 22:52,529.0,529.0,529.0,529.0,456,0.0,14576,0.0,24111900.0,0.0,15,15,2018-10-19 22:52:00
20181019 22:53,529.0,529.0,529.0,529.0,458,2.0,14576,0.0,24217700.0,105800.0,18,12,2018-10-19 22:53:00
20181019 22:54,529.0,529.0,529.0,529.0,458,0.0,14576,0.0,24217700.0,0.0,28,8,2018-10-19 22:54:00
20181019 22:56,529.0,529.0,529.0,529.0,458,0.0,14576,0.0,24217700.0,0.0,56,27,2018-10-19 22:56:00
20181019 22:57,529.0,529.5,529.0,529.5,472,14.0,14568,-8.0,24959000.0,741300.0,84,8,2018-10-19 22:57:00
20181019 22:58,529.5,529.5,529.5,529.5,472,0.0,14568,0.0,24959000.0,0.0,21,9,2018-10-19 22:58:00
20181019 22:59,529.5,529.5,529.5,529.5,474,2.0,14568,0.0,25064900.0,105900.0,108,64,2018-10-19 22:59:00
20181019 23:00,529.5,529.5,529.5,529.5,474,0.0,14568,0.0,25064900.0,0.0,155,11,2018-10-19 23:00:00
20181019 23:04,529.0,529.0,529.0,529.0,476,2.0,14566,-2.0,25170700.0,105800.0,17,1,2018-10-19 23:04:00
20181019 23:06,529.0,529.0,529.0,529.0,476,0.0,14566,0.0,25170700.0,0.0,51,9,2018-10-19 23:06:00
20181019 23:08,529.0,529.0,529.0,529.0,476,0.0,14566,0.0,25170700.0,0.0,230,27,2018-10-19 23:08:00
20181019 23:10,529.0,529.0,529.0,529.0,476,0.0,14566,0.0,25170700.0,0.0,182,18,2018-10-19 23:10:00
20181019 23:13,529.0,529.0,529.0,529.0,476,0.0,14566,0.0,25170700.0,0.0,68,10,2018-10-19 23:13:00
20181019 23:14,529.0,529.0,529.0,529.0,476,0.0,14566,0.0,25170700.0,0.0,34,3,2018-10-19 23:14:00
20181019 23:15,529.0,529.0,529.0,529.0,476,0.0,14566,0.0,25170700.0,0.0,7,1,2018-10-19 23:15:00
20181019 23:16,529.0,529.0,529.0,529.0,476,0.0,14566,0.0,25170700.0,0.0,17,1,2018-10-19 23:16:00
20181019 23:17,529.0,529.0,529.0,529.0,476,0.0,14566,0.0,25170700.0,0.0,251,42,2018-10-19 23:17:00
20181019 23:18,529.0,529.0,529.0,529.0,476,0.0,14566,0.0,25170700.0,0.0,293,21,2018-10-19 23:18:00
20181019 23:19,529.0,529.0,529.0,529.0,476,0.0,14566,0.0,25170700.0,0.0,136,46,2018-10-19 23:19:00
20181019 23:26,529.0,529.0,529.0,529.0,476,0.0,14566,0.0,25170700.0,0.0,48,24,2018-10-19 23:26:00
20181019 23:27,529.0,529.0,529.0,529.0,476,0.0,14566,0.0,25170700.0,0.0,90,45,2018-10-19 23:27:00
20181019 23:28,529.0,529.5,529.0,529.5,478,2.0,14566,0.0,25276600.0,105900.0,32,17,2018-10-19 23:28:00
20181019 23:29,529.5,529.5,529.5,529.5,478,0.0,14566,0.0,25276600.0,0.0,5,12,2018-10-19 23:29:00
20181019 23:30,529.5,529.5,529.5,529.5,478,0.0,14566,0.0,25276600.0,0.0,5,12,2018-10-19 23:30:00
20181022 09:00,530.0,530.0,530.0,530.0,3208,2730.0,11776,-2790.0,169643000.0,144366400.0,60,238,2018-10-22 09:00:00
20181022 09:01,530.0,530.0,530.0,530.0,3214,6.0,11780,4.0,169961000.0,318000.0,23,174,2018-10-22 09:01:00
20181022 09:02,530.0,530.0,530.0,530.0,3214,0.0,11780,0.0,169961000.0,0.0,8,52,2018-10-22 09:02:00
20181022 09:03,530.0,530.0,530.0,530.0,3216,2.0,11780,0.0,170067000.0,106000.0,16,67,2018-10-22 09:03:00
20181022 09:04,530.0,530.0,530.0,530.0,3216,0.0,11780,0.0,170067000.0,0.0,8,25,2018-10-22 09:04:00
20181022 09:05,530.0,530.0,530.0,530.0,3216,0.0,11780,0.0,170067000.0,0.0,22,148,2018-10-22 09:05:00
20181022 09:06,530.0,530.0,530.0,530.0,3216,0.0,11780,0.0,170067000.0,0.0,65,81,2018-10-22 09:06:00
20181022 09:07,530.0,530.0,530.0,530.0,3216,0.0,11780,0.0,170067000.0,0.0,95,53,2018-10-22 09:07:00
20181022 09:08,530.0,530.0,529.5,529.5,3588,372.0,11480,-300.0,189766000.0,19699000.0,259,460,2018-10-22 09:08:00
20181022 09:09,529.5,529.5,529.5,529.5,3590,2.0,11480,0.0,189871000.0,105000.0,367,107,2018-10-22 09:09:00
20181022 09:10,529.5,529.5,529.5,529.5,3590,0.0,11480,0.0,189871000.0,0.0,14,15,2018-10-22 09:10:00
20181022 09:11,529.5,529.5,529.5,529.5,3602,12.0,11474,-6.0,190507000.0,636000.0,66,18,2018-10-22 09:11:00
20181022 09:12,529.5,529.5,529.5,529.5,3602,0.0,11474,0.0,190507000.0,0.0,16,12,2018-10-22 09:12:00
20181022 09:14,529.5,529.5,529.5,529.5,3602,0.0,11474,0.0,190507000.0,0.0,27,15,2018-10-22 09:14:00
20181022 09:15,529.5,529.5,529.5,529.5,3602,0.0,11474,0.0,190507000.0,0.0,12,9,2018-10-22 09:15:00
20181022 09:16,529.5,529.5,529.5,529.5,3602,0.0,11474,0.0,190507000.0,0.0,47,407,2018-10-22 09:16:00
20181022 09:17,529.5,529.5,529.5,529.5,4582,980.0,11752,278.0,242398000.0,51891000.0,237,435,2018-10-22 09:17:00
20181022 09:18,529.5,529.5,529.5,529.5,4582,0.0,11752,0.0,242398000.0,0.0,29,24,2018-10-22 09:18:00
20181022 09:19,529.5,529.5,529.5,529.5,4584,2.0,11752,0.0,242504000.0,106000.0,18,10,2018-10-22 09:19:00
20181022 09:20,530.0,530.0,530.0,530.0,4586,2.0,11752,0.0,242610000.0,106000.0,5,2,2018-10-22 09:20:00
20181022 09:21,530.0,530.0,530.0,530.0,4588,2.0,11750,-2.0,242716000.0,106000.0,78,93,2018-10-22 09:21:00
20181022 09:22,530.0,530.0,529.5,529.5,4938,350.0,11452,-298.0,261265000.0,18549000.0,28,212,2018-10-22 09:22:00
20181022 09:23,529.5,529.5,529.5,529.5,4948,10.0,11442,-10.0,261794000.0,529000.0,6,7,2018-10-22 09:23:00
20181022 09:24,529.5,529.5,529.5,529.5,4948,0.0,11442,0.0,261794000.0,0.0,9,42,2018-10-22 09:24:00
20181022 09:25,529.5,529.5,529.5,529.5,4948,0.0,11442,0.0,261794000.0,0.0,44,51,2018-10-22 09:25:00
20181022 09:26,530.0,530.0,530.0,530.0,5620,672.0,11442,0.0,297410000.0,35616000.0,631,104,2018-10-22 09:26:00
20181022 09:27,530.0,530.0,530.0,530.0,5946,326.0,11720,278.0,314688000.0,17278000.0,334,19,2018-10-22 09:27:00
20181022 09:28,530.0,530.0,530.0,530.0,5946,0.0,11720,0.0,314688000.0,0.0,6,10,2018-10-22 09:28:00
20181022 09:29,530.0,530.0,529.5,530.0,5950,4.0,11720,0.0,314900000.0,212000.0,34,20,2018-10-22 09:29:00
20181022 09:30,530.0,530.0,530.0,530.0,5950,0.0,11720,0.0,314900000.0,0.0,8,3,2018-10-22 09:30:00
20181022 09:31,530.0,530.0,530.0,530.0,5950,0.0,11720,0.0,314900000.0,0.0,5,2,2018-10-22 09:31:00
20181022 09:32,530.0,530.0,529.5,529.5,5952,2.0,11718,-2.0,315006000.0,106000.0,327,3,2018-10-22 09:32:00
20181022 09:33,529.5,529.5,529.0,529.5,6606,654.0,11718,0.0,349635000.0,34629000.0,345,44,2018-10-22 09:33:00
20181022 09:34,529.5,529.5,529.5,529.5,6606,0.0,11718,0.0,349635000.0,0.0,11,20,2018-10-22 09:34:00
20181022 09:35,529.5,530.0,529.5,530.0,6612,6.0,11720,2.0,349953000.0,318000.0,42,6,2018-10-22 09:35:00
20181022 09:36,530.0,530.5,530.0,530.5,6614,2.0,11720,0.0,350059000.0,106000.0,39,8,2018-10-22 09:36:00
20181022 09:37,530.5,530.5,530.5,530.5,6614,0.0,11720,0.0,350059000.0,0.0,19,5,2018-10-22 09:37:00
20181022 09:38,530.5,530.5,530.5,530.5,6614,0.0,11720,0.0,350059000.0,0.0,56,16,2018-10-22 09:38:00
20181022 09:39,530.5,530.5,530.0,530.0,6940,326.0,11444,-276.0,367337000.0,17278000.0,207,16,2018-10-22 09:39:00
20181022 09:40,530.0,530.0,530.0,530.0,7266,326.0,11720,276.0,384615000.0,17278000.0,185,11,2018-10-22 09:40:00
20181022 09:41,530.0,530.0,530.0,530.0,7918,652.0,11716,-4.0,419171000.0,34556000.0,350,360,2018-10-22 09:41:00
20181022 09:45,530.0,530.0,530.0,530.0,7918,0.0,11716,0.0,419171000.0,0.0,191,58,2018-10-22 09:45:00
20181022 09:46,530.0,530.0,530.0,530.0,8242,324.0,11442,-274.0,436343000.0,17172000.0,475,38,2018-10-22 09:46:00
20181022 09:49,530.0,530.0,530.0,530.0,8566,324.0,11716,274.0,453515000.0,17172000.0,188,17,2018-10-22 09:49:00
20181022 09:50,530.0,530.0,530.0,530.0,8574,8.0,11710,-6.0,453939000.0,424000.0,56,12,2018-10-22 09:50:00
20181022 09:51,530.0,530.0,530.0,530.0,8574,0.0,11710,0.0,453939000.0,0.0,41,12,2018-10-22 09:51:00
20181022 09:53,530.0,530.0,530.0,530.0,8576,2.0,11708,-2.0,454045000.0,106000.0,18,5,2018-10-22 09:53:00
20181022 09:55,530.0,530.0,530.0,530.0,8910,334.0,11434,-274.0,471747000.0,17702000.0,440,64,2018-10-22 09:55:00
20181022 09:56,530.0,530.0,530.0,530.0,8914,4.0,11434,0.0,471959000.0,212000.0,211,35,2018-10-22 09:56:00
20181022 09:57,530.0,530.0,530.0,530.0,8914,0.0,11434,0.0,471959000.0,0.0,56,13,2018-10-22 09:57:00
20181022 10:00,530.0,530.0,530.0,530.0,8914,0.0,11434,0.0,471959000.0,0.0,5,14,2018-10-22 10:00:00
20181022 10:01,530.0,530.0,530.0,530.0,8920,6.0,11428,-6.0,472277000.0,318000.0,11,66,2018-10-22 10:01:00
20181022 10:08,530.0,530.0,530.0,530.0,8920,0.0,11428,0.0,472277000.0,0.0,6,52,2018-10-22 10:08:00
20181022 10:10,530.0,530.0,530.0,530.0,8920,0.0,11428,0.0,472277000.0,0.0,27,84,2018-10-22 10:10:00
20181022 10:13,529.5,529.5,529.5,529.5,8930,10.0,11422,-6.0,472807000.0,530000.0,4,19,2018-10-22 10:13:00
20181022 10:14,529.5,529.5,529.5,529.5,8930,0.0,11422,0.0,472807000.0,0.0,2,9,2018-10-22 10:14:00
20181022 10:15,529.5,529.5,529.5,529.5,8930,0.0,11422,0.0,472807000.0,0.0,3,9,2018-10-22 10:15:00
20181022 10:30,529.5,529.5,529.5,529.5,8930,0.0,11422,0.0,472807000.0,0.0,3,10,2018-10-22 10:30:00
20181022 10:32,529.5,529.5,529.5,529.5,8930,0.0,11422,0.0,472807000.0,0.0,3,20,2018-10-22 10:32:00
20181022 10:33,530.0,530.0,530.0,530.0,9256,326.0,11694,272.0,490085000.0,17278000.0,29,254,2018-10-22 10:33:00
20181022 10:34,530.0,530.0,530.0,530.0,9260,4.0,11698,4.0,490297000.0,212000.0,29,159,2018-10-22 10:34:00
20181022 10:35,530.0,530.0,530.0,530.0,9292,32.0,11700,2.0,491993000.0,1696000.0,39,214,2018-10-22 10:35:00
20181022 10:37,530.0,530.0,530.0,530.0,9294,2.0,11702,2.0,492099000.0,106000.0,55,126,2018-10-22 10:37:00
20181022 10:38,530.0,530.0,530.0,530.0,9294,0.0,11702,0.0,492099000.0,0.0,2,34,2018-10-22 10:38:00
20181022 10:39,530.0,530.5,530.0,530.5,9332,38.0,11678,-24.0,494115000.0,2016000.0,54,72,2018-10-22 10:39:00
20181022 10:40,530.5,530.5,530.5,530.5,9332,0.0,11678,0.0,494115000.0,0.0,29,150,2018-10-22 10:40:00
20181022 10:41,530.5,530.5,530.5,530.5,9332,0.0,11678,0.0,494115000.0,0.0,14,57,2018-10-22 10:41:00
20181022 10:42,530.5,531.0,530.5,530.5,9984,652.0,11680,2.0,528719000.0,34604000.0,214,670,2018-10-22 10:42:00
20181022 10:43,530.5,531.5,530.5,531.5,10308,324.0,11404,-276.0,545940000.0,17221000.0,445,138,2018-10-22 10:43:00
20181022 10:44,531.5,531.5,531.5,531.5,10308,0.0,11404,0.0,545940000.0,0.0,49,75,2018-10-22 10:44:00
20181022 10:45,531.5,531.5,530.5,530.5,10312,4.0,11404,0.0,546152000.0,212000.0,28,91,2018-10-22 10:45:00
20181022 10:46,530.5,530.5,530.5,530.5,10312,0.0,11404,0.0,546152000.0,0.0,6,9,2018-10-22 10:46:00
20181022 10:47,530.5,530.5,530.5,530.5,10312,0.0,11404,0.0,546152000.0,0.0,15,6,2018-10-22 10:47:00
20181022 10:49,530.5,530.5,530.5,530.5,10312,0.0,11404,0.0,546152000.0,0.0,5,6,2018-10-22 10:49:00
20181022 10:50,530.5,530.5,530.5,530.5,10630,318.0,11674,270.0,563022000.0,16870000.0,5,424,2018-10-22 10:50:00
20181022 10:55,530.5,530.5,530.5,530.5,10630,0.0,11674,0.0,563022000.0,0.0,2,18,2018-10-22 10:55:00
20181022 10:56,530.5,530.5,530.5,530.5,10630,0.0,11674,0.0,563022000.0,0.0,1,15,2018-10-22 10:56:00
20181022 10:58,530.5,530.5,530.5,530.5,10630,0.0,11674,0.0,563022000.0,0.0,3,25,2018-10-22 10:58:00
20181022 11:00,530.5,530.5,530.0,530.0,10640,10.0,11674,0.0,563552000.0,530000.0,94,93,2018-10-22 11:00:00
20181022 11:01,530.0,530.0,529.5,529.5,10666,26.0,11666,-8.0,564929000.0,1377000.0,57,115,2018-10-22 11:01:00
20181022 11:02,529.5,529.5,529.5,529.5,10666,0.0,11666,0.0,564929000.0,0.0,13,32,2018-10-22 11:02:00
20181022 11:03,529.5,529.5,529.5,529.5,10666,0.0,11666,0.0,564929000.0,0.0,23,55,2018-10-22 11:03:00
20181022 11:04,529.5,529.5,529.5,529.5,10666,0.0,11666,0.0,564929000.0,0.0,3,12,2018-10-22 11:04:00
20181022 11:05,529.5,531.0,529.5,531.0,10706,40.0,11672,6.0,567052000.0,2123000.0,94,132,2018-10-22 11:05:00
20181022 11:06,531.0,531.0,531.0,531.0,10706,0.0,11672,0.0,567052000.0,0.0,18,20,2018-10-22 11:06:00
20181022 11:07,531.0,531.0,531.0,531.0,10708,2.0,11674,2.0,567158000.0,106000.0,46,51,2018-10-22 11:07:00
20181022 11:08,531.0,531.0,531.0,531.0,10708,0.0,11674,0.0,567158000.0,0.0,1,11,2018-10-22 11:08:00
20181022 11:09,531.0,531.0,531.0,531.0,10708,0.0,11674,0.0,567158000.0,0.0,1,159,2018-10-22 11:09:00
20181022 11:10,531.0,531.0,531.0,531.0,11026,318.0,11404,-270.0,584044000.0,16886000.0,7,1233,2018-10-22 11:10:00
20181022 11:11,531.0,531.5,531.0,531.5,11028,2.0,11404,0.0,584150000.0,106000.0,39,1433,2018-10-22 11:11:00
20181022 11:12,531.5,531.5,531.5,531.5,11028,0.0,11404,0.0,584150000.0,0.0,10,472,2018-10-22 11:12:00
20181022 11:13,531.5,531.5,531.5,531.5,11028,0.0,11404,0.0,584150000.0,0.0,281,2494,2018-10-22 11:13:00
20181022 11:14,531.5,531.5,531.5,531.5,11028,0.0,11404,0.0,584150000.0,0.0,44,56,2018-10-22 11:14:00
20181022 11:16,531.5,531.5,531.5,531.5,11028,0.0,11404,0.0,584150000.0,0.0,25,34,2018-10-22 11:16:00
20181022 11:17,531.5,531.5,531.5,531.5,11028,0.0,11404,0.0,584150000.0,0.0,13,34,2018-10-22 11:17:00
20181022 11:18,531.5,531.5,531.5,531.5,11028,0.0,11404,0.0,584150000.0,0.0,25,56,2018-10-22 11:18:00
20181022 11:19,531.5,531.5,531.5,531.5,11028,0.0,11404,0.0,584150000.0,0.0,11,14,2018-10-22 11:19:00
20181022 11:20,531.5,531.5,531.5,531.5,11028,0.0,11404,0.0,584150000.0,0.0,66,32,2018-10-22 11:20:00
20181022 11:21,531.5,531.5,531.5,531.5,11028,0.0,11404,0.0,584150000.0,0.0,20,10,2018-10-22 11:21:00
20181022 11:24,532.5,532.5,532.5,532.5,11030,2.0,11404,0.0,584256000.0,106000.0,51,40,2018-10-22 11:24:00
20181022 11:26,532.5,532.5,532.5,532.5,11038,8.0,11404,0.0,584682000.0,426000.0,30,610,2018-10-22 11:26:00
20181022 11:27,532.5,532.5,532.5,532.5,11038,0.0,11404,0.0,584682000.0,0.0,12,600,2018-10-22 11:27:00
20181022 11:28,532.5,532.5,531.5,531.5,11040,2.0,11406,2.0,584789000.0,107000.0,26,1252,2018-10-22 11:28:00
20181022 11:29,531.5,531.5,531.5,531.5,11040,0.0,11406,0.0,584789000.0,0.0,12,2,2018-10-22 11:29:00
20181022 13:30,531.5,531.5,531.5,531.5,11040,0.0,11406,0.0,584789000.0,0.0,8,32,2018-10-22 13:30:00
20181022 13:31,531.5,531.5,531.5,531.5,11040,0.0,11406,0.0,584789000.0,0.0,58,142,2018-10-22 13:31:00
20181022 13:32,531.5,536.0,531.5,535.5,11428,388.0,11668,262.0,605497000.0,20708000.0,577,171,2018-10-22 13:32:00
20181022 13:33,535.5,535.5,534.5,534.5,11726,298.0,11402,-266.0,621425000.0,15928000.0,286,119,2018-10-22 13:33:00
20181022 13:34,534.5,536.0,534.5,535.5,13220,1494.0,11672,270.0,701385000.0,79960000.0,1004,739,2018-10-22 13:34:00
20181022 13:35,535.5,535.5,535.5,535.5,13228,8.0,11672,0.0,701813000.0,428000.0,78,176,2018-10-22 13:35:00
20181022 13:36,535.5,535.5,535.5,535.5,13228,0.0,11672,0.0,701813000.0,0.0,6,51,2018-10-22 13:36:00
20181022 13:37,535.5,535.5,535.5,535.5,13228,0.0,11672,0.0,701813000.0,0.0,4,13,2018-10-22 13:37:00
20181022 13:38,535.5,535.5,535.5,535.5,13230,2.0,11672,0.0,701920000.0,107000.0,1,3,2018-10-22 13:38:00
20181022 13:40,535.5,535.5,535.5,535.5,13232,2.0,11674,2.0,702027000.0,107000.0,6,5,2018-10-22 13:40:00
20181022 13:41,535.5,535.5,535.5,535.5,13836,604.0,11680,6.0,734371000.0,32344000.0,526,1653,2018-10-22 13:41:00
20181022 13:42,535.5,535.5,535.0,535.0,13844,8.0,11680,0.0,734799000.0,428000.0,84,144,2018-10-22 13:42:00
20181022 13:43,535.0,535.0,534.0,534.0,13850,6.0,11684,4.0,735120000.0,321000.0,14,47,2018-10-22 13:43:00
20181022 13:44,534.0,534.0,534.0,534.0,13852,2.0,11686,2.0,735226000.0,106000.0,3,23,2018-10-22 13:44:00
20181022 13:45,534.0,534.0,534.0,534.0,13852,0.0,11686,0.0,735226000.0,0.0,3,2,2018-10-22 13:45:00
20181022 13:46,534.0,534.0,534.0,534.0,13854,2.0,11688,2.0,735333000.0,107000.0,42,51,2018-10-22 13:46:00
20181022 13:47,534.0,534.0,534.0,534.0,13854,0.0,11688,0.0,735333000.0,0.0,65,41,2018-10-22 13:47:00
20181022 13:48,534.0,534.0,533.5,533.5,13858,4.0,11686,-2.0,735547000.0,214000.0,62,18,2018-10-22 13:48:00
20181022 13:49,533.5,533.5,533.5,533.5,13858,0.0,11686,0.0,735547000.0,0.0,103,29,2018-10-22 13:49:00
20181022 13:50,533.5,533.5,533.5,533.5,13858,0.0,11686,0.0,735547000.0,0.0,173,77,2018-10-22 13:50:00
20181022 13:51,533.5,533.5,533.5,533.5,13858,0.0,11686,0.0,735547000.0,0.0,43,30,2018-10-22 13:51:00
20181022 13:52,533.5,533.5,533.5,533.5,13860,2.0,11688,2.0,735653000.0,106000.0,84,28,2018-10-22 13:52:00
20181022 13:54,533.5,533.5,533.5,533.5,13860,0.0,11688,0.0,735653000.0,0.0,18,3,2018-10-22 13:54:00
20181022 13:55,533.5,534.5,533.5,534.5,14450,590.0,11688,0.0,767174000.0,31521000.0,550,58,2018-10-22 13:55:00
20181022 13:56,534.5,534.5,534.5,534.5,14744,294.0,11440,-248.0,782888000.0,15714000.0,296,213,2018-10-22 13:56:00
20181022 13:57,534.5,534.5,534.5,534.5,15010,266.0,11676,236.0,797106000.0,14218000.0,349,63,2018-10-22 13:57:00
20181022 13:59,534.5,534.5,534.5,534.5,15010,0.0,11676,0.0,797106000.0,0.0,30,13,2018-10-22 13:59:00
20181022 14:00,534.5,534.5,534.5,534.5,15276,266.0,11440,-236.0,811324000.0,14218000.0,510,52,2018-10-22 14:00:00
20181022 14:01,534.5,534.5,534.5,534.5,15542,266.0,11676,236.0,825541000.0,14217000.0,193,49,2018-10-22 14:01:00
20181022 14:02,534.5,534.5,534.5,534.5,15542,0.0,11676,0.0,825541000.0,0.0,63,30,2018-10-22 14:02:00
20181022 14:05,534.5,534.5,534.5,534.5,15542,0.0,11676,0.0,825541000.0,0.0,48,21,2018-10-22 14:05:00
20181022 14:06,534.5,534.5,534.5,534.5,15542,0.0,11676,0.0,825541000.0,0.0,41,9,2018-10-22 14:06:00
20181022 14:07,534.5,534.5,534.5,534.5,15542,0.0,11676,0.0,825541000.0,0.0,16,13,2018-10-22 14:07:00
20181022 14:08,534.5,534.5,534.5,534.5,15542,0.0,11676,0.0,825541000.0,0.0,16,3,2018-10-22 14:08:00
20181022 14:09,534.5,534.5,534.0,534.0,15808,266.0,11446,-230.0,839746000.0,14205000.0,406,16,2018-10-22 14:09:00
20181022 14:10,534.0,534.0,534.0,534.0,18468,2660.0,11446,0.0,981790000.0,142044000.0,1980,121,2018-10-22 14:10:00
20181022 14:11,534.0,534.0,534.0,534.0,19000,532.0,11446,0.0,1010200000.0,28410000.0,213,23,2018-10-22 14:11:00
20181022 14:12,534.0,534.0,534.0,534.0,20064,1064.0,11446,0.0,1067020000.0,56820000.0,1029,60,2018-10-22 14:12:00
20181022 14:13,534.0,534.0,534.0,534.0,20064,0.0,11446,0.0,1067020000.0,0.0,81,15,2018-10-22 14:13:00
20181022 14:14,534.0,534.0,534.0,534.0,20064,0.0,11446,0.0,1067020000.0,0.0,16,5,2018-10-22 14:14:00
20181022 14:15,534.0,534.0,534.0,534.0,20064,0.0,11446,0.0,1067020000.0,0.0,117,35,2018-10-22 14:15:00
20181022 14:16,534.0,534.0,533.5,533.5,20068,4.0,11446,0.0,1067230000.0,210000.0,256,31,2018-10-22 14:16:00
20181022 14:17,533.5,533.5,533.5,533.5,20068,0.0,11446,0.0,1067230000.0,0.0,250,24,2018-10-22 14:17:00
20181022 14:18,533.5,533.5,533.5,533.5,20068,0.0,11446,0.0,1067230000.0,0.0,80,15,2018-10-22 14:18:00
20181022 14:19,533.5,533.5,533.5,533.5,20068,0.0,11446,0.0,1067230000.0,0.0,29,6,2018-10-22 14:19:00
20181022 14:20,533.5,533.5,533.5,533.5,20068,0.0,11446,0.0,1067230000.0,0.0,23,6,2018-10-22 14:20:00
20181022 14:21,533.5,533.5,533.5,533.5,20068,0.0,11446,0.0,1067230000.0,0.0,24,6,2018-10-22 14:21:00
20181022 14:22,533.5,533.5,533.5,533.5,20070,2.0,11444,-2.0,1067340000.0,110000.0,36,6,2018-10-22 14:22:00
20181022 14:23,533.5,533.5,533.5,533.5,20070,0.0,11444,0.0,1067340000.0,0.0,13,13,2018-10-22 14:23:00
20181022 14:25,533.5,533.5,533.5,533.5,20070,0.0,11444,0.0,1067340000.0,0.0,9,29,2018-10-22 14:25:00
20181022 14:26,533.5,533.5,533.5,533.5,20070,0.0,11444,0.0,1067340000.0,0.0,15,3,2018-10-22 14:26:00
20181022 14:27,533.5,533.5,533.5,533.5,20070,0.0,11444,0.0,1067340000.0,0.0,10,16,2018-10-22 14:27:00
20181022 14:28,533.5,533.5,533.5,533.5,20070,0.0,11444,0.0,1067340000.0,0.0,40,23,2018-10-22 14:28:00
20181022 14:29,533.5,533.5,533.5,533.5,20070,0.0,11444,0.0,1067340000.0,0.0,20,8,2018-10-22 14:29:00
20181022 14:30,533.5,534.0,533.5,534.0,21286,1216.0,11488,44.0,1132270000.0,64930000.0,100,444,2018-10-22 14:30:00
20181022 14:31,534.5,535.0,534.5,535.0,21306,20.0,11494,6.0,1133340000.0,1070000.0,44,23,2018-10-22 14:31:00
20181022 14:32,535.0,535.5,535.0,535.5,21328,22.0,11510,16.0,1134520000.0,1180000.0,102,60,2018-10-22 14:32:00
20181022 14:33,535.5,535.5,535.5,535.5,21330,2.0,11508,-2.0,1134630000.0,110000.0,69,79,2018-10-22 14:33:00
20181022 14:34,535.5,535.5,535.0,535.0,21544,214.0,11490,-18.0,1146080000.0,11450000.0,100,24,2018-10-22 14:34:00
20181022 14:35,535.0,535.0,534.0,534.5,25516,3972.0,11430,-60.0,1358380000.0,212300000.0,1083,456,2018-10-22 14:35:00
20181022 14:36,534.5,534.5,534.5,534.5,25516,0.0,11430,0.0,1358380000.0,0.0,171,149,2018-10-22 14:36:00
20181022 14:37,534.5,534.5,534.5,534.5,25516,0.0,11430,0.0,1358380000.0,0.0,20,126,2018-10-22 14:37:00
20181022 14:38,534.5,535.0,534.5,534.5,25644,128.0,11492,62.0,1365230000.0,6850000.0,111,109,2018-10-22 14:38:00
20181022 14:39,534.5,535.0,534.5,535.0,25708,64.0,11430,-62.0,1368650000.0,3420000.0,79,101,2018-10-22 14:39:00
20181022 14:40,535.0,535.0,535.0,535.0,25708,0.0,11430,0.0,1368650000.0,0.0,3,1,2018-10-22 14:40:00
20181022 14:41,534.5,535.0,534.5,535.0,26776,1068.0,11406,-24.0,1425750000.0,57100000.0,335,766,2018-10-22 14:41:00
20181022 14:42,535.0,535.0,534.5,534.5,26782,6.0,11406,0.0,1426070000.0,320000.0,48,30,2018-10-22 14:42:00
20181022 14:43,534.5,534.5,534.5,534.5,26782,0.0,11406,0.0,1426070000.0,0.0,16,72,2018-10-22 14:43:00
20181022 14:44,534.5,534.5,534.5,534.5,26782,0.0,11406,0.0,1426070000.0,0.0,2,37,2018-10-22 14:44:00
20181022 14:45,534.5,534.5,534.5,534.5,26784,2.0,11406,0.0,1426170000.0,100000.0,30,126,2018-10-22 14:45:00
20181022 14:46,534.5,534.5,534.5,534.5,26784,0.0,11406,0.0,1426170000.0,0.0,7,47,2018-10-22 14:46:00
20181022 14:47,534.5,534.5,534.5,534.5,26784,0.0,11406,0.0,1426170000.0,0.0,30,21,2018-10-22 14:47:00
20181022 14:48,534.5,534.5,534.5,534.5,26784,0.0,11406,0.0,1426170000.0,0.0,17,54,2018-10-22 14:48:00
20181022 14:49,534.0,534.0,534.0,534.0,26814,30.0,11402,-4.0,1427780000.0,1610000.0,31,40,2018-10-22 14:49:00
20181022 14:50,534.0,534.5,534.0,534.5,26816,2.0,11402,0.0,1427880000.0,100000.0,7,29,2018-10-22 14:50:00
20181022 14:51,534.5,534.5,534.5,534.5,26820,4.0,11402,0.0,1428100000.0,220000.0,24,27,2018-10-22 14:51:00
20181022 14:52,534.5,534.5,534.5,534.5,26820,0.0,11402,0.0,1428100000.0,0.0,63,50,2018-10-22 14:52:00
20181022 14:53,534.5,534.5,534.5,534.5,26820,0.0,11402,0.0,1428100000.0,0.0,27,10,2018-10-22 14:53:00
20181022 14:54,534.5,534.5,534.5,534.5,26820,0.0,11402,0.0,1428100000.0,0.0,27,10,2018-10-22 14:54:00
20181022 14:57,534.5,534.5,534.5,534.5,26820,0.0,11402,0.0,1428100000.0,0.0,121,28,2018-10-22 14:57:00
20181022 14:58,535.0,535.0,535.0,535.0,26822,2.0,11402,0.0,1428200000.0,100000.0,60,19,2018-10-22 14:58:00
20181022 14:59,535.0,535.0,535.0,535.0,26834,12.0,11392,-10.0,1428840000.0,640000.0,150,13,2018-10-22 14:59:00
20181022 15:00,534.5,534.5,534.5,534.5,27100,266.0,11622,230.0,1443060000.0,14220000.0,52,27,2018-10-22 15:00:00
20181022 20:59,527.0,527.0,527.0,527.0,106,106.0,11578,-44.0,5586200.0,5586200.0,1,1,2018-10-22 20:59:00
20181022 21:00,527.0,527.0,527.0,527.0,106,0.0,11578,0.0,5586200.0,0.0,6,9,2018-10-22 21:00:00
20181022 21:01,527.0,527.0,527.0,527.0,106,0.0,11578,0.0,5586200.0,0.0,4,6,2018-10-22 21:01:00
20181022 21:02,527.0,527.0,527.0,527.0,106,0.0,11578,0.0,5586200.0,0.0,4,5,2018-10-22 21:02:00
20181022 21:03,527.0,527.0,527.0,527.0,106,0.0,11578,0.0,5586200.0,0.0,19,83,2018-10-22 21:03:00
20181022 21:04,527.0,527.0,527.0,527.0,106,0.0,11578,0.0,5586200.0,0.0,7,140,2018-10-22 21:04:00
20181022 21:05,527.0,527.0,527.0,527.0,106,0.0,11578,0.0,5586200.0,0.0,298,217,2018-10-22 21:05:00
20181022 21:06,527.0,527.0,527.0,527.0,106,0.0,11578,0.0,5586200.0,0.0,145,30,2018-10-22 21:06:00
20181022 21:07,527.0,527.0,527.0,527.0,106,0.0,11578,0.0,5586200.0,0.0,12,82,2018-10-22 21:07:00
20181022 21:08,527.0,527.0,527.0,527.0,106,0.0,11578,0.0,5586200.0,0.0,11,99,2018-10-22 21:08:00
20181022 21:09,527.0,527.0,527.0,527.0,106,0.0,11578,0.0,5586200.0,0.0,32,87,2018-10-22 21:09:00
20181022 21:10,527.0,527.0,527.0,527.0,106,0.0,11578,0.0,5586200.0,0.0,1,3,2018-10-22 21:10:00
20181022 21:11,527.0,527.0,527.0,527.0,106,0.0,11578,0.0,5586200.0,0.0,5,56,2018-10-22 21:11:00
20181022 21:12,527.0,527.0,527.0,527.0,106,0.0,11578,0.0,5586200.0,0.0,6,84,2018-10-22 21:12:00
20181022 21:13,527.0,527.0,527.0,527.0,108,2.0,11580,2.0,5691600.0,105400.0,5,66,2018-10-22 21:13:00
20181022 21:14,527.0,527.0,527.0,527.0,108,0.0,11580,0.0,5691600.0,0.0,9,28,2018-10-22 21:14:00
20181022 21:15,527.0,527.0,527.0,527.0,108,0.0,11580,0.0,5691600.0,0.0,15,41,2018-10-22 21:15:00
20181022 21:16,527.0,527.0,527.0,527.0,108,0.0,11580,0.0,5691600.0,0.0,6,7,2018-10-22 21:16:00
20181022 21:17,528.0,528.5,528.0,528.5,120,12.0,11572,-8.0,6325400.0,633800.0,49,9,2018-10-22 21:17:00
20181022 21:18,528.5,528.5,528.5,528.5,120,0.0,11572,0.0,6325400.0,0.0,33,4,2018-10-22 21:18:00
20181022 21:19,528.5,528.5,528.5,528.5,120,0.0,11572,0.0,6325400.0,0.0,22,17,2018-10-22 21:19:00
20181022 21:20,528.5,528.5,528.5,528.5,120,0.0,11572,0.0,6325400.0,0.0,13,32,2018-10-22 21:20:00
20181022 21:21,528.5,528.5,528.5,528.5,120,0.0,11572,0.0,6325400.0,0.0,1,12,2018-10-22 21:21:00
20181022 21:22,528.5,528.5,528.5,528.5,120,0.0,11572,0.0,6325400.0,0.0,1,2,2018-10-22 21:22:00
20181022 21:23,528.5,528.5,528.5,528.5,122,2.0,11572,0.0,6431100.0,105700.0,21,18,2018-10-22 21:23:00
20181022 21:24,528.5,528.5,528.5,528.5,126,4.0,11572,0.0,6642500.0,211400.0,51,15,2018-10-22 21:24:00
20181022 21:25,528.5,528.5,528.5,528.5,128,2.0,11572,0.0,6748200.0,105700.0,285,60,2018-10-22 21:25:00
20181022 21:27,528.5,528.5,528.5,528.5,128,0.0,11572,0.0,6748200.0,0.0,145,47,2018-10-22 21:27:00
20181022 21:28,528.5,528.5,528.5,528.5,128,0.0,11572,0.0,6748200.0,0.0,115,21,2018-10-22 21:28:00
20181022 21:29,528.5,528.5,528.5,528.5,128,0.0,11572,0.0,6748200.0,0.0,195,36,2018-10-22 21:29:00
20181022 21:30,528.5,528.5,528.5,528.5,128,0.0,11572,0.0,6748200.0,0.0,32,4,2018-10-22 21:30:00
20181022 21:31,528.5,528.5,528.5,528.5,128,0.0,11572,0.0,6748200.0,0.0,36,52,2018-10-22 21:31:00
20181022 21:32,528.5,528.5,528.5,528.5,128,0.0,11572,0.0,6748200.0,0.0,16,11,2018-10-22 21:32:00
20181022 21:33,528.5,529.0,528.5,529.0,136,8.0,11564,-8.0,7171400.0,423200.0,113,56,2018-10-22 21:33:00
20181022 21:34,529.0,529.0,529.0,529.0,136,0.0,11564,0.0,7171400.0,0.0,88,6,2018-10-22 21:34:00
20181022 21:35,529.0,529.0,529.0,529.0,136,0.0,11564,0.0,7171400.0,0.0,85,20,2018-10-22 21:35:00
20181022 21:36,529.0,529.0,529.0,529.0,136,0.0,11564,0.0,7171400.0,0.0,34,15,2018-10-22 21:36:00
20181022 21:38,529.0,529.0,529.0,529.0,136,0.0,11564,0.0,7171400.0,0.0,61,38,2018-10-22 21:38:00
20181022 21:39,529.0,529.0,529.0,529.0,136,0.0,11564,0.0,7171400.0,0.0,156,116,2018-10-22 21:39:00
20181022 21:40,529.0,529.5,529.0,529.5,160,24.0,11564,0.0,8442200.0,1270800.0,76,92,2018-10-22 21:40:00
20181022 21:41,529.5,529.5,529.5,529.5,174,14.0,11564,0.0,9183500.0,741300.0,73,57,2018-10-22 21:41:00
20181022 21:42,529.0,529.0,529.0,529.0,186,12.0,11568,4.0,9818300.0,634800.0,48,27,2018-10-22 21:42:00
20181022 21:43,529.0,529.0,529.0,529.0,194,8.0,11572,4.0,10241500.0,423200.0,313,128,2018-10-22 21:43:00
20181022 21:44,529.0,529.0,529.0,529.0,1032,838.0,11730,158.0,54571700.0,44330200.0,370,20,2018-10-22 21:44:00
20181022 21:45,529.0,529.0,529.0,529.0,1032,0.0,11730,0.0,54571700.0,0.0,252,123,2018-10-22 21:45:00
20181022 21:46,529.0,529.0,529.0,529.0,1032,0.0,11730,0.0,54571700.0,0.0,10,4,2018-10-22 21:46:00
20181022 21:47,529.0,529.0,529.0,529.0,1032,0.0,11730,0.0,54571700.0,0.0,50,21,2018-10-22 21:47:00
20181022 21:48,529.0,529.0,529.0,529.0,1032,0.0,11730,0.0,54571700.0,0.0,41,15,2018-10-22 21:48:00
20181022 21:49,529.0,529.0,529.0,529.0,1032,0.0,11730,0.0,54571700.0,0.0,22,9,2018-10-22 21:49:00
20181022 21:50,529.0,529.0,528.5,528.5,1308,276.0,11502,-228.0,69158300.0,14586600.0,226,17,2018-10-22 21:50:00
20181022 21:51,528.5,528.5,528.5,528.5,1992,684.0,11502,0.0,105308000.0,36149700.0,433,24,2018-10-22 21:51:00
20181022 21:52,528.5,528.5,528.5,528.5,1992,0.0,11502,0.0,105308000.0,0.0,20,5,2018-10-22 21:52:00
20181022 21:53,528.5,528.5,528.5,528.5,1992,0.0,11502,0.0,105308000.0,0.0,10,3,2018-10-22 21:53:00
20181022 21:54,528.5,528.5,528.5,528.5,1994,2.0,11500,-2.0,105413000.0,105000.0,52,15,2018-10-22 21:54:00
20181022 21:55,528.5,528.5,528.5,528.5,1994,0.0,11500,0.0,105413000.0,0.0,39,8,2018-10-22 21:55:00
20181022 21:56,528.5,529.0,528.5,529.0,1996,2.0,11500,0.0,105519000.0,106000.0,37,7,2018-10-22 21:56:00
20181022 21:57,529.0,529.0,529.0,529.0,1996,0.0,11500,0.0,105519000.0,0.0,40,19,2018-10-22 21:57:00
20181022 21:58,529.0,529.0,529.0,529.0,1998,2.0,11502,2.0,105625000.0,106000.0,3,8,2018-10-22 21:58:00
20181022 21:59,529.0,529.0,529.0,529.0,2000,2.0,11502,0.0,105731000.0,106000.0,74,41,2018-10-22 21:59:00
20181022 22:00,529.0,529.0,529.0,529.0,2000,0.0,11502,0.0,105731000.0,0.0,24,11,2018-10-22 22:00:00
20181022 22:01,529.0,529.0,529.0,529.0,2000,0.0,11502,0.0,105731000.0,0.0,12,6,2018-10-22 22:01:00
20181022 22:02,529.0,529.0,529.0,529.0,2000,0.0,11502,0.0,105731000.0,0.0,36,16,2018-10-22 22:02:00
20181022 22:03,529.0,529.0,529.0,529.0,2000,0.0,11502,0.0,105731000.0,0.0,120,43,2018-10-22 22:03:00
20181022 22:04,529.0,529.0,529.0,529.0,2002,2.0,11502,0.0,105837000.0,106000.0,60,17,2018-10-22 22:04:00
20181022 22:05,529.0,529.0,529.0,529.0,2002,0.0,11502,0.0,105837000.0,0.0,36,10,2018-10-22 22:05:00
20181022 22:06,529.0,529.5,529.0,529.5,2006,4.0,11502,0.0,106048000.0,211000.0,296,71,2018-10-22 22:06:00
20181022 22:07,529.5,529.5,529.5,529.5,2006,0.0,11502,0.0,106048000.0,0.0,66,22,2018-10-22 22:07:00
20181022 22:08,529.5,529.5,529.5,529.5,2006,0.0,11502,0.0,106048000.0,0.0,42,14,2018-10-22 22:08:00
20181022 22:09,529.5,529.5,529.5,529.5,2008,2.0,11500,-2.0,106154000.0,106000.0,138,34,2018-10-22 22:09:00
20181022 22:10,529.5,529.5,529.5,529.5,2008,0.0,11500,0.0,106154000.0,0.0,90,30,2018-10-22 22:10:00
20181022 22:11,529.5,529.5,529.5,529.5,2008,0.0,11500,0.0,106154000.0,0.0,64,13,2018-10-22 22:11:00
20181022 22:12,529.5,529.5,529.5,529.5,2008,0.0,11500,0.0,106154000.0,0.0,50,22,2018-10-22 22:12:00
20181022 22:13,529.5,529.5,529.5,529.5,2008,0.0,11500,0.0,106154000.0,0.0,30,14,2018-10-22 22:13:00
20181022 22:14,529.5,529.5,529.5,529.5,2008,0.0,11500,0.0,106154000.0,0.0,40,18,2018-10-22 22:14:00
20181022 22:15,529.5,529.5,529.5,529.5,2008,0.0,11500,0.0,106154000.0,0.0,20,11,2018-10-22 22:15:00
20181022 22:16,529.5,529.5,529.5,529.5,2008,0.0,11500,0.0,106154000.0,0.0,40,18,2018-10-22 22:16:00
20181022 22:17,529.5,529.5,529.5,529.5,2008,0.0,11500,0.0,106154000.0,0.0,40,18,2018-10-22 22:17:00
20181022 22:18,529.5,529.5,529.5,529.5,2008,0.0,11500,0.0,106154000.0,0.0,30,13,2018-10-22 22:18:00
20181022 22:19,529.5,529.5,529.0,529.0,2012,4.0,11496,-4.0,106366000.0,212000.0,88,152,2018-10-22 22:19:00
20181022 22:20,528.5,528.5,528.5,528.5,2014,2.0,11494,-2.0,106472000.0,106000.0,50,96,2018-10-22 22:20:00
20181022 22:21,528.5,528.5,528.5,528.5,2014,0.0,11494,0.0,106472000.0,0.0,45,104,2018-10-22 22:21:00
20181022 22:22,528.5,529.0,528.5,529.0,2714,700.0,11494,0.0,143502000.0,37030000.0,169,1020,2018-10-22 22:22:00
20181022 22:23,529.0,529.0,529.0,529.0,3068,354.0,11794,300.0,162228000.0,18726000.0,91,153,2018-10-22 22:23:00
20181022 22:24,529.0,529.0,529.0,529.0,3068,0.0,11794,0.0,162228000.0,0.0,39,67,2018-10-22 22:24:00
20181022 22:25,529.0,529.0,529.0,529.0,3068,0.0,11794,0.0,162228000.0,0.0,19,34,2018-10-22 22:25:00
20181022 22:26,529.0,529.0,529.0,529.0,3068,0.0,11794,0.0,162228000.0,0.0,10,17,2018-10-22 22:26:00
20181022 22:27,529.0,529.0,529.0,529.0,3068,0.0,11794,0.0,162228000.0,0.0,39,67,2018-10-22 22:27:00
20181022 22:28,529.0,529.0,529.0,529.0,3068,0.0,11794,0.0,162228000.0,0.0,58,100,2018-10-22 22:28:00
20181022 22:29,529.0,529.0,529.0,529.0,3068,0.0,11794,0.0,162228000.0,0.0,28,51,2018-10-22 22:29:00
20181022 22:30,529.0,529.0,529.0,529.0,3068,0.0,11794,0.0,162228000.0,0.0,166,180,2018-10-22 22:30:00
20181022 22:33,529.0,529.0,529.0,529.0,3068,0.0,11794,0.0,162228000.0,0.0,276,29,2018-10-22 22:33:00
20181022 22:34,529.5,529.5,529.5,529.5,3070,2.0,11794,0.0,162334000.0,106000.0,203,20,2018-10-22 22:34:00
20181022 22:35,529.5,529.5,529.5,529.5,3070,0.0,11794,0.0,162334000.0,0.0,89,22,2018-10-22 22:35:00
20181022 22:36,529.5,529.5,529.5,529.5,3070,0.0,11794,0.0,162334000.0,0.0,55,26,2018-10-22 22:36:00
20181022 22:38,529.0,529.0,529.0,529.0,3072,2.0,11794,0.0,162440000.0,106000.0,15,26,2018-10-22 22:38:00
20181022 22:39,529.0,529.0,529.0,529.0,3072,0.0,11794,0.0,162440000.0,0.0,7,14,2018-10-22 22:39:00
20181022 22:40,529.0,529.0,529.0,529.0,3072,0.0,11794,0.0,162440000.0,0.0,3,6,2018-10-22 22:40:00
20181022 22:41,529.0,529.0,529.0,529.0,3072,0.0,11794,0.0,162440000.0,0.0,15,21,2018-10-22 22:41:00
20181022 22:42,529.0,529.0,529.0,529.0,3074,2.0,11792,-2.0,162546000.0,106000.0,8,15,2018-10-22 22:42:00
20181022 22:43,529.0,529.0,529.0,529.0,3076,2.0,11790,-2.0,162652000.0,106000.0,15,32,2018-10-22 22:43:00
20181022 22:44,529.0,529.0,529.0,529.0,3076,0.0,11790,0.0,162652000.0,0.0,2,4,2018-10-22 22:44:00
20181022 22:45,529.0,529.0,529.0,529.0,3076,0.0,11790,0.0,162652000.0,0.0,28,28,2018-10-22 22:45:00
20181022 22:46,529.0,529.0,529.0,529.0,3076,0.0,11790,0.0,162652000.0,0.0,28,28,2018-10-22 22:46:00
20181022 22:50,529.0,529.0,529.0,529.0,3076,0.0,11790,0.0,162652000.0,0.0,5,7,2018-10-22 22:50:00
20181022 22:51,529.0,529.0,529.0,529.0,3076,0.0,11790,0.0,162652000.0,0.0,6,16,2018-10-22 22:51:00
20181022 22:53,529.0,529.0,529.0,529.0,3076,0.0,11790,0.0,162652000.0,0.0,2,4,2018-10-22 22:53:00
20181022 22:54,529.0,529.0,529.0,529.0,3076,0.0,11790,0.0,162652000.0,0.0,6,10,2018-10-22 22:54:00
20181022 22:55,529.0,529.0,529.0,529.0,3076,0.0,11790,0.0,162652000.0,0.0,11,22,2018-10-22 22:55:00
20181022 22:56,529.0,529.0,529.0,529.0,3076,0.0,11790,0.0,162652000.0,0.0,4,4,2018-10-22 22:56:00
20181022 22:57,529.0,529.0,529.0,529.0,3076,0.0,11790,0.0,162652000.0,0.0,3,7,2018-10-22 22:57:00
20181022 22:59,529.0,529.5,529.0,529.5,3094,18.0,11804,14.0,163605000.0,953000.0,95,49,2018-10-22 22:59:00
20181022 23:01,529.5,529.5,529.5,529.5,3106,12.0,11808,4.0,164240000.0,635000.0,14,74,2018-10-22 23:01:00
20181022 23:02,529.5,529.5,529.5,529.5,3106,0.0,11808,0.0,164240000.0,0.0,15,50,2018-10-22 23:02:00
20181022 23:03,529.5,529.5,529.5,529.5,3106,0.0,11808,0.0,164240000.0,0.0,10,10,2018-10-22 23:03:00
20181022 23:04,529.5,530.0,529.5,530.0,3112,6.0,11804,-4.0,164558000.0,318000.0,112,54,2018-10-22 23:04:00
20181022 23:05,530.0,530.0,529.0,529.0,3114,2.0,11802,-2.0,164664000.0,106000.0,143,365,2018-10-22 23:05:00
20181022 23:06,529.0,529.0,529.0,529.0,3114,0.0,11802,0.0,164664000.0,0.0,19,42,2018-10-22 23:06:00
20181022 23:07,529.0,529.0,529.0,529.0,3114,0.0,11802,0.0,164664000.0,0.0,32,55,2018-10-22 23:07:00
20181022 23:08,530.0,530.0,530.0,530.0,3120,6.0,11804,2.0,164982000.0,318000.0,8,65,2018-10-22 23:08:00
20181022 23:09,530.0,530.5,530.0,530.5,3122,2.0,11804,0.0,165088000.0,106000.0,21,45,2018-10-22 23:09:00
20181022 23:10,530.5,530.5,530.5,530.5,3124,2.0,11802,-2.0,165194000.0,106000.0,45,85,2018-10-22 23:10:00
20181022 23:11,530.5,530.5,529.5,529.5,3132,8.0,11800,-2.0,165618000.0,424000.0,149,129,2018-10-22 23:11:00
20181022 23:12,529.5,529.5,529.5,529.5,3134,2.0,11802,2.0,165723000.0,105000.0,103,131,2018-10-22 23:12:00
20181022 23:13,529.5,529.5,529.5,529.5,3134,0.0,11802,0.0,165723000.0,0.0,48,83,2018-10-22 23:13:00
20181022 23:14,529.5,530.0,529.5,530.0,3138,4.0,11800,-2.0,165935000.0,212000.0,77,156,2018-10-22 23:14:00
20181022 23:15,530.0,530.5,530.0,530.5,3148,10.0,11804,4.0,166466000.0,531000.0,33,238,2018-10-22 23:15:00
20181022 23:16,530.5,530.5,530.0,530.0,3154,6.0,11800,-4.0,166784000.0,318000.0,14,95,2018-10-22 23:16:00
20181022 23:17,530.0,530.0,529.5,529.5,3156,2.0,11800,0.0,166890000.0,106000.0,14,52,2018-10-22 23:17:00
20181022 23:18,529.5,530.0,529.5,530.0,3158,2.0,11802,2.0,166996000.0,106000.0,81,302,2018-10-22 23:18:00
20181022 23:19,530.0,530.0,530.0,530.0,3158,0.0,11802,0.0,166996000.0,0.0,1,1,2018-10-22 23:19:00
20181022 23:25,530.0,530.0,529.5,529.5,3160,2.0,11802,0.0,167102000.0,106000.0,29,39,2018-10-22 23:25:00
20181022 23:26,529.0,529.0,529.0,529.0,3180,20.0,11782,-20.0,168160000.0,1058000.0,18,14,2018-10-22 23:26:00
20181022 23:27,529.0,529.5,529.0,529.5,3182,2.0,11782,0.0,168266000.0,106000.0,72,26,2018-10-22 23:27:00
20181022 23:28,529.5,529.5,529.0,529.0,3186,4.0,11780,-2.0,168477000.0,211000.0,59,25,2018-10-22 23:28:00
20181022 23:29,529.0,529.5,529.0,529.5,3188,2.0,11780,0.0,168583000.0,106000.0,41,9,2018-10-22 23:29:00
20181023 09:01,531.5,531.5,531.5,531.5,27446,24258.0,11464,-316.0,1465460000.0,1296877000.0,1,1,2018-10-23 09:01:00
20181023 09:05,532.0,532.0,532.0,532.0,27448,2.0,11466,2.0,1465570000.0,110000.0,4,9,2018-10-23 09:05:00
20181023 09:06,532.0,532.0,532.0,532.0,27448,0.0,11466,0.0,1465570000.0,0.0,4,8,2018-10-23 09:06:00
20181023 09:07,532.0,532.0,532.0,532.0,27448,0.0,11466,0.0,1465570000.0,0.0,3,7,2018-10-23 09:07:00
20181023 09:09,532.0,532.0,532.0,532.0,27448,0.0,11466,0.0,1465570000.0,0.0,1,1,2018-10-23 09:09:00
20181023 09:10,532.0,532.0,532.0,532.0,27448,0.0,11466,0.0,1465570000.0,0.0,10,4,2018-10-23 09:10:00
20181023 09:11,532.0,532.0,532.0,532.0,27448,0.0,11466,0.0,1465570000.0,0.0,10,12,2018-10-23 09:11:00
20181023 09:13,532.0,532.0,532.0,532.0,27448,0.0,11466,0.0,1465570000.0,0.0,2,20,2018-10-23 09:13:00
20181023 09:14,532.0,533.0,532.0,533.0,27452,4.0,11466,0.0,1465780000.0,210000.0,4,22,2018-10-23 09:14:00
20181023 09:15,534.0,534.0,534.0,534.0,27454,2.0,11464,-2.0,1465890000.0,110000.0,1,3,2018-10-23 09:15:00
20181023 09:17,534.0,534.0,534.0,534.0,27454,0.0,11464,0.0,1465890000.0,0.0,1,3,2018-10-23 09:17:00
20181023 09:18,534.0,534.0,534.0,534.0,27456,2.0,11462,-2.0,1465990000.0,100000.0,1,3,2018-10-23 09:18:00
20181023 09:19,534.0,534.0,534.0,534.0,27456,0.0,11462,0.0,1465990000.0,0.0,5,13,2018-10-23 09:19:00
20181023 09:21,534.0,534.0,534.0,534.0,27456,0.0,11462,0.0,1465990000.0,0.0,3,6,2018-10-23 09:21:00
20181023 09:23,534.5,534.5,534.5,534.5,27462,6.0,11462,0.0,1466310000.0,320000.0,29,498,2018-10-23 09:23:00
20181023 09:24,534.5,534.5,534.5,534.5,27462,0.0,11462,0.0,1466310000.0,0.0,26,304,2018-10-23 09:24:00
20181023 09:25,534.5,534.5,534.5,534.5,27476,14.0,11450,-12.0,1467060000.0,750000.0,18,6,2018-10-23 09:25:00
20181023 09:26,534.5,535.0,534.5,535.0,27492,16.0,11438,-12.0,1467920000.0,860000.0,19,11,2018-10-23 09:26:00
20181023 09:27,535.0,535.0,535.0,535.0,27492,0.0,11438,0.0,1467920000.0,0.0,7,8,2018-10-23 09:27:00
20181023 09:28,535.0,535.0,535.0,535.0,27492,0.0,11438,0.0,1467920000.0,0.0,3,2,2018-10-23 09:28:00
20181023 09:29,535.0,535.0,535.0,535.0,27492,0.0,11438,0.0,1467920000.0,0.0,6,4,2018-10-23 09:29:00
20181023 09:30,535.0,535.0,535.0,535.0,27492,0.0,11438,0.0,1467920000.0,0.0,5,2,2018-10-23 09:30:00
20181023 09:37,535.0,535.0,535.0,535.0,27492,0.0,11438,0.0,1467920000.0,0.0,3,2,2018-10-23 09:37:00
20181023 09:47,535.0,535.0,535.0,535.0,27492,0.0,11438,0.0,1467920000.0,0.0,2,4,2018-10-23 09:47:00
20181023 09:48,535.0,535.0,535.0,535.0,27492,0.0,11438,0.0,1467920000.0,0.0,2,2,2018-10-23 09:48:00
20181023 09:49,535.0,535.0,534.5,534.5,27496,4.0,11438,0.0,1468130000.0,210000.0,6,6,2018-10-23 09:49:00
20181023 09:51,534.5,534.5,534.5,534.5,27496,0.0,11438,0.0,1468130000.0,0.0,2,2,2018-10-23 09:51:00
20181023 09:55,534.0,534.0,534.0,534.0,27500,4.0,11434,-4.0,1468350000.0,220000.0,2,2,2018-10-23 09:55:00
20181023 09:56,532.5,535.0,532.5,535.0,27508,8.0,11440,6.0,1468770000.0,420000.0,13,517,2018-10-23 09:56:00
20181023 09:57,535.0,535.0,535.0,535.0,27508,0.0,11440,0.0,1468770000.0,0.0,17,17,2018-10-23 09:57:00
20181023 09:59,535.0,535.0,535.0,535.0,27508,0.0,11440,0.0,1468770000.0,0.0,1,1,2018-10-23 09:59:00
20181023 10:00,535.0,535.0,535.0,535.0,27508,0.0,11440,0.0,1468770000.0,0.0,3,2,2018-10-23 10:00:00
20181023 10:01,535.0,535.0,535.0,535.0,27508,0.0,11440,0.0,1468770000.0,0.0,3,2,2018-10-23 10:01:00
20181023 10:02,535.0,535.0,535.0,535.0,27508,0.0,11440,0.0,1468770000.0,0.0,6,4,2018-10-23 10:02:00
20181023 10:03,535.0,535.0,535.0,535.0,27508,0.0,11440,0.0,1468770000.0,0.0,2,1,2018-10-23 10:03:00
20181023 10:04,535.0,535.0,535.0,535.0,27508,0.0,11440,0.0,1468770000.0,0.0,2,1,2018-10-23 10:04:00
20181023 10:06,535.0,535.0,535.0,535.0,27508,0.0,11440,0.0,1468770000.0,0.0,2,2,2018-10-23 10:06:00
20181023 10:08,535.0,535.0,535.0,535.0,27508,0.0,11440,0.0,1468770000.0,0.0,1,2,2018-10-23 10:08:00
20181023 10:12,535.0,535.0,535.0,535.0,27508,0.0,11440,0.0,1468770000.0,0.0,4,38,2018-10-23 10:12:00
20181023 10:13,533.5,533.5,533.5,533.5,27510,2.0,11438,-2.0,1468880000.0,110000.0,13,85,2018-10-23 10:13:00
20181023 10:14,533.5,533.5,533.5,533.5,27510,0.0,11438,0.0,1468880000.0,0.0,4,10,2018-10-23 10:14:00
20181023 10:30,533.5,534.0,533.5,534.0,28194,684.0,11408,-30.0,1505400000.0,36520000.0,856,30,2018-10-23 10:30:00
20181023 10:32,534.0,534.0,534.0,534.0,28194,0.0,11408,0.0,1505400000.0,0.0,176,1,2018-10-23 10:32:00
20181023 10:33,534.0,534.0,534.0,534.0,28896,702.0,11368,-40.0,1542890000.0,37490000.0,289,4,2018-10-23 10:33:00
20181023 10:34,534.0,534.0,534.0,534.0,29222,326.0,11346,-22.0,1560300000.0,17410000.0,227,3,2018-10-23 10:34:00
20181023 10:35,534.0,534.0,534.0,534.0,29870,648.0,11326,-20.0,1594900000.0,34600000.0,437,9,2018-10-23 10:35:00
20181023 10:37,534.0,534.0,534.0,534.0,29870,0.0,11326,0.0,1594900000.0,0.0,9,57,2018-10-23 10:37:00
20181023 10:38,534.0,534.0,534.0,534.0,29870,0.0,11326,0.0,1594900000.0,0.0,10,61,2018-10-23 10:38:00
20181023 10:39,534.0,534.0,534.0,534.0,29870,0.0,11326,0.0,1594900000.0,0.0,5,20,2018-10-23 10:39:00
20181023 10:40,534.0,534.0,534.0,534.0,30570,700.0,11326,0.0,1632280000.0,37380000.0,457,5,2018-10-23 10:40:00
20181023 10:41,534.0,534.0,534.0,534.0,30920,350.0,11268,-58.0,1650970000.0,18690000.0,335,10,2018-10-23 10:41:00
20181023 10:42,534.0,534.0,534.0,534.0,30920,0.0,11268,0.0,1650970000.0,0.0,4,3,2018-10-23 10:42:00
20181023 10:44,534.0,534.0,534.0,534.0,30920,0.0,11268,0.0,1650970000.0,0.0,2,1,2018-10-23 10:44:00
20181023 10:46,534.0,534.0,534.0,534.0,30920,0.0,11268,0.0,1650970000.0,0.0,2,2,2018-10-23 10:46:00
20181023 10:55,534.0,534.0,534.0,534.0,30920,0.0,11268,0.0,1650970000.0,0.0,12,27,2018-10-23 10:55:00
20181023 10:57,535.0,535.0,535.0,535.0,30922,2.0,11268,0.0,1651080000.0,110000.0,1,2,2018-10-23 10:57:00
20181023 10:59,535.0,535.0,535.0,535.0,30922,0.0,11268,0.0,1651080000.0,0.0,2,13,2018-10-23 10:59:00
20181023 11:00,535.0,535.0,535.0,535.0,30922,0.0,11268,0.0,1651080000.0,0.0,2,13,2018-10-23 11:00:00
20181023 11:01,535.0,535.0,535.0,535.0,30922,0.0,11268,0.0,1651080000.0,0.0,1,5,2018-10-23 11:01:00
20181023 11:02,535.0,535.0,535.0,535.0,30922,0.0,11268,0.0,1651080000.0,0.0,2,7,2018-10-23 11:02:00
20181023 11:03,534.5,534.5,534.5,534.5,32922,2000.0,9268,-2000.0,1757980000.0,106900000.0,502,5,2018-10-23 11:03:00
20181023 11:04,534.5,534.5,534.0,534.0,33258,336.0,9312,44.0,1775920000.0,17940000.0,338,5,2018-10-23 11:04:00
20181023 11:05,534.0,534.0,534.0,534.0,33930,672.0,9252,-60.0,1811810000.0,35890000.0,340,98,2018-10-23 11:05:00
20181023 11:06,534.0,534.5,534.0,534.5,35520,1590.0,9250,-2.0,1896790000.0,84980000.0,1825,34,2018-10-23 11:06:00
20181023 11:07,534.5,534.5,534.5,534.5,35838,318.0,9252,2.0,1913790000.0,17000000.0,1,2,2018-10-23 11:07:00
20181023 11:09,534.5,534.5,534.5,534.5,36792,954.0,9250,-2.0,1964780000.0,50990000.0,595,11,2018-10-23 11:09:00
20181023 11:10,534.5,534.5,534.5,534.5,37428,636.0,9248,-2.0,1998780000.0,34000000.0,503,8,2018-10-23 11:10:00
20181023 11:11,534.5,534.5,534.5,534.5,37748,320.0,9252,4.0,2015880000.0,17100000.0,239,9,2018-10-23 11:11:00
20181023 11:14,534.5,534.5,534.5,534.5,38066,318.0,9250,-2.0,2032880000.0,17000000.0,160,3,2018-10-23 11:14:00
20181023 11:15,534.5,534.5,534.5,534.5,38066,0.0,9250,0.0,2032880000.0,0.0,24,11,2018-10-23 11:15:00
20181023 11:17,534.5,534.5,534.0,534.0,39020,954.0,9254,4.0,2083820000.0,50940000.0,713,17,2018-10-23 11:17:00
20181023 11:19,534.0,534.0,533.5,533.5,39022,2.0,9254,0.0,2083930000.0,110000.0,8,7,2018-10-23 11:19:00
20181023 11:21,533.5,533.5,533.5,533.5,39024,2.0,9254,0.0,2084030000.0,100000.0,2,2,2018-10-23 11:21:00
20181023 11:23,533.5,533.5,533.5,533.5,39024,0.0,9254,0.0,2084030000.0,0.0,3,2,2018-10-23 11:23:00
20181023 11:24,533.5,533.5,533.5,533.5,39026,2.0,9256,2.0,2084140000.0,110000.0,7,7,2018-10-23 11:24:00
20181023 13:35,533.5,533.5,533.5,533.5,39026,0.0,9256,0.0,2084140000.0,0.0,10,18,2018-10-23 13:35:00
20181023 13:36,533.5,533.5,533.5,533.5,39026,0.0,9256,0.0,2084140000.0,0.0,2,1,2018-10-23 13:36:00
20181023 13:37,533.5,533.5,533.5,533.5,39026,0.0,9256,0.0,2084140000.0,0.0,4,5,2018-10-23 13:37:00
20181023 13:41,533.5,533.5,533.5,533.5,39026,0.0,9256,0.0,2084140000.0,0.0,4,2,2018-10-23 13:41:00
20181023 13:44,533.5,533.5,533.5,533.5,39026,0.0,9256,0.0,2084140000.0,0.0,1,2,2018-10-23 13:44:00
20181023 13:47,533.5,533.5,533.5,533.5,39028,2.0,9258,2.0,2084250000.0,110000.0,5,10,2018-10-23 13:47:00
20181023 13:51,533.5,533.5,533.5,533.5,39028,0.0,9258,0.0,2084250000.0,0.0,6,18,2018-10-23 13:51:00
20181023 13:52,533.5,533.5,533.5,533.5,39028,0.0,9258,0.0,2084250000.0,0.0,17,102,2018-10-23 13:52:00
20181023 13:54,533.5,533.5,533.5,533.5,39028,0.0,9258,0.0,2084250000.0,0.0,22,204,2018-10-23 13:54:00
20181023 13:55,533.5,533.5,533.5,533.5,39028,0.0,9258,0.0,2084250000.0,0.0,11,78,2018-10-23 13:55:00
20181023 13:56,533.5,534.5,533.5,534.5,39032,4.0,9258,0.0,2084460000.0,210000.0,21,163,2018-10-23 13:56:00
20181023 13:57,534.5,534.5,534.5,534.5,39032,0.0,9258,0.0,2084460000.0,0.0,16,68,2018-10-23 13:57:00
20181023 13:58,534.5,535.0,534.5,535.0,39034,2.0,9258,0.0,2084570000.0,110000.0,4,30,2018-10-23 13:58:00
20181023 13:59,535.0,535.0,535.0,535.0,39352,318.0,9256,-2.0,2101580000.0,17010000.0,166,20,2018-10-23 13:59:00
20181023 14:00,535.0,535.0,535.0,535.0,39352,0.0,9256,0.0,2101580000.0,0.0,6,18,2018-10-23 14:00:00
20181023 14:01,535.0,535.0,535.0,535.0,39352,0.0,9256,0.0,2101580000.0,0.0,16,74,2018-10-23 14:01:00
20181023 14:02,535.0,535.0,535.0,535.0,39352,0.0,9256,0.0,2101580000.0,0.0,12,64,2018-10-23 14:02:00
20181023 14:03,535.0,535.0,535.0,535.0,39352,0.0,9256,0.0,2101580000.0,0.0,15,86,2018-10-23 14:03:00
20181023 14:04,535.0,535.0,535.0,535.0,39352,0.0,9256,0.0,2101580000.0,0.0,12,32,2018-10-23 14:04:00
20181023 14:05,535.0,535.0,535.0,535.0,39352,0.0,9256,0.0,2101580000.0,0.0,8,24,2018-10-23 14:05:00
20181023 14:07,535.0,535.0,535.0,535.0,39352,0.0,9256,0.0,2101580000.0,0.0,4,3,2018-10-23 14:07:00
20181023 14:08,535.0,535.0,535.0,535.0,39352,0.0,9256,0.0,2101580000.0,0.0,3,4,2018-10-23 14:08:00
20181023 14:10,535.0,535.0,535.0,535.0,39352,0.0,9256,0.0,2101580000.0,0.0,11,26,2018-10-23 14:10:00
20181023 14:11,535.0,535.0,534.5,534.5,39354,2.0,9254,-2.0,2101690000.0,110000.0,14,19,2018-10-23 14:11:00
20181023 14:12,534.5,534.5,534.5,534.5,39354,0.0,9254,0.0,2101690000.0,0.0,16,8,2018-10-23 14:12:00
20181023 14:13,534.5,534.5,534.5,534.5,39354,0.0,9254,0.0,2101690000.0,0.0,17,11,2018-10-23 14:13:00
20181023 14:14,534.5,534.5,534.5,534.5,39354,0.0,9254,0.0,2101690000.0,0.0,10,10,2018-10-23 14:14:00
20181023 14:15,534.5,534.5,533.5,533.5,39358,4.0,9258,4.0,2101900000.0,210000.0,27,37,2018-10-23 14:15:00
20181023 14:16,533.5,533.5,533.5,533.5,39358,0.0,9258,0.0,2101900000.0,0.0,8,44,2018-10-23 14:16:00
20181023 14:17,533.5,533.5,533.5,533.5,39358,0.0,9258,0.0,2101900000.0,0.0,5,22,2018-10-23 14:17:00
20181023 14:20,533.5,533.5,533.5,533.5,39358,0.0,9258,0.0,2101900000.0,0.0,4,11,2018-10-23 14:20:00
20181023 14:21,533.5,533.5,533.5,533.5,39358,0.0,9258,0.0,2101900000.0,0.0,8,21,2018-10-23 14:21:00
20181023 14:22,533.5,533.5,533.5,533.5,39358,0.0,9258,0.0,2101900000.0,0.0,17,66,2018-10-23 14:22:00
20181023 14:23,533.5,533.5,533.5,533.5,39358,0.0,9258,0.0,2101900000.0,0.0,8,33,2018-10-23 14:23:00
20181023 14:24,533.5,533.5,533.5,533.5,39358,0.0,9258,0.0,2101900000.0,0.0,6,21,2018-10-23 14:24:00
20181023 14:25,533.5,533.5,533.5,533.5,39358,0.0,9258,0.0,2101900000.0,0.0,10,32,2018-10-23 14:25:00
20181023 14:28,533.0,534.0,533.0,533.0,39412,54.0,9216,-42.0,2104780000.0,2880000.0,45,47,2018-10-23 14:28:00
20181023 14:29,533.0,534.0,533.0,533.0,39432,20.0,9216,0.0,2105850000.0,1070000.0,53,86,2018-10-23 14:29:00
20181023 14:30,533.0,533.0,533.0,533.0,39432,0.0,9216,0.0,2105850000.0,0.0,5,12,2018-10-23 14:30:00
20181023 14:31,533.0,533.0,533.0,533.0,39432,0.0,9216,0.0,2105850000.0,0.0,4,4,2018-10-23 14:31:00
20181023 14:34,533.0,533.0,533.0,533.0,39432,0.0,9216,0.0,2105850000.0,0.0,12,11,2018-10-23 14:34:00
20181023 14:35,533.5,534.5,533.5,534.5,39448,16.0,9210,-6.0,2106700000.0,850000.0,31,8,2018-10-23 14:35:00
20181023 14:36,534.5,535.0,534.0,535.0,39464,16.0,9202,-8.0,2107560000.0,860000.0,36,11,2018-10-23 14:36:00
20181023 14:37,535.0,535.0,533.5,533.5,39480,16.0,9192,-10.0,2108410000.0,850000.0,60,26,2018-10-23 14:37:00
20181023 14:38,533.5,534.0,532.5,533.0,39500,20.0,9176,-16.0,2109480000.0,1070000.0,127,18,2018-10-23 14:38:00
20181023 14:39,533.0,533.5,532.5,533.0,39514,14.0,9172,-4.0,2110230000.0,750000.0,58,21,2018-10-23 14:39:00
20181023 14:40,533.0,533.0,531.5,532.5,39530,16.0,9160,-12.0,2111080000.0,850000.0,59,573,2018-10-23 14:40:00
20181023 14:41,532.5,532.5,531.5,532.5,39576,46.0,9114,-46.0,2113530000.0,2450000.0,85,1720,2018-10-23 14:41:00
20181023 14:42,532.5,532.5,531.5,532.5,39588,12.0,9110,-4.0,2114160000.0,630000.0,33,1974,2018-10-23 14:42:00
20181023 14:43,532.5,532.5,531.5,532.0,39602,14.0,9106,-4.0,2114910000.0,750000.0,33,859,2018-10-23 14:43:00
20181023 14:44,532.0,533.5,532.0,532.5,39618,16.0,9096,-10.0,2115760000.0,850000.0,31,65,2018-10-23 14:44:00
20181023 14:45,532.5,532.5,532.5,532.5,39618,0.0,9096,0.0,2115760000.0,0.0,6,6,2018-10-23 14:45:00
20181023 14:46,532.5,533.5,532.5,532.5,39650,32.0,9088,-8.0,2117470000.0,1710000.0,61,74,2018-10-23 14:46:00
20181023 14:47,532.5,532.5,532.5,532.5,39650,0.0,9088,0.0,2117470000.0,0.0,13,19,2018-10-23 14:47:00
20181023 14:48,532.5,532.5,532.5,532.5,39654,4.0,9084,-4.0,2117680000.0,210000.0,19,34,2018-10-23 14:48:00
20181023 14:49,532.5,532.5,532.5,532.5,39654,0.0,9084,0.0,2117680000.0,0.0,3,11,2018-10-23 14:49:00
20181023 14:50,532.5,532.5,532.0,532.0,39672,18.0,9082,-2.0,2118640000.0,960000.0,24,58,2018-10-23 14:50:00
20181023 14:51,532.0,532.5,531.5,532.5,39722,50.0,9048,-34.0,2121300000.0,2660000.0,59,1754,2018-10-23 14:51:00
20181023 14:52,532.5,532.5,531.5,531.5,39734,12.0,9040,-8.0,2121930000.0,630000.0,11,21,2018-10-23 14:52:00
20181023 14:53,531.5,532.5,531.5,531.5,39738,4.0,9038,-2.0,2122150000.0,220000.0,10,13,2018-10-23 14:53:00
20181023 14:54,531.5,532.5,531.5,532.5,39758,20.0,9022,-16.0,2123210000.0,1060000.0,33,2525,2018-10-23 14:54:00
20181023 14:55,532.5,532.5,531.5,532.5,39770,12.0,9016,-6.0,2123850000.0,640000.0,56,2465,2018-10-23 14:55:00
20181023 14:56,532.0,532.5,531.5,532.5,39814,44.0,8982,-34.0,2126190000.0,2340000.0,77,630,2018-10-23 14:56:00
20181023 14:57,532.5,532.5,532.5,532.5,39814,0.0,8982,0.0,2126190000.0,0.0,8,29,2018-10-23 14:57:00
20181023 14:58,532.5,532.5,531.5,531.5,39828,14.0,8968,-14.0,2126930000.0,740000.0,25,78,2018-10-23 14:58:00
20181023 14:59,531.5,532.5,531.5,532.5,39832,4.0,8966,-2.0,2127150000.0,220000.0,9,23,2018-10-23 14:59:00
20181023 15:00,532.5,532.5,532.5,532.5,39832,0.0,8966,0.0,2127150000.0,0.0,2,10,2018-10-23 15:00:00
20181023 20:59,534.0,534.0,534.0,534.0,22,22.0,11600,2634.0,1174800.0,1174800.0,1,2,2018-10-23 20:59:00
20181023 21:00,534.0,539.5,534.0,535.5,74,52.0,11612,12.0,3968500.0,2793700.0,85,94,2018-10-23 21:00:00
20181023 21:01,535.5,535.5,535.5,535.5,74,0.0,11612,0.0,3968500.0,0.0,46,122,2018-10-23 21:01:00
20181023 21:02,535.5,535.5,535.5,535.5,74,0.0,11612,0.0,3968500.0,0.0,34,44,2018-10-23 21:02:00
20181023 21:03,535.5,537.5,535.5,537.5,492,418.0,11576,-36.0,26436000.0,22467500.0,262,49,2018-10-23 21:03:00
20181023 21:04,537.5,537.5,537.5,537.5,876,384.0,11492,-84.0,47076000.0,20640000.0,240,27,2018-10-23 21:04:00
20181023 21:06,537.5,537.5,537.5,537.5,1248,372.0,11564,72.0,67071000.0,19995000.0,212,54,2018-10-23 21:06:00
20181023 21:07,537.5,537.5,537.5,537.5,1988,740.0,11564,0.0,106846000.0,39775000.0,451,56,2018-10-23 21:07:00
20181023 21:08,537.5,537.5,537.5,537.5,1988,0.0,11564,0.0,106846000.0,0.0,5,28,2018-10-23 21:08:00
20181023 21:09,537.5,537.5,537.0,537.0,3470,1482.0,11562,-2.0,186448000.0,79602000.0,1073,104,2018-10-23 21:09:00
20181023 21:10,537.0,537.0,536.5,537.0,4960,1490.0,11558,-4.0,266461000.0,80013000.0,1368,73,2018-10-23 21:10:00
20181023 21:11,537.0,537.0,537.0,537.0,4960,0.0,11558,0.0,266461000.0,0.0,3,4,2018-10-23 21:11:00
20181023 21:12,537.0,537.0,537.0,537.0,4960,0.0,11558,0.0,266461000.0,0.0,8,4,2018-10-23 21:12:00
20181023 21:13,537.0,537.0,537.0,537.0,5700,740.0,11558,0.0,306199000.0,39738000.0,801,32,2018-10-23 21:13:00
20181023 21:14,537.0,537.0,537.0,537.0,5700,0.0,11558,0.0,306199000.0,0.0,5,4,2018-10-23 21:14:00
20181023 21:17,536.5,536.5,536.5,536.5,5702,2.0,11558,0.0,306306000.0,107000.0,5,4,2018-10-23 21:17:00
20181023 21:18,536.5,536.5,536.5,536.5,5702,0.0,11558,0.0,306306000.0,0.0,7,4,2018-10-23 21:18:00
20181023 21:19,536.5,536.5,536.5,536.5,5704,2.0,11556,-2.0,306413000.0,107000.0,30,12,2018-10-23 21:19:00
20181023 21:20,536.5,536.5,536.5,536.5,5704,0.0,11556,0.0,306413000.0,0.0,11,25,2018-10-23 21:20:00
20181023 21:21,536.5,536.5,536.5,536.5,5704,0.0,11556,0.0,306413000.0,0.0,18,16,2018-10-23 21:21:00
20181023 21:23,536.5,536.5,536.5,536.5,5704,0.0,11556,0.0,306413000.0,0.0,6,1,2018-10-23 21:23:00
20181023 21:25,536.5,536.5,536.0,536.0,6074,370.0,11480,-76.0,326245000.0,19832000.0,256,3,2018-10-23 21:25:00
20181023 21:26,536.0,536.0,536.0,536.0,9002,2928.0,11480,0.0,483186000.0,156941000.0,2291,29,2018-10-23 21:26:00
20181023 21:27,536.0,536.0,536.0,536.0,10102,1100.0,11550,70.0,542146000.0,58960000.0,643,22,2018-10-23 21:27:00
20181023 21:28,536.0,536.0,535.5,535.5,11638,1536.0,11550,0.0,624399000.0,82253000.0,952,21,2018-10-23 21:28:00
20181023 21:29,535.5,536.5,535.5,536.5,11648,10.0,11544,-6.0,624935000.0,536000.0,26,16,2018-10-23 21:29:00
20181023 21:30,536.5,536.5,535.5,535.5,12416,768.0,11544,0.0,666061000.0,41126000.0,682,22,2018-10-23 21:30:00
20181023 21:31,535.5,535.5,535.5,535.5,12416,0.0,11544,0.0,666061000.0,0.0,16,10,2018-10-23 21:31:00
20181023 21:32,535.5,535.5,535.5,535.5,12416,0.0,11544,0.0,666061000.0,0.0,7,4,2018-10-23 21:32:00
20181023 21:33,535.5,535.5,535.5,535.5,13738,1322.0,11552,8.0,736854000.0,70793000.0,996,28,2018-10-23 21:33:00
20181023 21:34,535.5,535.5,535.5,535.5,14394,656.0,11550,-2.0,771983000.0,35129000.0,764,16,2018-10-23 21:34:00
20181023 21:36,535.5,535.5,535.5,535.5,14394,0.0,11550,0.0,771983000.0,0.0,12,4,2018-10-23 21:36:00
20181023 21:38,535.5,535.5,535.0,535.0,14398,4.0,11546,-4.0,772197000.0,214000.0,30,59,2018-10-23 21:38:00
20181023 21:39,535.0,535.0,535.0,535.0,14398,0.0,11546,0.0,772197000.0,0.0,7,4,2018-10-23 21:39:00
20181023 21:40,535.0,535.0,535.0,535.0,14398,0.0,11546,0.0,772197000.0,0.0,2,2,2018-10-23 21:40:00
20181023 21:41,535.0,535.0,529.5,529.5,14762,364.0,11514,-32.0,791620000.0,19423000.0,574,73,2018-10-23 21:41:00
20181023 21:42,529.5,529.5,529.5,529.5,14762,0.0,11514,0.0,791620000.0,0.0,27,61,2018-10-23 21:42:00
20181023 21:43,529.5,529.5,528.0,528.5,14778,16.0,11512,-2.0,792465000.0,845000.0,39,21,2018-10-23 21:43:00
20181023 21:44,528.5,528.5,528.5,528.5,14778,0.0,11512,0.0,792465000.0,0.0,44,9,2018-10-23 21:44:00
20181023 21:45,528.5,528.5,528.5,528.5,14778,0.0,11512,0.0,792465000.0,0.0,21,18,2018-10-23 21:45:00
20181023 21:46,528.5,528.5,528.5,528.5,14778,0.0,11512,0.0,792465000.0,0.0,3,3,2018-10-23 21:46:00
20181023 21:47,530.5,530.5,530.5,530.5,14780,2.0,11510,-2.0,792571000.0,106000.0,12,7,2018-10-23 21:47:00
20181023 21:48,530.5,530.5,529.0,529.0,14782,2.0,11510,0.0,792677000.0,106000.0,312,11,2018-10-23 21:48:00
20181023 21:49,529.0,529.0,529.0,529.0,14784,2.0,11510,0.0,792783000.0,106000.0,3,4,2018-10-23 21:49:00
20181023 21:52,529.0,529.0,529.0,529.0,14784,0.0,11510,0.0,792783000.0,0.0,2,2,2018-10-23 21:52:00
20181023 21:53,529.0,529.5,529.0,529.5,14788,4.0,11506,-4.0,792995000.0,212000.0,8,20,2018-10-23 21:53:00
20181023 21:54,529.5,529.5,529.5,529.5,14788,0.0,11506,0.0,792995000.0,0.0,9,40,2018-10-23 21:54:00
20181023 21:55,529.0,529.0,529.0,529.0,14790,2.0,11504,-2.0,793100000.0,105000.0,3,12,2018-10-23 21:55:00
20181023 21:57,529.0,529.0,529.0,529.0,14790,0.0,11504,0.0,793100000.0,0.0,11,23,2018-10-23 21:57:00
20181023 21:58,529.0,529.0,529.0,529.0,14790,0.0,11504,0.0,793100000.0,0.0,29,33,2018-10-23 21:58:00
20181023 21:59,529.0,530.0,529.0,530.0,14794,4.0,11502,-2.0,793312000.0,212000.0,27,535,2018-10-23 21:59:00
20181023 22:00,529.5,530.0,529.5,529.5,15454,660.0,11496,-6.0,828259000.0,34947000.0,651,1255,2018-10-23 22:00:00
20181023 22:01,529.5,529.5,529.5,529.5,15456,2.0,11496,0.0,828365000.0,106000.0,6,6,2018-10-23 22:01:00
20181023 22:02,529.5,530.0,529.5,530.0,15458,2.0,11496,0.0,828471000.0,106000.0,7,6,2018-10-23 22:02:00
20181023 22:03,530.0,530.0,530.0,530.0,15458,0.0,11496,0.0,828471000.0,0.0,13,11,2018-10-23 22:03:00
20181023 22:04,530.0,530.0,529.5,530.0,16414,956.0,11518,22.0,879139000.0,50668000.0,1381,31,2018-10-23 22:04:00
20181023 22:05,530.0,530.0,530.0,530.0,17686,1272.0,11522,4.0,946555000.0,67416000.0,1094,953,2018-10-23 22:05:00
20181023 22:06,530.0,530.0,530.0,530.0,18326,640.0,11526,4.0,980475000.0,33920000.0,489,7,2018-10-23 22:06:00
20181023 22:07,530.0,530.0,530.0,530.0,18326,0.0,11526,0.0,980475000.0,0.0,9,103,2018-10-23 22:07:00
20181023 22:08,530.0,530.0,530.0,530.0,18326,0.0,11526,0.0,980475000.0,0.0,5,200,2018-10-23 22:08:00
20181023 22:10,530.0,530.0,530.0,530.0,18330,4.0,11522,-4.0,980687000.0,212000.0,13,592,2018-10-23 22:10:00
20181023 22:11,530.0,530.0,530.0,530.0,18332,2.0,11520,-2.0,980793000.0,106000.0,3,292,2018-10-23 22:11:00
20181023 22:14,530.5,530.5,530.0,530.0,18654,322.0,11490,-30.0,997875000.0,17082000.0,51,608,2018-10-23 22:14:00
20181023 22:16,530.5,530.5,530.5,530.5,18656,2.0,11492,2.0,997981000.0,106000.0,49,197,2018-10-23 22:16:00
20181023 22:23,530.5,530.5,530.5,530.5,18656,0.0,11492,0.0,997981000.0,0.0,15,5,2018-10-23 22:23:00
20181023 22:24,530.5,530.5,530.5,530.5,18656,0.0,11492,0.0,997981000.0,0.0,17,5,2018-10-23 22:24:00
20181023 22:25,530.5,530.5,530.5,530.5,18656,0.0,11492,0.0,997981000.0,0.0,15,5,2018-10-23 22:25:00
20181023 22:26,530.5,530.5,530.5,530.5,18656,0.0,11492,0.0,997981000.0,0.0,17,5,2018-10-23 22:26:00
20181023 22:33,530.5,530.5,530.5,530.5,18658,2.0,11490,-2.0,998087000.0,106000.0,17,4,2018-10-23 22:33:00
20181023 22:34,531.0,531.0,531.0,531.0,18692,34.0,11456,-34.0,999893000.0,1806000.0,5,266,2018-10-23 22:34:00
20181023 22:41,531.5,531.5,531.5,531.5,18698,6.0,11454,-2.0,1000210000.0,317000.0,21,670,2018-10-23 22:41:00
20181023 22:42,531.5,531.5,531.5,531.5,18698,0.0,11454,0.0,1000210000.0,0.0,11,302,2018-10-23 22:42:00
20181023 22:43,532.0,532.0,532.0,532.0,19022,324.0,11486,32.0,1017450000.0,17240000.0,2,65,2018-10-23 22:43:00
20181023 22:44,532.0,532.0,532.0,532.0,19022,0.0,11486,0.0,1017450000.0,0.0,2,3,2018-10-23 22:44:00
20181023 22:45,532.0,532.0,532.0,532.0,19022,0.0,11486,0.0,1017450000.0,0.0,2,271,2018-10-23 22:45:00
20181023 22:48,532.0,532.0,532.0,532.0,19994,972.0,11454,-32.0,1069160000.0,51710000.0,1081,1496,2018-10-23 22:48:00
20181023 22:49,532.0,532.0,532.0,532.0,20966,972.0,11486,32.0,1120870000.0,51710000.0,392,1087,2018-10-23 22:49:00
20181023 22:50,532.0,532.0,532.0,532.0,20966,0.0,11486,0.0,1120870000.0,0.0,1,135,2018-10-23 22:50:00
20181023 22:53,532.0,532.0,532.0,532.0,20966,0.0,11486,0.0,1120870000.0,0.0,1,136,2018-10-23 22:53:00
20181023 22:59,531.0,532.0,531.0,532.0,21294,328.0,11450,-36.0,1138320000.0,17450000.0,381,806,2018-10-23 22:59:00
20181023 23:02,532.0,532.0,532.0,532.0,21618,324.0,11482,32.0,1155560000.0,17240000.0,383,536,2018-10-23 23:02:00
20181023 23:04,533.5,533.5,533.5,533.5,21624,6.0,11484,2.0,1155880000.0,320000.0,8,140,2018-10-23 23:04:00
20181023 23:05,533.5,533.5,533.5,533.5,21624,0.0,11484,0.0,1155880000.0,0.0,2,1,2018-10-23 23:05:00
20181023 23:06,533.5,533.5,533.5,533.5,21624,0.0,11484,0.0,1155880000.0,0.0,2,3,2018-10-23 23:06:00
20181023 23:07,533.5,533.5,532.5,532.5,21948,324.0,11452,-32.0,1173130000.0,17250000.0,179,6,2018-10-23 23:07:00
20181023 23:09,532.5,532.5,532.5,532.5,21948,0.0,11452,0.0,1173130000.0,0.0,2,1,2018-10-23 23:09:00
20181023 23:11,532.5,532.5,532.5,532.5,21948,0.0,11452,0.0,1173130000.0,0.0,3,7,2018-10-23 23:11:00
20181023 23:13,532.5,532.5,532.5,532.5,21948,0.0,11452,0.0,1173130000.0,0.0,2,2,2018-10-23 23:13:00
20181023 23:14,532.5,533.0,532.5,533.0,22596,648.0,11452,0.0,1207670000.0,34540000.0,563,15,2018-10-23 23:14:00
20181023 23:16,533.0,533.0,533.0,533.0,22596,0.0,11452,0.0,1207670000.0,0.0,4,3,2018-10-23 23:16:00
20181023 23:18,533.0,533.0,531.5,531.5,22924,328.0,11478,26.0,1225100000.0,17430000.0,424,290,2018-10-23 23:18:00
20181023 23:19,532.0,532.0,532.0,532.0,23248,324.0,11446,-32.0,1242340000.0,17240000.0,9,371,2018-10-23 23:19:00
20181023 23:27,531.5,531.5,531.0,531.0,23256,8.0,11440,-6.0,1242760000.0,420000.0,7,1136,2018-10-23 23:27:00
20181023 23:28,531.0,531.5,531.0,531.5,23902,646.0,11436,-4.0,1277100000.0,34340000.0,721,2801,2018-10-23 23:28:00
20181023 23:29,531.5,531.5,531.5,531.5,27444,3542.0,11466,30.0,1465350000.0,188250000.0,2421,8112,2018-10-23 23:29:00
20181024 09:00,542.5,542.5,542.5,542.5,1234,1234.0,9134,-2332.0,66951300.0,66951300.0,15,2,2018-10-24 09:00:00
20181024 09:03,542.5,542.5,541.0,541.0,1236,2.0,9132,-2.0,67059500.0,108200.0,50,5,2018-10-24 09:03:00
20181024 09:04,541.0,541.0,541.0,541.0,1236,0.0,9132,0.0,67059500.0,0.0,15,2,2018-10-24 09:04:00
20181024 09:05,541.0,541.0,541.0,541.0,1236,0.0,9132,0.0,67059500.0,0.0,27,4,2018-10-24 09:05:00
20181024 09:06,541.0,541.0,541.0,541.0,1236,0.0,9132,0.0,67059500.0,0.0,39,8,2018-10-24 09:06:00
20181024 09:10,541.0,541.0,541.0,541.0,1236,0.0,9132,0.0,67059500.0,0.0,30,5,2018-10-24 09:10:00
20181024 09:11,541.0,541.0,541.0,541.0,1236,0.0,9132,0.0,67059500.0,0.0,81,18,2018-10-24 09:11:00
20181024 09:12,541.0,541.0,541.0,541.0,1236,0.0,9132,0.0,67059500.0,0.0,58,17,2018-10-24 09:12:00
20181024 09:14,541.0,541.0,541.0,541.0,1236,0.0,9132,0.0,67059500.0,0.0,27,4,2018-10-24 09:14:00
20181024 09:21,541.0,541.0,541.0,541.0,1236,0.0,9132,0.0,67059500.0,0.0,15,1,2018-10-24 09:21:00
20181024 09:23,541.0,542.5,541.0,542.5,1238,2.0,9130,-2.0,67168000.0,108500.0,45,5,2018-10-24 09:23:00
20181024 09:26,541.0,541.0,540.5,540.5,1246,8.0,9130,0.0,67600600.0,432600.0,45,5,2018-10-24 09:26:00
20181024 09:27,540.5,540.5,540.5,540.5,1246,0.0,9130,0.0,67600600.0,0.0,56,6,2018-10-24 09:27:00
20181024 09:28,540.5,540.5,540.5,540.5,1246,0.0,9130,0.0,67600600.0,0.0,6,1,2018-10-24 09:28:00
20181024 09:29,540.5,540.5,540.5,540.5,1246,0.0,9130,0.0,67600600.0,0.0,40,4,2018-10-24 09:29:00
20181024 09:30,540.5,540.5,540.5,540.5,1246,0.0,9130,0.0,67600600.0,0.0,80,8,2018-10-24 09:30:00
20181024 09:31,540.5,540.5,540.5,540.5,1246,0.0,9130,0.0,67600600.0,0.0,9,1,2018-10-24 09:31:00
20181024 09:32,540.5,540.5,540.5,540.5,1246,0.0,9130,0.0,67600600.0,0.0,71,8,2018-10-24 09:32:00
20181024 09:33,540.5,540.5,540.5,540.5,1246,0.0,9130,0.0,67600600.0,0.0,5,1,2018-10-24 09:33:00
20181024 09:34,540.5,540.5,540.5,540.5,1246,0.0,9130,0.0,67600600.0,0.0,2,1,2018-10-24 09:34:00
20181024 09:35,540.5,540.5,540.5,540.5,1246,0.0,9130,0.0,67600600.0,0.0,2,1,2018-10-24 09:35:00
20181024 09:37,540.5,540.5,540.5,540.5,1246,0.0,9130,0.0,67600600.0,0.0,2,2,2018-10-24 09:37:00
20181024 09:39,545.0,545.0,545.0,545.0,1346,100.0,9144,14.0,73045600.0,5445000.0,200,21,2018-10-24 09:39:00
20181024 09:40,545.0,545.0,545.0,545.0,1346,0.0,9144,0.0,73045600.0,0.0,116,30,2018-10-24 09:40:00
20181024 09:41,545.0,545.0,545.0,545.0,1346,0.0,9144,0.0,73045600.0,0.0,69,33,2018-10-24 09:41:00
20181024 09:42,545.0,545.0,545.0,545.0,1346,0.0,9144,0.0,73045600.0,0.0,27,14,2018-10-24 09:42:00
20181024 09:43,545.0,545.0,541.0,541.0,1348,2.0,9144,0.0,73153800.0,108200.0,99,60,2018-10-24 09:43:00
20181024 09:44,542.5,542.5,542.5,542.5,1350,2.0,9142,-2.0,73262300.0,108500.0,96,59,2018-10-24 09:44:00
20181024 09:45,542.5,542.5,542.5,542.5,1350,0.0,9142,0.0,73262300.0,0.0,66,37,2018-10-24 09:45:00
20181024 09:46,542.5,542.5,542.5,542.5,1350,0.0,9142,0.0,73262300.0,0.0,50,24,2018-10-24 09:46:00
20181024 09:48,542.5,542.5,542.5,542.5,1350,0.0,9142,0.0,73262300.0,0.0,70,33,2018-10-24 09:48:00
20181024 09:49,542.5,542.5,542.5,542.5,1350,0.0,9142,0.0,73262300.0,0.0,14,6,2018-10-24 09:49:00
20181024 09:54,541.5,541.5,541.5,541.5,1352,2.0,9140,-2.0,73370600.0,108300.0,14,6,2018-10-24 09:54:00
20181024 09:55,541.5,541.5,541.5,541.5,1352,0.0,9140,0.0,73370600.0,0.0,15,6,2018-10-24 09:55:00
20181024 10:02,541.5,541.5,541.5,541.5,1352,0.0,9140,0.0,73370600.0,0.0,15,4,2018-10-24 10:02:00
20181024 10:03,541.5,541.5,541.5,541.5,1354,2.0,9138,-2.0,73478900.0,108300.0,15,3,2018-10-24 10:03:00
20181024 10:07,541.5,541.5,541.5,541.5,1360,6.0,9132,-6.0,73803800.0,324900.0,68,4,2018-10-24 10:07:00
20181024 10:08,541.0,541.0,541.0,541.0,1364,4.0,9128,-4.0,74020200.0,216400.0,8,3,2018-10-24 10:08:00
20181024 10:09,540.0,540.0,540.0,540.0,1370,6.0,9126,-2.0,74344200.0,324000.0,4,1,2018-10-24 10:09:00
20181024 10:10,540.0,540.0,540.0,540.0,1374,4.0,9122,-4.0,74560200.0,216000.0,5,2,2018-10-24 10:10:00
20181024 10:11,540.0,540.0,540.0,540.0,1376,2.0,9120,-2.0,74668200.0,108000.0,1,1,2018-10-24 10:11:00
20181024 10:13,540.0,540.0,540.0,540.0,1378,2.0,9118,-2.0,74776200.0,108000.0,4,15,2018-10-24 10:13:00
20181024 10:14,540.0,540.0,540.0,540.0,1378,0.0,9118,0.0,74776200.0,0.0,16,15,2018-10-24 10:14:00
20181024 10:31,540.0,540.0,540.0,540.0,1378,0.0,9118,0.0,74776200.0,0.0,8,2,2018-10-24 10:31:00
20181024 10:34,540.0,540.0,539.0,539.0,1396,18.0,9102,-16.0,75746500.0,970300.0,46,11,2018-10-24 10:34:00
20181024 10:35,539.0,539.5,539.0,539.5,1398,2.0,9100,-2.0,75854400.0,107900.0,57,54,2018-10-24 10:35:00
20181024 10:36,539.5,539.5,539.5,539.5,1400,2.0,9100,0.0,75962300.0,107900.0,22,43,2018-10-24 10:36:00
20181024 10:37,539.5,539.5,539.5,539.5,1402,2.0,9098,-2.0,76070200.0,107900.0,20,65,2018-10-24 10:37:00
20181024 10:38,539.5,539.5,539.5,539.5,1402,0.0,9098,0.0,76070200.0,0.0,2,2,2018-10-24 10:38:00
20181024 10:40,539.5,539.5,539.5,539.5,1402,0.0,9098,0.0,76070200.0,0.0,18,35,2018-10-24 10:40:00
20181024 10:41,539.5,539.5,539.5,539.5,1402,0.0,9098,0.0,76070200.0,0.0,2,2,2018-10-24 10:41:00
20181024 10:42,539.5,539.5,539.5,539.5,1402,0.0,9098,0.0,76070200.0,0.0,4,11,2018-10-24 10:42:00
20181024 10:43,539.5,539.5,539.0,539.0,1404,2.0,9096,-2.0,76178000.0,107800.0,8,36,2018-10-24 10:43:00
20181024 10:45,539.0,539.0,539.0,539.0,1404,0.0,9096,0.0,76178000.0,0.0,6,22,2018-10-24 10:45:00
20181024 10:49,539.5,539.5,539.5,539.5,1408,4.0,9092,-4.0,76393800.0,215800.0,11,18,2018-10-24 10:49:00
20181024 11:04,539.5,539.5,539.5,539.5,1408,0.0,9092,0.0,76393800.0,0.0,10,2,2018-10-24 11:04:00
20181024 11:05,540.0,540.0,540.0,540.0,1422,14.0,9078,-14.0,77149800.0,756000.0,3,2,2018-10-24 11:05:00
20181024 11:06,540.0,540.0,540.0,540.0,1428,6.0,9072,-6.0,77473800.0,324000.0,3,13,2018-10-24 11:06:00
20181024 11:08,540.0,540.0,540.0,540.0,1428,0.0,9072,0.0,77473800.0,0.0,1,1,2018-10-24 11:08:00
20181024 11:09,540.0,540.0,540.0,540.0,1428,0.0,9072,0.0,77473800.0,0.0,1,8,2018-10-24 11:09:00
20181024 11:11,540.0,540.0,540.0,540.0,1428,0.0,9072,0.0,77473800.0,0.0,2,8,2018-10-24 11:11:00
20181024 11:15,540.0,540.0,540.0,540.0,1428,0.0,9072,0.0,77473800.0,0.0,28,163,2018-10-24 11:15:00
20181024 11:16,540.0,540.0,540.0,540.0,1428,0.0,9072,0.0,77473800.0,0.0,12,47,2018-10-24 11:16:00
20181024 11:18,540.0,540.0,540.0,540.0,1428,0.0,9072,0.0,77473800.0,0.0,4,3,2018-10-24 11:18:00
20181024 11:19,540.0,540.0,540.0,540.0,1428,0.0,9072,0.0,77473800.0,0.0,2,2,2018-10-24 11:19:00
20181024 11:26,540.0,540.0,540.0,540.0,1428,0.0,9072,0.0,77473800.0,0.0,6,12,2018-10-24 11:26:00
20181024 11:27,540.0,540.0,540.0,540.0,1428,0.0,9072,0.0,77473800.0,0.0,2,2,2018-10-24 11:27:00
20181024 11:28,544.0,544.0,544.0,544.0,1528,100.0,9076,4.0,82913100.0,5439300.0,10,8,2018-10-24 11:28:00
20181024 11:29,544.0,544.0,544.0,544.0,1528,0.0,9076,0.0,82913100.0,0.0,2,9,2018-10-24 11:29:00
20181024 13:30,544.0,544.0,544.0,544.0,1528,0.0,9076,0.0,82913100.0,0.0,9,51,2018-10-24 13:30:00
20181024 13:31,544.0,544.0,543.5,543.5,1530,2.0,9076,0.0,83021800.0,108700.0,7,7,2018-10-24 13:31:00
20181024 13:32,543.5,543.5,543.5,543.5,1530,0.0,9076,0.0,83021800.0,0.0,19,19,2018-10-24 13:32:00
20181024 13:33,543.5,543.5,543.5,543.5,1530,0.0,9076,0.0,83021800.0,0.0,1,7,2018-10-24 13:33:00
20181024 13:34,543.5,543.5,543.5,543.5,1530,0.0,9076,0.0,83021800.0,0.0,6,7,2018-10-24 13:34:00
20181024 13:36,543.5,543.5,543.5,543.5,1530,0.0,9076,0.0,83021800.0,0.0,1,7,2018-10-24 13:36:00
20181024 13:37,543.5,543.5,543.5,543.5,1530,0.0,9076,0.0,83021800.0,0.0,6,7,2018-10-24 13:37:00
20181024 13:38,543.5,543.5,543.5,543.5,1530,0.0,9076,0.0,83021800.0,0.0,8,21,2018-10-24 13:38:00
20181024 13:39,543.5,543.5,543.5,543.5,1530,0.0,9076,0.0,83021800.0,0.0,14,21,2018-10-24 13:39:00
20181024 13:40,543.5,543.5,543.5,543.5,1530,0.0,9076,0.0,83021800.0,0.0,39,35,2018-10-24 13:40:00
20181024 13:41,543.5,543.5,542.0,542.0,1676,146.0,8930,-146.0,90935000.0,7913200.0,136,69,2018-10-24 13:41:00
20181024 13:42,542.0,542.0,542.0,542.0,1676,0.0,8930,0.0,90935000.0,0.0,21,6,2018-10-24 13:42:00
20181024 13:43,542.0,542.0,542.0,542.0,1678,2.0,8930,0.0,91043400.0,108400.0,31,18,2018-10-24 13:43:00
20181024 13:44,542.0,542.0,542.0,542.0,1678,0.0,8930,0.0,91043400.0,0.0,1,4,2018-10-24 13:44:00
20181024 13:46,543.0,543.0,543.0,543.0,1680,2.0,8930,0.0,91152000.0,108600.0,6,8,2018-10-24 13:46:00
20181024 13:47,543.0,543.0,543.0,543.0,1682,2.0,8930,0.0,91260600.0,108600.0,3,8,2018-10-24 13:47:00
20181024 13:48,543.0,543.0,543.0,543.0,1682,0.0,8930,0.0,91260600.0,0.0,2,1,2018-10-24 13:48:00
20181024 13:49,543.5,543.5,543.5,543.5,1686,4.0,8932,2.0,91478000.0,217400.0,46,10,2018-10-24 13:49:00
20181024 13:50,543.5,544.0,543.5,544.0,1700,14.0,8922,-10.0,92239500.0,761500.0,131,5,2018-10-24 13:50:00
20181024 13:51,544.0,544.0,544.0,544.0,1700,0.0,8922,0.0,92239500.0,0.0,261,5,2018-10-24 13:51:00
20181024 13:52,544.0,544.0,544.0,544.0,1700,0.0,8922,0.0,92239500.0,0.0,51,1,2018-10-24 13:52:00
20181024 13:53,544.0,544.0,544.0,544.0,1702,2.0,8920,-2.0,92348300.0,108800.0,312,6,2018-10-24 13:53:00
20181024 13:54,544.0,544.0,544.0,544.0,1704,2.0,8920,0.0,92457100.0,108800.0,207,4,2018-10-24 13:54:00
20181024 13:56,544.0,544.0,544.0,544.0,1706,2.0,8920,0.0,92565900.0,108800.0,52,2,2018-10-24 13:56:00
20181024 13:57,544.0,544.0,544.0,544.0,1706,0.0,8920,0.0,92565900.0,0.0,51,2,2018-10-24 13:57:00
20181024 13:58,544.5,544.5,544.5,544.5,1708,2.0,8918,-2.0,92674800.0,108900.0,101,4,2018-10-24 13:58:00
20181024 14:00,544.0,544.0,544.0,544.0,1710,2.0,8916,-2.0,92783600.0,108800.0,51,1,2018-10-24 14:00:00
20181024 14:01,544.0,544.0,544.0,544.0,1712,2.0,8914,-2.0,92892400.0,108800.0,257,6,2018-10-24 14:01:00
20181024 14:02,544.0,544.0,544.0,544.0,1712,0.0,8914,0.0,92892400.0,0.0,108,5,2018-10-24 14:02:00
20181024 14:03,544.0,544.0,544.0,544.0,1712,0.0,8914,0.0,92892400.0,0.0,48,17,2018-10-24 14:03:00
20181024 14:05,544.0,544.0,544.0,544.0,1714,2.0,8916,2.0,93001200.0,108800.0,52,2,2018-10-24 14:05:00
20181024 14:06,544.0,544.0,544.0,544.0,1714,0.0,8916,0.0,93001200.0,0.0,51,1,2018-10-24 14:06:00
20181024 14:08,544.0,544.0,544.0,544.0,1714,0.0,8916,0.0,93001200.0,0.0,55,2,2018-10-24 14:08:00
20181024 14:09,544.0,544.0,544.0,544.0,1718,4.0,8916,0.0,93218800.0,217600.0,158,4,2018-10-24 14:09:00
20181024 14:10,544.0,544.0,544.0,544.0,1718,0.0,8916,0.0,93218800.0,0.0,102,4,2018-10-24 14:10:00
20181024 14:11,544.0,544.0,544.0,544.0,1718,0.0,8916,0.0,93218800.0,0.0,5,6,2018-10-24 14:11:00
20181024 14:15,544.0,544.0,544.0,544.0,1720,2.0,8914,-2.0,93327600.0,108800.0,11,10,2018-10-24 14:15:00
20181024 14:20,544.0,544.0,544.0,544.0,1720,0.0,8914,0.0,93327600.0,0.0,1,4,2018-10-24 14:20:00
20181024 14:22,544.0,544.0,544.0,544.0,1720,0.0,8914,0.0,93327600.0,0.0,102,7,2018-10-24 14:22:00
20181024 14:26,544.0,544.0,544.0,544.0,1720,0.0,8914,0.0,93327600.0,0.0,1,3,2018-10-24 14:26:00
20181024 14:27,544.0,544.0,544.0,544.0,1720,0.0,8914,0.0,93327600.0,0.0,52,10,2018-10-24 14:27:00
20181024 14:29,544.0,544.0,544.0,544.0,1720,0.0,8914,0.0,93327600.0,0.0,51,1,2018-10-24 14:29:00
20181024 14:30,544.0,544.0,544.0,544.0,1720,0.0,8914,0.0,93327600.0,0.0,51,3,2018-10-24 14:30:00
20181024 14:32,544.5,544.5,544.5,544.5,1722,2.0,8912,-2.0,93436500.0,108900.0,100,4,2018-10-24 14:32:00
20181024 14:34,544.0,544.0,544.0,544.0,1724,2.0,8912,0.0,93545300.0,108800.0,50,3,2018-10-24 14:34:00
20181024 14:36,544.0,544.0,544.0,544.0,1724,0.0,8912,0.0,93545300.0,0.0,50,2,2018-10-24 14:36:00
20181024 14:40,544.0,544.0,544.0,544.0,1724,0.0,8912,0.0,93545300.0,0.0,200,15,2018-10-24 14:40:00
20181024 14:41,545.0,545.0,545.0,545.0,1924,200.0,8916,4.0,104440000.0,10894700.0,43,6,2018-10-24 14:41:00
20181024 14:42,545.0,545.0,544.5,544.5,1926,2.0,8916,0.0,104549000.0,109000.0,85,10,2018-10-24 14:42:00
20181024 14:44,545.0,545.0,545.0,545.0,2010,84.0,8920,4.0,109127000.0,4578000.0,2,119,2018-10-24 14:44:00
20181024 14:45,545.0,545.0,545.0,545.0,2134,124.0,8920,0.0,115885000.0,6758000.0,40,17,2018-10-24 14:45:00
20181024 14:46,545.0,545.0,545.0,545.0,2138,4.0,8916,-4.0,116103000.0,218000.0,72,10,2018-10-24 14:46:00
20181024 14:48,545.0,545.0,545.0,545.0,2340,202.0,8916,0.0,127112000.0,11009000.0,73,88,2018-10-24 14:48:00
20181024 14:49,545.0,545.0,545.0,545.0,2340,0.0,8916,0.0,127112000.0,0.0,35,3,2018-10-24 14:49:00
20181024 14:50,545.0,545.0,544.5,544.5,2346,6.0,8912,-4.0,127439000.0,327000.0,100,8,2018-10-24 14:50:00
20181024 14:51,544.5,544.5,544.5,544.5,2352,6.0,8906,-6.0,127766000.0,327000.0,101,15,2018-10-24 14:51:00
20181024 14:52,545.0,545.0,545.0,545.0,2356,4.0,8906,0.0,127984000.0,218000.0,95,18,2018-10-24 14:52:00
20181024 14:53,545.0,545.0,544.5,544.5,2358,2.0,8904,-2.0,128093000.0,109000.0,93,13,2018-10-24 14:53:00
20181024 14:54,545.0,545.0,545.0,545.0,2422,64.0,8904,0.0,131581000.0,3488000.0,2,337,2018-10-24 14:54:00
20181024 14:55,545.0,546.0,545.0,546.0,2424,2.0,8906,2.0,131690000.0,109000.0,4,180,2018-10-24 14:55:00
20181024 14:56,546.0,546.0,546.0,546.0,2424,0.0,8906,0.0,131690000.0,0.0,16,295,2018-10-24 14:56:00
20181024 14:57,546.0,546.0,546.0,546.0,2424,0.0,8906,0.0,131690000.0,0.0,2,1,2018-10-24 14:57:00
20181024 14:58,546.0,548.5,546.0,548.5,2426,2.0,8904,-2.0,131800000.0,110000.0,8,4,2018-10-24 14:58:00
20181024 14:59,548.5,548.5,548.5,548.5,2426,0.0,8904,0.0,131800000.0,0.0,11,9,2018-10-24 14:59:00
20181024 15:00,548.5,548.5,548.5,548.5,2426,0.0,8904,0.0,131800000.0,0.0,2,2,2018-10-24 15:00:00
20181024 20:59,530.0,530.0,530.0,530.0,2,2.0,8964,60.0,106000.0,106000.0,2,10,2018-10-24 20:59:00
20181024 21:00,530.0,530.0,530.0,530.0,2,0.0,8964,0.0,106000.0,0.0,186,134,2018-10-24 21:00:00
20181024 21:01,530.0,530.0,530.0,530.0,2,0.0,8964,0.0,106000.0,0.0,6,24,2018-10-24 21:01:00
20181024 21:02,530.0,530.0,530.0,530.0,2,0.0,8964,0.0,106000.0,0.0,10,72,2018-10-24 21:02:00
20181024 21:03,530.0,530.0,530.0,530.0,2,0.0,8964,0.0,106000.0,0.0,1,2,2018-10-24 21:03:00
20181024 21:04,530.0,530.0,530.0,530.0,2,0.0,8964,0.0,106000.0,0.0,8,26,2018-10-24 21:04:00
20181024 21:05,530.0,530.0,530.0,530.0,2,0.0,8964,0.0,106000.0,0.0,3,4,2018-10-24 21:05:00
20181024 21:12,533.0,533.0,533.0,533.0,4,2.0,8962,-2.0,212600.0,106600.0,5,8,2018-10-24 21:12:00
20181024 21:13,533.0,533.0,533.0,533.0,6,2.0,8964,2.0,319200.0,106600.0,2,3,2018-10-24 21:13:00
20181024 21:14,533.0,533.0,533.0,533.0,6,0.0,8964,0.0,319200.0,0.0,2,2,2018-10-24 21:14:00
20181024 21:15,533.0,533.0,533.0,533.0,6,0.0,8964,0.0,319200.0,0.0,5,4,2018-10-24 21:15:00
20181024 21:16,533.0,533.0,533.0,533.0,6,0.0,8964,0.0,319200.0,0.0,3,3,2018-10-24 21:16:00
20181024 21:17,533.0,533.0,533.0,533.0,6,0.0,8964,0.0,319200.0,0.0,4,3,2018-10-24 21:17:00
20181024 21:20,533.0,533.0,533.0,533.0,6,0.0,8964,0.0,319200.0,0.0,8,5,2018-10-24 21:20:00
20181024 21:21,533.0,533.0,533.0,533.0,6,0.0,8964,0.0,319200.0,0.0,4,4,2018-10-24 21:21:00
20181024 21:28,533.0,533.0,533.0,533.0,6,0.0,8964,0.0,319200.0,0.0,7,8,2018-10-24 21:28:00
20181024 21:30,533.0,533.0,533.0,533.0,6,0.0,8964,0.0,319200.0,0.0,20,16,2018-10-24 21:30:00
20181024 21:31,533.0,533.0,533.0,533.0,6,0.0,8964,0.0,319200.0,0.0,33,20,2018-10-24 21:31:00
20181024 21:32,533.0,533.0,533.0,533.0,6,0.0,8964,0.0,319200.0,0.0,29,20,2018-10-24 21:32:00
20181024 21:33,533.0,533.0,533.0,533.0,6,0.0,8964,0.0,319200.0,0.0,4,4,2018-10-24 21:33:00
20181024 21:34,533.0,533.0,533.0,533.0,8,2.0,8966,2.0,425800.0,106600.0,7,6,2018-10-24 21:34:00
20181024 21:42,533.0,533.0,533.0,533.0,8,0.0,8966,0.0,425800.0,0.0,3,2,2018-10-24 21:42:00
20181024 21:43,533.0,533.0,533.0,533.0,8,0.0,8966,0.0,425800.0,0.0,3,2,2018-10-24 21:43:00
20181024 21:48,533.0,533.0,533.0,533.0,8,0.0,8966,0.0,425800.0,0.0,27,9,2018-10-24 21:48:00
20181024 21:49,533.0,533.0,533.0,533.0,8,0.0,8966,0.0,425800.0,0.0,3,2,2018-10-24 21:49:00
20181024 21:51,533.0,533.0,533.0,533.0,10,2.0,8966,0.0,532400.0,106600.0,5,4,2018-10-24 21:51:00
20181024 21:53,533.0,533.0,533.0,533.0,16,6.0,8972,6.0,852200.0,319800.0,5,293,2018-10-24 21:53:00
20181024 21:55,533.0,533.0,533.0,533.0,16,0.0,8972,0.0,852200.0,0.0,2,98,2018-10-24 21:55:00
20181024 21:56,533.0,533.0,533.0,533.0,16,0.0,8972,0.0,852200.0,0.0,1,98,2018-10-24 21:56:00
20181024 21:57,535.0,535.0,535.0,535.0,36,20.0,8988,16.0,1921600.0,1069400.0,36,114,2018-10-24 21:57:00
20181024 21:58,535.0,535.0,535.0,535.0,36,0.0,8988,0.0,1921600.0,0.0,12,2,2018-10-24 21:58:00
20181024 21:59,535.0,535.0,535.0,535.0,36,0.0,8988,0.0,1921600.0,0.0,92,14,2018-10-24 21:59:00
20181024 22:00,535.0,535.5,534.5,535.5,72,36.0,9006,18.0,3846900.0,1925300.0,77,37,2018-10-24 22:00:00
20181024 22:01,535.5,538.0,535.5,538.0,90,18.0,9024,18.0,4814400.0,967500.0,33,21,2018-10-24 22:01:00
20181024 22:02,538.0,538.0,537.5,537.5,94,4.0,9024,0.0,5029400.0,215000.0,314,17,2018-10-24 22:02:00
20181024 22:03,537.5,537.5,537.5,537.5,104,10.0,9026,2.0,5566900.0,537500.0,68,9,2018-10-24 22:03:00
20181024 22:04,537.5,537.5,535.5,535.5,124,20.0,9016,-10.0,6638500.0,1071600.0,47,47,2018-10-24 22:04:00
20181024 22:05,535.5,535.5,535.5,535.5,124,0.0,9016,0.0,6638500.0,0.0,25,46,2018-10-24 22:05:00
20181024 22:06,537.0,537.5,537.0,537.5,144,20.0,9026,10.0,7713300.0,1074800.0,140,22,2018-10-24 22:06:00
20181024 22:07,538.0,538.0,538.0,538.0,224,80.0,9100,74.0,12017100.0,4303800.0,24,2,2018-10-24 22:07:00
20181024 22:08,538.0,538.0,538.0,538.0,224,0.0,9100,0.0,12017100.0,0.0,1,2,2018-10-24 22:08:00
20181024 22:09,538.0,538.0,538.0,538.0,224,0.0,9100,0.0,12017100.0,0.0,1,2,2018-10-24 22:09:00
20181024 22:11,537.0,539.5,537.0,539.5,284,60.0,9158,58.0,15245200.0,3228100.0,46,49,2018-10-24 22:11:00
20181024 22:12,539.5,539.5,539.5,539.5,284,0.0,9158,0.0,15245200.0,0.0,4,32,2018-10-24 22:12:00
20181024 22:13,539.5,541.0,539.5,541.0,292,8.0,9162,4.0,15677700.0,432500.0,17,63,2018-10-24 22:13:00
20181024 22:14,541.0,542.0,541.0,542.0,296,4.0,9164,2.0,15894500.0,216800.0,11,44,2018-10-24 22:14:00
20181024 22:15,544.0,544.5,543.0,544.5,336,40.0,9150,-14.0,18071000.0,2176500.0,729,186,2018-10-24 22:15:00
20181024 22:16,545.0,547.0,545.0,547.0,370,34.0,9178,28.0,19929800.0,1858800.0,55,181,2018-10-24 22:16:00
20181024 22:17,547.0,549.0,547.0,547.0,386,16.0,9178,0.0,20806500.0,876700.0,425,44,2018-10-24 22:17:00
20181024 22:18,547.0,547.0,543.0,543.5,460,74.0,9162,-16.0,24842900.0,4036400.0,2444,799,2018-10-24 22:18:00
20181024 22:19,543.5,543.5,543.5,543.5,460,0.0,9162,0.0,24842900.0,0.0,180,9,2018-10-24 22:19:00
20181024 22:20,543.5,543.5,543.5,543.5,460,0.0,9162,0.0,24842900.0,0.0,5,6,2018-10-24 22:20:00
20181024 22:21,543.5,543.5,543.5,543.5,466,6.0,9162,0.0,25169000.0,326100.0,350,16,2018-10-24 22:21:00
20181024 22:22,543.5,543.5,543.0,543.0,468,2.0,9164,2.0,25277600.0,108600.0,196,38,2018-10-24 22:22:00
20181024 22:23,543.0,543.0,543.0,543.0,478,10.0,9168,4.0,25820600.0,543000.0,16,38,2018-10-24 22:23:00
20181024 22:26,544.0,544.0,544.0,544.0,482,4.0,9168,0.0,26038200.0,217600.0,193,14,2018-10-24 22:26:00
20181024 22:27,544.0,544.0,543.5,543.5,484,2.0,9170,2.0,26146900.0,108700.0,6,15,2018-10-24 22:27:00
20181024 22:28,543.5,543.5,543.5,543.5,484,0.0,9170,0.0,26146900.0,0.0,197,55,2018-10-24 22:28:00
20181024 22:31,543.0,543.0,543.0,543.0,494,10.0,9180,10.0,26689900.0,543000.0,382,14,2018-10-24 22:31:00
20181024 22:32,544.5,544.5,543.0,543.0,504,10.0,9186,6.0,27233800.0,543900.0,752,32,2018-10-24 22:32:00
20181024 22:33,543.0,545.0,543.0,545.0,884,380.0,9214,28.0,47943200.0,20709400.0,211,31,2018-10-24 22:33:00
20181024 22:34,545.0,545.0,545.0,545.0,884,0.0,9214,0.0,47943200.0,0.0,11,31,2018-10-24 22:34:00
20181024 22:35,545.0,545.0,545.0,545.0,884,0.0,9214,0.0,47943200.0,0.0,12,48,2018-10-24 22:35:00
20181024 22:36,545.0,545.0,545.0,545.0,884,0.0,9214,0.0,47943200.0,0.0,207,43,2018-10-24 22:36:00
20181024 22:38,545.0,545.0,545.0,545.0,902,18.0,9214,0.0,48924200.0,981000.0,392,28,2018-10-24 22:38:00
20181024 22:39,545.0,545.0,545.0,545.0,902,0.0,9214,0.0,48924200.0,0.0,768,62,2018-10-24 22:39:00
20181024 22:40,545.0,545.0,545.0,545.0,902,0.0,9214,0.0,48924200.0,0.0,192,2,2018-10-24 22:40:00
20181024 22:41,545.0,545.0,544.0,544.0,906,4.0,9216,2.0,49141800.0,217600.0,1743,51,2018-10-24 22:41:00
20181024 22:42,544.0,544.0,544.0,544.0,906,0.0,9216,0.0,49141800.0,0.0,386,30,2018-10-24 22:42:00
20181024 22:43,544.0,544.0,544.0,544.0,906,0.0,9216,0.0,49141800.0,0.0,1164,75,2018-10-24 22:43:00
20181024 22:44,544.0,544.0,544.0,544.0,906,0.0,9216,0.0,49141800.0,0.0,1358,81,2018-10-24 22:44:00
20181024 22:45,544.0,544.0,544.0,544.0,906,0.0,9216,0.0,49141800.0,0.0,1746,111,2018-10-24 22:45:00
20181024 22:46,544.0,544.0,543.5,543.5,926,20.0,9198,-18.0,50228800.0,1087000.0,978,43,2018-10-24 22:46:00
20181024 22:47,543.5,543.5,543.5,543.5,926,0.0,9198,0.0,50228800.0,0.0,16,36,2018-10-24 22:47:00
20181024 22:48,543.5,543.5,543.5,543.5,926,0.0,9198,0.0,50228800.0,0.0,28,53,2018-10-24 22:48:00
20181024 22:49,543.5,543.5,543.5,543.5,926,0.0,9198,0.0,50228800.0,0.0,16,21,2018-10-24 22:49:00
20181024 22:50,543.5,543.5,543.5,543.5,926,0.0,9198,0.0,50228800.0,0.0,4,5,2018-10-24 22:50:00
20181024 22:51,543.5,545.0,543.5,545.0,986,60.0,9204,6.0,53498400.0,3269600.0,1016,47,2018-10-24 22:51:00
20181024 22:56,545.0,545.0,545.0,545.0,986,0.0,9204,0.0,53498400.0,0.0,344,23,2018-10-24 22:56:00
20181024 22:57,545.0,545.0,545.0,545.0,986,0.0,9204,0.0,53498400.0,0.0,344,23,2018-10-24 22:57:00
20181024 22:58,541.5,541.5,538.0,539.0,1102,116.0,9156,-48.0,59775200.0,6276800.0,621,115,2018-10-24 22:58:00
20181024 22:59,539.0,540.0,539.0,540.0,1112,10.0,9146,-10.0,60315200.0,540000.0,52,25,2018-10-24 22:59:00
20181024 23:00,540.0,540.0,540.0,540.0,1112,0.0,9146,0.0,60315200.0,0.0,12,9,2018-10-24 23:00:00
20181024 23:01,540.0,540.5,540.0,540.5,1126,14.0,9132,-14.0,61071300.0,756100.0,47,33,2018-10-24 23:01:00
20181024 23:02,540.5,540.5,540.5,540.5,1126,0.0,9132,0.0,61071300.0,0.0,25,33,2018-10-24 23:02:00
20181024 23:03,540.5,540.5,540.5,540.5,1126,0.0,9132,0.0,61071300.0,0.0,12,12,2018-10-24 23:03:00
20181024 23:05,540.5,540.5,540.5,540.5,1126,0.0,9132,0.0,61071300.0,0.0,6,6,2018-10-24 23:05:00
20181024 23:09,540.5,540.5,540.5,540.5,1126,0.0,9132,0.0,61071300.0,0.0,6,6,2018-10-24 23:09:00
20181024 23:11,540.5,540.5,540.5,540.5,1126,0.0,9132,0.0,61071300.0,0.0,24,19,2018-10-24 23:11:00
20181024 23:12,540.5,540.5,540.5,540.5,1126,0.0,9132,0.0,61071300.0,0.0,30,24,2018-10-24 23:12:00
20181024 23:18,540.5,542.0,540.5,542.0,1130,4.0,9130,-2.0,61288100.0,216800.0,12,13,2018-10-24 23:18:00
20181024 23:19,542.0,542.0,542.0,542.0,1130,0.0,9130,0.0,61288100.0,0.0,18,22,2018-10-24 23:19:00
20181024 23:20,542.0,542.0,542.0,542.0,1130,0.0,9130,0.0,61288100.0,0.0,168,232,2018-10-24 23:20:00
20181024 23:21,542.0,545.0,542.0,545.0,1222,92.0,9142,12.0,66300300.0,5012200.0,168,38,2018-10-24 23:21:00
20181024 23:22,545.0,545.0,545.0,545.0,1222,0.0,9142,0.0,66300300.0,0.0,81,53,2018-10-24 23:22:00
20181024 23:23,545.0,545.0,542.5,542.5,1230,8.0,9134,-8.0,66734300.0,434000.0,20,17,2018-10-24 23:23:00
20181024 23:28,542.5,542.5,542.5,542.5,1234,4.0,9134,0.0,66951300.0,217000.0,8,6,2018-10-24 23:28:00
20181024 23:29,542.5,542.5,542.5,542.5,1234,0.0,9134,0.0,66951300.0,0.0,6,6,2018-10-24 23:29:00
20181024 23:30,542.5,542.5,542.5,542.5,1234,0.0,9134,0.0,66951300.0,0.0,1,2,2018-10-24 23:30:00
20181025 09:00,545.0,545.0,543.0,543.0,358,358.0,8810,-324.0,19483000.0,19483000.0,9,36,2018-10-25 09:00:00
20181025 09:01,543.0,543.0,543.0,543.0,358,0.0,8810,0.0,19483000.0,0.0,5,18,2018-10-25 09:01:00
20181025 09:03,543.0,543.0,543.0,543.0,358,0.0,8810,0.0,19483000.0,0.0,2,13,2018-10-25 09:03:00
20181025 09:04,543.0,543.0,543.0,543.0,358,0.0,8810,0.0,19483000.0,0.0,9,36,2018-10-25 09:04:00
20181025 09:05,543.0,543.0,543.0,543.0,360,2.0,8810,0.0,19591600.0,108600.0,1,6,2018-10-25 09:05:00
20181025 09:07,543.0,543.0,543.0,543.0,360,0.0,8810,0.0,19591600.0,0.0,6,12,2018-10-25 09:07:00
20181025 09:08,543.0,543.0,543.0,543.0,360,0.0,8810,0.0,19591600.0,0.0,3,12,2018-10-25 09:08:00
20181025 09:10,543.0,543.0,541.0,541.0,372,12.0,8798,-12.0,20240800.0,649200.0,32,43,2018-10-25 09:10:00
20181025 09:11,541.0,541.0,540.5,540.5,376,4.0,8794,-4.0,20457100.0,216300.0,11,6,2018-10-25 09:11:00
20181025 09:12,540.5,541.0,540.5,541.0,380,4.0,8790,-4.0,20673500.0,216400.0,4,3,2018-10-25 09:12:00
20181025 09:16,540.5,540.5,540.0,540.0,390,10.0,8788,-2.0,21213600.0,540100.0,20,22,2018-10-25 09:16:00
20181025 09:18,540.0,540.5,540.0,540.5,402,12.0,8780,-8.0,21862100.0,648500.0,30,8,2018-10-25 09:18:00
20181025 09:20,540.5,540.5,540.0,540.0,406,4.0,8776,-4.0,22078200.0,216100.0,48,99,2018-10-25 09:20:00
20181025 09:21,540.0,540.0,540.0,540.0,406,0.0,8776,0.0,22078200.0,0.0,15,6,2018-10-25 09:21:00
20181025 09:22,540.0,540.0,540.0,540.0,406,0.0,8776,0.0,22078200.0,0.0,10,5,2018-10-25 09:22:00
20181025 09:23,540.0,540.0,540.0,540.0,406,0.0,8776,0.0,22078200.0,0.0,20,10,2018-10-25 09:23:00
20181025 09:24,540.0,541.0,540.0,541.0,416,10.0,8766,-10.0,22618800.0,540600.0,14,5,2018-10-25 09:24:00
20181025 09:25,541.0,541.0,541.0,541.0,416,0.0,8766,0.0,22618800.0,0.0,5,2,2018-10-25 09:25:00
20181025 09:26,541.0,541.0,541.0,541.0,416,0.0,8766,0.0,22618800.0,0.0,23,5,2018-10-25 09:26:00
20181025 09:27,541.0,541.0,541.0,541.0,416,0.0,8766,0.0,22618800.0,0.0,10,4,2018-10-25 09:27:00
20181025 09:32,541.0,541.0,541.0,541.0,416,0.0,8766,0.0,22618800.0,0.0,1,1,2018-10-25 09:32:00
20181025 09:36,541.0,541.0,541.0,541.0,416,0.0,8766,0.0,22618800.0,0.0,11,2,2018-10-25 09:36:00
20181025 09:37,541.0,541.0,541.0,541.0,416,0.0,8766,0.0,22618800.0,0.0,21,6,2018-10-25 09:37:00
20181025 09:38,541.0,541.0,541.0,541.0,416,0.0,8766,0.0,22618800.0,0.0,17,5,2018-10-25 09:38:00
20181025 09:39,541.0,541.0,541.0,541.0,416,0.0,8766,0.0,22618800.0,0.0,24,4,2018-10-25 09:39:00
20181025 09:40,541.0,541.0,541.0,541.0,416,0.0,8766,0.0,22618800.0,0.0,1,1,2018-10-25 09:40:00
20181025 09:41,541.0,542.5,541.0,542.5,422,6.0,8760,-6.0,22944300.0,325500.0,11,3,2018-10-25 09:41:00
20181025 09:42,542.5,542.5,542.5,542.5,422,0.0,8760,0.0,22944300.0,0.0,17,4,2018-10-25 09:42:00
20181025 09:43,542.5,542.5,538.0,538.0,434,12.0,8752,-8.0,23591800.0,647500.0,18,27,2018-10-25 09:43:00
20181025 09:44,538.0,538.0,538.0,538.0,434,0.0,8752,0.0,23591800.0,0.0,3,11,2018-10-25 09:44:00
20181025 09:45,538.0,538.0,538.0,538.0,434,0.0,8752,0.0,23591800.0,0.0,4,13,2018-10-25 09:45:00
20181025 09:46,538.0,538.0,538.0,538.0,434,0.0,8752,0.0,23591800.0,0.0,6,20,2018-10-25 09:46:00
20181025 09:47,539.5,539.5,538.5,539.5,448,14.0,8738,-14.0,24346400.0,754600.0,54,24,2018-10-25 09:47:00
20181025 09:48,539.5,539.5,538.0,538.0,454,6.0,8734,-4.0,24669400.0,323000.0,55,113,2018-10-25 09:48:00
20181025 09:49,538.0,538.0,538.0,538.0,454,0.0,8734,0.0,24669400.0,0.0,3,8,2018-10-25 09:49:00
20181025 09:53,538.0,538.0,538.0,538.0,454,0.0,8734,0.0,24669400.0,0.0,3,8,2018-10-25 09:53:00
20181025 09:54,538.0,541.5,538.0,541.5,456,2.0,8732,-2.0,24777700.0,108300.0,5,3,2018-10-25 09:54:00
20181025 09:55,541.5,541.5,540.5,541.0,460,4.0,8728,-4.0,24994000.0,216300.0,5,5,2018-10-25 09:55:00
20181025 09:56,541.5,541.5,541.5,541.5,462,2.0,8726,-2.0,25102300.0,108300.0,6,9,2018-10-25 09:56:00
20181025 09:58,541.0,541.5,540.0,540.0,468,6.0,8722,-4.0,25426800.0,324500.0,6,25,2018-10-25 09:58:00
20181025 09:59,541.5,541.5,541.5,541.5,470,2.0,8720,-2.0,25535100.0,108300.0,1,1,2018-10-25 09:59:00
20181025 10:00,541.5,541.5,541.5,541.5,470,0.0,8720,0.0,25535100.0,0.0,2,26,2018-10-25 10:00:00
20181025 10:06,541.5,541.5,541.5,541.5,470,0.0,8720,0.0,25535100.0,0.0,6,54,2018-10-25 10:06:00
20181025 10:08,540.0,541.0,540.0,541.0,478,8.0,8712,-8.0,25967500.0,432400.0,10,49,2018-10-25 10:08:00
20181025 10:09,540.5,541.0,540.5,541.0,504,26.0,8686,-26.0,27373500.0,1406000.0,22,89,2018-10-25 10:09:00
20181025 10:10,540.5,541.0,540.5,541.0,534,30.0,8656,-30.0,28996200.0,1622700.0,34,44,2018-10-25 10:10:00
20181025 10:11,541.0,541.0,541.0,541.0,576,42.0,8614,-42.0,31268400.0,2272200.0,73,31,2018-10-25 10:11:00
20181025 10:12,541.0,541.0,541.0,541.0,604,28.0,8586,-28.0,32783200.0,1514800.0,37,17,2018-10-25 10:12:00
20181025 10:13,541.0,541.0,541.0,541.0,640,36.0,8550,-36.0,34730800.0,1947600.0,51,23,2018-10-25 10:13:00
20181025 10:14,541.0,541.0,541.0,541.0,680,40.0,8510,-40.0,36894800.0,2164000.0,55,25,2018-10-25 10:14:00
20181025 10:30,541.0,541.0,541.0,541.0,714,34.0,8476,-34.0,38734200.0,1839400.0,51,23,2018-10-25 10:30:00
20181025 10:31,541.0,541.0,541.0,541.0,758,44.0,8432,-44.0,41114600.0,2380400.0,65,29,2018-10-25 10:31:00
20181025 10:32,541.0,541.0,541.0,541.0,796,38.0,8394,-38.0,43170400.0,2055800.0,60,26,2018-10-25 10:32:00
20181025 10:33,541.0,541.0,541.0,541.0,802,6.0,8388,-6.0,43495000.0,324600.0,10,4,2018-10-25 10:33:00
20181025 10:34,541.0,541.0,541.0,541.0,802,0.0,8388,0.0,43495000.0,0.0,3,2,2018-10-25 10:34:00
20181025 10:35,541.5,541.5,541.5,541.5,808,6.0,8390,2.0,43819900.0,324900.0,8,51,2018-10-25 10:35:00
20181025 10:36,541.5,541.5,541.5,541.5,808,0.0,8390,0.0,43819900.0,0.0,11,126,2018-10-25 10:36:00
20181025 10:37,541.5,541.5,541.5,541.5,808,0.0,8390,0.0,43819900.0,0.0,5,7,2018-10-25 10:37:00
20181025 10:40,541.0,541.0,541.0,541.0,810,2.0,8388,-2.0,43928100.0,108200.0,3,15,2018-10-25 10:40:00
20181025 10:41,541.0,541.0,541.0,541.0,814,4.0,8386,-2.0,44144500.0,216400.0,1,11,2018-10-25 10:41:00
20181025 10:43,541.0,541.0,541.0,541.0,814,0.0,8386,0.0,44144500.0,0.0,1,2,2018-10-25 10:43:00
20181025 10:46,541.0,541.0,541.0,541.0,814,0.0,8386,0.0,44144500.0,0.0,5,19,2018-10-25 10:46:00
20181025 10:47,541.0,541.0,541.0,541.0,814,0.0,8386,0.0,44144500.0,0.0,3,9,2018-10-25 10:47:00
20181025 10:49,541.0,541.0,541.0,541.0,814,0.0,8386,0.0,44144500.0,0.0,1,1,2018-10-25 10:49:00
20181025 10:50,541.0,541.0,541.0,541.0,816,2.0,8386,0.0,44252700.0,108200.0,2,2,2018-10-25 10:50:00
20181025 10:52,541.0,541.0,541.0,541.0,816,0.0,8386,0.0,44252700.0,0.0,1,4,2018-10-25 10:52:00
20181025 10:53,541.0,541.0,541.0,541.0,816,0.0,8386,0.0,44252700.0,0.0,4,10,2018-10-25 10:53:00
20181025 10:54,541.0,541.0,541.0,541.0,816,0.0,8386,0.0,44252700.0,0.0,5,35,2018-10-25 10:54:00
20181025 10:55,541.0,541.0,541.0,541.0,816,0.0,8386,0.0,44252700.0,0.0,2,11,2018-10-25 10:55:00
20181025 10:56,541.0,541.0,541.0,541.0,816,0.0,8386,0.0,44252700.0,0.0,1,6,2018-10-25 10:56:00
20181025 10:57,541.0,541.0,541.0,541.0,816,0.0,8386,0.0,44252700.0,0.0,2,12,2018-10-25 10:57:00
20181025 10:59,541.0,541.0,541.0,541.0,816,0.0,8386,0.0,44252700.0,0.0,1,7,2018-10-25 10:59:00
20181025 11:00,541.0,541.0,541.0,541.0,816,0.0,8386,0.0,44252700.0,0.0,15,42,2018-10-25 11:00:00
20181025 11:01,541.0,541.0,541.0,541.0,816,0.0,8386,0.0,44252700.0,0.0,12,36,2018-10-25 11:01:00
20181025 11:02,541.0,541.0,541.0,541.0,816,0.0,8386,0.0,44252700.0,0.0,12,48,2018-10-25 11:02:00
20181025 11:03,541.0,541.0,541.0,541.0,816,0.0,8386,0.0,44252700.0,0.0,9,42,2018-10-25 11:03:00
20181025 11:04,541.0,541.0,541.0,541.0,816,0.0,8386,0.0,44252700.0,0.0,13,143,2018-10-25 11:04:00
20181025 11:05,541.0,545.0,541.0,545.0,918,102.0,8392,6.0,49811500.0,5558800.0,50,191,2018-10-25 11:05:00
20181025 11:06,545.0,545.0,545.0,545.0,922,4.0,8392,0.0,50029500.0,218000.0,41,145,2018-10-25 11:06:00
20181025 11:07,545.0,545.0,545.0,545.0,1016,94.0,8392,0.0,55152500.0,5123000.0,12,30,2018-10-25 11:07:00
20181025 11:08,545.0,545.0,545.0,545.0,1016,0.0,8392,0.0,55152500.0,0.0,9,8,2018-10-25 11:08:00
20181025 11:09,545.0,545.0,545.0,545.0,1016,0.0,8392,0.0,55152500.0,0.0,4,13,2018-10-25 11:09:00
20181025 11:10,545.0,545.0,545.0,545.0,1016,0.0,8392,0.0,55152500.0,0.0,4,3,2018-10-25 11:10:00
20181025 11:12,545.0,545.0,544.0,544.0,1020,4.0,8392,0.0,55370100.0,217600.0,3,2,2018-10-25 11:12:00
20181025 11:13,544.0,544.0,544.0,544.0,1020,0.0,8392,0.0,55370100.0,0.0,4,42,2018-10-25 11:13:00
20181025 11:14,544.0,544.0,544.0,544.0,1020,0.0,8392,0.0,55370100.0,0.0,2,10,2018-10-25 11:14:00
20181025 11:16,544.0,544.0,544.0,544.0,1020,0.0,8392,0.0,55370100.0,0.0,5,2,2018-10-25 11:16:00
20181025 11:18,544.0,544.0,542.0,542.0,1030,10.0,8390,-2.0,55913200.0,543100.0,9,76,2018-10-25 11:18:00
20181025 11:19,542.0,542.0,542.0,542.0,1030,0.0,8390,0.0,55913200.0,0.0,2,20,2018-10-25 11:19:00
20181025 11:20,542.0,543.0,542.0,543.0,1034,4.0,8386,-4.0,56130300.0,217100.0,6,30,2018-10-25 11:20:00
20181025 11:21,543.0,543.5,543.0,543.5,1046,12.0,8376,-10.0,56782000.0,651700.0,9,24,2018-10-25 11:21:00
20181025 11:22,544.0,544.0,544.0,544.0,1048,2.0,8376,0.0,56890800.0,108800.0,14,24,2018-10-25 11:22:00
20181025 11:28,544.0,544.0,544.0,544.0,1048,0.0,8376,0.0,56890800.0,0.0,12,24,2018-10-25 11:28:00
20181025 13:30,544.0,544.5,544.0,544.5,1114,66.0,8356,-20.0,60482500.0,3591700.0,272,119,2018-10-25 13:30:00
20181025 13:31,544.5,544.5,544.5,544.5,1182,68.0,8288,-68.0,64185100.0,3702600.0,573,36,2018-10-25 13:31:00
20181025 13:32,544.5,545.0,544.5,545.0,1212,30.0,8258,-30.0,65819500.0,1634400.0,246,10,2018-10-25 13:32:00
20181025 13:33,545.0,545.0,544.5,544.5,1216,4.0,8258,0.0,66037300.0,217800.0,115,6,2018-10-25 13:33:00
20181025 13:34,544.5,544.5,544.0,544.0,1220,4.0,8258,0.0,66254900.0,217600.0,13,13,2018-10-25 13:34:00
20181025 13:35,544.0,544.0,543.5,543.5,1228,8.0,8252,-6.0,66689700.0,434800.0,27,26,2018-10-25 13:35:00
20181025 13:36,543.5,543.5,543.5,543.5,1228,0.0,8252,0.0,66689700.0,0.0,1,7,2018-10-25 13:36:00
20181025 13:37,544.0,544.0,544.0,544.0,1232,4.0,8250,-2.0,66907300.0,217600.0,2,8,2018-10-25 13:37:00
20181025 13:38,544.0,544.0,544.0,544.0,1232,0.0,8250,0.0,66907300.0,0.0,1,8,2018-10-25 13:38:00
20181025 13:39,544.0,544.0,544.0,544.0,1232,0.0,8250,0.0,66907300.0,0.0,1,7,2018-10-25 13:39:00
20181025 13:40,543.5,543.5,543.5,543.5,1234,2.0,8250,0.0,67016000.0,108700.0,1,6,2018-10-25 13:40:00
20181025 13:43,543.5,543.5,543.5,543.5,1234,0.0,8250,0.0,67016000.0,0.0,1,7,2018-10-25 13:43:00
20181025 13:44,543.5,543.5,543.5,543.5,1234,0.0,8250,0.0,67016000.0,0.0,1,6,2018-10-25 13:44:00
20181025 13:53,543.5,543.5,543.5,543.5,1246,12.0,8242,-8.0,67668200.0,652200.0,12,13,2018-10-25 13:53:00
20181025 13:54,543.5,543.5,543.5,543.5,1246,0.0,8242,0.0,67668200.0,0.0,2,2,2018-10-25 13:54:00
20181025 13:55,543.5,543.5,543.5,543.5,1246,0.0,8242,0.0,67668200.0,0.0,1,1,2018-10-25 13:55:00
20181025 13:56,543.5,543.5,543.5,543.5,1246,0.0,8242,0.0,67668200.0,0.0,1,1,2018-10-25 13:56:00
20181025 13:58,543.5,543.5,543.5,543.5,1246,0.0,8242,0.0,67668200.0,0.0,6,1,2018-10-25 13:58:00
20181025 14:02,543.0,543.0,543.0,543.0,1248,2.0,8240,-2.0,67776800.0,108600.0,1,1,2018-10-25 14:02:00
20181025 14:03,543.0,543.5,543.0,543.5,1250,2.0,8238,-2.0,67885500.0,108700.0,3,3,2018-10-25 14:03:00
20181025 14:06,543.5,543.5,543.5,543.5,1250,0.0,8238,0.0,67885500.0,0.0,4,71,2018-10-25 14:06:00
20181025 14:07,543.5,543.5,543.5,543.5,1250,0.0,8238,0.0,67885500.0,0.0,9,63,2018-10-25 14:07:00
20181025 14:08,543.5,544.0,543.5,544.0,1252,2.0,8236,-2.0,67994300.0,108800.0,110,201,2018-10-25 14:08:00
20181025 14:09,544.0,544.0,544.0,544.0,1254,2.0,8234,-2.0,68103100.0,108800.0,53,7,2018-10-25 14:09:00
20181025 14:10,544.0,544.0,542.5,542.5,1256,2.0,8234,0.0,68211600.0,108500.0,6,114,2018-10-25 14:10:00
20181025 14:11,542.5,542.5,542.5,542.5,1256,0.0,8234,0.0,68211600.0,0.0,3,36,2018-10-25 14:11:00
20181025 14:12,542.5,542.5,542.5,542.5,1256,0.0,8234,0.0,68211600.0,0.0,1,1,2018-10-25 14:12:00
20181025 14:14,542.5,542.5,542.5,542.5,1256,0.0,8234,0.0,68211600.0,0.0,9,973,2018-10-25 14:14:00
20181025 14:15,542.5,542.5,542.5,542.5,1256,0.0,8234,0.0,68211600.0,0.0,12,1482,2018-10-25 14:15:00
20181025 14:17,542.5,542.5,542.5,542.5,1256,0.0,8234,0.0,68211600.0,0.0,10,305,2018-10-25 14:17:00
20181025 14:18,542.5,542.5,542.5,542.5,1256,0.0,8234,0.0,68211600.0,0.0,19,329,2018-10-25 14:18:00
20181025 14:19,542.5,542.5,542.5,542.5,1256,0.0,8234,0.0,68211600.0,0.0,1,118,2018-10-25 14:19:00
20181025 14:21,542.5,542.5,542.5,542.5,1256,0.0,8234,0.0,68211600.0,0.0,5,5,2018-10-25 14:21:00
20181025 14:24,542.5,542.5,542.5,542.5,1256,0.0,8234,0.0,68211600.0,0.0,1,5,2018-10-25 14:24:00
20181025 14:26,543.0,543.0,543.0,543.0,1258,2.0,8234,0.0,68320200.0,108600.0,11,10,2018-10-25 14:26:00
20181025 14:27,543.0,543.0,543.0,543.0,1258,0.0,8234,0.0,68320200.0,0.0,24,196,2018-10-25 14:27:00
20181025 14:28,543.0,543.0,543.0,543.0,1258,0.0,8234,0.0,68320200.0,0.0,48,480,2018-10-25 14:28:00
20181025 14:29,543.0,543.0,543.0,543.0,1258,0.0,8234,0.0,68320200.0,0.0,6,123,2018-10-25 14:29:00
20181025 14:30,543.0,543.5,543.0,543.5,1262,4.0,8232,-2.0,68537600.0,217400.0,67,240,2018-10-25 14:30:00
20181025 14:31,543.5,543.5,543.5,543.5,1262,0.0,8232,0.0,68537600.0,0.0,65,99,2018-10-25 14:31:00
20181025 14:32,543.5,543.5,543.5,543.5,1262,0.0,8232,0.0,68537600.0,0.0,105,112,2018-10-25 14:32:00
20181025 14:33,543.5,543.5,543.5,543.5,1262,0.0,8232,0.0,68537600.0,0.0,25,31,2018-10-25 14:33:00
20181025 14:34,543.5,543.5,543.5,543.5,1262,0.0,8232,0.0,68537600.0,0.0,40,160,2018-10-25 14:34:00
20181025 14:35,543.5,544.0,543.5,544.0,1272,10.0,8222,-10.0,69081600.0,544000.0,460,863,2018-10-25 14:35:00
20181025 14:36,544.0,544.0,544.0,544.0,1272,0.0,8222,0.0,69081600.0,0.0,400,386,2018-10-25 14:36:00
20181025 14:37,544.0,544.0,544.0,544.0,1272,0.0,8222,0.0,69081600.0,0.0,200,26,2018-10-25 14:37:00
20181025 14:38,544.0,544.0,544.0,544.0,1272,0.0,8222,0.0,69081600.0,0.0,150,18,2018-10-25 14:38:00
20181025 14:39,544.5,547.5,544.5,547.5,1484,212.0,8222,0.0,80631100.0,11549500.0,57,15,2018-10-25 14:39:00
20181025 14:40,547.5,547.5,547.5,547.5,1484,0.0,8222,0.0,80631100.0,0.0,26,11,2018-10-25 14:40:00
20181025 14:41,547.5,547.5,547.5,547.5,1484,0.0,8222,0.0,80631100.0,0.0,5,2,2018-10-25 14:41:00
20181025 14:42,547.5,547.5,547.5,547.5,1484,0.0,8222,0.0,80631100.0,0.0,1,1,2018-10-25 14:42:00
20181025 14:43,547.5,547.5,547.5,547.5,1484,0.0,8222,0.0,80631100.0,0.0,1,13,2018-10-25 14:43:00
20181025 14:44,545.0,545.0,545.0,545.0,1512,28.0,8218,-4.0,82157100.0,1526000.0,113,22,2018-10-25 14:44:00
20181025 14:45,545.0,545.0,545.0,545.0,1512,0.0,8218,0.0,82157100.0,0.0,784,219,2018-10-25 14:45:00
20181025 14:46,545.0,545.0,544.5,544.5,1524,12.0,8210,-8.0,82810900.0,653800.0,769,557,2018-10-25 14:46:00
20181025 14:47,544.5,545.0,544.5,545.0,1546,22.0,8208,-2.0,84009900.0,1199000.0,399,261,2018-10-25 14:47:00
20181025 14:48,545.0,545.0,545.0,545.0,1546,0.0,8208,0.0,84009900.0,0.0,164,60,2018-10-25 14:48:00
20181025 14:49,545.0,545.0,544.5,544.5,1554,8.0,8200,-8.0,84445700.0,435800.0,728,532,2018-10-25 14:49:00
20181025 14:50,544.5,544.5,544.5,544.5,1554,0.0,8200,0.0,84445700.0,0.0,585,753,2018-10-25 14:50:00
20181025 14:51,544.5,545.0,544.5,545.0,1556,2.0,8198,-2.0,84554700.0,109000.0,191,146,2018-10-25 14:51:00
20181025 14:52,545.0,545.0,545.0,545.0,1556,0.0,8198,0.0,84554700.0,0.0,114,45,2018-10-25 14:52:00
20181025 14:53,545.0,545.0,545.0,545.0,1556,0.0,8198,0.0,84554700.0,0.0,190,59,2018-10-25 14:53:00
20181025 14:54,545.0,545.0,545.0,545.0,1556,0.0,8198,0.0,84554700.0,0.0,76,17,2018-10-25 14:54:00
20181025 14:55,544.5,544.5,544.5,544.5,1560,4.0,8194,-4.0,84772500.0,217800.0,38,5,2018-10-25 14:55:00
20181025 14:58,544.5,544.5,544.5,544.5,1560,0.0,8194,0.0,84772500.0,0.0,76,10,2018-10-25 14:58:00
20181025 14:59,544.5,544.5,544.5,544.5,1570,10.0,8184,-10.0,85317000.0,544500.0,76,10,2018-10-25 14:59:00
20181025 15:00,544.5,544.5,544.5,544.5,1570,0.0,8184,0.0,85317000.0,0.0,76,10,2018-10-25 15:00:00
20181025 20:58,548.5,548.5,548.5,548.5,0,0.0,8904,720.0,0.0,0.0,1,3,2018-10-25 20:58:00
20181025 21:00,548.5,548.5,548.5,548.5,0,0.0,8904,0.0,0.0,0.0,10,46,2018-10-25 21:00:00
20181025 21:01,548.5,548.5,548.5,548.5,0,0.0,8904,0.0,0.0,0.0,13,25,2018-10-25 21:01:00
20181025 21:02,548.5,548.5,548.5,548.5,0,0.0,8904,0.0,0.0,0.0,3,15,2018-10-25 21:02:00
20181025 21:03,548.5,548.5,548.5,548.5,0,0.0,8904,0.0,0.0,0.0,1,16,2018-10-25 21:03:00
20181025 21:04,548.5,548.5,548.5,548.5,0,0.0,8904,0.0,0.0,0.0,1,1,2018-10-25 21:04:00
20181025 21:08,545.0,545.0,544.0,544.0,52,52.0,8874,-30.0,2833800.0,2833800.0,1477,144,2018-10-25 21:08:00
20181025 21:09,544.0,544.0,544.0,544.0,52,0.0,8874,0.0,2833800.0,0.0,2,2,2018-10-25 21:09:00
20181025 21:10,544.0,544.0,544.0,544.0,52,0.0,8874,0.0,2833800.0,0.0,614,35,2018-10-25 21:10:00
20181025 21:11,544.0,544.5,544.0,544.5,56,4.0,8874,0.0,3051600.0,217800.0,1216,15,2018-10-25 21:11:00
20181025 21:12,544.5,544.5,544.5,544.5,56,0.0,8874,0.0,3051600.0,0.0,2,8,2018-10-25 21:12:00
20181025 21:13,544.5,544.5,544.5,544.5,58,2.0,8876,2.0,3160500.0,108900.0,608,6,2018-10-25 21:13:00
20181025 21:14,544.5,544.5,544.5,544.5,58,0.0,8876,0.0,3160500.0,0.0,306,3,2018-10-25 21:14:00
20181025 21:15,544.5,544.5,544.0,544.0,62,4.0,8872,-4.0,3378100.0,217600.0,592,118,2018-10-25 21:15:00
20181025 21:16,544.0,544.0,544.0,544.0,62,0.0,8872,0.0,3378100.0,0.0,172,9,2018-10-25 21:16:00
20181025 21:17,544.0,544.0,544.0,544.0,62,0.0,8872,0.0,3378100.0,0.0,286,11,2018-10-25 21:17:00
20181025 21:18,544.0,544.0,544.0,544.0,62,0.0,8872,0.0,3378100.0,0.0,56,3,2018-10-25 21:18:00
20181025 21:20,544.0,544.0,544.0,544.0,62,0.0,8872,0.0,3378100.0,0.0,29,2,2018-10-25 21:20:00
20181025 21:21,544.0,544.0,544.0,544.0,62,0.0,8872,0.0,3378100.0,0.0,33,4,2018-10-25 21:21:00
20181025 21:22,543.5,543.5,543.5,543.5,72,10.0,8862,-10.0,3921600.0,543500.0,28,2,2018-10-25 21:22:00
20181025 21:23,543.5,543.5,543.5,543.5,72,0.0,8862,0.0,3921600.0,0.0,168,27,2018-10-25 21:23:00
20181025 21:24,543.5,543.5,543.5,543.5,72,0.0,8862,0.0,3921600.0,0.0,58,5,2018-10-25 21:24:00
20181025 21:25,543.5,543.5,543.5,543.5,72,0.0,8862,0.0,3921600.0,0.0,85,9,2018-10-25 21:25:00
20181025 21:26,543.5,543.5,543.5,543.5,72,0.0,8862,0.0,3921600.0,0.0,28,8,2018-10-25 21:26:00
20181025 21:27,543.5,543.5,543.5,543.5,72,0.0,8862,0.0,3921600.0,0.0,56,7,2018-10-25 21:27:00
20181025 21:28,543.5,543.5,543.5,543.5,72,0.0,8862,0.0,3921600.0,0.0,84,15,2018-10-25 21:28:00
20181025 21:29,543.5,543.5,543.5,543.5,72,0.0,8862,0.0,3921600.0,0.0,28,9,2018-10-25 21:29:00
20181025 21:30,544.0,544.0,544.0,544.0,74,2.0,8862,0.0,4030400.0,108800.0,165,54,2018-10-25 21:30:00
20181025 21:31,544.0,544.0,544.0,544.0,78,4.0,8858,-4.0,4248000.0,217600.0,130,35,2018-10-25 21:31:00
20181025 21:32,544.0,544.0,544.0,544.0,78,0.0,8858,0.0,4248000.0,0.0,25,6,2018-10-25 21:32:00
20181025 21:33,544.0,544.0,543.5,543.5,100,22.0,8848,-10.0,5443800.0,1195800.0,100,30,2018-10-25 21:33:00
20181025 21:34,543.5,543.5,543.5,543.5,100,0.0,8848,0.0,5443800.0,0.0,49,10,2018-10-25 21:34:00
20181025 21:35,544.0,544.0,544.0,544.0,108,8.0,8840,-8.0,5879000.0,435200.0,43,10,2018-10-25 21:35:00
20181025 21:40,544.0,544.0,544.0,544.0,108,0.0,8840,0.0,5879000.0,0.0,20,15,2018-10-25 21:40:00
20181025 21:41,544.0,544.0,544.0,544.0,110,2.0,8840,0.0,5987800.0,108800.0,19,15,2018-10-25 21:41:00
20181025 21:42,544.0,544.0,544.0,544.0,110,0.0,8840,0.0,5987800.0,0.0,39,30,2018-10-25 21:42:00
20181025 21:43,544.0,544.0,544.0,544.0,110,0.0,8840,0.0,5987800.0,0.0,58,15,2018-10-25 21:43:00
20181025 21:44,544.0,544.0,544.0,544.0,110,0.0,8840,0.0,5987800.0,0.0,20,5,2018-10-25 21:44:00
20181025 21:45,544.0,544.0,544.0,544.0,110,0.0,8840,0.0,5987800.0,0.0,39,10,2018-10-25 21:45:00
20181025 21:46,544.0,544.0,544.0,544.0,110,0.0,8840,0.0,5987800.0,0.0,19,5,2018-10-25 21:46:00
20181025 21:49,543.5,543.5,543.5,543.5,120,10.0,8830,-10.0,6531300.0,543500.0,57,40,2018-10-25 21:49:00
20181025 21:51,543.5,543.5,543.5,543.5,120,0.0,8830,0.0,6531300.0,0.0,77,58,2018-10-25 21:51:00
20181025 21:52,543.5,543.5,543.5,543.5,120,0.0,8830,0.0,6531300.0,0.0,39,24,2018-10-25 21:52:00
20181025 21:53,543.5,543.5,543.5,543.5,120,0.0,8830,0.0,6531300.0,0.0,20,10,2018-10-25 21:53:00
20181025 21:58,543.5,543.5,543.5,543.5,120,0.0,8830,0.0,6531300.0,0.0,25,20,2018-10-25 21:58:00
20181025 21:59,543.5,543.5,543.5,543.5,136,16.0,8814,-16.0,7400900.0,869600.0,43,30,2018-10-25 21:59:00
20181025 22:02,543.5,543.5,543.5,543.5,136,0.0,8814,0.0,7400900.0,0.0,82,50,2018-10-25 22:02:00
20181025 22:03,543.5,543.5,543.5,543.5,136,0.0,8814,0.0,7400900.0,0.0,20,10,2018-10-25 22:03:00
20181025 22:04,543.5,543.5,543.5,543.5,136,0.0,8814,0.0,7400900.0,0.0,100,25,2018-10-25 22:04:00
20181025 22:07,543.5,543.5,543.5,543.5,136,0.0,8814,0.0,7400900.0,0.0,20,10,2018-10-25 22:07:00
20181025 22:08,543.5,543.5,543.5,543.5,136,0.0,8814,0.0,7400900.0,0.0,19,10,2018-10-25 22:08:00
20181025 22:09,543.5,543.5,543.5,543.5,138,2.0,8814,0.0,7509600.0,108700.0,19,10,2018-10-25 22:09:00
20181025 22:10,543.5,543.5,543.5,543.5,138,0.0,8814,0.0,7509600.0,0.0,175,148,2018-10-25 22:10:00
20181025 22:11,543.5,543.5,543.5,543.5,138,0.0,8814,0.0,7509600.0,0.0,39,80,2018-10-25 22:11:00
20181025 22:13,543.5,543.5,543.5,543.5,138,0.0,8814,0.0,7509600.0,0.0,114,180,2018-10-25 22:13:00
20181025 22:16,543.5,543.5,543.5,543.5,138,0.0,8814,0.0,7509600.0,0.0,192,307,2018-10-25 22:16:00
20181025 22:17,543.5,543.5,543.5,543.5,138,0.0,8814,0.0,7509600.0,0.0,39,20,2018-10-25 22:17:00
20181025 22:18,543.5,543.5,543.5,543.5,138,0.0,8814,0.0,7509600.0,0.0,39,20,2018-10-25 22:18:00
20181025 22:19,543.5,543.5,543.5,543.5,138,0.0,8814,0.0,7509600.0,0.0,58,36,2018-10-25 22:19:00
20181025 22:20,543.5,543.5,543.5,543.5,138,0.0,8814,0.0,7509600.0,0.0,59,3,2018-10-25 22:20:00
20181025 22:21,543.5,543.5,543.5,543.5,138,0.0,8814,0.0,7509600.0,0.0,39,2,2018-10-25 22:21:00
20181025 22:24,543.5,543.5,543.5,543.5,138,0.0,8814,0.0,7509600.0,0.0,1,1,2018-10-25 22:24:00
20181025 22:25,543.5,543.5,543.5,543.5,138,0.0,8814,0.0,7509600.0,0.0,58,3,2018-10-25 22:25:00
20181025 22:26,543.5,543.5,543.5,543.5,138,0.0,8814,0.0,7509600.0,0.0,20,1,2018-10-25 22:26:00
20181025 22:27,543.5,543.5,543.5,543.5,138,0.0,8814,0.0,7509600.0,0.0,19,1,2018-10-25 22:27:00
20181025 22:28,543.5,543.5,543.5,543.5,138,0.0,8814,0.0,7509600.0,0.0,39,2,2018-10-25 22:28:00
20181025 22:29,543.5,543.5,543.5,543.5,138,0.0,8814,0.0,7509600.0,0.0,19,13,2018-10-25 22:29:00
20181025 22:30,543.5,543.5,543.5,543.5,138,0.0,8814,0.0,7509600.0,0.0,20,13,2018-10-25 22:30:00
20181025 22:31,543.5,543.5,543.5,543.5,138,0.0,8814,0.0,7509600.0,0.0,180,82,2018-10-25 22:31:00
20181025 22:32,543.5,543.5,543.5,543.5,138,0.0,8814,0.0,7509600.0,0.0,5,18,2018-10-25 22:32:00
20181025 22:33,543.5,543.5,543.5,543.5,138,0.0,8814,0.0,7509600.0,0.0,85,36,2018-10-25 22:33:00
20181025 22:34,543.5,543.5,543.5,543.5,138,0.0,8814,0.0,7509600.0,0.0,38,15,2018-10-25 22:34:00
20181025 22:35,543.5,543.5,543.5,543.5,138,0.0,8814,0.0,7509600.0,0.0,155,33,2018-10-25 22:35:00
20181025 22:38,543.5,543.5,543.5,543.5,138,0.0,8814,0.0,7509600.0,0.0,38,23,2018-10-25 22:38:00
20181025 22:41,543.5,543.5,543.0,543.0,156,18.0,8814,0.0,8487000.0,977400.0,172,113,2018-10-25 22:41:00
20181025 22:42,543.0,543.0,543.0,543.0,158,2.0,8814,0.0,8595600.0,108600.0,9,10,2018-10-25 22:42:00
20181025 22:51,543.0,543.0,543.0,543.0,158,0.0,8814,0.0,8595600.0,0.0,45,69,2018-10-25 22:51:00
20181025 22:52,543.0,543.0,543.0,543.0,158,0.0,8814,0.0,8595600.0,0.0,63,114,2018-10-25 22:52:00
20181025 22:53,543.0,543.0,543.0,543.0,158,0.0,8814,0.0,8595600.0,0.0,27,46,2018-10-25 22:53:00
20181025 22:54,543.0,543.0,543.0,543.0,176,18.0,8814,0.0,9573000.0,977400.0,12,299,2018-10-25 22:54:00
20181025 22:55,543.0,543.0,543.0,543.0,182,6.0,8808,-6.0,9898800.0,325800.0,3,95,2018-10-25 22:55:00
20181025 22:56,543.0,543.0,543.0,543.0,182,0.0,8808,0.0,9898800.0,0.0,13,292,2018-10-25 22:56:00
20181025 22:57,543.0,544.0,543.0,544.0,198,16.0,8804,-4.0,10768600.0,869800.0,53,535,2018-10-25 22:57:00
20181025 22:58,543.0,543.0,543.0,543.0,208,10.0,8804,0.0,11311600.0,543000.0,22,375,2018-10-25 22:58:00
20181025 22:59,543.0,543.0,543.0,543.0,208,0.0,8804,0.0,11311600.0,0.0,31,191,2018-10-25 22:59:00
20181025 23:00,543.0,543.0,543.0,543.0,208,0.0,8804,0.0,11311600.0,0.0,9,105,2018-10-25 23:00:00
20181025 23:03,543.0,543.0,543.0,543.0,208,0.0,8804,0.0,11311600.0,0.0,55,167,2018-10-25 23:03:00
20181025 23:04,543.0,543.0,543.0,543.0,208,0.0,8804,0.0,11311600.0,0.0,1,2,2018-10-25 23:04:00
20181025 23:06,543.0,543.0,543.0,543.0,212,4.0,8804,0.0,11528800.0,217200.0,9,417,2018-10-25 23:06:00
20181025 23:07,543.0,543.0,543.0,543.0,212,0.0,8804,0.0,11528800.0,0.0,1,90,2018-10-25 23:07:00
20181025 23:10,543.0,543.0,543.0,543.0,212,0.0,8804,0.0,11528800.0,0.0,1,2,2018-10-25 23:10:00
20181025 23:12,543.0,543.0,541.0,541.0,214,2.0,8802,-2.0,11637000.0,108200.0,6,22,2018-10-25 23:12:00
20181025 23:13,541.0,541.0,541.0,541.0,214,0.0,8802,0.0,11637000.0,0.0,1,94,2018-10-25 23:13:00
20181025 23:15,541.0,541.0,541.0,541.0,214,0.0,8802,0.0,11637000.0,0.0,1,2,2018-10-25 23:15:00
20181025 23:17,541.0,541.0,541.0,541.0,214,0.0,8802,0.0,11637000.0,0.0,1,3,2018-10-25 23:17:00
20181025 23:19,541.0,541.0,541.0,541.0,214,0.0,8802,0.0,11637000.0,0.0,2,4,2018-10-25 23:19:00
20181025 23:20,541.0,541.0,541.0,541.0,214,0.0,8802,0.0,11637000.0,0.0,6,7,2018-10-25 23:20:00
20181025 23:21,541.0,541.0,541.0,541.0,214,0.0,8802,0.0,11637000.0,0.0,42,53,2018-10-25 23:21:00
20181025 23:22,541.0,543.0,541.0,543.0,218,4.0,8806,4.0,11854200.0,217200.0,3,8,2018-10-25 23:22:00
20181025 23:26,545.0,545.0,545.0,545.0,348,130.0,8806,0.0,18938800.0,7084600.0,30,339,2018-10-25 23:26:00
20181025 23:27,545.0,545.0,545.0,545.0,354,6.0,8806,0.0,19265800.0,327000.0,94,14,2018-10-25 23:27:00
20181025 23:30,545.0,545.0,545.0,545.0,354,0.0,8806,0.0,19265800.0,0.0,47,2,2018-10-25 23:30:00
20181026 09:00,545.5,545.5,545.5,545.5,246,246.0,8022,-784.0,13441500.0,13441500.0,19,17,2018-10-26 09:00:00
20181026 09:01,545.5,546.0,545.5,546.0,256,10.0,8022,0.0,13987500.0,546000.0,26,9,2018-10-26 09:01:00
20181026 09:02,546.0,546.0,546.0,546.0,256,0.0,8022,0.0,13987500.0,0.0,35,13,2018-10-26 09:02:00
20181026 09:03,546.0,546.0,546.0,546.0,256,0.0,8022,0.0,13987500.0,0.0,4,11,2018-10-26 09:03:00
20181026 09:04,546.0,546.0,546.0,546.0,256,0.0,8022,0.0,13987500.0,0.0,13,24,2018-10-26 09:04:00
20181026 09:05,546.0,546.0,546.0,546.0,256,0.0,8022,0.0,13987500.0,0.0,81,82,2018-10-26 09:05:00
20181026 09:07,546.0,546.0,546.0,546.0,256,0.0,8022,0.0,13987500.0,0.0,18,18,2018-10-26 09:07:00
20181026 09:08,546.0,546.0,546.0,546.0,256,0.0,8022,0.0,13987500.0,0.0,9,4,2018-10-26 09:08:00
20181026 09:09,546.0,546.0,546.0,546.0,256,0.0,8022,0.0,13987500.0,0.0,9,10,2018-10-26 09:09:00
20181026 09:10,546.0,546.0,546.0,546.0,256,0.0,8022,0.0,13987500.0,0.0,102,52,2018-10-26 09:10:00
20181026 09:12,546.0,546.0,546.0,546.0,256,0.0,8022,0.0,13987500.0,0.0,3,6,2018-10-26 09:12:00
20181026 09:13,546.0,546.0,546.0,546.0,256,0.0,8022,0.0,13987500.0,0.0,2,27,2018-10-26 09:13:00
20181026 09:14,546.0,546.0,546.0,546.0,256,0.0,8022,0.0,13987500.0,0.0,1,12,2018-10-26 09:14:00
20181026 09:16,546.0,546.0,546.0,546.0,256,0.0,8022,0.0,13987500.0,0.0,33,14,2018-10-26 09:16:00
20181026 09:17,546.0,546.0,546.0,546.0,256,0.0,8022,0.0,13987500.0,0.0,76,14,2018-10-26 09:17:00
20181026 09:18,546.0,546.0,546.0,546.0,256,0.0,8022,0.0,13987500.0,0.0,17,27,2018-10-26 09:18:00
20181026 09:22,546.0,546.0,546.0,546.0,256,0.0,8022,0.0,13987500.0,0.0,90,135,2018-10-26 09:22:00
20181026 09:23,546.0,546.0,546.0,546.0,256,0.0,8022,0.0,13987500.0,0.0,27,49,2018-10-26 09:23:00
20181026 09:24,546.0,546.0,546.0,546.0,256,0.0,8022,0.0,13987500.0,0.0,34,16,2018-10-26 09:24:00
20181026 09:25,546.0,546.0,546.0,546.0,256,0.0,8022,0.0,13987500.0,0.0,1,4,2018-10-26 09:25:00
20181026 09:26,546.0,546.0,546.0,546.0,258,2.0,8022,0.0,14096700.0,109200.0,9,9,2018-10-26 09:26:00
20181026 09:27,546.0,546.0,546.0,546.0,258,0.0,8022,0.0,14096700.0,0.0,36,36,2018-10-26 09:27:00
20181026 09:30,546.0,546.0,546.0,546.0,258,0.0,8022,0.0,14096700.0,0.0,2,9,2018-10-26 09:30:00
20181026 09:36,546.0,546.0,546.0,546.0,258,0.0,8022,0.0,14096700.0,0.0,5,9,2018-10-26 09:36:00
20181026 09:37,546.0,546.0,546.0,546.0,258,0.0,8022,0.0,14096700.0,0.0,11,9,2018-10-26 09:37:00
20181026 09:38,546.0,546.0,546.0,546.0,258,0.0,8022,0.0,14096700.0,0.0,38,36,2018-10-26 09:38:00
20181026 09:40,546.0,546.0,546.0,546.0,258,0.0,8022,0.0,14096700.0,0.0,33,54,2018-10-26 09:40:00
20181026 09:41,546.0,546.0,546.0,546.0,258,0.0,8022,0.0,14096700.0,0.0,29,36,2018-10-26 09:41:00
20181026 09:42,546.0,547.0,546.0,547.0,262,4.0,8018,-4.0,14315500.0,218800.0,36,36,2018-10-26 09:42:00
20181026 09:43,547.0,547.0,547.0,547.0,268,6.0,8012,-6.0,14643700.0,328200.0,39,19,2018-10-26 09:43:00
20181026 09:45,547.0,547.0,547.0,547.0,268,0.0,8012,0.0,14643700.0,0.0,33,2,2018-10-26 09:45:00
20181026 09:46,547.0,547.0,547.0,547.0,268,0.0,8012,0.0,14643700.0,0.0,99,5,2018-10-26 09:46:00
20181026 09:47,547.0,547.0,547.0,547.0,270,2.0,8012,0.0,14753100.0,109400.0,18,14,2018-10-26 09:47:00
20181026 09:49,547.0,547.0,547.0,547.0,270,0.0,8012,0.0,14753100.0,0.0,39,42,2018-10-26 09:49:00
20181026 09:50,547.0,547.0,547.0,547.0,270,0.0,8012,0.0,14753100.0,0.0,60,56,2018-10-26 09:50:00
20181026 09:51,547.0,547.0,547.0,547.0,270,0.0,8012,0.0,14753100.0,0.0,12,14,2018-10-26 09:51:00
20181026 09:53,547.0,547.0,547.0,547.0,270,0.0,8012,0.0,14753100.0,0.0,9,14,2018-10-26 09:53:00
20181026 09:54,546.5,546.5,546.5,546.5,272,2.0,8012,0.0,14862400.0,109300.0,9,13,2018-10-26 09:54:00
20181026 10:08,547.0,547.0,547.0,547.0,282,10.0,8002,-10.0,15409400.0,547000.0,54,52,2018-10-26 10:08:00
20181026 10:30,547.0,547.0,547.0,547.0,282,0.0,8002,0.0,15409400.0,0.0,15,13,2018-10-26 10:30:00
20181026 10:31,547.0,547.0,547.0,547.0,282,0.0,8002,0.0,15409400.0,0.0,18,13,2018-10-26 10:31:00
20181026 10:32,547.5,547.5,547.5,547.5,284,2.0,8000,-2.0,15518900.0,109500.0,17,13,2018-10-26 10:32:00
20181026 10:35,547.5,547.5,547.5,547.5,284,0.0,8000,0.0,15518900.0,0.0,31,26,2018-10-26 10:35:00
20181026 10:37,547.5,547.5,547.5,547.5,284,0.0,8000,0.0,15518900.0,0.0,56,52,2018-10-26 10:37:00
20181026 10:38,547.5,547.5,547.5,547.5,284,0.0,8000,0.0,15518900.0,0.0,56,52,2018-10-26 10:38:00
20181026 10:39,547.5,547.5,547.5,547.5,284,0.0,8000,0.0,15518900.0,0.0,109,104,2018-10-26 10:39:00
20181026 10:41,547.5,547.5,547.5,547.5,284,0.0,8000,0.0,15518900.0,0.0,25,26,2018-10-26 10:41:00
20181026 10:42,547.5,547.5,547.5,547.5,284,0.0,8000,0.0,15518900.0,0.0,27,39,2018-10-26 10:42:00
20181026 10:44,547.5,547.5,547.5,547.5,284,0.0,8000,0.0,15518900.0,0.0,8,400,2018-10-26 10:44:00
20181026 10:45,547.0,547.0,547.0,547.0,1084,800.0,7200,-800.0,59278900.0,43760000.0,35,42,2018-10-26 10:45:00
20181026 10:46,547.0,547.0,547.0,547.0,1084,0.0,7200,0.0,59278900.0,0.0,27,36,2018-10-26 10:46:00
20181026 10:50,547.0,547.0,547.0,547.0,1084,0.0,7200,0.0,59278900.0,0.0,44,12,2018-10-26 10:50:00
20181026 10:51,547.0,547.0,547.0,547.0,1084,0.0,7200,0.0,59278900.0,0.0,25,6,2018-10-26 10:51:00
20181026 10:52,547.0,547.0,547.0,547.0,1084,0.0,7200,0.0,59278900.0,0.0,28,6,2018-10-26 10:52:00
20181026 10:54,547.0,547.0,547.0,547.0,1084,0.0,7200,0.0,59278900.0,0.0,58,215,2018-10-26 10:54:00
20181026 10:55,547.0,547.0,547.0,547.0,1084,0.0,7200,0.0,59278900.0,0.0,22,56,2018-10-26 10:55:00
20181026 10:56,547.0,548.0,547.0,548.0,1108,24.0,7202,2.0,60593300.0,1314400.0,18,97,2018-10-26 10:56:00
20181026 10:57,548.0,548.0,548.0,548.0,1108,0.0,7202,0.0,60593300.0,0.0,11,2,2018-10-26 10:57:00
20181026 10:58,548.0,548.0,548.0,548.0,1108,0.0,7202,0.0,60593300.0,0.0,15,3,2018-10-26 10:58:00
20181026 10:59,550.5,560.0,550.5,560.0,1124,16.0,7196,-6.0,61477500.0,884200.0,75,75,2018-10-26 10:59:00
20181026 11:00,553.5,553.5,553.0,553.0,1130,6.0,7192,-4.0,61809400.0,331900.0,35,34,2018-10-26 11:00:00
20181026 11:01,553.0,553.0,553.0,553.0,1130,0.0,7192,0.0,61809400.0,0.0,10,8,2018-10-26 11:01:00
20181026 11:03,552.5,552.5,552.5,552.5,1144,14.0,7192,0.0,62582900.0,773500.0,24,18,2018-10-26 11:03:00
20181026 11:04,552.5,552.5,552.5,552.5,1144,0.0,7192,0.0,62582900.0,0.0,7,6,2018-10-26 11:04:00
20181026 11:05,554.5,554.5,554.5,554.5,1150,6.0,7198,6.0,62915600.0,332700.0,96,21,2018-10-26 11:05:00
20181026 11:06,554.5,555.5,554.5,555.5,1152,2.0,7198,0.0,63026700.0,111100.0,31,10,2018-10-26 11:06:00
20181026 11:07,555.5,555.5,555.5,555.5,1152,0.0,7198,0.0,63026700.0,0.0,24,30,2018-10-26 11:07:00
20181026 11:08,555.5,557.0,555.5,557.0,1160,8.0,7206,8.0,63472300.0,445600.0,10,11,2018-10-26 11:08:00
20181026 11:09,558.0,560.0,558.0,560.0,1190,30.0,7226,20.0,65149800.0,1677500.0,67,108,2018-10-26 11:09:00
20181026 11:10,559.5,560.0,559.5,559.5,1200,10.0,7224,-2.0,65709400.0,559600.0,33,26,2018-10-26 11:10:00
20181026 11:11,560.0,560.0,559.0,560.0,1206,6.0,7222,-2.0,66045200.0,335800.0,32,6,2018-10-26 11:11:00
20181026 11:12,559.0,559.0,559.0,559.0,1208,2.0,7220,-2.0,66157000.0,111800.0,2,4,2018-10-26 11:12:00
20181026 11:14,559.0,559.0,559.0,559.0,1216,8.0,7214,-6.0,66604200.0,447200.0,25,10,2018-10-26 11:14:00
20181026 11:15,559.0,559.0,557.5,558.0,1224,8.0,7208,-6.0,67050400.0,446200.0,564,90,2018-10-26 11:15:00
20181026 11:16,558.0,558.0,558.0,558.0,1224,0.0,7208,0.0,67050400.0,0.0,126,15,2018-10-26 11:16:00
20181026 11:17,558.0,558.0,558.0,558.0,1224,0.0,7208,0.0,67050400.0,0.0,197,27,2018-10-26 11:17:00
20181026 11:19,558.0,558.0,557.0,558.0,1228,4.0,7208,0.0,67273400.0,223000.0,240,26,2018-10-26 11:19:00
20181026 11:20,558.0,558.0,558.0,558.0,1234,6.0,7202,-6.0,67608200.0,334800.0,178,52,2018-10-26 11:20:00
20181026 11:21,558.0,558.0,558.0,558.0,1234,0.0,7202,0.0,67608200.0,0.0,27,8,2018-10-26 11:21:00
20181026 11:22,558.0,558.0,558.0,558.0,1234,0.0,7202,0.0,67608200.0,0.0,6,29,2018-10-26 11:22:00
20181026 11:23,558.0,558.0,557.0,557.0,1238,4.0,7198,-4.0,67831000.0,222800.0,30,24,2018-10-26 11:23:00
20181026 11:24,555.5,555.5,555.5,555.5,1258,20.0,7178,-20.0,68942000.0,1111000.0,4,13,2018-10-26 11:24:00
20181026 11:25,555.5,556.5,555.5,556.5,1260,2.0,7176,-2.0,69053300.0,111300.0,17,10,2018-10-26 11:25:00
20181026 11:26,556.5,556.5,555.0,555.0,1272,12.0,7166,-10.0,69719400.0,666100.0,50,48,2018-10-26 11:26:00
20181026 11:27,554.5,555.0,554.5,555.0,1294,22.0,7168,2.0,70940300.0,1220900.0,20,18,2018-10-26 11:27:00
20181026 11:28,555.0,555.0,555.0,555.0,1294,0.0,7168,0.0,70940300.0,0.0,13,16,2018-10-26 11:28:00
20181026 11:29,555.0,555.0,555.0,555.0,1294,0.0,7168,0.0,70940300.0,0.0,8,11,2018-10-26 11:29:00
20181026 13:30,555.0,555.0,552.5,552.5,1312,18.0,7182,14.0,71934800.0,994500.0,11,42,2018-10-26 13:30:00
20181026 13:31,552.5,552.5,552.5,552.5,1312,0.0,7182,0.0,71934800.0,0.0,3,12,2018-10-26 13:31:00
20181026 13:32,552.5,553.0,552.5,553.0,1316,4.0,7182,0.0,72155900.0,221100.0,6,15,2018-10-26 13:32:00
20181026 13:33,553.0,553.0,553.0,553.0,1316,0.0,7182,0.0,72155900.0,0.0,3,15,2018-10-26 13:33:00
20181026 13:34,553.0,553.0,553.0,553.0,1316,0.0,7182,0.0,72155900.0,0.0,4,10,2018-10-26 13:34:00
20181026 13:36,553.0,553.0,553.0,553.0,1316,0.0,7182,0.0,72155900.0,0.0,9,6,2018-10-26 13:36:00
20181026 13:37,553.0,553.0,551.0,551.0,1330,14.0,7180,-2.0,72927900.0,772000.0,90,43,2018-10-26 13:37:00
20181026 13:38,551.0,551.5,551.0,551.5,1340,10.0,7174,-6.0,73479400.0,551500.0,86,24,2018-10-26 13:38:00
20181026 13:39,551.5,551.5,551.5,551.5,1342,2.0,7174,0.0,73589700.0,110300.0,50,16,2018-10-26 13:39:00
20181026 13:40,551.5,551.5,551.5,551.5,1342,0.0,7174,0.0,73589700.0,0.0,26,8,2018-10-26 13:40:00
20181026 13:41,551.5,551.5,550.5,551.0,1354,12.0,7172,-2.0,74250800.0,661100.0,45,17,2018-10-26 13:41:00
20181026 13:43,551.0,551.0,551.0,551.0,1354,0.0,7172,0.0,74250800.0,0.0,16,2,2018-10-26 13:43:00
20181026 13:44,551.0,551.0,551.0,551.0,1354,0.0,7172,0.0,74250800.0,0.0,41,10,2018-10-26 13:44:00
20181026 13:45,551.0,551.0,551.0,551.0,1354,0.0,7172,0.0,74250800.0,0.0,62,16,2018-10-26 13:45:00
20181026 13:46,551.0,551.0,551.0,551.0,1354,0.0,7172,0.0,74250800.0,0.0,57,6,2018-10-26 13:46:00
20181026 13:47,551.0,551.0,551.0,551.0,1358,4.0,7174,2.0,74471200.0,220400.0,52,4,2018-10-26 13:47:00
20181026 13:48,551.5,551.5,551.5,551.5,1368,10.0,7174,0.0,75022700.0,551500.0,76,6,2018-10-26 13:48:00
20181026 13:49,551.5,551.5,551.5,551.5,1368,0.0,7174,0.0,75022700.0,0.0,71,6,2018-10-26 13:49:00
20181026 13:50,551.5,551.5,551.5,551.5,1368,0.0,7174,0.0,75022700.0,0.0,26,3,2018-10-26 13:50:00
20181026 13:51,551.5,551.5,551.5,551.5,1368,0.0,7174,0.0,75022700.0,0.0,78,12,2018-10-26 13:51:00
20181026 13:52,551.5,551.5,551.5,551.5,1368,0.0,7174,0.0,75022700.0,0.0,19,7,2018-10-26 13:52:00
20181026 13:53,551.5,553.0,551.5,552.5,1392,24.0,7172,-2.0,76349800.0,1327100.0,122,57,2018-10-26 13:53:00
20181026 13:54,552.5,552.5,552.5,552.5,1394,2.0,7170,-2.0,76460300.0,110500.0,6,51,2018-10-26 13:54:00
20181026 13:55,552.5,552.5,552.5,552.5,1394,0.0,7170,0.0,76460300.0,0.0,39,81,2018-10-26 13:55:00
20181026 13:56,552.5,552.5,552.5,552.5,1394,0.0,7170,0.0,76460300.0,0.0,16,48,2018-10-26 13:56:00
20181026 13:57,552.5,552.5,551.5,551.5,1400,6.0,7172,2.0,76791200.0,330900.0,35,74,2018-10-26 13:57:00
20181026 13:58,551.5,551.5,551.5,551.5,1400,0.0,7172,0.0,76791200.0,0.0,72,66,2018-10-26 13:58:00
20181026 13:59,551.5,551.5,551.5,551.5,1400,0.0,7172,0.0,76791200.0,0.0,28,33,2018-10-26 13:59:00
20181026 14:00,551.5,551.5,551.5,551.5,1400,0.0,7172,0.0,76791200.0,0.0,56,72,2018-10-26 14:00:00
20181026 14:01,551.5,551.5,551.5,551.5,1400,0.0,7172,0.0,76791200.0,0.0,21,23,2018-10-26 14:01:00
20181026 14:02,551.5,551.5,551.5,551.5,1400,0.0,7172,0.0,76791200.0,0.0,29,43,2018-10-26 14:02:00
20181026 14:03,551.5,551.5,551.5,551.5,1400,0.0,7172,0.0,76791200.0,0.0,27,106,2018-10-26 14:03:00
20181026 14:04,551.5,551.5,551.5,551.5,1400,0.0,7172,0.0,76791200.0,0.0,25,123,2018-10-26 14:04:00
20181026 14:05,551.5,551.5,551.5,551.5,1400,0.0,7172,0.0,76791200.0,0.0,21,33,2018-10-26 14:05:00
20181026 14:06,551.5,551.5,551.5,551.5,1404,4.0,7168,-4.0,77011800.0,220600.0,22,117,2018-10-26 14:06:00
20181026 14:07,551.5,551.5,551.5,551.5,1404,0.0,7168,0.0,77011800.0,0.0,6,39,2018-10-26 14:07:00
20181026 14:08,551.5,551.5,551.5,551.5,1404,0.0,7168,0.0,77011800.0,0.0,2,14,2018-10-26 14:08:00
20181026 14:09,552.5,552.5,552.5,552.5,1406,2.0,7166,-2.0,77122300.0,110500.0,26,16,2018-10-26 14:09:00
20181026 14:10,552.5,552.5,552.5,552.5,1406,0.0,7166,0.0,77122300.0,0.0,32,12,2018-10-26 14:10:00
20181026 14:11,552.5,552.5,552.5,552.5,1406,0.0,7166,0.0,77122300.0,0.0,24,7,2018-10-26 14:11:00
20181026 14:12,553.5,553.5,553.5,553.5,1410,4.0,7162,-4.0,77343700.0,221400.0,30,32,2018-10-26 14:12:00
20181026 14:16,553.5,553.5,553.5,553.5,1410,0.0,7162,0.0,77343700.0,0.0,35,41,2018-10-26 14:16:00
20181026 14:17,553.5,553.5,553.5,553.5,1410,0.0,7162,0.0,77343700.0,0.0,33,35,2018-10-26 14:17:00
20181026 14:18,553.5,553.5,553.0,553.0,1430,20.0,7142,-20.0,78450200.0,1106500.0,29,36,2018-10-26 14:18:00
20181026 14:19,553.0,553.0,551.0,551.5,1456,26.0,7118,-24.0,79884900.0,1434700.0,16,45,2018-10-26 14:19:00
20181026 14:22,552.0,552.0,552.0,552.0,1458,2.0,7116,-2.0,79995300.0,110400.0,1,1,2018-10-26 14:22:00
20181026 14:25,552.0,552.0,552.0,552.0,1458,0.0,7116,0.0,79995300.0,0.0,1,1,2018-10-26 14:25:00
20181026 14:28,552.0,552.0,552.0,552.0,1458,0.0,7116,0.0,79995300.0,0.0,4,1,2018-10-26 14:28:00
20181026 14:29,552.0,552.0,552.0,552.0,1462,4.0,7112,-4.0,80216100.0,220800.0,5,2,2018-10-26 14:29:00
20181026 14:31,552.0,552.0,552.0,552.0,1470,8.0,7106,-6.0,80657700.0,441600.0,8,6,2018-10-26 14:31:00
20181026 14:32,552.0,552.0,552.0,552.0,1474,4.0,7102,-4.0,80878500.0,220800.0,4,3,2018-10-26 14:32:00
20181026 14:37,552.0,552.0,552.0,552.0,1474,0.0,7102,0.0,80878500.0,0.0,2,2,2018-10-26 14:37:00
20181026 14:40,552.0,552.0,551.5,551.5,1476,2.0,7100,-2.0,80988800.0,110300.0,6,14,2018-10-26 14:40:00
20181026 14:42,551.5,551.5,551.5,551.5,1476,0.0,7100,0.0,80988800.0,0.0,6,10,2018-10-26 14:42:00
20181026 14:44,551.5,551.5,551.5,551.5,1480,4.0,7096,-4.0,81209400.0,220600.0,4,5,2018-10-26 14:44:00
20181026 14:45,551.5,551.5,551.5,551.5,1480,0.0,7096,0.0,81209400.0,0.0,2,2,2018-10-26 14:45:00
20181026 14:48,552.0,552.0,552.0,552.0,1484,4.0,7092,-4.0,81430200.0,220800.0,28,6,2018-10-26 14:48:00
20181026 14:49,552.0,552.0,552.0,552.0,1484,0.0,7092,0.0,81430200.0,0.0,27,4,2018-10-26 14:49:00
20181026 14:50,552.0,555.0,552.0,554.0,1490,6.0,7088,-4.0,81762900.0,332700.0,70,8,2018-10-26 14:50:00
20181026 14:51,555.0,555.0,555.0,555.0,1496,6.0,7084,-4.0,82095500.0,332600.0,84,6,2018-10-26 14:51:00
20181026 14:52,555.0,555.0,554.0,554.0,1500,4.0,7082,-2.0,82317300.0,221800.0,6,3,2018-10-26 14:52:00
20181026 14:54,554.0,554.0,554.0,554.0,1500,0.0,7082,0.0,82317300.0,0.0,5,2,2018-10-26 14:54:00
20181026 14:55,554.0,554.0,554.0,554.0,1504,4.0,7078,-4.0,82538900.0,221600.0,51,6,2018-10-26 14:55:00
20181026 14:56,555.0,555.0,554.5,554.5,1516,12.0,7066,-12.0,83204700.0,665800.0,9,7,2018-10-26 14:56:00
20181026 14:58,555.0,555.0,555.0,555.0,1518,2.0,7064,-2.0,83315700.0,111000.0,1,1,2018-10-26 14:58:00
20181026 14:59,555.5,555.5,555.0,555.0,1532,14.0,7066,2.0,84092800.0,777100.0,35,43,2018-10-26 14:59:00
20181026 15:00,555.0,555.0,555.0,555.0,1532,0.0,7066,0.0,84092800.0,0.0,2,4,2018-10-26 15:00:00
20181026 20:58,544.5,544.5,544.5,544.5,0,0.0,8184,1118.0,0.0,0.0,20,1,2018-10-26 20:58:00
20181026 21:00,544.5,544.5,544.5,544.5,0,0.0,8184,0.0,0.0,0.0,153,13,2018-10-26 21:00:00
20181026 21:01,544.5,544.5,544.5,544.5,0,0.0,8184,0.0,0.0,0.0,60,14,2018-10-26 21:01:00
20181026 21:02,544.5,544.5,544.5,544.5,0,0.0,8184,0.0,0.0,0.0,15,23,2018-10-26 21:02:00
20181026 21:03,544.5,544.5,544.5,544.5,0,0.0,8184,0.0,0.0,0.0,5,5,2018-10-26 21:03:00
20181026 21:04,544.5,544.5,544.5,544.5,0,0.0,8184,0.0,0.0,0.0,30,39,2018-10-26 21:04:00
20181026 21:05,544.5,544.5,544.5,544.5,0,0.0,8184,0.0,0.0,0.0,10,13,2018-10-26 21:05:00
20181026 21:10,544.5,544.5,544.5,544.5,0,0.0,8184,0.0,0.0,0.0,2,6,2018-10-26 21:10:00
20181026 21:14,546.5,546.5,546.5,546.5,4,4.0,8182,-2.0,218600.0,218600.0,10,31,2018-10-26 21:14:00
20181026 21:15,546.5,546.5,546.5,546.5,4,0.0,8182,0.0,218600.0,0.0,30,15,2018-10-26 21:15:00
20181026 21:17,547.0,547.0,547.0,547.0,6,2.0,8182,0.0,328000.0,109400.0,30,14,2018-10-26 21:17:00
20181026 21:21,547.0,547.0,547.0,547.0,12,6.0,8178,-4.0,656200.0,328200.0,90,36,2018-10-26 21:21:00
20181026 21:22,547.0,547.0,547.0,547.0,22,10.0,8178,0.0,1203200.0,547000.0,60,14,2018-10-26 21:22:00
20181026 21:23,547.0,547.0,547.0,547.0,64,42.0,8148,-30.0,3500600.0,2297400.0,97,52,2018-10-26 21:23:00
20181026 21:24,547.0,547.0,547.0,547.0,64,0.0,8148,0.0,3500600.0,0.0,5,16,2018-10-26 21:24:00
20181026 21:25,547.0,547.0,546.5,546.5,68,4.0,8148,0.0,3719200.0,218600.0,27,89,2018-10-26 21:25:00
20181026 21:26,546.5,547.0,546.5,547.0,78,10.0,8138,-10.0,4266200.0,547000.0,25,42,2018-10-26 21:26:00
20181026 21:27,547.5,547.5,547.0,547.0,84,6.0,8136,-2.0,4594500.0,328300.0,18,18,2018-10-26 21:27:00
20181026 21:28,547.0,547.0,547.0,547.0,84,0.0,8136,0.0,4594500.0,0.0,27,30,2018-10-26 21:28:00
20181026 21:30,547.0,547.0,547.0,547.0,84,0.0,8136,0.0,4594500.0,0.0,36,56,2018-10-26 21:30:00
20181026 21:31,547.0,547.0,547.0,547.0,84,0.0,8136,0.0,4594500.0,0.0,31,48,2018-10-26 21:31:00
20181026 21:32,547.0,547.0,545.5,545.5,164,80.0,8084,-52.0,8966500.0,4372000.0,113,81,2018-10-26 21:32:00
20181026 21:33,546.0,546.0,546.0,546.0,166,2.0,8084,0.0,9075700.0,109200.0,12,8,2018-10-26 21:33:00
20181026 21:34,546.0,546.0,546.0,546.0,170,4.0,8082,-2.0,9294100.0,218400.0,8,7,2018-10-26 21:34:00
20181026 21:35,546.0,546.0,546.0,546.0,170,0.0,8082,0.0,9294100.0,0.0,9,30,2018-10-26 21:35:00
20181026 21:39,546.0,546.5,546.0,546.5,178,8.0,8074,-8.0,9731200.0,437100.0,12,6,2018-10-26 21:39:00
20181026 21:40,546.5,546.5,546.5,546.5,178,0.0,8074,0.0,9731200.0,0.0,2,7,2018-10-26 21:40:00
20181026 21:47,546.5,546.5,546.5,546.5,178,0.0,8074,0.0,9731200.0,0.0,13,14,2018-10-26 21:47:00
20181026 21:48,546.5,546.5,546.0,546.0,180,2.0,8072,-2.0,9840400.0,109200.0,163,62,2018-10-26 21:48:00
20181026 21:49,546.0,546.0,546.0,546.0,180,0.0,8072,0.0,9840400.0,0.0,64,24,2018-10-26 21:49:00
20181026 21:50,546.0,546.0,546.0,546.0,180,0.0,8072,0.0,9840400.0,0.0,62,30,2018-10-26 21:50:00
20181026 21:51,546.0,546.0,546.0,546.0,180,0.0,8072,0.0,9840400.0,0.0,19,12,2018-10-26 21:51:00
20181026 21:52,546.0,546.0,546.0,546.0,180,0.0,8072,0.0,9840400.0,0.0,2,6,2018-10-26 21:52:00
20181026 21:53,546.0,546.0,546.0,546.0,180,0.0,8072,0.0,9840400.0,0.0,67,36,2018-10-26 21:53:00
20181026 21:54,546.0,546.0,546.0,546.0,180,0.0,8072,0.0,9840400.0,0.0,62,30,2018-10-26 21:54:00
20181026 21:55,546.0,546.0,546.0,546.0,180,0.0,8072,0.0,9840400.0,0.0,14,6,2018-10-26 21:55:00
20181026 21:57,546.0,546.0,546.0,546.0,188,8.0,8064,-8.0,10277200.0,436800.0,35,20,2018-10-26 21:57:00
20181026 21:58,546.0,546.0,546.0,546.0,188,0.0,8064,0.0,10277200.0,0.0,14,2,2018-10-26 21:58:00
20181026 21:59,546.0,546.0,546.0,546.0,188,0.0,8064,0.0,10277200.0,0.0,27,7,2018-10-26 21:59:00
20181026 22:00,546.0,546.0,546.0,546.0,188,0.0,8064,0.0,10277200.0,0.0,14,3,2018-10-26 22:00:00
20181026 22:02,546.0,546.0,546.0,546.0,188,0.0,8064,0.0,10277200.0,0.0,25,6,2018-10-26 22:02:00
20181026 22:03,546.0,546.0,546.0,546.0,188,0.0,8064,0.0,10277200.0,0.0,11,3,2018-10-26 22:03:00
20181026 22:04,546.0,546.0,546.0,546.0,188,0.0,8064,0.0,10277200.0,0.0,10,6,2018-10-26 22:04:00
20181026 22:06,546.0,546.0,546.0,546.0,188,0.0,8064,0.0,10277200.0,0.0,44,12,2018-10-26 22:06:00
20181026 22:07,546.0,546.0,546.0,546.0,188,0.0,8064,0.0,10277200.0,0.0,7,6,2018-10-26 22:07:00
20181026 22:08,546.0,546.0,546.0,546.0,188,0.0,8064,0.0,10277200.0,0.0,14,3,2018-10-26 22:08:00
20181026 22:10,546.0,546.0,546.0,546.0,198,10.0,8054,-10.0,10823200.0,546000.0,31,18,2018-10-26 22:10:00
20181026 22:12,546.0,546.0,546.0,546.0,198,0.0,8054,0.0,10823200.0,0.0,66,45,2018-10-26 22:12:00
20181026 22:13,546.0,546.0,546.0,546.0,208,10.0,8044,-10.0,11369200.0,546000.0,48,35,2018-10-26 22:13:00
20181026 22:14,546.0,546.0,546.0,546.0,208,0.0,8044,0.0,11369200.0,0.0,16,10,2018-10-26 22:14:00
20181026 22:15,546.0,546.0,546.0,546.0,208,0.0,8044,0.0,11369200.0,0.0,74,35,2018-10-26 22:15:00
20181026 22:16,546.0,546.0,546.0,546.0,208,0.0,8044,0.0,11369200.0,0.0,19,5,2018-10-26 22:16:00
20181026 22:23,546.0,546.0,546.0,546.0,208,0.0,8044,0.0,11369200.0,0.0,16,5,2018-10-26 22:23:00
20181026 22:24,546.0,546.0,546.0,546.0,208,0.0,8044,0.0,11369200.0,0.0,19,5,2018-10-26 22:24:00
20181026 22:25,546.0,546.0,546.0,546.0,208,0.0,8044,0.0,11369200.0,0.0,71,25,2018-10-26 22:25:00
20181026 22:26,546.0,546.0,546.0,546.0,210,2.0,8042,-2.0,11478400.0,109200.0,136,40,2018-10-26 22:26:00
20181026 22:27,546.0,546.0,546.0,546.0,212,2.0,8040,-2.0,11587600.0,109200.0,42,20,2018-10-26 22:27:00
20181026 22:28,546.0,546.0,546.0,546.0,212,0.0,8040,0.0,11587600.0,0.0,17,5,2018-10-26 22:28:00
20181026 22:29,546.0,546.0,545.5,545.5,216,4.0,8036,-4.0,11805800.0,218200.0,34,20,2018-10-26 22:29:00
20181026 22:30,545.5,545.5,545.5,545.5,216,0.0,8036,0.0,11805800.0,0.0,9,6,2018-10-26 22:30:00
20181026 22:31,545.5,545.5,545.5,545.5,216,0.0,8036,0.0,11805800.0,0.0,3,6,2018-10-26 22:31:00
20181026 22:33,545.5,545.5,545.5,545.5,216,0.0,8036,0.0,11805800.0,0.0,6,15,2018-10-26 22:33:00
20181026 22:34,545.5,545.5,545.5,545.5,216,0.0,8036,0.0,11805800.0,0.0,6,8,2018-10-26 22:34:00
20181026 22:35,545.5,545.5,545.5,545.5,216,0.0,8036,0.0,11805800.0,0.0,30,32,2018-10-26 22:35:00
20181026 22:36,545.0,545.0,545.0,545.0,222,6.0,8038,2.0,12132800.0,327000.0,36,17,2018-10-26 22:36:00
20181026 22:37,545.0,545.0,545.0,545.0,224,2.0,8038,0.0,12241800.0,109000.0,24,9,2018-10-26 22:37:00
20181026 22:38,545.0,545.0,545.0,545.0,224,0.0,8038,0.0,12241800.0,0.0,24,7,2018-10-26 22:38:00
20181026 22:40,545.0,545.5,545.0,545.5,226,2.0,8036,-2.0,12350900.0,109100.0,23,6,2018-10-26 22:40:00
20181026 22:41,545.5,545.5,545.5,545.5,226,0.0,8036,0.0,12350900.0,0.0,23,12,2018-10-26 22:41:00
20181026 22:42,545.5,545.5,545.5,545.5,226,0.0,8036,0.0,12350900.0,0.0,10,7,2018-10-26 22:42:00
20181026 22:43,545.5,545.5,545.5,545.5,226,0.0,8036,0.0,12350900.0,0.0,19,8,2018-10-26 22:43:00
20181026 22:44,545.5,545.5,545.5,545.5,228,2.0,8034,-2.0,12460000.0,109100.0,58,30,2018-10-26 22:44:00
20181026 22:45,545.5,545.5,545.5,545.5,228,0.0,8034,0.0,12460000.0,0.0,4,2,2018-10-26 22:45:00
20181026 22:46,545.5,545.5,545.5,545.5,228,0.0,8034,0.0,12460000.0,0.0,1,2,2018-10-26 22:46:00
20181026 22:47,545.5,545.5,545.5,545.5,228,0.0,8034,0.0,12460000.0,0.0,19,8,2018-10-26 22:47:00
20181026 22:48,545.5,545.5,545.5,545.5,228,0.0,8034,0.0,12460000.0,0.0,7,2,2018-10-26 22:48:00
20181026 22:49,545.5,545.5,545.5,545.5,228,0.0,8034,0.0,12460000.0,0.0,21,6,2018-10-26 22:49:00
20181026 22:50,545.5,545.5,545.5,545.5,228,0.0,8034,0.0,12460000.0,0.0,13,8,2018-10-26 22:50:00
20181026 22:52,545.5,545.5,545.5,545.5,228,0.0,8034,0.0,12460000.0,0.0,33,22,2018-10-26 22:52:00
20181026 22:53,545.5,545.5,545.5,545.5,228,0.0,8034,0.0,12460000.0,0.0,17,14,2018-10-26 22:53:00
20181026 22:55,545.0,545.0,545.0,545.0,232,4.0,8030,-4.0,12678000.0,218000.0,17,10,2018-10-26 22:55:00
20181026 22:56,545.0,545.0,545.0,545.0,232,0.0,8030,0.0,12678000.0,0.0,14,25,2018-10-26 22:56:00
20181026 22:57,545.0,545.0,545.0,545.0,234,2.0,8032,2.0,12787000.0,109000.0,5,8,2018-10-26 22:57:00
20181026 22:59,545.0,545.0,545.0,545.0,234,0.0,8032,0.0,12787000.0,0.0,1,5,2018-10-26 22:59:00
20181026 23:01,545.5,545.5,545.5,545.5,238,4.0,8030,-2.0,13005100.0,218100.0,4,4,2018-10-26 23:01:00
20181026 23:13,545.5,545.5,545.5,545.5,240,2.0,8028,-2.0,13114200.0,109100.0,3,4,2018-10-26 23:13:00
20181026 23:30,545.5,545.5,545.5,545.5,240,0.0,8028,0.0,13114200.0,0.0,3,4,2018-10-26 23:30:00
20181029 09:00,552.0,552.0,552.0,552.0,196,196.0,6904,-1124.0,10842500.0,10842500.0,38,111,2018-10-29 09:00:00
20181029 09:01,552.0,552.0,552.0,552.0,196,0.0,6904,0.0,10842500.0,0.0,14,21,2018-10-29 09:01:00
20181029 09:02,552.0,552.0,552.0,552.0,196,0.0,6904,0.0,10842500.0,0.0,32,105,2018-10-29 09:02:00
20181029 09:03,552.0,552.0,552.0,552.0,196,0.0,6904,0.0,10842500.0,0.0,8,39,2018-10-29 09:03:00
20181029 09:04,552.0,552.0,552.0,552.0,196,0.0,6904,0.0,10842500.0,0.0,2,11,2018-10-29 09:04:00
20181029 09:05,552.0,552.0,552.0,552.0,196,0.0,6904,0.0,10842500.0,0.0,1,1,2018-10-29 09:05:00
20181029 09:06,552.0,554.0,552.0,554.0,212,16.0,6888,-16.0,11728800.0,886300.0,13,71,2018-10-29 09:06:00
20181029 09:07,556.0,557.0,556.0,557.0,228,16.0,6876,-12.0,12619400.0,890600.0,58,486,2018-10-29 09:07:00
20181029 09:08,557.0,557.0,557.0,557.0,230,2.0,6874,-2.0,12730800.0,111400.0,9,159,2018-10-29 09:08:00
20181029 09:09,557.0,558.5,557.0,558.5,338,108.0,6776,-98.0,18747300.0,6016500.0,76,263,2018-10-29 09:09:00
20181029 09:10,558.5,558.5,558.5,558.5,338,0.0,6776,0.0,18747300.0,0.0,14,40,2018-10-29 09:10:00
20181029 09:11,558.5,558.5,558.5,558.5,338,0.0,6776,0.0,18747300.0,0.0,7,40,2018-10-29 09:11:00
20181029 09:12,558.0,558.0,558.0,558.0,342,4.0,6774,-2.0,18970500.0,223200.0,4,37,2018-10-29 09:12:00
20181029 09:13,559.0,559.0,559.0,559.0,346,4.0,6774,0.0,19194100.0,223600.0,8,36,2018-10-29 09:13:00
20181029 09:14,559.0,559.0,559.0,559.0,346,0.0,6774,0.0,19194100.0,0.0,12,90,2018-10-29 09:14:00
20181029 09:15,559.0,559.0,559.0,559.0,346,0.0,6774,0.0,19194100.0,0.0,5,18,2018-10-29 09:15:00
20181029 09:16,558.0,558.0,558.0,558.0,382,36.0,6738,-36.0,21202900.0,2008800.0,1,3,2018-10-29 09:16:00
20181029 09:17,557.0,557.0,557.0,557.0,388,6.0,6734,-4.0,21537100.0,334200.0,4,8,2018-10-29 09:17:00
20181029 09:18,557.0,557.0,557.0,557.0,388,0.0,6734,0.0,21537100.0,0.0,14,44,2018-10-29 09:18:00
20181029 09:19,557.0,557.0,557.0,557.0,388,0.0,6734,0.0,21537100.0,0.0,3,9,2018-10-29 09:19:00
20181029 09:20,557.0,557.0,557.0,557.0,388,0.0,6734,0.0,21537100.0,0.0,3,9,2018-10-29 09:20:00
20181029 09:21,557.0,557.0,557.0,557.0,388,0.0,6734,0.0,21537100.0,0.0,1,2,2018-10-29 09:21:00
20181029 09:22,557.0,557.0,555.5,555.5,398,10.0,6724,-10.0,22092600.0,555500.0,14,52,2018-10-29 09:22:00
20181029 09:23,555.5,555.5,555.5,555.5,398,0.0,6724,0.0,22092600.0,0.0,10,1,2018-10-29 09:23:00
20181029 09:24,555.5,555.5,555.5,555.5,398,0.0,6724,0.0,22092600.0,0.0,20,7,2018-10-29 09:24:00
20181029 09:25,555.5,555.5,555.5,555.5,398,0.0,6724,0.0,22092600.0,0.0,10,1,2018-10-29 09:25:00
20181029 09:30,555.5,555.5,555.5,555.5,398,0.0,6724,0.0,22092600.0,0.0,70,4,2018-10-29 09:30:00
20181029 09:31,555.5,555.5,555.5,555.5,398,0.0,6724,0.0,22092600.0,0.0,152,8,2018-10-29 09:31:00
20181029 09:32,555.5,555.5,555.5,555.5,398,0.0,6724,0.0,22092600.0,0.0,1,1,2018-10-29 09:32:00
20181029 09:36,555.5,555.5,554.5,554.5,400,2.0,6726,2.0,22203500.0,110900.0,10,6,2018-10-29 09:36:00
20181029 09:38,554.5,554.5,554.5,554.5,400,0.0,6726,0.0,22203500.0,0.0,6,24,2018-10-29 09:38:00
20181029 09:39,554.5,554.5,554.5,554.5,400,0.0,6726,0.0,22203500.0,0.0,4,14,2018-10-29 09:39:00
20181029 09:40,554.5,554.5,554.5,554.5,400,0.0,6726,0.0,22203500.0,0.0,4,14,2018-10-29 09:40:00
20181029 09:41,554.5,554.5,554.5,554.5,400,0.0,6726,0.0,22203500.0,0.0,10,48,2018-10-29 09:41:00
20181029 09:42,554.5,554.5,554.5,554.5,400,0.0,6726,0.0,22203500.0,0.0,24,38,2018-10-29 09:42:00
20181029 09:43,554.5,554.5,554.5,554.5,400,0.0,6726,0.0,22203500.0,0.0,70,56,2018-10-29 09:43:00
20181029 09:44,554.5,554.5,554.5,554.5,400,0.0,6726,0.0,22203500.0,0.0,1,5,2018-10-29 09:44:00
20181029 09:45,554.5,554.5,554.5,554.5,400,0.0,6726,0.0,22203500.0,0.0,11,65,2018-10-29 09:45:00
20181029 09:46,554.5,554.5,554.5,554.5,400,0.0,6726,0.0,22203500.0,0.0,12,9,2018-10-29 09:46:00
20181029 09:48,554.5,554.5,554.5,554.5,400,0.0,6726,0.0,22203500.0,0.0,31,3,2018-10-29 09:48:00
20181029 09:49,553.5,553.5,553.5,553.5,402,2.0,6726,0.0,22314200.0,110700.0,23,7,2018-10-29 09:49:00
20181029 09:51,553.5,553.5,553.5,553.5,402,0.0,6726,0.0,22314200.0,0.0,4,19,2018-10-29 09:51:00
20181029 09:52,553.5,553.5,553.5,553.5,402,0.0,6726,0.0,22314200.0,0.0,4,28,2018-10-29 09:52:00
20181029 09:53,553.5,553.5,553.5,553.5,402,0.0,6726,0.0,22314200.0,0.0,2,17,2018-10-29 09:53:00
20181029 09:54,553.5,556.0,553.5,556.0,406,4.0,6726,0.0,22536500.0,222300.0,7,24,2018-10-29 09:54:00
20181029 09:55,556.0,556.0,556.0,556.0,406,0.0,6726,0.0,22536500.0,0.0,1,1,2018-10-29 09:55:00
20181029 09:56,556.0,556.0,556.0,556.0,406,0.0,6726,0.0,22536500.0,0.0,1,88,2018-10-29 09:56:00
20181029 09:57,556.0,556.0,556.0,556.0,406,0.0,6726,0.0,22536500.0,0.0,9,232,2018-10-29 09:57:00
20181029 09:58,556.0,556.0,556.0,556.0,406,0.0,6726,0.0,22536500.0,0.0,3,106,2018-10-29 09:58:00
20181029 09:59,556.0,556.0,556.0,556.0,406,0.0,6726,0.0,22536500.0,0.0,4,181,2018-10-29 09:59:00
20181029 10:00,556.0,556.0,556.0,556.0,406,0.0,6726,0.0,22536500.0,0.0,26,1043,2018-10-29 10:00:00
20181029 10:03,555.5,555.5,554.5,554.5,412,6.0,6726,0.0,22869500.0,333000.0,5,12,2018-10-29 10:03:00
20181029 10:04,554.0,556.5,553.5,556.5,418,6.0,6724,-2.0,23202300.0,332800.0,89,463,2018-10-29 10:04:00
20181029 10:05,556.5,556.5,556.5,556.5,418,0.0,6724,0.0,23202300.0,0.0,5,91,2018-10-29 10:05:00
20181029 10:07,556.5,556.5,556.5,556.5,418,0.0,6724,0.0,23202300.0,0.0,3,2,2018-10-29 10:07:00
20181029 10:09,556.5,556.5,556.5,556.5,418,0.0,6724,0.0,23202300.0,0.0,8,7,2018-10-29 10:09:00
20181029 10:10,556.5,556.5,556.5,556.5,418,0.0,6724,0.0,23202300.0,0.0,2,2,2018-10-29 10:10:00
20181029 10:12,556.5,556.5,556.5,556.5,418,0.0,6724,0.0,23202300.0,0.0,2,1,2018-10-29 10:12:00
20181029 10:13,556.5,556.5,556.5,556.5,418,0.0,6724,0.0,23202300.0,0.0,20,4,2018-10-29 10:13:00
20181029 10:14,556.5,556.5,556.5,556.5,418,0.0,6724,0.0,23202300.0,0.0,25,7,2018-10-29 10:14:00
20181029 10:30,556.5,556.5,553.0,553.0,420,2.0,6722,-2.0,23312900.0,110600.0,36,15,2018-10-29 10:30:00
20181029 10:31,553.0,553.0,553.0,553.0,422,2.0,6720,-2.0,23423500.0,110600.0,30,19,2018-10-29 10:31:00
20181029 10:32,553.0,553.0,553.0,553.0,424,2.0,6718,-2.0,23534100.0,110600.0,11,10,2018-10-29 10:32:00
20181029 10:33,553.0,553.0,553.0,553.0,424,0.0,6718,0.0,23534100.0,0.0,106,41,2018-10-29 10:33:00
20181029 10:34,553.0,553.0,552.5,552.5,428,4.0,6716,-2.0,23755100.0,221000.0,15,12,2018-10-29 10:34:00
20181029 10:35,552.5,552.5,552.5,552.5,428,0.0,6716,0.0,23755100.0,0.0,21,9,2018-10-29 10:35:00
20181029 10:36,552.5,552.5,552.5,552.5,428,0.0,6716,0.0,23755100.0,0.0,9,4,2018-10-29 10:36:00
20181029 10:37,552.5,555.5,552.5,555.5,436,8.0,6712,-4.0,24199400.0,444300.0,15,50,2018-10-29 10:37:00
20181029 10:38,555.5,555.5,555.5,555.5,436,0.0,6712,0.0,24199400.0,0.0,14,64,2018-10-29 10:38:00
20181029 10:39,555.5,555.5,555.5,555.5,436,0.0,6712,0.0,24199400.0,0.0,21,96,2018-10-29 10:39:00
20181029 10:40,555.5,555.5,555.5,555.5,440,4.0,6708,-4.0,24421600.0,222200.0,5,44,2018-10-29 10:40:00
20181029 10:43,555.5,555.5,555.5,555.5,440,0.0,6708,0.0,24421600.0,0.0,5,28,2018-10-29 10:43:00
20181029 10:44,555.5,555.5,555.5,555.5,440,0.0,6708,0.0,24421600.0,0.0,13,42,2018-10-29 10:44:00
20181029 10:45,555.5,555.5,555.5,555.5,440,0.0,6708,0.0,24421600.0,0.0,27,57,2018-10-29 10:45:00
20181029 10:46,555.5,555.5,555.5,555.5,448,8.0,6700,-8.0,24866000.0,444400.0,14,28,2018-10-29 10:46:00
20181029 10:47,555.5,555.5,555.5,555.5,452,4.0,6700,0.0,25088200.0,222200.0,20,25,2018-10-29 10:47:00
20181029 10:48,555.5,555.5,555.5,555.5,468,16.0,6690,-10.0,25977000.0,888800.0,36,16,2018-10-29 10:48:00
20181029 10:49,555.5,555.5,555.5,555.5,468,0.0,6690,0.0,25977000.0,0.0,18,92,2018-10-29 10:49:00
20181029 10:50,555.5,555.5,555.5,555.5,468,0.0,6690,0.0,25977000.0,0.0,6,1,2018-10-29 10:50:00
20181029 10:51,555.5,555.5,555.5,555.5,468,0.0,6690,0.0,25977000.0,0.0,6,2,2018-10-29 10:51:00
20181029 10:54,555.5,555.5,555.5,555.5,468,0.0,6690,0.0,25977000.0,0.0,1,2,2018-10-29 10:54:00
20181029 11:00,555.5,555.5,555.5,555.5,468,0.0,6690,0.0,25977000.0,0.0,4,3,2018-10-29 11:00:00
20181029 11:01,555.5,555.5,555.0,555.0,470,2.0,6690,0.0,26088000.0,111000.0,5,4,2018-10-29 11:01:00
20181029 11:02,555.0,555.0,555.0,555.0,470,0.0,6690,0.0,26088000.0,0.0,1,2,2018-10-29 11:02:00
20181029 11:03,555.0,555.0,555.0,555.0,470,0.0,6690,0.0,26088000.0,0.0,4,178,2018-10-29 11:03:00
20181029 11:07,555.0,555.0,555.0,555.0,470,0.0,6690,0.0,26088000.0,0.0,4,3,2018-10-29 11:07:00
20181029 11:08,555.0,555.0,555.0,555.0,470,0.0,6690,0.0,26088000.0,0.0,3,4,2018-10-29 11:08:00
20181029 11:09,555.0,555.0,555.0,555.0,470,0.0,6690,0.0,26088000.0,0.0,4,3,2018-10-29 11:09:00
20181029 11:13,555.0,555.0,555.0,555.0,470,0.0,6690,0.0,26088000.0,0.0,2,3,2018-10-29 11:13:00
20181029 11:22,555.0,555.0,555.0,555.0,470,0.0,6690,0.0,26088000.0,0.0,4,9,2018-10-29 11:22:00
20181029 11:23,555.0,555.0,555.0,555.0,470,0.0,6690,0.0,26088000.0,0.0,5,9,2018-10-29 11:23:00
20181029 11:24,555.0,555.0,555.0,555.0,470,0.0,6690,0.0,26088000.0,0.0,3,6,2018-10-29 11:24:00
20181029 11:25,555.0,555.0,555.0,555.0,470,0.0,6690,0.0,26088000.0,0.0,3,6,2018-10-29 11:25:00
20181029 11:29,555.0,555.5,555.0,555.5,472,2.0,6690,0.0,26199100.0,111100.0,13,11,2018-10-29 11:29:00
20181029 13:30,555.5,555.5,555.5,555.5,472,0.0,6690,0.0,26199100.0,0.0,18,3,2018-10-29 13:30:00
20181029 13:31,555.5,555.5,555.5,555.5,474,2.0,6692,2.0,26310200.0,111100.0,2,1,2018-10-29 13:31:00
20181029 13:32,555.5,555.5,555.5,555.5,474,0.0,6692,0.0,26310200.0,0.0,8,4,2018-10-29 13:32:00
20181029 13:33,555.5,555.5,555.5,555.5,474,0.0,6692,0.0,26310200.0,0.0,4,3,2018-10-29 13:33:00
20181029 13:35,555.5,556.0,555.5,556.0,476,2.0,6692,0.0,26421400.0,111200.0,44,373,2018-10-29 13:35:00
20181029 13:36,556.0,556.0,556.0,556.0,476,0.0,6692,0.0,26421400.0,0.0,42,695,2018-10-29 13:36:00
20181029 13:37,556.0,556.0,553.5,553.5,478,2.0,6692,0.0,26532100.0,110700.0,19,467,2018-10-29 13:37:00
20181029 13:38,553.5,553.5,553.5,553.5,478,0.0,6692,0.0,26532100.0,0.0,2,2,2018-10-29 13:38:00
20181029 13:39,553.5,553.5,553.5,553.5,478,0.0,6692,0.0,26532100.0,0.0,4,6,2018-10-29 13:39:00
20181029 13:40,553.5,553.5,553.5,553.5,478,0.0,6692,0.0,26532100.0,0.0,8,186,2018-10-29 13:40:00
20181029 13:41,553.5,553.5,553.5,553.5,564,86.0,6690,-2.0,31292200.0,4760100.0,47,521,2018-10-29 13:41:00
20181029 13:43,553.5,553.5,553.5,553.5,564,0.0,6690,0.0,31292200.0,0.0,3,48,2018-10-29 13:43:00
20181029 13:44,553.5,553.5,553.5,553.5,564,0.0,6690,0.0,31292200.0,0.0,9,252,2018-10-29 13:44:00
20181029 13:45,553.5,553.5,553.5,553.5,564,0.0,6690,0.0,31292200.0,0.0,4,91,2018-10-29 13:45:00
20181029 13:46,553.5,553.5,553.5,553.5,564,0.0,6690,0.0,31292200.0,0.0,44,360,2018-10-29 13:46:00
20181029 13:48,553.5,553.5,553.5,553.5,564,0.0,6690,0.0,31292200.0,0.0,32,75,2018-10-29 13:48:00
20181029 13:50,553.5,553.5,553.5,553.5,564,0.0,6690,0.0,31292200.0,0.0,26,141,2018-10-29 13:50:00
20181029 13:51,553.5,553.5,553.5,553.5,564,0.0,6690,0.0,31292200.0,0.0,10,90,2018-10-29 13:51:00
20181029 13:52,553.5,553.5,553.5,553.5,564,0.0,6690,0.0,31292200.0,0.0,20,180,2018-10-29 13:52:00
20181029 13:53,553.5,553.5,553.5,553.5,564,0.0,6690,0.0,31292200.0,0.0,5,45,2018-10-29 13:53:00
20181029 13:54,553.5,553.5,553.5,553.5,564,0.0,6690,0.0,31292200.0,0.0,5,45,2018-10-29 13:54:00
20181029 13:55,553.5,553.5,553.5,553.5,564,0.0,6690,0.0,31292200.0,0.0,15,96,2018-10-29 13:55:00
20181029 13:56,553.5,553.5,553.5,553.5,564,0.0,6690,0.0,31292200.0,0.0,5,20,2018-10-29 13:56:00
20181029 13:57,553.5,553.5,553.5,553.5,564,0.0,6690,0.0,31292200.0,0.0,15,155,2018-10-29 13:57:00
20181029 13:58,553.5,553.5,553.5,553.5,564,0.0,6690,0.0,31292200.0,0.0,20,138,2018-10-29 13:58:00
20181029 14:00,557.0,558.0,557.0,558.0,604,40.0,6690,0.0,33519000.0,2226800.0,12,65,2018-10-29 14:00:00
20181029 14:01,558.0,558.0,558.0,558.0,604,0.0,6690,0.0,33519000.0,0.0,1,9,2018-10-29 14:01:00
20181029 14:02,558.0,558.0,558.0,558.0,604,0.0,6690,0.0,33519000.0,0.0,5,15,2018-10-29 14:02:00
20181029 14:04,558.0,558.0,558.0,558.0,604,0.0,6690,0.0,33519000.0,0.0,11,15,2018-10-29 14:04:00
20181029 14:05,558.0,558.0,558.0,558.0,604,0.0,6690,0.0,33519000.0,0.0,2,6,2018-10-29 14:05:00
20181029 14:06,558.0,558.0,558.0,558.0,604,0.0,6690,0.0,33519000.0,0.0,1,3,2018-10-29 14:06:00
20181029 14:07,558.0,558.0,557.0,557.0,606,2.0,6690,0.0,33630400.0,111400.0,3,9,2018-10-29 14:07:00
20181029 14:10,557.0,557.0,557.0,557.0,606,0.0,6690,0.0,33630400.0,0.0,5,9,2018-10-29 14:10:00
20181029 14:16,557.0,557.0,557.0,557.0,606,0.0,6690,0.0,33630400.0,0.0,6,3,2018-10-29 14:16:00
20181029 14:17,557.0,557.0,557.0,557.0,606,0.0,6690,0.0,33630400.0,0.0,1,3,2018-10-29 14:17:00
20181029 14:22,557.5,557.5,557.5,557.5,610,4.0,6688,-2.0,33853400.0,223000.0,37,21,2018-10-29 14:22:00
20181029 14:24,557.5,557.5,557.5,557.5,610,0.0,6688,0.0,33853400.0,0.0,3,2,2018-10-29 14:24:00
20181029 14:25,557.5,557.5,557.5,557.5,610,0.0,6688,0.0,33853400.0,0.0,1,1,2018-10-29 14:25:00
20181029 14:29,556.0,556.0,556.0,556.0,612,2.0,6688,0.0,33964600.0,111200.0,4,9,2018-10-29 14:29:00
20181029 14:30,555.0,555.0,554.5,554.5,616,4.0,6690,2.0,34186500.0,221900.0,9,28,2018-10-29 14:30:00
20181029 14:32,554.5,554.5,554.5,554.5,616,0.0,6690,0.0,34186500.0,0.0,3,6,2018-10-29 14:32:00
20181029 14:34,554.5,554.5,554.5,554.5,616,0.0,6690,0.0,34186500.0,0.0,3,7,2018-10-29 14:34:00
20181029 14:35,554.5,555.0,554.5,555.0,620,4.0,6686,-4.0,34408400.0,221900.0,7,14,2018-10-29 14:35:00
20181029 14:36,555.0,555.0,555.0,555.0,620,0.0,6686,0.0,34408400.0,0.0,5,6,2018-10-29 14:36:00
20181029 14:37,555.0,555.0,555.0,555.0,620,0.0,6686,0.0,34408400.0,0.0,1,2,2018-10-29 14:37:00
20181029 14:38,555.0,555.0,555.0,555.0,620,0.0,6686,0.0,34408400.0,0.0,7,12,2018-10-29 14:38:00
20181029 14:39,555.0,555.0,555.0,555.0,620,0.0,6686,0.0,34408400.0,0.0,6,3,2018-10-29 14:39:00
20181029 14:46,555.0,555.0,555.0,555.0,620,0.0,6686,0.0,34408400.0,0.0,2,1,2018-10-29 14:46:00
20181029 14:47,555.0,555.0,555.0,555.0,620,0.0,6686,0.0,34408400.0,0.0,28,5,2018-10-29 14:47:00
20181029 14:50,555.0,557.5,555.0,557.5,622,2.0,6686,0.0,34519900.0,111500.0,7,6,2018-10-29 14:50:00
20181029 14:51,557.5,557.5,557.5,557.5,624,2.0,6684,-2.0,34631400.0,111500.0,13,3,2018-10-29 14:51:00
20181029 14:53,557.5,557.5,557.5,557.5,624,0.0,6684,0.0,34631400.0,0.0,8,2,2018-10-29 14:53:00
20181029 14:54,557.5,557.5,556.0,556.0,626,2.0,6682,-2.0,34742600.0,111200.0,5,6,2018-10-29 14:54:00
20181029 14:55,556.0,556.0,556.0,556.0,626,0.0,6682,0.0,34742600.0,0.0,27,22,2018-10-29 14:55:00
20181029 14:56,556.0,556.0,556.0,556.0,626,0.0,6682,0.0,34742600.0,0.0,15,4,2018-10-29 14:56:00
20181029 14:57,556.0,556.0,556.0,556.0,626,0.0,6682,0.0,34742600.0,0.0,42,5,2018-10-29 14:57:00
20181029 14:58,556.0,556.0,556.0,556.0,626,0.0,6682,0.0,34742600.0,0.0,5,1,2018-10-29 14:58:00
20181029 14:59,556.0,556.0,556.0,556.0,626,0.0,6682,0.0,34742600.0,0.0,11,1,2018-10-29 14:59:00
20181029 15:00,556.0,556.0,556.0,556.0,626,0.0,6682,0.0,34742600.0,0.0,22,2,2018-10-29 15:00:00
20181029 20:59,551.0,551.0,551.0,551.0,44,44.0,7022,340.0,2424400.0,2424400.0,1,2,2018-10-29 20:59:00
20181029 21:00,551.0,551.0,551.0,551.0,44,0.0,7022,0.0,2424400.0,0.0,22,30,2018-10-29 21:00:00
20181029 21:02,551.0,551.0,551.0,551.0,44,0.0,7022,0.0,2424400.0,0.0,1,11,2018-10-29 21:02:00
20181029 21:05,551.0,551.0,551.0,551.0,44,0.0,7022,0.0,2424400.0,0.0,1,10,2018-10-29 21:05:00
20181029 21:11,552.0,552.0,552.0,552.0,52,8.0,7022,0.0,2866000.0,441600.0,2,15,2018-10-29 21:11:00
20181029 21:13,552.0,552.0,552.0,552.0,52,0.0,7022,0.0,2866000.0,0.0,1,9,2018-10-29 21:13:00
20181029 21:14,552.0,552.0,552.0,552.0,52,0.0,7022,0.0,2866000.0,0.0,2,27,2018-10-29 21:14:00
20181029 21:15,552.0,552.0,552.0,552.0,52,0.0,7022,0.0,2866000.0,0.0,2,27,2018-10-29 21:15:00
20181029 21:16,552.0,552.0,552.0,552.0,52,0.0,7022,0.0,2866000.0,0.0,2,27,2018-10-29 21:16:00
20181029 21:17,552.0,552.0,552.0,552.0,52,0.0,7022,0.0,2866000.0,0.0,1,15,2018-10-29 21:17:00
20181029 21:19,552.0,552.0,552.0,552.0,52,0.0,7022,0.0,2866000.0,0.0,3,51,2018-10-29 21:19:00
20181029 21:20,552.0,552.0,552.0,552.0,52,0.0,7022,0.0,2866000.0,0.0,4,48,2018-10-29 21:20:00
20181029 21:21,552.0,552.0,552.0,552.0,52,0.0,7022,0.0,2866000.0,0.0,1,11,2018-10-29 21:21:00
20181029 21:22,552.0,552.0,552.0,552.0,52,0.0,7022,0.0,2866000.0,0.0,1,8,2018-10-29 21:22:00
20181029 21:23,552.0,552.0,552.0,552.0,52,0.0,7022,0.0,2866000.0,0.0,3,26,2018-10-29 21:23:00
20181029 21:24,552.0,552.0,552.0,552.0,52,0.0,7022,0.0,2866000.0,0.0,8,101,2018-10-29 21:24:00
20181029 21:25,552.0,554.0,552.0,554.0,54,2.0,7022,0.0,2976800.0,110800.0,8,99,2018-10-29 21:25:00
20181029 21:26,554.0,554.0,554.0,554.0,54,0.0,7022,0.0,2976800.0,0.0,9,58,2018-10-29 21:26:00
20181029 21:27,554.0,554.0,554.0,554.0,54,0.0,7022,0.0,2976800.0,0.0,4,38,2018-10-29 21:27:00
20181029 21:28,554.0,554.0,554.0,554.0,54,0.0,7022,0.0,2976800.0,0.0,7,57,2018-10-29 21:28:00
20181029 21:29,554.0,554.0,554.0,554.0,54,0.0,7022,0.0,2976800.0,0.0,3,18,2018-10-29 21:29:00
20181029 21:30,554.0,554.0,554.0,554.0,54,0.0,7022,0.0,2976800.0,0.0,7,40,2018-10-29 21:30:00
20181029 21:31,554.0,554.0,554.0,554.0,54,0.0,7022,0.0,2976800.0,0.0,10,53,2018-10-29 21:31:00
20181029 21:32,553.0,553.0,553.0,553.0,56,2.0,7022,0.0,3087400.0,110600.0,4,14,2018-10-29 21:32:00
20181029 21:33,553.0,553.0,553.0,553.0,56,0.0,7022,0.0,3087400.0,0.0,5,40,2018-10-29 21:33:00
20181029 21:34,553.0,553.0,553.0,553.0,56,0.0,7022,0.0,3087400.0,0.0,6,57,2018-10-29 21:34:00
20181029 21:35,553.0,553.0,553.0,553.0,56,0.0,7022,0.0,3087400.0,0.0,1,11,2018-10-29 21:35:00
20181029 21:36,553.0,553.0,553.0,553.0,56,0.0,7022,0.0,3087400.0,0.0,2,21,2018-10-29 21:36:00
20181029 21:37,553.0,553.0,553.0,553.0,56,0.0,7022,0.0,3087400.0,0.0,3,30,2018-10-29 21:37:00
20181029 21:38,553.0,554.5,553.0,554.5,58,2.0,7022,0.0,3198300.0,110900.0,7,19,2018-10-29 21:38:00
20181029 21:39,554.5,555.0,554.5,555.0,60,2.0,7020,-2.0,3309300.0,111000.0,4,24,2018-10-29 21:39:00
20181029 21:40,555.0,555.0,555.0,555.0,60,0.0,7020,0.0,3309300.0,0.0,7,80,2018-10-29 21:40:00
20181029 21:41,555.0,555.0,555.0,555.0,60,0.0,7020,0.0,3309300.0,0.0,3,30,2018-10-29 21:41:00
20181029 21:42,555.5,555.5,555.5,555.5,62,2.0,7020,0.0,3420400.0,111100.0,2,4,2018-10-29 21:42:00
20181029 21:45,555.0,555.0,555.0,555.0,64,2.0,7020,0.0,3531400.0,111000.0,1,6,2018-10-29 21:45:00
20181029 21:46,555.0,555.0,555.0,555.0,64,0.0,7020,0.0,3531400.0,0.0,3,17,2018-10-29 21:46:00
20181029 21:48,555.0,555.0,555.0,555.0,64,0.0,7020,0.0,3531400.0,0.0,2,17,2018-10-29 21:48:00
20181029 21:49,555.0,555.0,555.0,555.0,64,0.0,7020,0.0,3531400.0,0.0,6,26,2018-10-29 21:49:00
20181029 21:50,555.0,555.0,555.0,555.0,64,0.0,7020,0.0,3531400.0,0.0,2,5,2018-10-29 21:50:00
20181029 21:51,555.0,555.0,555.0,555.0,64,0.0,7020,0.0,3531400.0,0.0,3,14,2018-10-29 21:51:00
20181029 21:52,555.0,555.0,555.0,555.0,64,0.0,7020,0.0,3531400.0,0.0,5,31,2018-10-29 21:52:00
20181029 21:53,555.0,555.0,555.0,555.0,64,0.0,7020,0.0,3531400.0,0.0,2,13,2018-10-29 21:53:00
20181029 21:54,555.0,557.0,555.0,557.0,70,6.0,7016,-4.0,3865600.0,334200.0,90,32,2018-10-29 21:54:00
20181029 21:55,557.0,557.0,557.0,557.0,70,0.0,7016,0.0,3865600.0,0.0,15,7,2018-10-29 21:55:00
20181029 21:56,557.0,557.0,557.0,557.0,70,0.0,7016,0.0,3865600.0,0.0,24,19,2018-10-29 21:56:00
20181029 21:57,557.0,557.0,555.5,555.5,86,16.0,7004,-12.0,4754400.0,888800.0,219,25,2018-10-29 21:57:00
20181029 21:58,555.5,555.5,555.0,555.0,108,22.0,6984,-20.0,5975400.0,1221000.0,105,24,2018-10-29 21:58:00
20181029 21:59,555.0,555.0,555.0,555.0,108,0.0,6984,0.0,5975400.0,0.0,124,18,2018-10-29 21:59:00
20181029 22:00,555.0,555.0,555.0,555.0,132,24.0,6960,-24.0,7307400.0,1332000.0,278,75,2018-10-29 22:00:00
20181029 22:01,555.0,555.0,555.0,555.0,132,0.0,6960,0.0,7307400.0,0.0,57,19,2018-10-29 22:01:00
20181029 22:02,555.0,555.0,555.0,555.0,132,0.0,6960,0.0,7307400.0,0.0,40,34,2018-10-29 22:02:00
20181029 22:03,555.0,555.0,555.0,555.0,132,0.0,6960,0.0,7307400.0,0.0,1,4,2018-10-29 22:03:00
20181029 22:04,555.0,555.0,555.0,555.0,132,0.0,6960,0.0,7307400.0,0.0,38,5,2018-10-29 22:04:00
20181029 22:05,555.0,555.0,555.0,555.0,132,0.0,6960,0.0,7307400.0,0.0,38,5,2018-10-29 22:05:00
20181029 22:08,555.0,555.0,555.0,555.0,132,0.0,6960,0.0,7307400.0,0.0,22,20,2018-10-29 22:08:00
20181029 22:09,555.0,555.0,555.0,555.0,132,0.0,6960,0.0,7307400.0,0.0,19,5,2018-10-29 22:09:00
20181029 22:10,555.0,555.0,555.0,555.0,132,0.0,6960,0.0,7307400.0,0.0,57,20,2018-10-29 22:10:00
20181029 22:11,555.0,555.0,555.0,555.0,132,0.0,6960,0.0,7307400.0,0.0,76,28,2018-10-29 22:11:00
20181029 22:14,555.0,555.0,555.0,555.0,132,0.0,6960,0.0,7307400.0,0.0,1,1,2018-10-29 22:14:00
20181029 22:17,555.0,555.0,555.0,555.0,132,0.0,6960,0.0,7307400.0,0.0,19,1,2018-10-29 22:17:00
20181029 22:21,555.0,555.0,555.0,555.0,132,0.0,6960,0.0,7307400.0,0.0,57,38,2018-10-29 22:21:00
20181029 22:24,555.0,555.0,555.0,555.0,132,0.0,6960,0.0,7307400.0,0.0,19,2,2018-10-29 22:24:00
20181029 22:25,555.0,555.0,555.0,555.0,140,8.0,6952,-8.0,7751400.0,444000.0,15,2,2018-10-29 22:25:00
20181029 22:27,555.0,555.0,555.0,555.0,140,0.0,6952,0.0,7751400.0,0.0,1,2,2018-10-29 22:27:00
20181029 22:29,555.0,555.0,555.0,555.0,140,0.0,6952,0.0,7751400.0,0.0,2,2,2018-10-29 22:29:00
20181029 22:30,554.0,554.0,554.0,554.0,142,2.0,6950,-2.0,7862200.0,110800.0,25,1,2018-10-29 22:30:00
20181029 22:33,553.5,553.5,553.5,553.5,144,2.0,6948,-2.0,7972900.0,110700.0,8,22,2018-10-29 22:33:00
20181029 22:34,553.5,553.5,551.5,551.5,192,48.0,6904,-44.0,10621700.0,2648800.0,46,69,2018-10-29 22:34:00
20181029 22:35,551.5,551.5,551.5,551.5,192,0.0,6904,0.0,10621700.0,0.0,3,12,2018-10-29 22:35:00
20181029 22:38,551.5,551.5,551.5,551.5,192,0.0,6904,0.0,10621700.0,0.0,11,75,2018-10-29 22:38:00
20181029 22:39,551.5,551.5,551.5,551.5,192,0.0,6904,0.0,10621700.0,0.0,15,87,2018-10-29 22:39:00
20181029 22:41,551.5,551.5,551.5,551.5,192,0.0,6904,0.0,10621700.0,0.0,4,24,2018-10-29 22:41:00
20181029 22:43,551.5,551.5,551.5,551.5,192,0.0,6904,0.0,10621700.0,0.0,5,36,2018-10-29 22:43:00
20181029 22:45,551.5,551.5,551.5,551.5,192,0.0,6904,0.0,10621700.0,0.0,131,168,2018-10-29 22:45:00
20181029 22:46,551.5,551.5,551.5,551.5,192,0.0,6904,0.0,10621700.0,0.0,97,120,2018-10-29 22:46:00
20181029 22:47,551.5,551.5,551.5,551.5,192,0.0,6904,0.0,10621700.0,0.0,29,60,2018-10-29 22:47:00
20181029 22:48,551.5,551.5,551.5,551.5,192,0.0,6904,0.0,10621700.0,0.0,20,60,2018-10-29 22:48:00
20181029 22:49,551.5,551.5,551.5,551.5,192,0.0,6904,0.0,10621700.0,0.0,16,84,2018-10-29 22:49:00
20181029 22:50,551.5,551.5,551.5,551.5,192,0.0,6904,0.0,10621700.0,0.0,29,60,2018-10-29 22:50:00
20181029 22:51,551.5,551.5,551.5,551.5,192,0.0,6904,0.0,10621700.0,0.0,5,12,2018-10-29 22:51:00
20181029 22:52,551.5,551.5,551.5,551.5,192,0.0,6904,0.0,10621700.0,0.0,2,12,2018-10-29 22:52:00
20181029 22:53,551.5,551.5,551.5,551.5,192,0.0,6904,0.0,10621700.0,0.0,72,108,2018-10-29 22:53:00
20181029 22:54,551.5,551.5,551.5,551.5,192,0.0,6904,0.0,10621700.0,0.0,127,118,2018-10-29 22:54:00
20181029 22:55,551.5,551.5,551.5,551.5,192,0.0,6904,0.0,10621700.0,0.0,16,40,2018-10-29 22:55:00
20181029 22:56,551.5,551.5,551.5,551.5,192,0.0,6904,0.0,10621700.0,0.0,10,30,2018-10-29 22:56:00
20181029 22:57,551.5,551.5,551.5,551.5,192,0.0,6904,0.0,10621700.0,0.0,12,30,2018-10-29 22:57:00
20181029 22:58,551.5,551.5,551.5,551.5,192,0.0,6904,0.0,10621700.0,0.0,4,10,2018-10-29 22:58:00
20181029 22:59,551.5,551.5,551.5,551.5,192,0.0,6904,0.0,10621700.0,0.0,4,20,2018-10-29 22:59:00
20181029 23:00,551.5,551.5,551.5,551.5,192,0.0,6904,0.0,10621700.0,0.0,2,10,2018-10-29 23:00:00
20181029 23:01,551.5,551.5,551.5,551.5,192,0.0,6904,0.0,10621700.0,0.0,9,20,2018-10-29 23:01:00
20181029 23:02,551.5,551.5,551.5,551.5,192,0.0,6904,0.0,10621700.0,0.0,4,30,2018-10-29 23:02:00
20181029 23:04,551.5,551.5,551.5,551.5,192,0.0,6904,0.0,10621700.0,0.0,6,20,2018-10-29 23:04:00
20181029 23:06,551.5,551.5,551.5,551.5,192,0.0,6904,0.0,10621700.0,0.0,7,3,2018-10-29 23:06:00
20181029 23:08,551.5,551.5,551.5,551.5,192,0.0,6904,0.0,10621700.0,0.0,10,4,2018-10-29 23:08:00
20181029 23:09,551.5,551.5,551.5,551.5,192,0.0,6904,0.0,10621700.0,0.0,1,1,2018-10-29 23:09:00
20181029 23:11,551.5,551.5,551.5,551.5,192,0.0,6904,0.0,10621700.0,0.0,8,4,2018-10-29 23:11:00
20181029 23:13,551.5,551.5,551.5,551.5,192,0.0,6904,0.0,10621700.0,0.0,2,2,2018-10-29 23:13:00
20181029 23:15,551.5,552.0,551.5,552.0,194,2.0,6904,0.0,10732100.0,110400.0,5,3,2018-10-29 23:15:00
20181029 23:16,552.0,552.0,552.0,552.0,196,2.0,6904,0.0,10842500.0,110400.0,4,3,2018-10-29 23:16:00
20181029 23:17,552.0,552.0,552.0,552.0,196,0.0,6904,0.0,10842500.0,0.0,1,10,2018-10-29 23:17:00
20181029 23:18,552.0,552.0,552.0,552.0,196,0.0,6904,0.0,10842500.0,0.0,9,40,2018-10-29 23:18:00
20181029 23:19,552.0,552.0,552.0,552.0,196,0.0,6904,0.0,10842500.0,0.0,13,30,2018-10-29 23:19:00
20181029 23:21,552.0,552.0,552.0,552.0,196,0.0,6904,0.0,10842500.0,0.0,7,20,2018-10-29 23:21:00
20181029 23:23,552.0,552.0,552.0,552.0,196,0.0,6904,0.0,10842500.0,0.0,7,20,2018-10-29 23:23:00
20181029 23:24,552.0,552.0,552.0,552.0,196,0.0,6904,0.0,10842500.0,0.0,1,12,2018-10-29 23:24:00
20181029 23:25,552.0,552.0,552.0,552.0,196,0.0,6904,0.0,10842500.0,0.0,7,24,2018-10-29 23:25:00
20181029 23:27,552.0,552.0,552.0,552.0,196,0.0,6904,0.0,10842500.0,0.0,7,24,2018-10-29 23:27:00
20181029 23:29,552.0,552.0,552.0,552.0,196,0.0,6904,0.0,10842500.0,0.0,8,36,2018-10-29 23:29:00
20181030 09:00,555.5,555.5,555.5,555.5,228,32.0,6480,-424.0,12704300.0,1861800.0,16,40,2018-10-30 09:00:00
20181030 09:01,558.0,558.0,558.0,558.0,238,10.0,6482,2.0,13262000.0,557700.0,8,21,2018-10-30 09:01:00
20181030 09:03,558.0,558.0,558.0,558.0,238,0.0,6482,0.0,13262000.0,0.0,4,10,2018-10-30 09:03:00
20181030 09:04,558.0,558.0,556.0,556.0,264,26.0,6476,-6.0,14711600.0,1449600.0,39,54,2018-10-30 09:04:00
20181030 09:05,556.0,556.0,555.0,555.0,288,24.0,6452,-24.0,16043800.0,1332200.0,33,25,2018-10-30 09:05:00
20181030 09:06,555.0,555.0,555.0,555.0,290,2.0,6454,2.0,16154800.0,111000.0,33,15,2018-10-30 09:06:00
20181030 09:07,555.5,555.5,555.5,555.5,296,6.0,6448,-6.0,16488100.0,333300.0,8,1,2018-10-30 09:07:00
20181030 09:08,555.5,555.5,555.5,555.5,296,0.0,6448,0.0,16488100.0,0.0,1,1,2018-10-30 09:08:00
20181030 09:09,555.0,555.0,555.0,555.0,312,16.0,6436,-12.0,17376100.0,888000.0,14,59,2018-10-30 09:09:00
20181030 09:13,555.0,555.0,555.0,555.0,312,0.0,6436,0.0,17376100.0,0.0,4,80,2018-10-30 09:13:00
20181030 09:14,555.0,555.0,555.0,555.0,312,0.0,6436,0.0,17376100.0,0.0,1,20,2018-10-30 09:14:00
20181030 09:15,555.0,555.0,555.0,555.0,312,0.0,6436,0.0,17376100.0,0.0,1,20,2018-10-30 09:15:00
20181030 09:16,555.0,555.0,555.0,555.0,312,0.0,6436,0.0,17376100.0,0.0,2,40,2018-10-30 09:16:00
20181030 09:17,555.0,555.0,555.0,555.0,352,40.0,6396,-40.0,19596100.0,2220000.0,1,10,2018-10-30 09:17:00
20181030 09:18,555.0,555.0,555.0,555.0,352,0.0,6396,0.0,19596100.0,0.0,3,32,2018-10-30 09:18:00
20181030 09:23,555.0,555.0,555.0,555.0,352,0.0,6396,0.0,19596100.0,0.0,1,13,2018-10-30 09:23:00
20181030 09:28,555.0,555.5,555.0,555.5,354,2.0,6394,-2.0,19707200.0,111100.0,3,27,2018-10-30 09:28:00
20181030 09:35,555.5,555.5,555.5,555.5,354,0.0,6394,0.0,19707200.0,0.0,1,12,2018-10-30 09:35:00
20181030 09:40,555.5,555.5,555.5,555.5,354,0.0,6394,0.0,19707200.0,0.0,1,12,2018-10-30 09:40:00
20181030 09:42,555.5,555.5,555.5,555.5,354,0.0,6394,0.0,19707200.0,0.0,1,12,2018-10-30 09:42:00
20181030 09:46,555.5,555.5,555.5,555.5,354,0.0,6394,0.0,19707200.0,0.0,1,2,2018-10-30 09:46:00
20181030 09:47,555.5,555.5,555.5,555.5,366,12.0,6382,-12.0,20373800.0,666600.0,8,7,2018-10-30 09:47:00
20181030 09:48,555.0,555.0,555.0,555.0,370,4.0,6378,-4.0,20595800.0,222000.0,1,12,2018-10-30 09:48:00
20181030 09:49,555.0,555.0,555.0,555.0,370,0.0,6378,0.0,20595800.0,0.0,5,12,2018-10-30 09:49:00
20181030 09:50,555.0,555.0,554.5,554.5,406,36.0,6344,-34.0,22592500.0,1996700.0,25,55,2018-10-30 09:50:00
20181030 09:51,554.5,554.5,554.5,554.5,406,0.0,6344,0.0,22592500.0,0.0,15,38,2018-10-30 09:51:00
20181030 09:52,554.5,554.5,554.0,554.5,428,22.0,6322,-22.0,23811600.0,1219100.0,44,51,2018-10-30 09:52:00
20181030 09:55,554.5,554.5,554.5,554.5,428,0.0,6322,0.0,23811600.0,0.0,5,6,2018-10-30 09:55:00
20181030 09:56,554.5,554.5,554.5,554.5,428,0.0,6322,0.0,23811600.0,0.0,211,84,2018-10-30 09:56:00
20181030 09:57,554.5,554.5,554.5,554.5,428,0.0,6322,0.0,23811600.0,0.0,37,6,2018-10-30 09:57:00
20181030 10:00,554.5,554.5,554.5,554.5,428,0.0,6322,0.0,23811600.0,0.0,5,6,2018-10-30 10:00:00
20181030 10:01,554.5,554.5,554.5,554.5,428,0.0,6322,0.0,23811600.0,0.0,37,6,2018-10-30 10:01:00
20181030 10:03,554.5,554.5,554.5,554.5,428,0.0,6322,0.0,23811600.0,0.0,5,6,2018-10-30 10:03:00
20181030 10:07,554.5,554.5,554.5,554.5,428,0.0,6322,0.0,23811600.0,0.0,197,54,2018-10-30 10:07:00
20181030 10:08,554.5,554.5,554.5,554.5,444,16.0,6306,-16.0,24698800.0,887200.0,245,62,2018-10-30 10:08:00
20181030 10:09,554.5,554.5,554.5,554.5,444,0.0,6306,0.0,24698800.0,0.0,11,18,2018-10-30 10:09:00
20181030 10:13,554.5,554.5,554.5,554.5,444,0.0,6306,0.0,24698800.0,0.0,5,1,2018-10-30 10:13:00
20181030 10:30,554.5,554.5,554.5,554.5,444,0.0,6306,0.0,24698800.0,0.0,5,3,2018-10-30 10:30:00
20181030 10:31,554.5,554.5,554.5,554.5,450,6.0,6300,-6.0,25031500.0,332700.0,289,48,2018-10-30 10:31:00
20181030 10:32,554.5,554.5,554.5,554.5,450,0.0,6300,0.0,25031500.0,0.0,78,24,2018-10-30 10:32:00
20181030 10:33,554.5,554.5,554.5,554.5,450,0.0,6300,0.0,25031500.0,0.0,39,12,2018-10-30 10:33:00
20181030 10:34,554.5,554.5,554.0,554.0,452,2.0,6298,-2.0,25142300.0,110800.0,10,11,2018-10-30 10:34:00
20181030 10:35,554.0,554.0,554.0,554.0,452,0.0,6298,0.0,25142300.0,0.0,241,55,2018-10-30 10:35:00
20181030 10:37,554.0,554.0,554.0,554.0,452,0.0,6298,0.0,25142300.0,0.0,5,5,2018-10-30 10:37:00
20181030 10:38,554.0,554.5,554.0,554.5,466,14.0,6284,-14.0,25918600.0,776300.0,12,10,2018-10-30 10:38:00
20181030 10:41,554.5,554.5,554.5,554.5,466,0.0,6284,0.0,25918600.0,0.0,39,10,2018-10-30 10:41:00
20181030 10:44,555.0,555.0,555.0,555.0,468,2.0,6282,-2.0,26029600.0,111000.0,4,5,2018-10-30 10:44:00
20181030 10:53,555.0,555.0,555.0,555.0,468,0.0,6282,0.0,26029600.0,0.0,4,7,2018-10-30 10:53:00
20181030 10:54,555.0,555.0,555.0,555.0,468,0.0,6282,0.0,26029600.0,0.0,33,7,2018-10-30 10:54:00
20181030 10:58,555.0,555.0,555.0,555.0,468,0.0,6282,0.0,26029600.0,0.0,4,7,2018-10-30 10:58:00
20181030 10:59,555.0,555.0,555.0,555.0,468,0.0,6282,0.0,26029600.0,0.0,104,35,2018-10-30 10:59:00
20181030 11:07,555.0,555.0,555.0,555.0,476,8.0,6274,-8.0,26473600.0,444000.0,38,15,2018-10-30 11:07:00
20181030 11:08,555.0,555.0,555.0,555.0,476,0.0,6274,0.0,26473600.0,0.0,30,2,2018-10-30 11:08:00
20181030 11:09,555.0,555.0,555.0,555.0,476,0.0,6274,0.0,26473600.0,0.0,3,10,2018-10-30 11:09:00
20181030 11:11,555.0,555.0,555.0,555.0,476,0.0,6274,0.0,26473600.0,0.0,30,2,2018-10-30 11:11:00
20181030 11:13,555.0,555.0,555.0,555.0,476,0.0,6274,0.0,26473600.0,0.0,1,2,2018-10-30 11:13:00
20181030 11:14,555.0,556.0,555.0,556.0,504,28.0,6246,-28.0,28030400.0,1556800.0,39,16,2018-10-30 11:14:00
20181030 11:16,557.0,557.5,557.0,557.5,508,4.0,6242,-4.0,28253300.0,222900.0,26,40,2018-10-30 11:16:00
20181030 11:17,557.5,557.5,557.5,557.5,508,0.0,6242,0.0,28253300.0,0.0,1,17,2018-10-30 11:17:00
20181030 11:18,557.0,557.0,557.0,557.0,542,34.0,6208,-34.0,30147100.0,1893800.0,13,32,2018-10-30 11:18:00
20181030 11:20,557.0,557.0,557.0,557.0,548,6.0,6202,-6.0,30481300.0,334200.0,1,7,2018-10-30 11:20:00
20181030 11:21,557.0,557.0,557.0,557.0,548,0.0,6202,0.0,30481300.0,0.0,5,21,2018-10-30 11:21:00
20181030 11:22,557.0,557.0,557.0,557.0,548,0.0,6202,0.0,30481300.0,0.0,9,48,2018-10-30 11:22:00
20181030 11:26,557.0,557.0,557.0,557.0,548,0.0,6202,0.0,30481300.0,0.0,7,16,2018-10-30 11:26:00
20181030 11:27,557.0,557.0,557.0,557.0,564,16.0,6186,-16.0,31372500.0,891200.0,29,18,2018-10-30 11:27:00
20181030 11:28,557.0,557.0,557.0,557.0,564,0.0,6186,0.0,31372500.0,0.0,12,8,2018-10-30 11:28:00
20181030 11:29,557.0,557.0,557.0,557.0,564,0.0,6186,0.0,31372500.0,0.0,31,3,2018-10-30 11:29:00
20181030 13:30,557.0,557.0,557.0,557.0,564,0.0,6186,0.0,31372500.0,0.0,20,15,2018-10-30 13:30:00
20181030 13:35,557.0,557.0,557.0,557.0,564,0.0,6186,0.0,31372500.0,0.0,11,12,2018-10-30 13:35:00
20181030 13:37,557.0,557.0,557.0,557.0,564,0.0,6186,0.0,31372500.0,0.0,30,25,2018-10-30 13:37:00
20181030 13:38,557.0,557.0,557.0,557.0,564,0.0,6186,0.0,31372500.0,0.0,36,36,2018-10-30 13:38:00
20181030 13:39,557.0,557.0,557.0,557.0,564,0.0,6186,0.0,31372500.0,0.0,10,12,2018-10-30 13:39:00
20181030 13:40,557.0,557.0,557.0,557.0,564,0.0,6186,0.0,31372500.0,0.0,42,48,2018-10-30 13:40:00
20181030 13:41,557.0,557.0,556.0,556.0,584,20.0,6166,-20.0,32484500.0,1112000.0,41,28,2018-10-30 13:41:00
20181030 13:42,556.0,557.0,556.0,557.0,588,4.0,6162,-4.0,32707300.0,222800.0,98,54,2018-10-30 13:42:00
20181030 13:43,557.0,557.0,557.0,557.0,588,0.0,6162,0.0,32707300.0,0.0,16,3,2018-10-30 13:43:00
20181030 13:44,557.0,557.0,557.0,557.0,592,4.0,6162,0.0,32930100.0,222800.0,6,1,2018-10-30 13:44:00
20181030 13:45,557.0,557.0,557.0,557.0,592,0.0,6162,0.0,32930100.0,0.0,6,2,2018-10-30 13:45:00
20181030 13:48,557.0,557.0,557.0,557.0,592,0.0,6162,0.0,32930100.0,0.0,18,4,2018-10-30 13:48:00
20181030 13:52,557.0,557.0,556.5,556.5,608,16.0,6146,-16.0,33820500.0,890400.0,25,11,2018-10-30 13:52:00
20181030 13:57,556.5,556.5,556.5,556.5,608,0.0,6146,0.0,33820500.0,0.0,54,14,2018-10-30 13:57:00
20181030 14:00,556.5,556.5,556.5,556.5,608,0.0,6146,0.0,33820500.0,0.0,6,1,2018-10-30 14:00:00
20181030 14:01,556.5,556.5,556.5,556.5,608,0.0,6146,0.0,33820500.0,0.0,6,2,2018-10-30 14:01:00
20181030 14:02,556.0,556.0,556.0,556.0,612,4.0,6146,0.0,34042900.0,222400.0,7,18,2018-10-30 14:02:00
20181030 14:08,556.0,557.0,556.0,557.0,626,14.0,6132,-14.0,34822600.0,779700.0,37,91,2018-10-30 14:08:00
20181030 14:09,557.0,557.0,557.0,557.0,626,0.0,6132,0.0,34822600.0,0.0,12,44,2018-10-30 14:09:00
20181030 14:10,558.0,558.0,558.0,558.0,706,80.0,6052,-80.0,39286600.0,4464000.0,94,128,2018-10-30 14:10:00
20181030 14:12,558.0,558.0,558.0,558.0,736,30.0,6022,-30.0,40960600.0,1674000.0,38,135,2018-10-30 14:12:00
20181030 14:13,557.5,557.5,557.5,557.5,776,40.0,5982,-40.0,43190600.0,2230000.0,15,121,2018-10-30 14:13:00
20181030 14:14,557.5,557.5,557.5,557.5,776,0.0,5982,0.0,43190600.0,0.0,40,26,2018-10-30 14:14:00
20181030 14:16,557.5,557.5,557.5,557.5,776,0.0,5982,0.0,43190600.0,0.0,80,54,2018-10-30 14:16:00
20181030 14:18,557.5,557.5,557.5,557.5,776,0.0,5982,0.0,43190600.0,0.0,140,111,2018-10-30 14:18:00
20181030 14:19,557.5,557.5,557.5,557.5,776,0.0,5982,0.0,43190600.0,0.0,20,28,2018-10-30 14:19:00
20181030 14:20,557.5,557.5,557.5,557.5,776,0.0,5982,0.0,43190600.0,0.0,60,44,2018-10-30 14:20:00
20181030 14:21,557.5,557.5,557.5,557.5,776,0.0,5982,0.0,43190600.0,0.0,160,103,2018-10-30 14:21:00
20181030 14:22,557.5,557.5,557.5,557.5,776,0.0,5982,0.0,43190600.0,0.0,20,2,2018-10-30 14:22:00
20181030 14:23,557.5,557.5,557.5,557.5,780,4.0,5978,-4.0,43413600.0,223000.0,116,86,2018-10-30 14:23:00
20181030 14:24,557.5,557.5,557.5,557.5,780,0.0,5978,0.0,43413600.0,0.0,154,142,2018-10-30 14:24:00
20181030 14:25,557.5,557.5,557.5,557.5,780,0.0,5978,0.0,43413600.0,0.0,175,149,2018-10-30 14:25:00
20181030 14:26,557.5,557.5,557.5,557.5,780,0.0,5978,0.0,43413600.0,0.0,19,135,2018-10-30 14:26:00
20181030 14:27,557.5,557.5,555.5,555.5,782,2.0,5978,0.0,43524700.0,111100.0,3,59,2018-10-30 14:27:00
20181030 14:28,555.5,555.5,555.5,555.5,782,0.0,5978,0.0,43524700.0,0.0,10,99,2018-10-30 14:28:00
20181030 14:29,555.5,555.5,555.5,555.5,782,0.0,5978,0.0,43524700.0,0.0,5,70,2018-10-30 14:29:00
20181030 14:30,555.5,555.5,555.5,555.5,782,0.0,5978,0.0,43524700.0,0.0,1,2,2018-10-30 14:30:00
20181030 14:31,555.5,555.5,555.5,555.5,782,0.0,5978,0.0,43524700.0,0.0,2,104,2018-10-30 14:31:00
20181030 14:32,555.5,555.5,555.5,555.5,782,0.0,5978,0.0,43524700.0,0.0,11,542,2018-10-30 14:32:00
20181030 14:33,555.5,555.5,555.5,555.5,782,0.0,5978,0.0,43524700.0,0.0,8,65,2018-10-30 14:33:00
20181030 14:34,555.5,555.5,555.5,555.5,782,0.0,5978,0.0,43524700.0,0.0,25,89,2018-10-30 14:34:00
20181030 14:35,555.5,555.5,555.5,555.5,782,0.0,5978,0.0,43524700.0,0.0,11,4,2018-10-30 14:35:00
20181030 14:36,555.5,555.5,555.5,555.5,782,0.0,5978,0.0,43524700.0,0.0,11,4,2018-10-30 14:36:00
20181030 14:39,558.0,558.0,558.0,558.0,812,30.0,5950,-28.0,45198100.0,1673400.0,22,3,2018-10-30 14:39:00
20181030 14:40,558.0,558.0,558.0,558.0,820,8.0,5942,-8.0,45644500.0,446400.0,7,1,2018-10-30 14:40:00
20181030 14:42,558.0,558.0,558.0,558.0,820,0.0,5942,0.0,45644500.0,0.0,8,1,2018-10-30 14:42:00
20181030 14:43,558.0,558.0,558.0,558.0,820,0.0,5942,0.0,45644500.0,0.0,9,1,2018-10-30 14:43:00
20181030 14:45,558.0,558.0,558.0,558.0,820,0.0,5942,0.0,45644500.0,0.0,60,5,2018-10-30 14:45:00
20181030 14:47,558.0,558.0,558.0,558.0,820,0.0,5942,0.0,45644500.0,0.0,35,9,2018-10-30 14:47:00
20181030 14:54,558.0,558.0,558.0,558.0,820,0.0,5942,0.0,45644500.0,0.0,16,2,2018-10-30 14:54:00
20181030 14:55,558.0,558.0,558.0,558.0,820,0.0,5942,0.0,45644500.0,0.0,1,1,2018-10-30 14:55:00
20181030 14:59,557.5,557.5,557.5,557.5,822,2.0,5940,-2.0,45756000.0,111500.0,127,161,2018-10-30 14:59:00
20181030 15:00,557.5,557.5,557.5,557.5,822,0.0,5940,0.0,45756000.0,0.0,16,156,2018-10-30 15:00:00
20181030 20:58,556.0,556.0,556.0,556.0,0,0.0,6682,742.0,0.0,0.0,1,1,2018-10-30 20:58:00
20181030 21:00,556.0,556.0,556.0,556.0,0,0.0,6682,0.0,0.0,0.0,58,134,2018-10-30 21:00:00
20181030 21:01,556.0,556.0,556.0,556.0,0,0.0,6682,0.0,0.0,0.0,44,63,2018-10-30 21:01:00
20181030 21:02,556.0,556.0,556.0,556.0,2,2.0,6682,0.0,111200.0,111200.0,20,35,2018-10-30 21:02:00
20181030 21:03,556.0,556.0,556.0,556.0,2,0.0,6682,0.0,111200.0,0.0,11,22,2018-10-30 21:03:00
20181030 21:04,556.0,556.0,556.0,556.0,2,0.0,6682,0.0,111200.0,0.0,4,8,2018-10-30 21:04:00
20181030 21:05,556.0,556.0,556.0,556.0,2,0.0,6682,0.0,111200.0,0.0,3,9,2018-10-30 21:05:00
20181030 21:06,556.0,556.0,556.0,556.0,2,0.0,6682,0.0,111200.0,0.0,16,6,2018-10-30 21:06:00
20181030 21:07,556.0,556.0,556.0,556.0,2,0.0,6682,0.0,111200.0,0.0,1,3,2018-10-30 21:07:00
20181030 21:08,556.0,556.0,556.0,556.0,2,0.0,6682,0.0,111200.0,0.0,1,1,2018-10-30 21:08:00
20181030 21:09,556.0,557.5,556.0,557.5,4,2.0,6680,-2.0,222700.0,111500.0,6,4,2018-10-30 21:09:00
20181030 21:10,557.5,557.5,557.5,557.5,4,0.0,6680,0.0,222700.0,0.0,20,6,2018-10-30 21:10:00
20181030 21:13,557.5,557.5,557.5,557.5,176,172.0,6508,-172.0,9811700.0,9589000.0,94,3,2018-10-30 21:13:00
20181030 21:14,557.5,557.5,557.5,557.5,176,0.0,6508,0.0,9811700.0,0.0,40,55,2018-10-30 21:14:00
20181030 21:15,558.0,558.0,558.0,558.0,178,2.0,6508,0.0,9923300.0,111600.0,9,27,2018-10-30 21:15:00
20181030 21:16,558.0,558.0,558.0,558.0,178,0.0,6508,0.0,9923300.0,0.0,46,30,2018-10-30 21:16:00
20181030 21:17,558.0,558.0,558.0,558.0,178,0.0,6508,0.0,9923300.0,0.0,19,12,2018-10-30 21:17:00
20181030 21:19,558.0,558.0,558.0,558.0,178,0.0,6508,0.0,9923300.0,0.0,27,12,2018-10-30 21:19:00
20181030 21:20,558.0,558.0,558.0,558.0,178,0.0,6508,0.0,9923300.0,0.0,63,66,2018-10-30 21:20:00
20181030 21:21,558.0,558.0,558.0,558.0,178,0.0,6508,0.0,9923300.0,0.0,1,12,2018-10-30 21:21:00
20181030 21:22,558.0,558.0,558.0,558.0,178,0.0,6508,0.0,9923300.0,0.0,1,9,2018-10-30 21:22:00
20181030 21:23,558.0,558.0,558.0,558.0,178,0.0,6508,0.0,9923300.0,0.0,2,21,2018-10-30 21:23:00
20181030 21:24,558.0,558.0,558.0,558.0,178,0.0,6508,0.0,9923300.0,0.0,28,33,2018-10-30 21:24:00
20181030 21:25,558.0,558.0,556.0,556.0,184,6.0,6508,0.0,10256900.0,333600.0,24,27,2018-10-30 21:25:00
20181030 21:26,556.0,556.0,556.0,556.0,184,0.0,6508,0.0,10256900.0,0.0,12,18,2018-10-30 21:26:00
20181030 21:27,556.0,556.5,556.0,556.5,188,4.0,6504,-4.0,10479500.0,222600.0,9,42,2018-10-30 21:27:00
20181030 21:29,556.5,556.5,556.5,556.5,188,0.0,6504,0.0,10479500.0,0.0,3,15,2018-10-30 21:29:00
20181030 21:30,556.5,556.5,556.5,556.5,188,0.0,6504,0.0,10479500.0,0.0,12,75,2018-10-30 21:30:00
20181030 21:32,556.5,556.5,556.5,556.5,188,0.0,6504,0.0,10479500.0,0.0,7,35,2018-10-30 21:32:00
20181030 21:33,556.5,556.5,556.5,556.5,188,0.0,6504,0.0,10479500.0,0.0,1,4,2018-10-30 21:33:00
20181030 21:34,556.5,556.5,556.5,556.5,188,0.0,6504,0.0,10479500.0,0.0,4,17,2018-10-30 21:34:00
20181030 21:39,556.5,556.5,556.5,556.5,188,0.0,6504,0.0,10479500.0,0.0,33,293,2018-10-30 21:39:00
20181030 21:40,556.5,556.5,556.5,556.5,188,0.0,6504,0.0,10479500.0,0.0,5,60,2018-10-30 21:40:00
20181030 21:41,556.5,556.5,556.5,556.5,188,0.0,6504,0.0,10479500.0,0.0,2,23,2018-10-30 21:41:00
20181030 21:42,556.5,556.5,556.5,556.5,188,0.0,6504,0.0,10479500.0,0.0,1,11,2018-10-30 21:42:00
20181030 21:45,556.5,556.5,556.5,556.5,188,0.0,6504,0.0,10479500.0,0.0,1,11,2018-10-30 21:45:00
20181030 21:47,556.5,556.5,556.5,556.5,188,0.0,6504,0.0,10479500.0,0.0,2,25,2018-10-30 21:47:00
20181030 21:48,556.5,556.5,556.5,556.5,188,0.0,6504,0.0,10479500.0,0.0,2,25,2018-10-30 21:48:00
20181030 21:50,556.5,556.5,556.5,556.5,188,0.0,6504,0.0,10479500.0,0.0,1,14,2018-10-30 21:50:00
20181030 21:51,556.5,556.5,556.5,556.5,188,0.0,6504,0.0,10479500.0,0.0,6,93,2018-10-30 21:51:00
20181030 21:52,556.5,556.5,556.5,556.5,188,0.0,6504,0.0,10479500.0,0.0,3,51,2018-10-30 21:52:00
20181030 21:53,556.5,556.5,556.5,556.5,190,2.0,6502,-2.0,10590800.0,111300.0,20,94,2018-10-30 21:53:00
20181030 21:56,556.5,556.5,556.5,556.5,190,0.0,6502,0.0,10590800.0,0.0,1,1,2018-10-30 21:56:00
20181030 21:57,556.5,556.5,556.5,556.5,190,0.0,6502,0.0,10590800.0,0.0,3,24,2018-10-30 21:57:00
20181030 21:58,556.5,556.5,556.5,556.5,190,0.0,6502,0.0,10590800.0,0.0,1,6,2018-10-30 21:58:00
20181030 22:05,556.5,556.5,556.5,556.5,190,0.0,6502,0.0,10590800.0,0.0,1,9,2018-10-30 22:05:00
20181030 22:13,556.5,556.5,556.5,556.5,190,0.0,6502,0.0,10590800.0,0.0,1,12,2018-10-30 22:13:00
20181030 22:18,556.5,556.5,556.5,556.5,190,0.0,6502,0.0,10590800.0,0.0,1,9,2018-10-30 22:18:00
20181030 22:20,556.5,557.5,556.5,557.5,192,2.0,6504,2.0,10702300.0,111500.0,19,19,2018-10-30 22:20:00
20181030 22:22,557.5,558.0,557.5,558.0,194,2.0,6506,2.0,10813900.0,111600.0,5,10,2018-10-30 22:22:00
20181030 22:23,558.0,558.0,558.0,558.0,194,0.0,6506,0.0,10813900.0,0.0,2,8,2018-10-30 22:23:00
20181030 22:24,558.0,558.0,558.0,558.0,194,0.0,6506,0.0,10813900.0,0.0,2,5,2018-10-30 22:24:00
20181030 22:25,558.0,558.0,558.0,558.0,194,0.0,6506,0.0,10813900.0,0.0,5,8,2018-10-30 22:25:00
20181030 22:28,558.0,558.0,558.0,558.0,194,0.0,6506,0.0,10813900.0,0.0,10,7,2018-10-30 22:28:00
20181030 22:29,558.0,558.0,558.0,558.0,194,0.0,6506,0.0,10813900.0,0.0,19,4,2018-10-30 22:29:00
20181030 22:30,558.0,558.0,558.0,558.0,194,0.0,6506,0.0,10813900.0,0.0,2,2,2018-10-30 22:30:00
20181030 22:31,558.0,558.0,558.0,558.0,194,0.0,6506,0.0,10813900.0,0.0,6,15,2018-10-30 22:31:00
20181030 22:34,558.0,558.0,558.0,558.0,194,0.0,6506,0.0,10813900.0,0.0,4,1,2018-10-30 22:34:00
20181030 22:37,557.5,557.5,557.5,557.5,196,2.0,6506,0.0,10925400.0,111500.0,14,18,2018-10-30 22:37:00
20181030 22:40,557.5,557.5,557.5,557.5,196,0.0,6506,0.0,10925400.0,0.0,24,24,2018-10-30 22:40:00
20181030 22:45,557.5,557.5,557.5,557.5,196,0.0,6506,0.0,10925400.0,0.0,9,6,2018-10-30 22:45:00
20181030 22:46,557.5,557.5,557.5,557.5,196,0.0,6506,0.0,10925400.0,0.0,1,6,2018-10-30 22:46:00
20181030 22:49,557.5,557.5,557.5,557.5,196,0.0,6506,0.0,10925400.0,0.0,4,6,2018-10-30 22:49:00
20181030 22:51,557.5,557.5,557.5,557.5,196,0.0,6506,0.0,10925400.0,0.0,9,12,2018-10-30 22:51:00
20181030 22:52,557.5,557.5,557.5,557.5,196,0.0,6506,0.0,10925400.0,0.0,4,12,2018-10-30 22:52:00
20181030 22:54,557.5,557.5,557.5,557.5,196,0.0,6506,0.0,10925400.0,0.0,2,6,2018-10-30 22:54:00
20181030 22:55,556.5,557.0,556.5,557.0,202,6.0,6506,0.0,11259500.0,334100.0,4,8,2018-10-30 22:55:00
20181030 22:58,557.0,557.0,557.0,557.0,202,0.0,6506,0.0,11259500.0,0.0,6,3,2018-10-30 22:58:00
20181030 23:00,557.0,557.0,557.0,557.0,202,0.0,6506,0.0,11259500.0,0.0,9,3,2018-10-30 23:00:00
20181030 23:01,557.0,557.0,557.0,557.0,202,0.0,6506,0.0,11259500.0,0.0,24,12,2018-10-30 23:01:00
20181030 23:02,557.0,557.0,557.0,557.0,202,0.0,6506,0.0,11259500.0,0.0,24,12,2018-10-30 23:02:00
20181030 23:03,557.0,557.0,557.0,557.0,202,0.0,6506,0.0,11259500.0,0.0,3,3,2018-10-30 23:03:00
20181030 23:05,557.0,557.0,557.0,557.0,202,0.0,6506,0.0,11259500.0,0.0,18,6,2018-10-30 23:05:00
20181030 23:06,557.0,557.0,557.0,557.0,202,0.0,6506,0.0,11259500.0,0.0,13,9,2018-10-30 23:06:00
20181030 23:16,557.0,557.0,557.0,557.0,202,0.0,6506,0.0,11259500.0,0.0,9,8,2018-10-30 23:16:00
20181030 23:17,557.0,557.0,557.0,557.0,202,0.0,6506,0.0,11259500.0,0.0,16,6,2018-10-30 23:17:00
20181030 23:19,557.0,558.0,557.0,558.0,204,2.0,6504,-2.0,11371100.0,111600.0,15,6,2018-10-30 23:19:00
20181030 23:21,558.0,558.0,558.0,558.0,204,0.0,6504,0.0,11371100.0,0.0,12,6,2018-10-30 23:21:00
20181030 23:22,558.0,558.0,558.0,558.0,204,0.0,6504,0.0,11371100.0,0.0,12,6,2018-10-30 23:22:00
20181030 23:23,558.0,558.0,558.0,558.0,204,0.0,6504,0.0,11371100.0,0.0,7,3,2018-10-30 23:23:00
20181030 23:25,558.0,558.0,558.0,558.0,204,0.0,6504,0.0,11371100.0,0.0,12,16,2018-10-30 23:25:00
20181030 23:26,558.0,558.0,555.5,555.5,216,12.0,6492,-12.0,12037700.0,666600.0,19,31,2018-10-30 23:26:00
20181030 23:27,555.5,555.5,555.5,555.5,224,8.0,6484,-8.0,12482100.0,444400.0,5,23,2018-10-30 23:27:00
20181030 23:28,555.5,555.5,555.5,555.5,228,4.0,6480,-4.0,12704300.0,222200.0,3,20,2018-10-30 23:28:00
20181030 23:29,555.5,555.5,555.5,555.5,228,0.0,6480,0.0,12704300.0,0.0,5,30,2018-10-30 23:29:00
20181031 20:59,556.5,556.5,556.5,556.5,2,2.0,5938,-542.0,111300.0,111300.0,1,1,2018-10-31 20:59:00
20181031 21:00,556.5,556.5,556.5,556.5,2,0.0,5938,0.0,111300.0,0.0,96,50,2018-10-31 21:00:00
20181031 21:01,556.5,556.5,556.5,556.5,2,0.0,5938,0.0,111300.0,0.0,45,47,2018-10-31 21:01:00
20181031 21:02,556.5,556.5,556.5,556.5,2,0.0,5938,0.0,111300.0,0.0,35,25,2018-10-31 21:02:00
20181031 21:03,556.5,556.5,556.5,556.5,2,0.0,5938,0.0,111300.0,0.0,14,66,2018-10-31 21:03:00
20181031 21:05,556.5,556.5,556.5,556.5,2,0.0,5938,0.0,111300.0,0.0,8,22,2018-10-31 21:05:00
20181031 21:06,556.5,556.5,556.5,556.5,2,0.0,5938,0.0,111300.0,0.0,5,10,2018-10-31 21:06:00
20181031 21:07,557.0,557.0,557.0,557.0,14,12.0,5938,0.0,779700.0,668400.0,27,27,2018-10-31 21:07:00
20181031 21:08,557.0,557.0,557.0,557.0,14,0.0,5938,0.0,779700.0,0.0,6,4,2018-10-31 21:08:00
20181031 21:09,557.0,557.0,557.0,557.0,14,0.0,5938,0.0,779700.0,0.0,15,8,2018-10-31 21:09:00
20181031 21:10,557.0,557.0,557.0,557.0,14,0.0,5938,0.0,779700.0,0.0,25,13,2018-10-31 21:10:00
20181031 21:11,557.0,557.0,557.0,557.0,14,0.0,5938,0.0,779700.0,0.0,7,8,2018-10-31 21:11:00
20181031 21:12,557.0,557.0,557.0,557.0,14,0.0,5938,0.0,779700.0,0.0,13,12,2018-10-31 21:12:00
20181031 21:13,557.0,557.0,557.0,557.0,14,0.0,5938,0.0,779700.0,0.0,9,8,2018-10-31 21:13:00
20181031 21:14,558.0,558.0,558.0,558.0,52,38.0,5916,-22.0,2900100.0,2120400.0,78,56,2018-10-31 21:14:00
20181031 21:15,558.0,558.0,558.0,558.0,52,0.0,5916,0.0,2900100.0,0.0,54,81,2018-10-31 21:15:00
20181031 21:16,558.0,558.0,558.0,558.0,58,6.0,5916,0.0,3234900.0,334800.0,33,47,2018-10-31 21:16:00
20181031 21:17,558.0,558.0,558.0,558.0,74,16.0,5908,-8.0,4127700.0,892800.0,24,40,2018-10-31 21:17:00
20181031 21:18,558.0,558.0,558.0,558.0,74,0.0,5908,0.0,4127700.0,0.0,12,24,2018-10-31 21:18:00
20181031 21:19,558.0,558.0,558.0,558.0,74,0.0,5908,0.0,4127700.0,0.0,3,18,2018-10-31 21:19:00
20181031 21:20,558.0,558.0,558.0,558.0,74,0.0,5908,0.0,4127700.0,0.0,4,18,2018-10-31 21:20:00
20181031 21:21,558.0,558.0,558.0,558.0,74,0.0,5908,0.0,4127700.0,0.0,3,18,2018-10-31 21:21:00
20181031 21:22,558.0,558.0,558.0,558.0,74,0.0,5908,0.0,4127700.0,0.0,3,24,2018-10-31 21:22:00
20181031 21:23,558.0,558.0,558.0,558.0,98,24.0,5904,-4.0,5466900.0,1339200.0,29,54,2018-10-31 21:23:00
20181031 21:24,558.0,558.0,558.0,558.0,98,0.0,5904,0.0,5466900.0,0.0,17,30,2018-10-31 21:24:00
20181031 21:25,558.0,558.0,558.0,558.0,100,2.0,5904,0.0,5578500.0,111600.0,8,14,2018-10-31 21:25:00
20181031 21:26,558.0,558.0,557.5,557.5,102,2.0,5904,0.0,5690000.0,111500.0,3,40,2018-10-31 21:26:00
20181031 21:27,557.5,557.5,557.5,557.5,102,0.0,5904,0.0,5690000.0,0.0,9,48,2018-10-31 21:27:00
20181031 21:28,557.5,557.5,557.5,557.5,104,2.0,5904,0.0,5801500.0,111500.0,11,38,2018-10-31 21:28:00
20181031 21:29,557.5,557.5,557.5,557.5,104,0.0,5904,0.0,5801500.0,0.0,8,57,2018-10-31 21:29:00
20181031 21:30,558.0,558.0,558.0,558.0,116,12.0,5898,-6.0,6471100.0,669600.0,9,39,2018-10-31 21:30:00
20181031 21:31,558.0,558.0,558.0,558.0,116,0.0,5898,0.0,6471100.0,0.0,1,14,2018-10-31 21:31:00
20181031 21:32,558.0,558.0,558.0,558.0,116,0.0,5898,0.0,6471100.0,0.0,2,37,2018-10-31 21:32:00
20181031 21:33,558.0,558.0,558.0,558.0,116,0.0,5898,0.0,6471100.0,0.0,1,23,2018-10-31 21:33:00
20181031 21:35,558.0,558.0,558.0,558.0,118,2.0,5896,-2.0,6582700.0,111600.0,2,40,2018-10-31 21:35:00
20181031 21:36,558.0,558.0,557.5,557.5,158,40.0,5884,-12.0,8812700.0,2230000.0,4,27,2018-10-31 21:36:00
20181031 21:39,557.5,557.5,557.5,557.5,158,0.0,5884,0.0,8812700.0,0.0,1,8,2018-10-31 21:39:00
20181031 21:40,557.5,557.5,557.5,557.5,160,2.0,5886,2.0,8924200.0,111500.0,2,14,2018-10-31 21:40:00
20181031 21:41,557.5,557.5,557.5,557.5,160,0.0,5886,0.0,8924200.0,0.0,11,21,2018-10-31 21:41:00
20181031 21:42,557.5,557.5,557.5,557.5,160,0.0,5886,0.0,8924200.0,0.0,1,7,2018-10-31 21:42:00
20181031 21:44,557.5,557.5,557.5,557.5,160,0.0,5886,0.0,8924200.0,0.0,3,245,2018-10-31 21:44:00
20181031 21:46,557.5,557.5,557.0,557.0,400,240.0,5648,-238.0,22292200.0,13368000.0,123,124,2018-10-31 21:46:00
20181031 21:47,557.0,557.0,557.0,557.0,400,0.0,5648,0.0,22292200.0,0.0,3,1,2018-10-31 21:47:00
20181031 21:48,557.0,557.0,557.0,557.0,400,0.0,5648,0.0,22292200.0,0.0,9,20,2018-10-31 21:48:00
20181031 21:49,557.0,557.0,557.0,557.0,400,0.0,5648,0.0,22292200.0,0.0,70,54,2018-10-31 21:49:00
20181031 21:50,557.0,557.0,557.0,557.0,400,0.0,5648,0.0,22292200.0,0.0,90,21,2018-10-31 21:50:00
20181031 21:51,557.0,557.0,557.0,557.0,400,0.0,5648,0.0,22292200.0,0.0,27,4,2018-10-31 21:51:00
20181031 21:52,557.0,557.0,557.0,557.0,400,0.0,5648,0.0,22292200.0,0.0,37,6,2018-10-31 21:52:00
20181031 21:54,557.0,557.0,557.0,557.0,400,0.0,5648,0.0,22292200.0,0.0,42,9,2018-10-31 21:54:00
20181031 21:58,557.0,557.0,557.0,557.0,400,0.0,5648,0.0,22292200.0,0.0,10,2,2018-10-31 21:58:00
20181031 21:59,557.0,557.0,557.0,557.0,400,0.0,5648,0.0,22292200.0,0.0,32,7,2018-10-31 21:59:00
20181031 22:02,557.0,557.0,557.0,557.0,400,0.0,5648,0.0,22292200.0,0.0,37,7,2018-10-31 22:02:00
20181031 22:03,557.5,557.5,557.5,557.5,402,2.0,5648,0.0,22403700.0,111500.0,42,4,2018-10-31 22:03:00
20181031 22:04,557.5,557.5,557.5,557.5,404,2.0,5646,-2.0,22515200.0,111500.0,13,1,2018-10-31 22:04:00
20181031 22:05,557.5,557.5,557.5,557.5,404,0.0,5646,0.0,22515200.0,0.0,13,2,2018-10-31 22:05:00
20181031 22:06,557.5,557.5,557.5,557.5,406,2.0,5644,-2.0,22626700.0,111500.0,21,4,2018-10-31 22:06:00
20181031 22:07,557.5,557.5,557.5,557.5,406,0.0,5644,0.0,22626700.0,0.0,31,4,2018-10-31 22:07:00
20181031 22:08,557.5,557.5,557.5,557.5,406,0.0,5644,0.0,22626700.0,0.0,21,3,2018-10-31 22:08:00
20181031 22:09,557.5,557.5,557.5,557.5,406,0.0,5644,0.0,22626700.0,0.0,48,15,2018-10-31 22:09:00
20181031 22:10,557.5,557.5,557.5,557.5,406,0.0,5644,0.0,22626700.0,0.0,26,6,2018-10-31 22:10:00
20181031 22:11,557.5,557.5,557.5,557.5,406,0.0,5644,0.0,22626700.0,0.0,8,9,2018-10-31 22:11:00
20181031 22:12,557.5,557.5,557.5,557.5,406,0.0,5644,0.0,22626700.0,0.0,52,11,2018-10-31 22:12:00
20181031 22:13,557.5,557.5,557.5,557.5,406,0.0,5644,0.0,22626700.0,0.0,75,9,2018-10-31 22:13:00
20181031 22:14,557.5,557.5,557.5,557.5,406,0.0,5644,0.0,22626700.0,0.0,22,1,2018-10-31 22:14:00
20181031 22:15,557.5,557.5,557.5,557.5,406,0.0,5644,0.0,22626700.0,0.0,36,3,2018-10-31 22:15:00
20181031 22:16,557.5,557.5,557.0,557.0,412,6.0,5648,4.0,22961000.0,334300.0,18,6,2018-10-31 22:16:00
20181031 22:17,557.0,557.0,557.0,557.0,412,0.0,5648,0.0,22961000.0,0.0,28,12,2018-10-31 22:17:00
20181031 22:19,557.0,557.0,557.0,557.0,412,0.0,5648,0.0,22961000.0,0.0,24,3,2018-10-31 22:19:00
20181031 22:20,557.0,557.0,557.0,557.0,414,2.0,5648,0.0,23072400.0,111400.0,14,12,2018-10-31 22:20:00
20181031 22:21,557.0,557.0,557.0,557.0,416,2.0,5648,0.0,23183800.0,111400.0,12,1,2018-10-31 22:21:00
20181031 22:22,557.0,557.0,557.0,557.0,418,2.0,5648,0.0,23295200.0,111400.0,12,6,2018-10-31 22:22:00
20181031 22:23,557.0,557.0,557.0,557.0,418,0.0,5648,0.0,23295200.0,0.0,40,20,2018-10-31 22:23:00
20181031 22:24,556.5,556.5,556.5,556.5,422,4.0,5644,-4.0,23517800.0,222600.0,53,22,2018-10-31 22:24:00
20181031 22:26,556.5,556.5,556.5,556.5,422,0.0,5644,0.0,23517800.0,0.0,30,15,2018-10-31 22:26:00
20181031 22:27,556.5,556.5,556.5,556.5,422,0.0,5644,0.0,23517800.0,0.0,21,10,2018-10-31 22:27:00
20181031 22:29,556.5,556.5,556.5,556.5,422,0.0,5644,0.0,23517800.0,0.0,12,5,2018-10-31 22:29:00
20181031 22:35,556.5,556.5,556.5,556.5,422,0.0,5644,0.0,23517800.0,0.0,26,15,2018-10-31 22:35:00
20181031 22:36,556.5,556.5,556.5,556.5,422,0.0,5644,0.0,23517800.0,0.0,8,10,2018-10-31 22:36:00
20181031 22:37,556.5,556.5,556.5,556.5,422,0.0,5644,0.0,23517800.0,0.0,11,18,2018-10-31 22:37:00
20181031 22:38,556.5,556.5,556.5,556.5,422,0.0,5644,0.0,23517800.0,0.0,12,12,2018-10-31 22:38:00
20181031 22:39,556.5,556.5,556.5,556.5,422,0.0,5644,0.0,23517800.0,0.0,29,26,2018-10-31 22:39:00
20181031 22:40,556.5,556.5,556.5,556.5,422,0.0,5644,0.0,23517800.0,0.0,56,19,2018-10-31 22:40:00
20181031 22:44,556.5,556.5,556.5,556.5,422,0.0,5644,0.0,23517800.0,0.0,7,3,2018-10-31 22:44:00
20181031 22:46,556.5,556.5,556.5,556.5,422,0.0,5644,0.0,23517800.0,0.0,9,3,2018-10-31 22:46:00
20181031 22:47,556.5,556.5,556.5,556.5,422,0.0,5644,0.0,23517800.0,0.0,12,3,2018-10-31 22:47:00
20181031 22:52,556.5,557.5,556.5,557.5,440,18.0,5644,0.0,24521300.0,1003500.0,72,35,2018-10-31 22:52:00
20181031 22:53,557.5,557.5,557.5,557.5,440,0.0,5644,0.0,24521300.0,0.0,8,3,2018-10-31 22:53:00
20181031 22:54,557.5,557.5,557.5,557.5,440,0.0,5644,0.0,24521300.0,0.0,10,3,2018-10-31 22:54:00
20181031 22:55,557.5,557.5,557.5,557.5,440,0.0,5644,0.0,24521300.0,0.0,13,3,2018-10-31 22:55:00
20181031 22:56,557.5,557.5,557.5,557.5,440,0.0,5644,0.0,24521300.0,0.0,18,6,2018-10-31 22:56:00
20181031 22:57,557.5,557.5,557.5,557.5,440,0.0,5644,0.0,24521300.0,0.0,13,3,2018-10-31 22:57:00
20181031 22:58,557.5,557.5,557.5,557.5,440,0.0,5644,0.0,24521300.0,0.0,13,5,2018-10-31 22:58:00
20181031 23:01,558.5,558.5,557.0,557.0,454,14.0,5644,0.0,25301400.0,780100.0,18,34,2018-10-31 23:01:00
20181031 23:02,557.0,557.0,557.0,557.0,454,0.0,5644,0.0,25301400.0,0.0,1,5,2018-10-31 23:02:00
20181031 23:14,557.0,557.0,557.0,557.0,454,0.0,5644,0.0,25301400.0,0.0,1,9,2018-10-31 23:14:00
20181031 23:15,557.0,557.0,557.0,557.0,472,18.0,5644,0.0,26304000.0,1002600.0,2,10,2018-10-31 23:15:00
20181031 23:20,557.0,557.5,557.0,557.5,518,46.0,5644,0.0,28868500.0,2564500.0,2,55,2018-10-31 23:20:00
20181031 23:25,557.5,557.5,557.5,557.5,548,30.0,5614,-30.0,30541000.0,1672500.0,1,1,2018-10-31 23:25:00
20181031 23:29,557.5,559.5,557.5,559.5,550,2.0,5612,-2.0,30652900.0,111900.0,6,5,2018-10-31 23:29:00
20181101 09:00,543.0,543.0,543.0,543.0,158,158.0,5186,-426.0,8789500.0,8789500.0,11,45,2018-11-01 09:00:00
20181101 09:01,543.0,543.0,543.0,543.0,158,0.0,5186,0.0,8789500.0,0.0,11,8,2018-11-01 09:01:00
20181101 09:03,543.0,543.0,543.0,543.0,158,0.0,5186,0.0,8789500.0,0.0,6,3,2018-11-01 09:03:00
20181101 09:04,543.0,543.0,543.0,543.0,158,0.0,5186,0.0,8789500.0,0.0,15,7,2018-11-01 09:04:00
20181101 09:05,543.0,543.0,543.0,543.0,158,0.0,5186,0.0,8789500.0,0.0,25,6,2018-11-01 09:05:00
20181101 09:06,543.0,543.0,543.0,543.0,158,0.0,5186,0.0,8789500.0,0.0,4,2,2018-11-01 09:06:00
20181101 09:07,543.0,543.0,543.0,543.0,158,0.0,5186,0.0,8789500.0,0.0,11,3,2018-11-01 09:07:00
20181101 09:08,543.0,543.0,543.0,543.0,158,0.0,5186,0.0,8789500.0,0.0,162,12,2018-11-01 09:08:00
20181101 09:09,543.0,543.0,543.0,543.0,158,0.0,5186,0.0,8789500.0,0.0,52,2,2018-11-01 09:09:00
20181101 09:10,543.0,543.0,543.0,543.0,158,0.0,5186,0.0,8789500.0,0.0,2,2,2018-11-01 09:10:00
20181101 09:12,543.0,543.0,543.0,543.0,158,0.0,5186,0.0,8789500.0,0.0,52,4,2018-11-01 09:12:00
20181101 09:13,543.0,543.0,543.0,543.0,158,0.0,5186,0.0,8789500.0,0.0,2,1,2018-11-01 09:13:00
20181101 09:17,543.0,543.0,543.0,543.0,158,0.0,5186,0.0,8789500.0,0.0,4,2,2018-11-01 09:17:00
20181101 09:18,555.0,555.5,555.0,555.5,162,4.0,5182,-4.0,9011600.0,222100.0,111,17,2018-11-01 09:18:00
20181101 09:19,555.5,555.5,555.5,555.5,164,2.0,5182,0.0,9122700.0,111100.0,70,13,2018-11-01 09:19:00
20181101 09:20,555.5,556.0,555.5,556.0,166,2.0,5180,-2.0,9233900.0,111200.0,115,6,2018-11-01 09:20:00
20181101 09:21,556.0,556.0,556.0,556.0,170,4.0,5180,0.0,9456300.0,222400.0,42,17,2018-11-01 09:21:00
20181101 09:22,556.0,556.0,556.0,556.0,170,0.0,5180,0.0,9456300.0,0.0,3,1,2018-11-01 09:22:00
20181101 09:23,556.0,556.0,556.0,556.0,172,2.0,5180,0.0,9567500.0,111200.0,9,4,2018-11-01 09:23:00
20181101 09:24,555.5,555.5,555.5,555.5,176,4.0,5180,0.0,9789700.0,222200.0,246,14,2018-11-01 09:24:00
20181101 09:25,555.5,555.5,555.5,555.5,176,0.0,5180,0.0,9789700.0,0.0,98,8,2018-11-01 09:25:00
20181101 09:26,555.5,556.0,555.5,556.0,178,2.0,5178,-2.0,9900900.0,111200.0,244,11,2018-11-01 09:26:00
20181101 09:27,556.0,556.0,556.0,556.0,180,2.0,5176,-2.0,10012100.0,111200.0,239,5,2018-11-01 09:27:00
20181101 09:28,556.0,556.0,556.0,556.0,180,0.0,5176,0.0,10012100.0,0.0,141,9,2018-11-01 09:28:00
20181101 09:35,556.0,556.0,555.5,555.5,182,2.0,5176,0.0,10123200.0,111100.0,141,3,2018-11-01 09:35:00
20181101 09:36,555.5,555.5,555.5,555.5,182,0.0,5176,0.0,10123200.0,0.0,94,3,2018-11-01 09:36:00
20181101 09:38,555.5,555.5,555.5,555.5,182,0.0,5176,0.0,10123200.0,0.0,47,1,2018-11-01 09:38:00
20181101 09:40,555.5,556.0,555.5,556.0,184,2.0,5174,-2.0,10234400.0,111200.0,139,3,2018-11-01 09:40:00
20181101 09:48,556.0,556.0,556.0,556.0,184,0.0,5174,0.0,10234400.0,0.0,92,8,2018-11-01 09:48:00
20181101 09:49,556.0,556.0,556.0,556.0,210,26.0,5148,-26.0,11680000.0,1445600.0,66,14,2018-11-01 09:49:00
20181101 09:50,556.0,556.0,556.0,556.0,210,0.0,5148,0.0,11680000.0,0.0,165,17,2018-11-01 09:50:00
20181101 09:51,556.0,556.0,556.0,556.0,210,0.0,5148,0.0,11680000.0,0.0,363,43,2018-11-01 09:51:00
20181101 09:52,556.0,556.0,556.0,556.0,210,0.0,5148,0.0,11680000.0,0.0,231,25,2018-11-01 09:52:00
20181101 09:53,556.0,556.0,556.0,556.0,210,0.0,5148,0.0,11680000.0,0.0,66,9,2018-11-01 09:53:00
20181101 09:54,556.0,556.0,556.0,556.0,210,0.0,5148,0.0,11680000.0,0.0,33,7,2018-11-01 09:54:00
20181101 09:55,556.0,556.0,556.0,556.0,210,0.0,5148,0.0,11680000.0,0.0,33,2,2018-11-01 09:55:00
20181101 09:56,556.0,556.0,556.0,556.0,210,0.0,5148,0.0,11680000.0,0.0,66,9,2018-11-01 09:56:00
20181101 10:05,556.0,556.0,556.0,556.0,210,0.0,5148,0.0,11680000.0,0.0,99,6,2018-11-01 10:05:00
20181101 10:06,556.0,556.0,556.0,556.0,210,0.0,5148,0.0,11680000.0,0.0,363,42,2018-11-01 10:06:00
20181101 10:07,556.0,556.0,556.0,556.0,210,0.0,5148,0.0,11680000.0,0.0,66,8,2018-11-01 10:07:00
20181101 10:08,556.0,556.0,556.0,556.0,210,0.0,5148,0.0,11680000.0,0.0,198,26,2018-11-01 10:08:00
20181101 10:09,556.0,556.0,556.0,556.0,224,14.0,5134,-14.0,12458400.0,778400.0,234,35,2018-11-01 10:09:00
20181101 10:10,556.0,556.0,556.0,556.0,224,0.0,5134,0.0,12458400.0,0.0,78,10,2018-11-01 10:10:00
20181101 10:11,556.0,556.0,556.0,556.0,224,0.0,5134,0.0,12458400.0,0.0,52,9,2018-11-01 10:11:00
20181101 10:14,556.0,556.0,556.0,556.0,224,0.0,5134,0.0,12458400.0,0.0,52,2,2018-11-01 10:14:00
20181101 10:30,556.0,556.0,556.0,556.0,224,0.0,5134,0.0,12458400.0,0.0,156,24,2018-11-01 10:30:00
20181101 10:31,556.0,556.0,556.0,556.0,224,0.0,5134,0.0,12458400.0,0.0,52,8,2018-11-01 10:31:00
20181101 10:33,556.0,556.0,556.0,556.0,224,0.0,5134,0.0,12458400.0,0.0,52,8,2018-11-01 10:33:00
20181101 10:35,556.0,556.0,556.0,556.0,224,0.0,5134,0.0,12458400.0,0.0,52,8,2018-11-01 10:35:00
20181101 10:37,556.0,556.0,556.0,556.0,224,0.0,5134,0.0,12458400.0,0.0,52,8,2018-11-01 10:37:00
20181101 10:39,556.0,556.0,556.0,556.0,224,0.0,5134,0.0,12458400.0,0.0,52,8,2018-11-01 10:39:00
20181101 10:41,556.0,556.0,556.0,556.0,224,0.0,5134,0.0,12458400.0,0.0,52,8,2018-11-01 10:41:00
20181101 10:42,556.0,556.0,556.0,556.0,224,0.0,5134,0.0,12458400.0,0.0,156,25,2018-11-01 10:42:00
20181101 10:43,556.0,556.0,556.0,556.0,224,0.0,5134,0.0,12458400.0,0.0,26,4,2018-11-01 10:43:00
20181101 10:47,556.0,556.0,556.0,556.0,224,0.0,5134,0.0,12458400.0,0.0,52,8,2018-11-01 10:47:00
20181101 10:49,556.0,556.0,556.0,556.0,224,0.0,5134,0.0,12458400.0,0.0,78,12,2018-11-01 10:49:00
20181101 10:50,556.0,556.0,556.0,556.0,224,0.0,5134,0.0,12458400.0,0.0,52,8,2018-11-01 10:50:00
20181101 10:52,556.0,556.0,556.0,556.0,224,0.0,5134,0.0,12458400.0,0.0,52,8,2018-11-01 10:52:00
20181101 10:54,556.0,556.0,556.0,556.0,224,0.0,5134,0.0,12458400.0,0.0,52,8,2018-11-01 10:54:00
20181101 10:55,556.0,556.0,556.0,556.0,224,0.0,5134,0.0,12458400.0,0.0,26,3,2018-11-01 10:55:00
20181101 11:01,556.0,556.0,556.0,556.0,224,0.0,5134,0.0,12458400.0,0.0,52,8,2018-11-01 11:01:00
20181101 11:03,556.0,556.0,556.0,556.0,224,0.0,5134,0.0,12458400.0,0.0,26,3,2018-11-01 11:03:00
20181101 11:05,556.0,556.0,556.0,556.0,224,0.0,5134,0.0,12458400.0,0.0,26,7,2018-11-01 11:05:00
20181101 11:10,556.0,556.0,556.0,556.0,224,0.0,5134,0.0,12458400.0,0.0,26,1,2018-11-01 11:10:00
20181101 11:11,556.0,556.0,556.0,556.0,224,0.0,5134,0.0,12458400.0,0.0,26,7,2018-11-01 11:11:00
20181101 11:12,556.0,556.0,556.0,556.0,224,0.0,5134,0.0,12458400.0,0.0,52,8,2018-11-01 11:12:00
20181101 11:13,556.0,556.0,556.0,556.0,224,0.0,5134,0.0,12458400.0,0.0,52,8,2018-11-01 11:13:00
20181101 11:15,556.0,556.0,556.0,556.0,224,0.0,5134,0.0,12458400.0,0.0,26,1,2018-11-01 11:15:00
20181101 11:17,556.0,556.0,556.0,556.0,224,0.0,5134,0.0,12458400.0,0.0,52,8,2018-11-01 11:17:00
20181101 11:19,556.0,556.0,556.0,556.0,224,0.0,5134,0.0,12458400.0,0.0,52,8,2018-11-01 11:19:00
20181101 11:21,556.0,556.0,556.0,556.0,224,0.0,5134,0.0,12458400.0,0.0,52,8,2018-11-01 11:21:00
20181101 11:23,556.0,556.0,556.0,556.0,224,0.0,5134,0.0,12458400.0,0.0,52,8,2018-11-01 11:23:00
20181101 11:25,556.0,556.0,556.0,556.0,224,0.0,5134,0.0,12458400.0,0.0,52,8,2018-11-01 11:25:00
20181101 11:27,556.0,556.0,556.0,556.0,224,0.0,5134,0.0,12458400.0,0.0,52,8,2018-11-01 11:27:00
20181101 11:29,556.0,556.0,556.0,556.0,224,0.0,5134,0.0,12458400.0,0.0,130,23,2018-11-01 11:29:00
20181101 13:30,556.0,556.0,556.0,556.0,224,0.0,5134,0.0,12458400.0,0.0,52,8,2018-11-01 13:30:00
20181101 13:31,556.0,556.0,556.0,556.0,224,0.0,5134,0.0,12458400.0,0.0,26,1,2018-11-01 13:31:00
20181101 13:33,556.0,556.0,556.0,556.0,224,0.0,5134,0.0,12458400.0,0.0,78,15,2018-11-01 13:33:00
20181101 13:34,556.0,556.0,556.0,556.0,224,0.0,5134,0.0,12458400.0,0.0,104,16,2018-11-01 13:34:00
20181101 13:36,556.0,556.0,556.0,556.0,224,0.0,5134,0.0,12458400.0,0.0,52,8,2018-11-01 13:36:00
20181101 13:38,556.0,556.0,556.0,556.0,224,0.0,5134,0.0,12458400.0,0.0,81,12,2018-11-01 13:38:00
20181101 13:39,556.0,556.0,556.0,556.0,224,0.0,5134,0.0,12458400.0,0.0,3,15,2018-11-01 13:39:00
20181101 13:40,556.0,556.0,556.0,556.0,224,0.0,5134,0.0,12458400.0,0.0,3,15,2018-11-01 13:40:00
20181101 13:41,556.0,556.0,556.0,556.0,224,0.0,5134,0.0,12458400.0,0.0,28,2,2018-11-01 13:41:00
20181101 13:42,556.0,556.0,556.0,556.0,224,0.0,5134,0.0,12458400.0,0.0,8,23,2018-11-01 13:42:00
20181101 13:43,556.0,556.0,556.0,556.0,224,0.0,5134,0.0,12458400.0,0.0,7,5,2018-11-01 13:43:00
20181101 13:44,556.0,556.0,556.0,556.0,224,0.0,5134,0.0,12458400.0,0.0,12,34,2018-11-01 13:44:00
20181101 14:07,556.0,556.0,556.0,556.0,224,0.0,5134,0.0,12458400.0,0.0,4,8,2018-11-01 14:07:00
20181101 14:11,556.0,556.0,556.0,556.0,224,0.0,5134,0.0,12458400.0,0.0,2,2,2018-11-01 14:11:00
20181101 14:13,556.0,556.0,556.0,556.0,224,0.0,5134,0.0,12458400.0,0.0,2,7,2018-11-01 14:13:00
20181101 14:15,556.0,556.0,556.0,556.0,224,0.0,5134,0.0,12458400.0,0.0,5,31,2018-11-01 14:15:00
20181101 14:16,556.0,556.0,556.0,556.0,224,0.0,5134,0.0,12458400.0,0.0,7,10,2018-11-01 14:16:00
20181101 14:18,556.0,556.0,556.0,556.0,224,0.0,5134,0.0,12458400.0,0.0,39,15,2018-11-01 14:18:00
20181101 14:19,556.0,556.0,556.0,556.0,224,0.0,5134,0.0,12458400.0,0.0,5,3,2018-11-01 14:19:00
20181101 14:20,556.0,556.0,556.0,556.0,224,0.0,5134,0.0,12458400.0,0.0,2,7,2018-11-01 14:20:00
20181101 14:30,556.0,556.0,556.0,556.0,224,0.0,5134,0.0,12458400.0,0.0,4,8,2018-11-01 14:30:00
20181101 15:00,556.0,556.0,556.0,556.0,224,0.0,5134,0.0,12458400.0,0.0,4,2,2018-11-01 15:00:00
20181101 23:30,543.0,543.0,543.0,543.0,158,158.0,5186,52.0,8789500.0,8789500.0,5,2,2018-11-01 23:30:00
20181102 09:00,556.0,556.0,556.0,556.0,0,0.0,5134,-52.0,0.0,0.0,12,35,2018-11-02 09:00:00
20181102 09:01,556.0,556.0,556.0,556.0,0,0.0,5134,0.0,0.0,0.0,5,14,2018-11-02 09:01:00
20181102 09:02,556.0,556.0,556.0,556.0,0,0.0,5134,0.0,0.0,0.0,50,7,2018-11-02 09:02:00
20181102 09:03,556.0,556.0,556.0,556.0,0,0.0,5134,0.0,0.0,0.0,100,8,2018-11-02 09:03:00
20181102 09:04,556.0,556.0,556.0,556.0,0,0.0,5134,0.0,0.0,0.0,1,7,2018-11-02 09:04:00
20181102 09:14,556.0,556.0,556.0,556.0,0,0.0,5134,0.0,0.0,0.0,50,7,2018-11-02 09:14:00
20181102 09:32,556.0,556.0,556.0,556.0,0,0.0,5134,0.0,0.0,0.0,50,7,2018-11-02 09:32:00
20181102 09:33,556.0,556.0,556.0,556.0,0,0.0,5134,0.0,0.0,0.0,53,21,2018-11-02 09:33:00
20181102 09:35,556.0,556.0,556.0,556.0,0,0.0,5134,0.0,0.0,0.0,6,28,2018-11-02 09:35:00
20181102 09:36,556.0,556.0,556.0,556.0,0,0.0,5134,0.0,0.0,0.0,5,21,2018-11-02 09:36:00
20181102 09:37,556.0,556.0,556.0,556.0,0,0.0,5134,0.0,0.0,0.0,10,49,2018-11-02 09:37:00
20181102 09:40,556.0,556.0,556.0,556.0,0,0.0,5134,0.0,0.0,0.0,3,14,2018-11-02 09:40:00
20181102 09:43,556.0,556.0,556.0,556.0,0,0.0,5134,0.0,0.0,0.0,3,14,2018-11-02 09:43:00
20181102 09:45,556.0,556.0,556.0,556.0,0,0.0,5134,0.0,0.0,0.0,6,28,2018-11-02 09:45:00
20181102 09:46,556.0,556.0,556.0,556.0,0,0.0,5134,0.0,0.0,0.0,3,14,2018-11-02 09:46:00
20181102 09:47,556.0,556.0,556.0,556.0,0,0.0,5134,0.0,0.0,0.0,16,77,2018-11-02 09:47:00
20181102 09:48,556.0,556.0,556.0,556.0,0,0.0,5134,0.0,0.0,0.0,1,7,2018-11-02 09:48:00
20181102 09:49,556.0,556.0,556.0,556.0,0,0.0,5134,0.0,0.0,0.0,11,49,2018-11-02 09:49:00
20181102 09:51,556.0,556.0,556.0,556.0,0,0.0,5134,0.0,0.0,0.0,3,14,2018-11-02 09:51:00
20181102 09:53,556.0,556.0,556.0,556.0,0,0.0,5134,0.0,0.0,0.0,1,7,2018-11-02 09:53:00
20181102 09:54,556.0,556.0,556.0,556.0,0,0.0,5134,0.0,0.0,0.0,2,7,2018-11-02 09:54:00
20181102 09:56,556.0,556.0,556.0,556.0,0,0.0,5134,0.0,0.0,0.0,3,14,2018-11-02 09:56:00
20181102 09:58,556.0,556.0,556.0,556.0,0,0.0,5134,0.0,0.0,0.0,3,14,2018-11-02 09:58:00
20181102 10:00,556.0,556.0,556.0,556.0,0,0.0,5134,0.0,0.0,0.0,3,14,2018-11-02 10:00:00
20181102 10:01,556.0,556.0,556.0,556.0,0,0.0,5134,0.0,0.0,0.0,10,49,2018-11-02 10:01:00
20181102 10:02,556.0,556.0,556.0,556.0,0,0.0,5134,0.0,0.0,0.0,7,35,2018-11-02 10:02:00
20181102 10:04,556.0,556.0,556.0,556.0,0,0.0,5134,0.0,0.0,0.0,3,14,2018-11-02 10:04:00
20181102 10:06,556.0,556.0,556.0,556.0,0,0.0,5134,0.0,0.0,0.0,3,14,2018-11-02 10:06:00
20181102 10:08,556.0,556.0,556.0,556.0,0,0.0,5134,0.0,0.0,0.0,3,14,2018-11-02 10:08:00
20181102 10:10,556.0,556.0,556.0,556.0,0,0.0,5134,0.0,0.0,0.0,3,14,2018-11-02 10:10:00
20181102 10:12,556.0,556.0,556.0,556.0,0,0.0,5134,0.0,0.0,0.0,3,14,2018-11-02 10:12:00
20181102 10:14,556.0,556.0,556.0,556.0,0,0.0,5134,0.0,0.0,0.0,3,14,2018-11-02 10:14:00
20181102 10:30,556.0,556.0,556.0,556.0,0,0.0,5134,0.0,0.0,0.0,1,7,2018-11-02 10:30:00
20181102 10:47,556.0,556.0,556.0,556.0,0,0.0,5134,0.0,0.0,0.0,52,21,2018-11-02 10:47:00
20181102 10:55,556.0,556.0,556.0,556.0,0,0.0,5134,0.0,0.0,0.0,4,34,2018-11-02 10:55:00
20181102 11:04,556.0,556.0,556.0,556.0,0,0.0,5134,0.0,0.0,0.0,54,7,2018-11-02 11:04:00
20181102 11:10,556.0,556.0,556.0,556.0,0,0.0,5134,0.0,0.0,0.0,1,7,2018-11-02 11:10:00
20181102 13:35,556.0,556.0,556.0,556.0,0,0.0,5134,0.0,0.0,0.0,846,280,2018-11-02 13:35:00
20181102 13:36,556.0,556.0,556.0,556.0,0,0.0,5134,0.0,0.0,0.0,521,147,2018-11-02 13:36:00
20181102 13:38,556.0,556.0,556.0,556.0,0,0.0,5134,0.0,0.0,0.0,53,7,2018-11-02 13:38:00
20181102 13:40,556.0,556.0,556.0,556.0,0,0.0,5134,0.0,0.0,0.0,53,7,2018-11-02 13:40:00
20181102 13:41,556.0,556.0,556.0,556.0,0,0.0,5134,0.0,0.0,0.0,76,14,2018-11-02 13:41:00
20181102 13:44,556.0,556.0,556.0,556.0,0,0.0,5134,0.0,0.0,0.0,106,14,2018-11-02 13:44:00
20181102 13:45,556.0,556.0,556.0,556.0,0,0.0,5134,0.0,0.0,0.0,53,7,2018-11-02 13:45:00
20181102 13:46,556.0,556.0,556.0,556.0,0,0.0,5134,0.0,0.0,0.0,394,77,2018-11-02 13:46:00
20181102 13:50,556.0,556.0,556.0,556.0,0,0.0,5134,0.0,0.0,0.0,331,56,2018-11-02 13:50:00
20181102 13:52,556.0,556.0,556.0,556.0,0,0.0,5134,0.0,0.0,0.0,168,28,2018-11-02 13:52:00
20181102 13:55,556.0,556.0,556.0,556.0,0,0.0,5134,0.0,0.0,0.0,222,35,2018-11-02 13:55:00
20181102 13:56,556.0,556.0,556.0,556.0,0,0.0,5134,0.0,0.0,0.0,277,35,2018-11-02 13:56:00
20181102 13:57,556.0,556.0,556.0,556.0,0,0.0,5134,0.0,0.0,0.0,24,14,2018-11-02 13:57:00
20181102 13:59,556.0,556.0,556.0,556.0,0,0.0,5134,0.0,0.0,0.0,15,14,2018-11-02 13:59:00
20181102 14:21,556.0,556.0,556.0,556.0,0,0.0,5134,0.0,0.0,0.0,117,7,2018-11-02 14:21:00
20181102 14:26,556.0,556.0,556.0,556.0,0,0.0,5134,0.0,0.0,0.0,220,14,2018-11-02 14:26:00
20181102 14:28,556.0,556.0,556.0,556.0,0,0.0,5134,0.0,0.0,0.0,33,14,2018-11-02 14:28:00
20181102 14:36,556.0,556.0,556.0,556.0,0,0.0,5134,0.0,0.0,0.0,117,7,2018-11-02 14:36:00
20181102 14:37,556.0,556.0,556.0,556.0,0,0.0,5134,0.0,0.0,0.0,323,21,2018-11-02 14:37:00
20181102 14:38,556.0,556.0,556.0,556.0,0,0.0,5134,0.0,0.0,0.0,481,42,2018-11-02 14:38:00
20181102 14:39,556.0,556.0,556.0,556.0,0,0.0,5134,0.0,0.0,0.0,117,7,2018-11-02 14:39:00
20181102 14:40,556.0,556.0,556.0,556.0,0,0.0,5134,0.0,0.0,0.0,473,49,2018-11-02 14:40:00
20181102 14:41,556.0,556.0,556.0,556.0,0,0.0,5134,0.0,0.0,0.0,117,7,2018-11-02 14:41:00
20181102 14:42,556.0,556.0,556.0,556.0,0,0.0,5134,0.0,0.0,0.0,14,7,2018-11-02 14:42:00
20181102 14:45,556.0,556.0,556.0,556.0,0,0.0,5134,0.0,0.0,0.0,117,7,2018-11-02 14:45:00
20181102 14:50,556.0,556.0,556.0,556.0,0,0.0,5134,0.0,0.0,0.0,560,70,2018-11-02 14:50:00
20181102 14:54,556.0,556.0,556.0,556.0,0,0.0,5134,0.0,0.0,0.0,128,14,2018-11-02 14:54:00
20181102 14:56,556.0,556.0,556.0,556.0,0,0.0,5134,0.0,0.0,0.0,14,7,2018-11-02 14:56:00
20181102 15:00,556.0,556.0,556.0,556.0,0,0.0,5134,0.0,0.0,0.0,14,7,2018-11-02 15:00:00
20181102 20:58,556.0,556.0,556.0,556.0,0,0.0,5134,0.0,0.0,0.0,1,20,2018-11-02 20:58:00
20181102 21:00,556.0,556.0,556.0,556.0,0,0.0,5134,0.0,0.0,0.0,7,29,2018-11-02 21:00:00
20181102 21:01,556.0,556.0,556.0,556.0,0,0.0,5134,0.0,0.0,0.0,4,27,2018-11-02 21:01:00
20181102 21:03,556.0,556.0,556.0,556.0,0,0.0,5134,0.0,0.0,0.0,4,14,2018-11-02 21:03:00
20181102 21:04,556.0,556.0,556.0,556.0,0,0.0,5134,0.0,0.0,0.0,2,7,2018-11-02 21:04:00
20181102 21:05,556.0,556.0,556.0,556.0,0,0.0,5134,0.0,0.0,0.0,2,7,2018-11-02 21:05:00
20181102 21:06,556.0,556.0,556.0,556.0,0,0.0,5134,0.0,0.0,0.0,4,27,2018-11-02 21:06:00
20181102 21:10,556.0,556.0,556.0,556.0,0,0.0,5134,0.0,0.0,0.0,12,28,2018-11-02 21:10:00
20181102 21:22,556.0,556.0,556.0,556.0,0,0.0,5134,0.0,0.0,0.0,4,14,2018-11-02 21:22:00
20181102 22:01,556.0,556.0,556.0,556.0,0,0.0,5134,0.0,0.0,0.0,9,15,2018-11-02 22:01:00
20181102 22:02,556.0,556.0,556.0,556.0,0,0.0,5134,0.0,0.0,0.0,9,28,2018-11-02 22:02:00
20181102 22:03,556.0,556.0,556.0,556.0,0,0.0,5134,0.0,0.0,0.0,17,49,2018-11-02 22:03:00
20181102 22:04,556.0,556.0,556.0,556.0,0,0.0,5134,0.0,0.0,0.0,2,7,2018-11-02 22:04:00
20181102 22:05,556.0,556.0,556.0,556.0,0,0.0,5134,0.0,0.0,0.0,15,56,2018-11-02 22:05:00
20181102 22:06,556.0,556.0,556.0,556.0,0,0.0,5134,0.0,0.0,0.0,6,21,2018-11-02 22:06:00
20181102 22:08,556.0,556.0,556.0,556.0,0,0.0,5134,0.0,0.0,0.0,18,63,2018-11-02 22:08:00
20181102 22:10,556.0,556.0,556.0,556.0,0,0.0,5134,0.0,0.0,0.0,2,7,2018-11-02 22:10:00
20181102 22:11,556.0,556.0,556.0,556.0,0,0.0,5134,0.0,0.0,0.0,2,7,2018-11-02 22:11:00
20181102 23:19,556.0,556.0,556.0,556.0,0,0.0,5134,0.0,0.0,0.0,4,17,2018-11-02 23:19:00
20181102 23:23,556.0,556.0,556.0,556.0,0,0.0,5134,0.0,0.0,0.0,6,11,2018-11-02 23:23:00
20181102 23:24,556.0,556.0,556.0,556.0,0,0.0,5134,0.0,0.0,0.0,4,9,2018-11-02 23:24:00
20181102 23:25,556.0,556.0,556.0,556.0,0,0.0,5134,0.0,0.0,0.0,2,7,2018-11-02 23:25:00
20181102 23:29,556.0,556.0,556.0,556.0,0,0.0,5134,0.0,0.0,0.0,7,21,2018-11-02 23:29:00
20181105 09:00,556.0,556.0,556.0,556.0,0,0.0,5134,0.0,0.0,0.0,309,171,2018-11-05 09:00:00
20181105 09:01,556.0,556.0,556.0,556.0,0,0.0,5134,0.0,0.0,0.0,206,19,2018-11-05 09:01:00
20181105 09:02,556.0,556.0,556.0,556.0,0,0.0,5134,0.0,0.0,0.0,256,21,2018-11-05 09:02:00
20181105 09:03,556.0,556.0,556.0,556.0,0,0.0,5134,0.0,0.0,0.0,206,14,2018-11-05 09:03:00
20181105 09:04,556.0,556.0,556.0,556.0,0,0.0,5134,0.0,0.0,0.0,103,7,2018-11-05 09:04:00
20181105 09:08,556.0,556.0,556.0,556.0,0,0.0,5134,0.0,0.0,0.0,103,7,2018-11-05 09:08:00
20181105 09:09,556.0,556.0,556.0,556.0,0,0.0,5134,0.0,0.0,0.0,704,112,2018-11-05 09:09:00
20181105 09:11,556.0,556.0,556.0,556.0,0,0.0,5134,0.0,0.0,0.0,206,14,2018-11-05 09:11:00
20181105 09:12,556.0,556.0,556.0,556.0,0,0.0,5134,0.0,0.0,0.0,100,7,2018-11-05 09:12:00
20181105 09:13,556.0,556.0,556.0,556.0,0,0.0,5134,0.0,0.0,0.0,14,7,2018-11-05 09:13:00
20181105 11:02,556.0,556.0,556.0,556.0,0,0.0,5134,0.0,0.0,0.0,15,7,2018-11-05 11:02:00
20181105 11:03,556.0,556.0,556.0,556.0,0,0.0,5134,0.0,0.0,0.0,29,21,2018-11-05 11:03:00
20181105 11:23,556.0,556.0,556.0,556.0,0,0.0,5134,0.0,0.0,0.0,28,57,2018-11-05 11:23:00
20181105 14:49,556.0,556.0,556.0,556.0,0,0.0,5134,0.0,0.0,0.0,14,10,2018-11-05 14:49:00
20181105 14:50,556.0,556.0,556.0,556.0,0,0.0,5134,0.0,0.0,0.0,14,7,2018-11-05 14:50:00
20181105 15:00,556.0,556.0,556.0,556.0,0,0.0,5134,0.0,0.0,0.0,14,7,2018-11-05 15:00:00
20181105 20:55,556.0,556.0,556.0,556.0,0,0.0,5134,0.0,0.0,0.0,20,20,2018-11-05 20:55:00
20181105 21:00,556.0,556.0,556.0,556.0,0,0.0,5134,0.0,0.0,0.0,60,34,2018-11-05 21:00:00
20181105 21:04,556.0,556.0,556.0,556.0,0,0.0,5134,0.0,0.0,0.0,4,31,2018-11-05 21:04:00
20181105 21:07,556.0,556.0,556.0,556.0,0,0.0,5134,0.0,0.0,0.0,50,7,2018-11-05 21:07:00
20181105 21:08,556.0,556.0,556.0,556.0,0,0.0,5134,0.0,0.0,0.0,1,7,2018-11-05 21:08:00
20181105 21:13,556.0,556.0,556.0,556.0,0,0.0,5134,0.0,0.0,0.0,103,7,2018-11-05 21:13:00
20181105 21:14,556.0,556.0,556.0,556.0,0,0.0,5134,0.0,0.0,0.0,414,35,2018-11-05 21:14:00
20181105 21:15,556.0,556.0,556.0,556.0,0,0.0,5134,0.0,0.0,0.0,449,70,2018-11-05 21:15:00
20181105 21:16,556.0,556.0,556.0,556.0,0,0.0,5134,0.0,0.0,0.0,781,154,2018-11-05 21:16:00
20181105 21:20,556.0,556.0,556.0,556.0,0,0.0,5134,0.0,0.0,0.0,1,57,2018-11-05 21:20:00
20181105 21:21,556.0,556.0,556.0,556.0,0,0.0,5134,0.0,0.0,0.0,103,57,2018-11-05 21:21:00
20181105 21:23,556.0,556.0,556.0,556.0,0,0.0,5134,0.0,0.0,0.0,103,57,2018-11-05 21:23:00
20181105 21:28,556.0,556.0,556.0,556.0,0,0.0,5134,0.0,0.0,0.0,581,342,2018-11-05 21:28:00
20181105 21:30,556.0,556.0,556.0,556.0,0,0.0,5134,0.0,0.0,0.0,103,57,2018-11-05 21:30:00
20181105 21:31,556.0,556.0,556.0,556.0,0,0.0,5134,0.0,0.0,0.0,103,57,2018-11-05 21:31:00
20181105 21:35,556.0,556.0,556.0,556.0,0,0.0,5134,0.0,0.0,0.0,103,57,2018-11-05 21:35:00
20181105 21:45,556.0,556.0,556.0,556.0,0,0.0,5134,0.0,0.0,0.0,103,57,2018-11-05 21:45:00
20181105 21:47,556.0,556.0,556.0,556.0,0,0.0,5134,0.0,0.0,0.0,103,57,2018-11-05 21:47:00
20181105 21:53,556.0,556.0,556.0,556.0,0,0.0,5134,0.0,0.0,0.0,330,285,2018-11-05 21:53:00
20181105 21:54,556.0,556.0,556.0,556.0,0,0.0,5134,0.0,0.0,0.0,103,57,2018-11-05 21:54:00
20181105 21:55,556.0,556.0,556.0,556.0,0,0.0,5134,0.0,0.0,0.0,103,57,2018-11-05 21:55:00
20181105 21:57,556.0,556.0,556.0,556.0,0,0.0,5134,0.0,0.0,0.0,244,228,2018-11-05 21:57:00
20181105 21:58,556.0,556.0,556.0,556.0,0,0.0,5134,0.0,0.0,0.0,103,57,2018-11-05 21:58:00
20181105 21:59,556.0,556.0,556.0,556.0,0,0.0,5134,0.0,0.0,0.0,103,57,2018-11-05 21:59:00
20181105 22:00,556.0,556.0,556.0,556.0,0,0.0,5134,0.0,0.0,0.0,103,57,2018-11-05 22:00:00
20181105 22:02,556.0,556.0,556.0,556.0,0,0.0,5134,0.0,0.0,0.0,331,285,2018-11-05 22:02:00
20181105 22:07,556.0,556.0,556.0,556.0,0,0.0,5134,0.0,0.0,0.0,103,57,2018-11-05 22:07:00
20181105 22:08,556.0,556.0,556.0,556.0,0,0.0,5134,0.0,0.0,0.0,2027,1368,2018-11-05 22:08:00
20181105 22:10,556.0,556.0,556.0,556.0,0,0.0,5134,0.0,0.0,0.0,885,741,2018-11-05 22:10:00
20181105 22:11,556.0,556.0,556.0,556.0,0,0.0,5134,0.0,0.0,0.0,1019,684,2018-11-05 22:11:00
20181105 22:16,556.0,556.0,556.0,556.0,0,0.0,5134,0.0,0.0,0.0,276,171,2018-11-05 22:16:00
20181105 22:17,556.0,556.0,556.0,556.0,0,0.0,5134,0.0,0.0,0.0,3439,2394,2018-11-05 22:17:00
20181105 22:18,556.0,556.0,556.0,556.0,0,0.0,5134,0.0,0.0,0.0,435,684,2018-11-05 22:18:00
20181105 22:24,556.0,556.0,556.0,556.0,0,0.0,5134,0.0,0.0,0.0,103,57,2018-11-05 22:24:00
20181105 22:25,556.0,556.0,556.0,556.0,0,0.0,5134,0.0,0.0,0.0,206,114,2018-11-05 22:25:00
20181105 22:28,556.0,556.0,556.0,556.0,0,0.0,5134,0.0,0.0,0.0,103,57,2018-11-05 22:28:00
20181105 22:29,556.0,556.0,556.0,556.0,0,0.0,5134,0.0,0.0,0.0,220,171,2018-11-05 22:29:00
20181105 22:30,556.0,556.0,556.0,556.0,0,0.0,5134,0.0,0.0,0.0,103,57,2018-11-05 22:30:00
20181105 22:34,556.0,556.0,556.0,556.0,0,0.0,5134,0.0,0.0,0.0,261,399,2018-11-05 22:34:00
20181105 22:36,556.0,556.0,556.0,556.0,0,0.0,5134,0.0,0.0,0.0,206,114,2018-11-05 22:36:00
20181105 22:37,556.0,556.0,556.0,556.0,0,0.0,5134,0.0,0.0,0.0,206,114,2018-11-05 22:37:00
20181105 22:50,556.0,556.0,556.0,556.0,0,0.0,5134,0.0,0.0,0.0,240,228,2018-11-05 22:50:00
20181105 22:59,556.0,556.0,556.0,556.0,0,0.0,5134,0.0,0.0,0.0,457,570,2018-11-05 22:59:00
20181105 23:01,556.0,556.0,556.0,556.0,0,0.0,5134,0.0,0.0,0.0,103,57,2018-11-05 23:01:00
20181105 23:03,556.0,556.0,556.0,556.0,0,0.0,5134,0.0,0.0,0.0,223,171,2018-11-05 23:03:00
20181105 23:12,556.0,556.0,556.0,556.0,0,0.0,5134,0.0,0.0,0.0,477,285,2018-11-05 23:12:00
20181105 23:13,556.0,556.0,556.0,556.0,0,0.0,5134,0.0,0.0,0.0,1500,1995,2018-11-05 23:13:00
20181105 23:20,556.0,556.0,556.0,556.0,0,0.0,5134,0.0,0.0,0.0,103,57,2018-11-05 23:20:00
20181105 23:23,556.0,556.0,556.0,556.0,0,0.0,5134,0.0,0.0,0.0,103,57,2018-11-05 23:23:00
20181105 23:28,556.0,556.0,556.0,556.0,0,0.0,5134,0.0,0.0,0.0,103,57,2018-11-05 23:28:00
20181105 23:29,556.0,556.0,556.0,556.0,0,0.0,5134,0.0,0.0,0.0,322,342,2018-11-05 23:29:00
20181106 09:02,556.0,556.0,556.0,556.0,0,0.0,5134,0.0,0.0,0.0,14,7,2018-11-06 09:02:00
20181106 09:16,556.0,556.0,556.0,556.0,0,0.0,5134,0.0,0.0,0.0,14,50,2018-11-06 09:16:00
20181106 09:18,556.0,556.0,556.0,556.0,0,0.0,5134,0.0,0.0,0.0,14,7,2018-11-06 09:18:00
20181106 09:20,556.0,556.0,556.0,556.0,0,0.0,5134,0.0,0.0,0.0,28,57,2018-11-06 09:20:00
20181106 09:21,556.0,556.0,556.0,556.0,0,0.0,5134,0.0,0.0,0.0,28,57,2018-11-06 09:21:00
20181106 09:22,556.0,556.0,556.0,556.0,0,0.0,5134,0.0,0.0,0.0,28,57,2018-11-06 09:22:00
20181106 09:25,556.0,556.0,556.0,556.0,0,0.0,5134,0.0,0.0,0.0,28,17,2018-11-06 09:25:00
20181106 09:26,556.0,556.0,556.0,556.0,0,0.0,5134,0.0,0.0,0.0,42,37,2018-11-06 09:26:00
20181106 09:27,556.0,556.0,556.0,556.0,0,0.0,5134,0.0,0.0,0.0,14,50,2018-11-06 09:27:00
20181106 09:28,556.0,556.0,556.0,556.0,0,0.0,5134,0.0,0.0,0.0,14,7,2018-11-06 09:28:00
20181106 09:30,556.0,556.0,556.0,556.0,0,0.0,5134,0.0,0.0,0.0,14,1,2018-11-06 09:30:00
20181106 09:31,556.0,556.0,556.0,556.0,0,0.0,5134,0.0,0.0,0.0,14,8,2018-11-06 09:31:00
20181106 09:35,556.0,556.0,556.0,556.0,0,0.0,5134,0.0,0.0,0.0,15,2,2018-11-06 09:35:00
20181106 09:39,556.0,556.0,556.0,556.0,0,0.0,5134,0.0,0.0,0.0,3,1,2018-11-06 09:39:00
20181106 09:40,556.0,556.0,556.0,556.0,0,0.0,5134,0.0,0.0,0.0,4,2,2018-11-06 09:40:00
20181106 09:41,556.0,556.0,556.0,556.0,0,0.0,5134,0.0,0.0,0.0,11,50,2018-11-06 09:41:00
20181106 09:42,556.0,556.0,556.0,556.0,0,0.0,5134,0.0,0.0,0.0,10,47,2018-11-06 09:42:00
20181106 09:43,556.0,556.0,556.0,556.0,0,0.0,5134,0.0,0.0,0.0,5,14,2018-11-06 09:43:00
20181106 09:44,556.0,556.0,556.0,556.0,0,0.0,5134,0.0,0.0,0.0,26,92,2018-11-06 09:44:00
20181106 09:45,556.0,556.0,556.0,556.0,0,0.0,5134,0.0,0.0,0.0,3,7,2018-11-06 09:45:00
20181106 09:46,556.0,556.0,556.0,556.0,0,0.0,5134,0.0,0.0,0.0,9,64,2018-11-06 09:46:00
20181106 09:47,556.0,556.0,556.0,556.0,0,0.0,5134,0.0,0.0,0.0,32,111,2018-11-06 09:47:00
20181106 09:48,549.0,549.0,549.0,549.0,2,2.0,5134,0.0,109800.0,109800.0,9,51,2018-11-06 09:48:00
20181106 09:49,549.0,549.0,549.0,549.0,2,0.0,5134,0.0,109800.0,0.0,9,68,2018-11-06 09:49:00
20181106 09:50,549.5,550.0,549.5,550.0,10,8.0,5128,-6.0,549700.0,439900.0,31,43,2018-11-06 09:50:00
20181106 10:00,550.0,550.0,550.0,550.0,10,0.0,5128,0.0,549700.0,0.0,28,54,2018-11-06 10:00:00
20181106 10:10,550.0,550.0,550.0,550.0,10,0.0,5128,0.0,549700.0,0.0,14,45,2018-11-06 10:10:00
20181106 10:11,550.0,550.0,550.0,550.0,10,0.0,5128,0.0,549700.0,0.0,14,9,2018-11-06 10:11:00
20181106 10:14,550.0,550.0,550.0,550.0,10,0.0,5128,0.0,549700.0,0.0,14,9,2018-11-06 10:14:00
20181106 10:30,550.0,550.0,550.0,550.0,10,0.0,5128,0.0,549700.0,0.0,14,45,2018-11-06 10:30:00
20181106 10:32,550.0,550.0,550.0,550.0,10,0.0,5128,0.0,549700.0,0.0,42,63,2018-11-06 10:32:00
20181106 10:33,550.0,550.0,550.0,550.0,10,0.0,5128,0.0,549700.0,0.0,28,54,2018-11-06 10:33:00
20181106 10:34,550.0,550.0,550.0,550.0,10,0.0,5128,0.0,549700.0,0.0,28,54,2018-11-06 10:34:00
20181106 10:35,550.0,550.0,550.0,550.0,10,0.0,5128,0.0,549700.0,0.0,28,54,2018-11-06 10:35:00
20181106 10:36,550.0,550.0,550.0,550.0,10,0.0,5128,0.0,549700.0,0.0,14,45,2018-11-06 10:36:00
20181106 10:37,550.0,550.0,550.0,550.0,10,0.0,5128,0.0,549700.0,0.0,70,117,2018-11-06 10:37:00
20181106 10:38,550.0,550.0,550.0,550.0,10,0.0,5128,0.0,549700.0,0.0,28,54,2018-11-06 10:38:00
20181106 10:39,550.0,550.0,550.0,550.0,10,0.0,5128,0.0,549700.0,0.0,56,48,2018-11-06 10:39:00
20181106 10:49,550.0,550.0,550.0,550.0,10,0.0,5128,0.0,549700.0,0.0,28,54,2018-11-06 10:49:00
20181106 10:50,550.0,550.0,550.0,550.0,10,0.0,5128,0.0,549700.0,0.0,14,45,2018-11-06 10:50:00
20181106 10:52,550.0,550.0,550.0,550.0,10,0.0,5128,0.0,549700.0,0.0,14,9,2018-11-06 10:52:00
20181106 10:53,550.0,550.0,550.0,550.0,10,0.0,5128,0.0,549700.0,0.0,56,108,2018-11-06 10:53:00
20181106 10:54,550.0,550.0,550.0,550.0,10,0.0,5128,0.0,549700.0,0.0,98,207,2018-11-06 10:54:00
20181106 10:55,550.0,550.0,550.0,550.0,10,0.0,5128,0.0,549700.0,0.0,42,63,2018-11-06 10:55:00
20181106 10:58,550.0,550.0,550.0,550.0,10,0.0,5128,0.0,549700.0,0.0,28,19,2018-11-06 10:58:00
20181106 10:59,550.0,550.0,550.0,550.0,10,0.0,5128,0.0,549700.0,0.0,14,45,2018-11-06 10:59:00
20181106 11:00,550.0,550.0,550.0,550.0,10,0.0,5128,0.0,549700.0,0.0,56,108,2018-11-06 11:00:00
20181106 11:01,550.0,550.0,550.0,550.0,10,0.0,5128,0.0,549700.0,0.0,98,171,2018-11-06 11:01:00
20181106 11:02,550.0,550.0,550.0,550.0,10,0.0,5128,0.0,549700.0,0.0,126,226,2018-11-06 11:02:00
20181106 11:03,550.0,550.0,550.0,550.0,10,0.0,5128,0.0,549700.0,0.0,154,279,2018-11-06 11:03:00
20181106 11:04,550.0,550.0,550.0,550.0,10,0.0,5128,0.0,549700.0,0.0,14,45,2018-11-06 11:04:00
20181106 11:05,550.0,550.0,550.0,550.0,10,0.0,5128,0.0,549700.0,0.0,70,117,2018-11-06 11:05:00
20181106 11:06,550.0,550.0,550.0,550.0,10,0.0,5128,0.0,549700.0,0.0,126,101,2018-11-06 11:06:00
20181106 11:07,550.0,550.0,550.0,550.0,10,0.0,5128,0.0,549700.0,0.0,14,9,2018-11-06 11:07:00
20181106 11:10,550.0,550.0,550.0,550.0,10,0.0,5128,0.0,549700.0,0.0,28,23,2018-11-06 11:10:00
20181106 11:11,550.0,550.0,550.0,550.0,10,0.0,5128,0.0,549700.0,0.0,28,19,2018-11-06 11:11:00
20181106 15:00,550.0,550.0,550.0,550.0,10,0.0,5128,0.0,549700.0,0.0,28,18,2018-11-06 15:00:00
20181106 20:55,556.0,556.0,556.0,556.0,0,0.0,5134,6.0,0.0,0.0,1,20,2018-11-06 20:55:00
20181106 21:00,556.0,556.0,556.0,556.0,0,0.0,5134,0.0,0.0,0.0,1,7,2018-11-06 21:00:00
20181106 21:05,556.0,556.0,556.0,556.0,0,0.0,5134,0.0,0.0,0.0,103,7,2018-11-06 21:05:00
20181106 21:06,556.0,556.0,556.0,556.0,0,0.0,5134,0.0,0.0,0.0,206,14,2018-11-06 21:06:00
20181106 21:08,556.0,556.0,556.0,556.0,0,0.0,5134,0.0,0.0,0.0,398,28,2018-11-06 21:08:00
20181106 21:09,556.0,556.0,556.0,556.0,0,0.0,5134,0.0,0.0,0.0,400,35,2018-11-06 21:09:00
20181106 21:10,556.0,556.0,556.0,556.0,0,0.0,5134,0.0,0.0,0.0,103,7,2018-11-06 21:10:00
20181106 21:13,556.0,556.0,556.0,556.0,0,0.0,5134,0.0,0.0,0.0,605,56,2018-11-06 21:13:00
20181106 21:14,556.0,556.0,556.0,556.0,0,0.0,5134,0.0,0.0,0.0,373,35,2018-11-06 21:14:00
20181106 21:15,556.0,556.0,556.0,556.0,0,0.0,5134,0.0,0.0,0.0,966,98,2018-11-06 21:15:00
20181106 21:16,556.0,556.0,556.0,556.0,0,0.0,5134,0.0,0.0,0.0,103,7,2018-11-06 21:16:00
20181106 21:17,556.0,556.0,556.0,556.0,0,0.0,5134,0.0,0.0,0.0,103,7,2018-11-06 21:17:00
20181106 21:18,556.0,556.0,556.0,556.0,0,0.0,5134,0.0,0.0,0.0,103,7,2018-11-06 21:18:00
20181106 21:20,556.0,556.0,556.0,556.0,0,0.0,5134,0.0,0.0,0.0,103,7,2018-11-06 21:20:00
20181106 21:22,556.0,556.0,556.0,556.0,0,0.0,5134,0.0,0.0,0.0,989,126,2018-11-06 21:22:00
20181106 21:23,556.0,556.0,556.0,556.0,0,0.0,5134,0.0,0.0,0.0,206,14,2018-11-06 21:23:00
20181106 21:24,556.0,556.0,556.0,556.0,0,0.0,5134,0.0,0.0,0.0,200,7,2018-11-06 21:24:00
20181106 21:25,556.0,556.0,556.0,556.0,0,0.0,5134,0.0,0.0,0.0,200,7,2018-11-06 21:25:00
20181106 21:26,556.0,556.0,556.0,556.0,0,0.0,5134,0.0,0.0,0.0,1,7,2018-11-06 21:26:00
20181106 21:27,556.0,556.0,556.0,556.0,0,0.0,5134,0.0,0.0,0.0,1,10,2018-11-06 21:27:00
20181106 21:30,556.0,556.0,556.0,556.0,0,0.0,5134,0.0,0.0,0.0,1,7,2018-11-06 21:30:00
20181106 21:31,556.0,556.0,556.0,556.0,0,0.0,5134,0.0,0.0,0.0,200,7,2018-11-06 21:31:00
20181106 23:29,556.0,556.0,556.0,556.0,0,0.0,5134,0.0,0.0,0.0,200,7,2018-11-06 23:29:00
20181107 09:12,550.0,550.0,550.0,550.0,0,0.0,5128,-6.0,0.0,0.0,1,14,2018-11-07 09:12:00
20181107 09:13,550.0,550.0,550.0,550.0,0,0.0,5128,0.0,0.0,0.0,2,42,2018-11-07 09:13:00
20181107 09:14,550.0,550.0,550.0,550.0,0,0.0,5128,0.0,0.0,0.0,2,14,2018-11-07 09:14:00
20181107 09:38,550.0,550.0,550.0,550.0,0,0.0,5128,0.0,0.0,0.0,4,14,2018-11-07 09:38:00
20181107 09:45,550.0,550.0,550.0,550.0,0,0.0,5128,0.0,0.0,0.0,8,13,2018-11-07 09:45:00
20181107 09:47,550.0,550.0,550.0,550.0,0,0.0,5128,0.0,0.0,0.0,4,14,2018-11-07 09:47:00
20181107 11:21,550.0,550.0,550.0,550.0,0,0.0,5128,0.0,0.0,0.0,1,14,2018-11-07 11:21:00
20181107 11:27,550.0,550.0,550.0,550.0,0,0.0,5128,0.0,0.0,0.0,2,14,2018-11-07 11:27:00
20181107 14:04,550.0,550.0,550.0,550.0,0,0.0,5128,0.0,0.0,0.0,10,14,2018-11-07 14:04:00
20181107 14:06,550.0,550.0,550.0,550.0,0,0.0,5128,0.0,0.0,0.0,3,14,2018-11-07 14:06:00
20181107 14:10,550.0,550.0,550.0,550.0,0,0.0,5128,0.0,0.0,0.0,6,14,2018-11-07 14:10:00
20181107 14:11,550.0,550.0,550.0,550.0,0,0.0,5128,0.0,0.0,0.0,9,21,2018-11-07 14:11:00
20181107 14:12,550.0,550.0,550.0,550.0,0,0.0,5128,0.0,0.0,0.0,12,24,2018-11-07 14:12:00
20181107 14:15,550.0,550.0,550.0,550.0,0,0.0,5128,0.0,0.0,0.0,6,7,2018-11-07 14:15:00
20181107 14:17,550.0,550.0,550.0,550.0,0,0.0,5128,0.0,0.0,0.0,3,14,2018-11-07 14:17:00
20181107 14:21,550.0,550.0,550.0,550.0,0,0.0,5128,0.0,0.0,0.0,18,35,2018-11-07 14:21:00
20181107 14:24,550.0,550.0,550.0,550.0,0,0.0,5128,0.0,0.0,0.0,19,28,2018-11-07 14:24:00
20181107 14:26,550.0,550.0,550.0,550.0,0,0.0,5128,0.0,0.0,0.0,12,21,2018-11-07 14:26:00
20181107 14:27,550.0,550.0,550.0,550.0,0,0.0,5128,0.0,0.0,0.0,5,14,2018-11-07 14:27:00
20181107 14:31,550.0,550.0,550.0,550.0,0,0.0,5128,0.0,0.0,0.0,1,14,2018-11-07 14:31:00
20181107 14:32,550.0,550.0,550.0,550.0,0,0.0,5128,0.0,0.0,0.0,4,14,2018-11-07 14:32:00
20181107 14:33,550.0,550.0,550.0,550.0,0,0.0,5128,0.0,0.0,0.0,7,42,2018-11-07 14:33:00
20181107 14:55,550.0,550.0,550.0,550.0,0,0.0,5128,0.0,0.0,0.0,22,70,2018-11-07 14:55:00
20181107 14:56,550.0,550.0,550.0,550.0,0,0.0,5128,0.0,0.0,0.0,7,14,2018-11-07 14:56:00
20181107 15:00,550.0,550.0,550.0,550.0,0,0.0,5128,0.0,0.0,0.0,7,14,2018-11-07 15:00:00
20181107 20:57,550.0,550.0,550.0,550.0,0,0.0,5128,0.0,0.0,0.0,1,1,2018-11-07 20:57:00
20181107 21:00,550.0,550.0,550.0,550.0,0,0.0,5128,0.0,0.0,0.0,3,21,2018-11-07 21:00:00
20181107 21:01,550.0,550.0,550.0,550.0,0,0.0,5128,0.0,0.0,0.0,4,28,2018-11-07 21:01:00
20181107 21:03,550.0,550.0,550.0,550.0,0,0.0,5128,0.0,0.0,0.0,2,13,2018-11-07 21:03:00
20181107 21:06,550.0,550.0,550.0,550.0,0,0.0,5128,0.0,0.0,0.0,2,19,2018-11-07 21:06:00
20181107 21:07,550.0,550.0,550.0,550.0,0,0.0,5128,0.0,0.0,0.0,1,19,2018-11-07 21:07:00
20181107 21:13,550.0,550.0,550.0,550.0,0,0.0,5128,0.0,0.0,0.0,2,13,2018-11-07 21:13:00
20181107 22:05,550.0,550.0,550.0,550.0,0,0.0,5128,0.0,0.0,0.0,2,23,2018-11-07 22:05:00
20181107 22:07,550.0,550.0,550.0,550.0,0,0.0,5128,0.0,0.0,0.0,1,14,2018-11-07 22:07:00
20181107 23:29,550.0,550.0,550.0,550.0,0,0.0,5128,0.0,0.0,0.0,0,28,2018-11-07 23:29:00
20181108 09:02,549.5,549.5,549.5,549.5,0,0.0,5128,0.0,0.0,0.0,5,1,2018-11-08 09:02:00
20181108 09:11,549.5,549.5,549.5,549.5,0,0.0,5128,0.0,0.0,0.0,7,3,2018-11-08 09:11:00
20181108 09:21,549.5,549.5,549.5,549.5,0,0.0,5128,0.0,0.0,0.0,14,2,2018-11-08 09:21:00
20181108 09:23,549.5,549.5,549.5,549.5,0,0.0,5128,0.0,0.0,0.0,14,16,2018-11-08 09:23:00
20181108 09:24,549.5,549.5,549.5,549.5,0,0.0,5128,0.0,0.0,0.0,5,9,2018-11-08 09:24:00
20181108 09:26,549.5,549.5,549.5,549.5,0,0.0,5128,0.0,0.0,0.0,5,14,2018-11-08 09:26:00
20181108 10:51,564.5,564.5,564.5,564.5,10,10.0,5138,10.0,564500.0,564500.0,10,14,2018-11-08 10:51:00
20181108 10:53,564.5,564.5,564.5,564.5,10,0.0,5138,0.0,564500.0,0.0,100,14,2018-11-08 10:53:00
20181108 10:59,564.5,564.5,564.5,564.5,10,0.0,5138,0.0,564500.0,0.0,100,19,2018-11-08 10:59:00
20181108 11:00,564.5,564.5,564.5,564.5,10,0.0,5138,0.0,564500.0,0.0,100,14,2018-11-08 11:00:00
20181108 11:01,564.5,564.5,564.5,564.5,10,0.0,5138,0.0,564500.0,0.0,100,5,2018-11-08 11:01:00
20181108 11:02,564.5,564.5,564.5,564.5,10,0.0,5138,0.0,564500.0,0.0,100,9,2018-11-08 11:02:00
20181108 11:03,564.5,564.5,564.5,564.5,10,0.0,5138,0.0,564500.0,0.0,200,19,2018-11-08 11:03:00
20181108 11:04,564.5,564.5,564.5,564.5,10,0.0,5138,0.0,564500.0,0.0,900,56,2018-11-08 11:04:00
20181108 11:05,564.5,564.5,564.5,564.5,10,0.0,5138,0.0,564500.0,0.0,800,34,2018-11-08 11:05:00
20181108 11:07,564.5,564.5,564.5,564.5,10,0.0,5138,0.0,564500.0,0.0,100,50,2018-11-08 11:07:00
20181108 11:08,564.5,564.5,564.5,564.5,10,0.0,5138,0.0,564500.0,0.0,100,9,2018-11-08 11:08:00
20181108 11:10,564.5,564.5,564.5,564.5,10,0.0,5138,0.0,564500.0,0.0,100,14,2018-11-08 11:10:00
20181108 14:07,564.5,564.5,564.5,564.5,10,0.0,5138,0.0,564500.0,0.0,1,28,2018-11-08 14:07:00
20181108 14:12,564.5,564.5,564.5,564.5,10,0.0,5138,0.0,564500.0,0.0,3,14,2018-11-08 14:12:00
20181108 14:13,564.5,564.5,564.5,564.5,10,0.0,5138,0.0,564500.0,0.0,6,14,2018-11-08 14:13:00
20181108 14:14,564.5,564.5,564.5,564.5,10,0.0,5138,0.0,564500.0,0.0,9,16,2018-11-08 14:14:00
20181108 14:15,564.5,564.5,564.5,564.5,10,0.0,5138,0.0,564500.0,0.0,3,7,2018-11-08 14:15:00
20181108 14:18,564.5,564.5,564.5,564.5,10,0.0,5138,0.0,564500.0,0.0,3,9,2018-11-08 14:18:00
20181108 14:20,564.5,564.5,564.5,564.5,10,0.0,5138,0.0,564500.0,0.0,3,5,2018-11-08 14:20:00
20181108 14:21,564.5,564.5,564.5,564.5,10,0.0,5138,0.0,564500.0,0.0,3,9,2018-11-08 14:21:00
20181108 14:22,564.5,564.5,564.5,564.5,10,0.0,5138,0.0,564500.0,0.0,6,14,2018-11-08 14:22:00
20181108 14:24,564.5,564.5,564.5,564.5,10,0.0,5138,0.0,564500.0,0.0,9,29,2018-11-08 14:24:00
20181108 14:51,564.5,564.5,564.5,564.5,10,0.0,5138,0.0,564500.0,0.0,5,10,2018-11-08 14:51:00
20181108 15:00,564.5,564.5,564.5,564.5,10,0.0,5138,0.0,564500.0,0.0,10,20,2018-11-08 15:00:00
20181108 20:58,549.5,549.5,549.5,549.5,0,0.0,5128,-10.0,0.0,0.0,1,9,2018-11-08 20:58:00
20181108 21:00,549.5,549.5,549.5,549.5,0,0.0,5128,0.0,0.0,0.0,2,9,2018-11-08 21:00:00
20181108 21:03,549.5,549.5,549.5,549.5,0,0.0,5128,0.0,0.0,0.0,1,14,2018-11-08 21:03:00
20181108 21:04,549.5,549.5,549.5,549.5,0,0.0,5128,0.0,0.0,0.0,2,19,2018-11-08 21:04:00
20181108 21:05,549.5,549.5,549.5,549.5,0,0.0,5128,0.0,0.0,0.0,6,44,2018-11-08 21:05:00
20181108 21:06,549.5,549.5,549.5,549.5,0,0.0,5128,0.0,0.0,0.0,2,14,2018-11-08 21:06:00
20181108 21:36,549.5,549.5,549.5,549.5,0,0.0,5128,0.0,0.0,0.0,10,19,2018-11-08 21:36:00
20181108 21:38,549.5,549.5,549.5,549.5,0,0.0,5128,0.0,0.0,0.0,6,18,2018-11-08 21:38:00
20181108 21:50,549.5,549.5,549.5,549.5,0,0.0,5128,0.0,0.0,0.0,7,42,2018-11-08 21:50:00
20181108 21:56,549.5,549.5,549.5,549.5,0,0.0,5128,0.0,0.0,0.0,6,14,2018-11-08 21:56:00
20181108 21:57,549.5,549.5,549.5,549.5,0,0.0,5128,0.0,0.0,0.0,12,14,2018-11-08 21:57:00
20181108 21:59,549.5,549.5,549.5,549.5,0,0.0,5128,0.0,0.0,0.0,6,1,2018-11-08 21:59:00
20181108 22:08,549.5,549.5,549.5,549.5,0,0.0,5128,0.0,0.0,0.0,6,1,2018-11-08 22:08:00
20181108 22:09,549.5,549.5,549.5,549.5,0,0.0,5128,0.0,0.0,0.0,1,1,2018-11-08 22:09:00
20181108 22:11,549.5,549.5,549.5,549.5,0,0.0,5128,0.0,0.0,0.0,5,1,2018-11-08 22:11:00
20181108 22:13,549.5,549.5,549.5,549.5,0,0.0,5128,0.0,0.0,0.0,10,7,2018-11-08 22:13:00
20181108 22:19,549.5,549.5,549.5,549.5,0,0.0,5128,0.0,0.0,0.0,5,1,2018-11-08 22:19:00
20181108 22:22,549.5,549.5,549.5,549.5,0,0.0,5128,0.0,0.0,0.0,7,1,2018-11-08 22:22:00
20181108 22:23,549.5,549.5,549.5,549.5,0,0.0,5128,0.0,0.0,0.0,7,1,2018-11-08 22:23:00
20181108 22:31,549.5,549.5,549.5,549.5,0,0.0,5128,0.0,0.0,0.0,7,1,2018-11-08 22:31:00
20181108 22:39,549.5,549.5,549.5,549.5,0,0.0,5128,0.0,0.0,0.0,7,1,2018-11-08 22:39:00
20181108 22:43,549.5,549.5,549.5,549.5,0,0.0,5128,0.0,0.0,0.0,14,2,2018-11-08 22:43:00
20181109 09:00,596.0,596.0,596.0,596.0,10,10.0,5148,20.0,596000.0,596000.0,100,10,2018-11-09 09:00:00
20181109 09:03,596.0,596.0,596.0,596.0,10,0.0,5148,0.0,596000.0,0.0,600,57,2018-11-09 09:03:00
20181109 09:06,596.0,596.0,596.0,596.0,10,0.0,5148,0.0,596000.0,0.0,100,9,2018-11-09 09:06:00
20181109 09:07,596.0,596.0,596.0,596.0,10,0.0,5148,0.0,596000.0,0.0,500,45,2018-11-09 09:07:00
20181109 09:20,596.0,596.0,596.0,596.0,10,0.0,5148,0.0,596000.0,0.0,100,10,2018-11-09 09:20:00
20181109 09:29,590.0,590.0,590.0,590.0,12,2.0,5148,0.0,714000.0,118000.0,99,10,2018-11-09 09:29:00
20181109 09:30,590.0,590.0,590.0,590.0,12,0.0,5148,0.0,714000.0,0.0,99,10,2018-11-09 09:30:00
20181109 09:33,590.0,590.0,590.0,590.0,12,0.0,5148,0.0,714000.0,0.0,99,9,2018-11-09 09:33:00
20181109 09:34,590.0,590.0,590.0,590.0,12,0.0,5148,0.0,714000.0,0.0,396,38,2018-11-09 09:34:00
20181109 09:35,590.0,590.0,590.0,590.0,12,0.0,5148,0.0,714000.0,0.0,693,55,2018-11-09 09:35:00
20181109 14:57,590.0,590.0,590.0,590.0,12,0.0,5148,0.0,714000.0,0.0,99,10,2018-11-09 14:57:00
20181109 14:59,590.0,590.0,590.0,590.0,12,0.0,5148,0.0,714000.0,0.0,99,5,2018-11-09 14:59:00
20181109 15:00,590.0,590.0,590.0,590.0,12,0.0,5148,0.0,714000.0,0.0,198,10,2018-11-09 15:00:00
20181109 20:57,564.5,564.5,564.5,564.5,0,0.0,5138,-10.0,0.0,0.0,1,9,2018-11-09 20:57:00
20181109 21:00,564.5,564.5,564.5,564.5,0,0.0,5138,0.0,0.0,0.0,15,23,2018-11-09 21:00:00
20181109 21:03,564.5,564.5,564.5,564.5,0,0.0,5138,0.0,0.0,0.0,5,15,2018-11-09 21:03:00
20181109 21:04,564.5,564.5,564.5,564.5,0,0.0,5138,0.0,0.0,0.0,5,5,2018-11-09 21:04:00
20181114 11:19,545.0,545.0,545.0,545.0,0,0.0,5000,-138.0,0.0,0.0,200,200,2018-11-14 11:19:00
20181114 14:38,545.0,545.0,545.0,545.0,0,0.0,5000,0.0,0.0,0.0,200,0,2018-11-14 14:38:00
20181114 14:39,545.0,545.0,545.0,545.0,0,0.0,5000,0.0,0.0,0.0,200,200,2018-11-14 14:39:00
20181114 15:00,545.0,545.0,545.0,545.0,0,0.0,5000,0.0,0.0,0.0,200,200,2018-11-14 15:00:00
20181114 15:03,545.0,545.0,545.0,545.0,0,0.0,0,-5000.0,0.0,0.0,200,200,2018-11-14 15:03:00
